0 0.6991139191847581 0.21745663422804612 0.08934490497295673 0.09018853994516227
0 0.2598160230196439 0.2798774609198937 0.05370206099290114 0.05352218334491436
0 0.45262652177077073 0.5525172306941106 0.07926676823542668 0.07845658522385818
0 0.2478503447312575 0.2370606935941256 0.04556773259089543 0.04517170099111704
0 0.1844147535470816 0.6730320270244892 0.029852940486027643 0.029919550969050482
0 0.35261961129995495 0.4112524619469276 0.04566530080942007 0.04578062204214243
0 0.41024131041306716 0.4440317153930664 0.020581465501051683 0.02059004856989934
0 0.5448892299945538 0.20666362689091608 0.017441162696251504 0.017803155458890475
0 0.4790218793428861 0.6189337510329026 0.03222920344426082 0.03218749853280874
0 0.3433498235849234 0.0991212037893442 0.02923275874211238 0.02913533724271334
0 0.20589083891648513 0.7306241255540115 0.03800700261042668 0.03777812077448918
0 0.23957164470966047 0.39720916748046875 0.020000971280611478 0.020112111018254206
0 0.8321295518141526 0.16796511870164138 0.0166317866398738 0.0167086674616887
0 0.15944380026597244 0.6202218715961163 0.03200061504657452 0.031932830810546875
0 0.8576149573692908 0.22763910660376915 0.02221532968374399 0.022217823908879206
0 0.266175783597506 0.3493198981651893 0.024544569162222054 0.024314440213716947
0 0.3717635961679312 0.360659305865948 0.034828479473407455 0.03457979055551382
0 0.16399948413555437 0.5302522365863507 0.019915434030386116 0.020168157724233773
0 0.8655423384446365 0.8844875188974234 0.01813022906963642 0.019747367272010215
0 0.15657943945664626 0.20521149268517128 0.026935027195857122 0.027204586909367487
0 0.3473375393794133 0.6470364790696365 0.0247194583599384 0.024773524357722357
0 0.17208521182720476 0.5181884765625 0.02006046588604267 0.02005591759314904
0 0.5108321263239934 0.5165875508235052 0.04669277484600361 0.04691402728740986
0 0.24581518540015587 0.7864128259512094 0.019053202409010667 0.018959925724909857
0 0.4368531887347882 0.4988303551307091 0.024509650010329027 0.024193690373347357
0 0.7079185339120718 0.7871242669912485 0.038238818828876205 0.038141103891225964
0 0.18604040145874023 0.7088339145366962 0.01728960183950571 0.017404996431790866
0 0.48741641411414516 0.0972746152144212 0.018661645742563102 0.01830438467172476
0 0.7610596876878005 0.019867165730549738 0.02391785841721755 0.02389867030657255
0 0.804211689875676 0.05391569320972149 0.017510340763972357 0.017696215556218073
0 0.8078115169818585 0.17303969309880182 0.017610990084134616 0.017942135150615986
0 0.2400052547454834 0.4875544768113356 0.017730015974778395 0.01744534419133113
0 0.3107962975135216 0.44582154200627255 0.018212410119863656 0.018057896540715143
0 0.45701459737924427 0.5118758861835186 0.026232059185321514 0.026484929598294772
0 0.28438252669114333 0.6816338759202224 0.025070703946627103 0.025545853834885817
0 0.3199611443739671 0.6688605088454026 0.02975295140193059 0.029009012075570915
0 0.44585470052865833 0.4825592774611253 0.02423836634709285 0.024323096642127402
0 0.166611543068519 0.16956675969637358 0.018106497251070462 0.01846793981698843
0 0.1535635728102464 0.3676293446467473 0.01779343531681941 0.01777502206655649
0 0.5901065239539514 0.052316587704878584 0.05953891460712139 0.058527038647578314
0 0.3294326342069186 0.8981846295870267 0.037095143244816706 0.03693316533015324
0 0.1387164409344013 0.23473673600416917 0.017339449662428636 0.017527213463416465
0 0.6058645982008714 0.5035304289597732 0.08305975107046273 0.08345706646259014
0 0.20667629975538987 0.020149437280801628 0.017359586862417366 0.017286470303168662
0 0.2563608242915227 0.36634401174692005 0.015511219318096455 0.015364426832932692
0 0.8055001772367038 0.7932292498075045 0.01969322791466346 0.01998739976149339
0 0.5594775493328388 0.3100097729609563 0.028127230130709134 0.02827299558199369
0 0.6203511311457708 0.034978233850919284 0.06610664954552284 0.06433650163503793
0 0.2670731177696815 0.7075300950270432 0.0329741698044997 0.03254127502441406
0 0.18106893392709586 0.42996604625995344 0.014861693749060998 0.014714314387394832
0 0.6878584348238431 0.4778261918288011 0.014592244074894832 0.014779017521784855
0 0.2673452634077806 0.07691146318729107 0.02550048094529372 0.02527487277984619
0 0.4197852794940655 0.9314912649301382 0.023114864642803486 0.02297240037184495
0 0.5004100432762733 0.45293004696185774 0.02052417168250451 0.02095449887789213
0 0.8601237076979417 0.975952882033128 0.02737573476938101 0.04466878450833834
0 0.3962153654832106 0.8805863307072566 0.019248082087590143 0.01920318603515625
0 0.17970631672785833 0.6197707102848933 0.01776709923377404 0.017512101393479567
0 0.22592815986046424 0.1991126720721905 0.014823693495530348 0.01489565922663762
0 0.30971959921029896 0.05319887399673462 0.033832403329702526 0.034445533385643594
0 0.8587778531588041 0.010040200673616849 0.03521376389723558 0.019820240827707145
0 0.36176894261286807 0.9574783765352689 0.030234923729529746 0.03008754436786358
0 0.7593452747051532 0.2422642707824707 0.014866168682391826 0.014883664938119741
0 0.7333131936880258 0.07916820049285889 0.025950798621544473 0.025780292657705452
0 0.16162439493032602 0.03168029968555157 0.08478325146895188 0.06258893929995023
0 0.1536927865101741 0.592269127185528 0.019419321647057168 0.018925886887770433
0 0.6152235911442683 0.8260713723989633 0.015583038330078125 0.015537702120267428
0 0.577648823077862 0.12697559136610764 0.020751953125 0.0209201299227201
0 0.2007587873018705 0.3374231778658353 0.014479417067307692 0.014454034658578726
0 0.24046890552227312 0.8242939435518705 0.0259094971876878 0.02583899864783654
0 0.6689934363731971 0.3253641128540039 0.015628521259014424 0.015639818631685697
0 0.13518269245441145 0.7255157323984 0.016905894646277793 0.016924931452824518
0 0.13395443329444298 0.9819039564866286 0.018487893618070163 0.02064206049992488
0 0.3562179712148813 0.6083751825185922 0.025883601262019232 0.025626402634840745
0 0.4522847395676833 0.1635421789609469 0.018744982205904447 0.019226220937875602
0 0.36229896545410156 0.30341416138869065 0.014108070960411659 0.014124870300292969
0 0.3708879030667819 0.2262284939105694 0.015656397892878607 0.01587049777691181
0 0.19439579890324518 0.6138284389789288 0.01546324216402494 0.015310287475585938
0 0.13393123333270734 0.5976263192983774 0.016610145568847656 0.01672216562124399
0 0.2563110131483812 0.7045183915358323 0.016387169177715596 0.0166623042179988
0 0.14248332610497108 0.5566962682283841 0.04012845112727238 0.04168495765099159
0 0.791809815626878 0.35926158611591047 0.014716221736027645 0.014870570256159855
0 0.17943330911489633 0.8238691916832557 0.026746052962083083 0.026876449584960938
0 0.15120838238642767 0.5574245452880859 0.02568795130803035 0.0260922358586238
0 0.19472797100360578 0.4885361378009503 0.013966633723332332 0.013986000647911659
0 0.23300345127399152 0.5279766963078425 0.014966084406926082 0.014997629018930288
0 0.2670435538658729 0.648289313683143 0.041568756103515625 0.04112537090594952
0 0.14668352787311262 0.556213012108436 0.03429368826059195 0.03476568368765024
0 0.46532630920410156 0.16957924916194037 0.01418443826528696 0.014184071467472957
0 0.47573463733379656 0.1593185938321627 0.014682989854079027 0.014827141394981971
0 0.35020842918982875 0.4565737064068134 0.07132801642784706 0.06980411822979267
0 0.286979290155264 0.07183023599477914 0.02874477093036358 0.027651236607478216
0 0.63184327345628 0.5938162436852088 0.014934246356670674 0.014652692354642428
0 0.27371956751896787 0.3098881794856145 0.020390033721923828 0.020090763385479268
0 0.1877299455495981 0.278569038097675 0.014424837552584134 0.014699128957895132
0 0.25265636810889613 0.5510680858905499 0.014113242809589092 0.014351404630220853
0 0.8244444040151743 0.39322900772094727 0.027594933143028848 0.027624130249023438
0 0.4034959352933444 0.2524112921494704 0.04436947749211238 0.04425863119272085
0 0.2811173108907846 0.054898509612450234 0.0203551145700308 0.02065709004035363
0 0.17550105314988357 0.49756570962759167 0.015079534970797025 0.01506974146916316
0 0.867178696852464 0.2492989943577693 0.0170742915226863 0.01762225077702449
0 0.35725061710064226 0.6309629587026743 0.01627195798433744 0.016125018780048076
0 0.5043356602008526 0.06693174747320321 0.01910686492919922 0.0194475375688993
0 0.3184651228097769 0.058290692476125866 0.019872518686147835 0.02028222267444317
