0 0.21617731681236854 0.03823545345893273 0.03172456301175631 0.03164552725278414
0 0.8106839840228741 0.9370530935434195 0.04927869943472055 0.0493621826171875
0 0.3570513358482948 0.2954858449789194 0.04729725764347957 0.0467985960153433
0 0.7015578930194561 0.1450509474827693 0.05217053340031551 0.05228409400353065
0 0.26950551913334775 0.2966769291804387 0.05071896773118239 0.05063482431265024
0 0.7604666489821214 0.304242335833036 0.06428469144381009 0.06395710431612454
0 0.2819189658531776 0.23518892434927133 0.018377340756929837 0.018835177788367637
0 0.7193878613985502 0.17578638516939604 0.041650625375600964 0.04237563793475811
0 0.6428436866173377 0.11604632781102107 0.017159388615534857 0.01723329837505634
0 0.5771310512836163 0.03740347119478079 0.03463613069974459 0.03500252962112427
0 0.8032898536095252 0.5797028908362756 0.028889876145582933 0.028252161466158353
0 0.3004872432121864 0.09924103663517879 0.01992486073420598 0.020674668825589694
0 0.8317185915433444 0.01374617562844203 0.017908829909104567 0.01810097465148339
0 0.8420621431790866 0.9463976346529447 0.016933147723858174 0.01676207322340745
0 0.31612388904278094 0.3419980269211989 0.021050654924832858 0.021548051100510817
0 0.7895835729745718 0.46691421362069935 0.024192663339468148 0.02465658921461839
0 0.7657235952524039 0.16971786205585188 0.046355907733623795 0.04654237857231727
0 0.8524293165940505 0.046468459642850436 0.014383169320913462 0.014542708030113807
0 0.7945448068472055 0.970372566810021 0.028401594895582933 0.027455843411959134
0 0.7444293682391827 0.3815299547635592 0.1591312701885517 0.1723942389855018
0 0.6657189589280349 0.1315225179378803 0.016526442307692308 0.016612676473764274
