0 0.14018981273357684 0.2873545059790978 0.20021614661583534 0.2649115048922025
0 0.773220208974985 0.13974403418027437 0.16231184739332932 0.15787944426903358
0 0.15896479900066668 0.5004618718073919 0.05770690624530499 0.057718863854041465
0 0.6588953458345853 0.9111251831054688 0.04983373788686899 0.05002095149113582
0 0.5679794091444749 0.1932989634000338 0.05824984036959135 0.058243751525878906
0 0.37152572778555065 0.882475706247183 0.03511788294865535 0.03522359407865084
0 0.10935492698962872 0.10681477876809928 0.037607633150540866 0.03778730905972994
0 0.24688027455256537 0.6349054483266977 0.038990094111515924 0.0393981566795936
0 0.535744153536283 0.10708346733680138 0.055268361018254206 0.05564095423771785
0 0.23868608474731445 0.04864820150228647 0.03691886021540715 0.036823969620924726
0 0.1282220987173227 0.68529539841872 0.03517932158250075 0.03527920062725361
0 0.6420387854942908 0.9490633010864258 0.048604525052584134 0.048513559194711536
0 0.607696166405311 0.01064691635278555 0.02631348830003005 0.020084101420182448
0 0.6983330799983098 0.9044384589562049 0.03595322829026442 0.03574811495267428
0 0.9182954934927133 0.10460517956660344 0.04446557851938101 0.04477203809298002
0 0.10625885083125187 0.7792142721322867 0.05589140378511869 0.056798494779146634
0 0.3936824064988356 0.3360713078425481 0.019537632281963643 0.019508801973783053
0 0.32008757958045375 0.6602583665114182 0.022164051349346455 0.02214197012094351
0 0.7753416208120493 0.1348097140972431 0.021413656381460335 0.021416444044846755
0 0.4192054455096905 0.5971729572002704 0.03120877192570613 0.031815602229191706
0 0.8983129354623648 0.06700518498053917 0.029454157902644232 0.029239672880906325
0 0.20097123659574068 0.135271274126493 0.02246383520273062 0.022380828857421875
0 0.4968684269831731 0.3829881227933444 0.044737742497370794 0.04505436237041767
0 0.8633006169245794 0.16025691766005296 0.03195630587064303 0.03210177788367638
0 0.289640866793119 0.5345769295325646 0.026248748485858623 0.02612722837007963
0 0.4686597677377554 0.08667448850778434 0.02956698491023137 0.029703429112067588
0 0.8254951330331656 0.4911029522235577 0.02235896770770733 0.022165958697979268
0 0.5128034811753494 0.45679466540996844 0.021344551673302285 0.02163872352013221
0 0.5164877818180964 0.9177767680241511 0.02053040724534255 0.02036138681265024
0 0.554483046898475 0.6091061372023362 0.01861851031963642 0.018367914053109977
0 0.6079576932466947 0.41901529752291167 0.018624085646409255 0.01872121370755709
0 0.822911996107835 0.22661660267756537 0.03332798297588642 0.03315236018254207
0 0.5355095496544471 0.017291662784723136 0.03615848834698017 0.03281088975759653
0 0.2840450727022611 0.25397619834313023 0.0380700184748723 0.038192382225623496
0 0.23556993557856634 0.5165802882267878 0.016992862407977764 0.01694495861346905
0 0.9363517761230469 0.9798228924091046 0.023607254028320312 0.023702474740835335
0 0.3642080013568585 0.18851195848905122 0.03256797790527344 0.03206993983342098
0 0.08688141749455379 0.794456775371845 0.021155137282151442 0.021401038536658652
0 0.28553353823148286 0.8004877383892353 0.02310481438269982 0.023240162776066706
0 0.361693602341872 0.3296201412494366 0.018588726337139424 0.01853664104755108
0 0.23128150059626654 0.14306479233961839 0.03202240283672626 0.03235083359938402
0 0.1455021179639376 0.6294737595778245 0.01968550682067871 0.019632339477539062
0 0.6507747356708233 0.4369128667391263 0.03273215660682091 0.03283236576960637
0 0.699009528526893 0.009567868824188527 0.021040696364182692 0.017925389684163608
0 0.2574128737816444 0.1696765422821045 0.03172856110792894 0.03170453585111178
0 0.8381316845233624 0.2143277755150428 0.016664945162259616 0.01678598844088041
0 0.41313868302565354 0.19249519935021034 0.029377277080829326 0.029228650606595553
0 0.6794224518996018 0.19517990259023812 0.05839964059682993 0.05890578490037184
0 0.7756332250741812 0.05400879107988798 0.05414992112379808 0.05408121072329008
0 0.461547117966872 0.799463858971229 0.029727055476262018 0.02982477041391226
0 0.5718482090876653 0.4741510978111854 0.03729468125563402 0.037123606755183294
0 0.3832999009352464 0.13613312061016375 0.030956855187049277 0.030603702251727764
0 0.867247801560622 0.26114185039813703 0.02409979013296274 0.02424474862905649
0 0.66473755469689 0.4645130450908954 0.017243018517127402 0.017096299391526442
0 0.5413589110741248 0.5729230000422552 0.01684416257418119 0.01660493703988882
0 0.9428608967707708 0.8937358856201172 0.02923275874211238 0.037847078763521634
0 0.10487206165607159 0.6843054111187274 0.017960475041316107 0.017504178560697116
0 0.7809706467848557 0.09473222035628098 0.031055157001201924 0.031121529065645658
0 0.5179270597604605 0.48989163912259615 0.0249634522658128 0.02484556344839243
0 0.2821555504432091 0.34844090388371396 0.025689418499286357 0.026034135084885817
0 0.14314226920788103 0.956663571871244 0.10142104442302997 0.08196786733774039
0 0.8817786436814529 0.7939863938551682 0.03493235661433293 0.034639211801382214
0 0.29637762216421276 0.2881078536693866 0.037601617666391224 0.03705776654756986
0 0.7205022665170523 0.7041994241567758 0.03537603525015024 0.034912109375
0 0.6511267882127029 0.173308042379526 0.018761121309720553 0.018948114835298978
0 0.9405403137207031 0.284920123907236 0.03950353769155649 0.04866567024817833
0 0.9201688032883865 0.1509714309985821 0.024130747868464544 0.024280731494610127
0 0.8829749180720403 0.4287704321054312 0.025565954355093148 0.025359960702749398
0 0.48993616837721604 0.6081988994891827 0.015451431274414062 0.015592575073242188
0 0.5239789669330304 0.981109252342811 0.040831345778245196 0.033589729895958535
0 0.5503510328439566 0.7061427189753606 0.018026205209585335 0.01786950918344351
0 0.4564671516418457 0.7054603283221905 0.021930914658766527 0.021808037391075723
0 0.9380927452674279 0.6425012441781851 0.03912676297701322 0.04864296546349159
0 0.41840171813964844 0.0920252799987793 0.016057968139648438 0.01617858960078313
0 0.7513289084801307 0.7879643073448768 0.024814752432016227 0.024688720703125
0 0.9529436551607572 0.032435866502615124 0.0150910891019381 0.015276111089266263
0 0.2918996627514179 0.40020568554218 0.018166652092566855 0.01775198716383714
0 0.3861001454866849 0.6908287635216346 0.016415522648737982 0.016590705284705527
0 0.4167327880859375 0.6553963881272536 0.018776673537034255 0.018727229191706732
0 0.36562406099759615 0.4480844277601976 0.016968507033128005 0.01683491926926833
0 0.7763519287109375 0.4573025336632362 0.01762258089505709 0.017691979041466348
0 0.26916085756742036 0.06594680822812594 0.016001004439133864 0.015759064601017878
0 0.5387125015258789 0.5234688245333158 0.017477108882023737 0.017383282001201924
0 0.43760974590594953 0.8695518787090595 0.030812483567457933 0.030610304612379808
0 0.40023121467003453 0.4153450452364408 0.015344913189227764 0.015304638789250301
0 0.1548901337843675 0.704589476952186 0.016428443101736214 0.016367985652043268
0 0.26203236213097203 0.14802731000460112 0.03365281911996695 0.03323929126446064
0 0.5635980459359976 0.15621121113116926 0.016114234924316406 0.01589855780968299
0 0.3216095704298753 0.979246946481558 0.039805357272808366 0.03521156311035156
0 0.8224666302020733 0.2672725457411546 0.027277139516977165 0.027508075420673076
0 0.40813512068528396 0.24594969015855056 0.024671554565429688 0.024379986983079176
0 0.8653514568622296 0.4521731963524452 0.03599049494816707 0.036282979525052585
0 0.2936923870673546 0.7390760275033804 0.015579480391282301 0.015595069298377404
0 0.3191518416771522 0.4074861453129695 0.03372038327730619 0.03336018782395583
0 0.061434113062345065 0.7563602007352389 0.033924029423640326 0.03450290973369892
0 0.2842399523808406 0.365874510544997 0.036080433772160456 0.03509110670823317
0 0.7662456219012921 0.7490169818584735 0.01677116980919471 0.016621809739332933
0 0.4116856501652644 0.6323377902691181 0.06950151003324069 0.07031323359562801
0 0.3611939870394193 0.16660701311551607 0.0262758548443134 0.026033291449913613
0 0.24030296619121844 0.890835321866549 0.02932086357703576 0.029438312237079326
0 0.7103952994713416 0.2679034379812387 0.025052584134615384 0.02512777768648588
0 0.3714498006380521 0.9787525763878455 0.05292503650371845 0.03913263174203726
0 0.8635130662184495 0.343137447650616 0.033279125507061295 0.03323525648850661
0 0.9163914460402268 0.9710693359375 0.016067651601938102 0.016028184157151442
0 0.2702640753525954 0.1066292616037222 0.03176160959097055 0.032092974736140326
0 0.8991848138662485 0.16669834577120268 0.12189263563889724 0.12294593224158654
0 0.4603171715369591 0.7200152323796198 0.017054191002478965 0.017159241896409255
0 0.4901720193716196 0.6473037279569186 0.02056730710543119 0.020542438213641826
0 0.8196423603938177 0.4660652600801908 0.033391512357271634 0.03296089172363281
0 0.39844410236065203 0.23154390775240385 0.014573390667255107 0.01492448953481821
0 0.8190317887526292 0.8343124389648438 0.01965948251577524 0.01973548302283654
0 0.6504234900841346 0.47519060281606823 0.015907874474158652 0.01632081545316256
0 0.5997949013343225 0.5107223804180439 0.02834906944861779 0.028558731079101562
0 0.3897707278911884 0.46286714993990385 0.02928337684044471 0.02920106741098257
0 0.8071984511155349 0.8124913435715896 0.024944892296424277 0.025027348445012018
0 0.45863914489746094 0.6128901701707107 0.018117317786583535 0.018328740046574518
0 0.7104022686298077 0.35840452634371245 0.014390798715444712 0.014602074256310096
0 0.7260030599740835 0.022157095945798434 0.03788287823016827 0.03743169857905461
0 0.27001203023470366 0.19126976453340971 0.022081411801851712 0.022190240713266227
0 0.8327316137460562 0.9769857846773587 0.021300389216496393 0.02124786376953125
0 0.6024002295274001 0.8886869870699369 0.014878419729379507 0.014866168682391826
0 0.5721939527071439 0.5946127818180964 0.015203475952148438 0.015257468590369591
0 0.8719341571514423 0.2842711852147029 0.0218350337101863 0.021475461813119743
0 0.5380416283240685 0.39030720637394833 0.02734066889836238 0.02725043663611779
0 0.834637348468487 0.7607713846059946 0.05480120732234074 0.05417779775766226
0 0.22335659540616548 0.9334250230055589 0.03167805304894081 0.03215437669020433
0 0.7565433795635517 0.03387486934661865 0.015571887676532451 0.015569778589101939
0 0.23536245639507586 0.9709884936992939 0.03205658839299129 0.032448108379657455
0 0.24460858565110427 0.22110805144676796 0.024570465087890625 0.02506267107450045
0 0.7279080611008865 0.9591272794283353 0.016559307391826924 0.016524828397310697
0 0.9196963677039514 0.7833875509408804 0.023762629582331732 0.024009117713341348
0 0.8428444495567908 0.5796929872952975 0.029725001408503607 0.029748256389911357
0 0.6197632276094877 0.04198627288524921 0.016733169555664062 0.016881280220471896
0 0.46892569615290713 0.025370398393044107 0.016662010779747598 0.016836317685934212
0 0.5261084483220027 0.15348449120154747 0.019881761991060697 0.01968218730046199
0 0.7107876997727615 0.10130361410287711 0.049226027268629804 0.048484233709482044
0 0.47455354837270886 0.6570001748891977 0.015431624192457933 0.015403160682091346
0 0.5613007178673377 0.3305099927462064 0.044179402864896335 0.0440211662879357
0 0.5178004044752854 0.202851625589224 0.02706483694223257 0.026864345257098857
0 0.1729443623469426 0.8078718919020432 0.04686311575082632 0.04647386991060697
0 0.15426270778362566 0.5540656676659217 0.020929336547851562 0.021431629474346455
0 0.9339241614708533 0.3538034145648663 0.016132941612830527 0.01596494821401743
0 0.8945987407977765 0.271539174593412 0.017446077786959134 0.0175020511333759
0 0.5108247903677133 0.954810802753155 0.03872754023625301 0.03871242816631611
0 0.38959657228910005 0.8247745954073392 0.015498674832857572 0.01566490760216346
0 0.6345587510329026 0.21679885570819563 0.017458108755258415 0.01714919163630559
0 0.4019021621117225 0.1617876016176664 0.027426426227276143 0.027868894430307243
0 0.09366066639239971 0.7650092198298528 0.029432920309213493 0.029980292687049277
0 0.60755678323599 0.07394288136408879 0.024884590735802285 0.025234460830688477
0 0.7960460369403546 0.7210948650653546 0.03850408700796274 0.038308950570913464
0 0.5516965572650616 0.5507009212787335 0.017983143146221455 0.018168155963604268
0 0.763511584355281 0.6017996714665339 0.014684530404897837 0.014733681311974159
0 0.5469799041748047 0.5117787581223708 0.015080525324894832 0.015166649451622596
0 0.1841727220095121 0.46998764918400693 0.015078031099759616 0.01523135258601262
0 0.06880240715467013 0.6655566875751202 0.020434993963975173 0.020291548508864183
0 0.9009233621450571 0.5026328747089093 0.014757889967698317 0.014681742741511418
0 0.45722066439115083 0.05678165417451125 0.03961753845214844 0.038921438730680026
0 0.7658855731670673 0.570693566248967 0.018903585580679085 0.01880807142991286
0 0.14927359727712777 0.12991721813495344 0.015502379490778996 0.01545249498807467
0 0.2051714383638822 0.9665492131159856 0.02699426504281851 0.027047377366286058
0 0.662432597233699 0.5483188629150391 0.01564935537484976 0.015648475060096152
0 0.5383409353402945 0.24631454394413874 0.02045103219839243 0.02109494576087365
0 0.16386637320885292 0.9119044083815354 0.01892566680908203 0.018679105318509616
0 0.2152262100806603 0.8742549602801983 0.015317476712740384 0.015331268310546875
0 0.4114223260145921 0.3257107367882362 0.032274833092322715 0.03235633556659405
0 0.597952622633714 0.31194111017080456 0.03304613553560697 0.033790221581092246
0 0.10914382567772499 0.4180278778076172 0.0245517033797044 0.02473112253042368
0 0.38538477971003604 0.6308711858896109 0.014443544241098257 0.014071978055513822
0 0.7386634533221905 0.23900356659522423 0.01476757342998798 0.014729793255145732
0 0.7952352670522836 0.11392540198106033 0.015984755295973558 0.015982371110182542
0 0.18410767041719878 0.8726532275860126 0.014472447908841647 0.01436145489032452
0 0.6448560127845178 0.3098608163686899 0.015822924100435697 0.015993136626023512
0 0.256655216217041 0.24521396710322454 0.026243283198429987 0.02669514142549955
0 0.16435632338890663 0.10140211765582745 0.025577288407545824 0.02586685694181002
0 0.3193036592923678 0.12039782450749324 0.01673096876878005 0.016727520869328424
0 0.8275662935697116 0.5643282303443322 0.026337256798377402 0.02641443105844351
0 0.5495303227351263 0.33956703772911656 0.0885624518761268 0.09003976675180289
0 0.4514179229736328 0.591480878683237 0.015184329106257511 0.015204796424278846
0 0.34958824744591344 0.7533192267784705 0.022081521841195915 0.022114386925330527
0 0.5351738562950721 0.6367924030010517 0.013575040377103366 0.013636368971604567
0 0.2608029108781081 0.2100852636190561 0.022090655106764574 0.021463724283071663
0 0.3528019098135141 0.4287234819852389 0.014560552743765024 0.014581020061786357
0 0.2675740352043739 0.7303469731257513 0.034322885366586536 0.03392938467172476
0 0.8245958915123572 0.9621272453894982 0.015448203453650841 0.015484883235051082
0 0.7002175404475286 0.8580222496619592 0.015813534076397236 0.015649061936598558
0 0.36957520705003005 0.26413981731121355 0.015454585735614482 0.015546578627366286
0 0.5717198298527644 0.5670180320739746 0.017169365516075723 0.017019345210148737
0 0.3138352907620944 0.5847494418804462 0.013608620716975285 0.013930394099308895
