0 0.4736144726092999 0.38711485495934117 0.23918034480168268 0.24611905904916617
0 0.5969514846801758 0.737824953519381 0.12586226830115685 0.12553112323467547
0 0.5679281674898587 0.8084506988525391 0.08600154289832482 0.08668840848482572
0 0.6236836360051081 0.6178797208345853 0.13613213025606596 0.13521726314838117
0 0.551394352546105 0.19845335300152117 0.03830586946927584 0.03859974787785457
0 0.5476654126093938 0.8829457209660456 0.05525361574613131 0.05568196223332332
0 0.6259005619929388 0.27819141974815953 0.02801040502694937 0.02772654019869291
0 0.536679744720459 0.9342608818641076 0.016204980703500602 0.016220679649939902
0 0.550982035123385 0.06255364418029785 0.2220332805926983 0.12515400006220892
0 0.5955014962416428 0.25187917856069714 0.016032585730919473 0.016042782710148737
0 0.4117286388690655 0.2503493382380559 0.04070296654334435 0.040705314049353965
0 0.5269986299368051 0.6555301959698017 0.174409792973445 0.17275153673612154
0 0.6327376732459435 0.9116578468909631 0.13793783921461839 0.17232748178335336
0 0.3295623705937312 0.7905744405893179 0.06859588623046875 0.0952151371882512
0 0.4362030029296875 0.6890032841609075 0.03643226623535156 0.035929166353665866
0 0.5297170052161584 0.25902135555560774 0.03216853508582482 0.031691551208496094
0 0.6167285625751202 0.5128095333392804 0.18523263931274414 0.1987160169161283
0 0.39968351217416614 0.6837700330294095 0.0416864248422476 0.04316432659442608
0 0.5302806267371545 0.0034174102430160227 0.018210484431340143 0.0067815958307339596
0 0.5020849521343524 0.1701029264009916 0.016079095693734977 0.015916824340820312
0 0.48545584311852086 0.5443292764516977 0.01420299823467548 0.014401949368990384
0 0.4020234621488131 0.8993304325984075 0.07450118431678185 0.07500178997333233
