0 0.5829264200650729 0.28890275955200195 0.037642405583308294 0.037507790785569414
0 0.5390925774207482 0.6376437407273513 0.04048919677734375 0.04053350595327524
0 0.24763052280132586 0.6436044986431415 0.048437265249399036 0.048951955942007214
0 0.534039937532865 0.9192127814659705 0.05921598581167368 0.059332774235652044
0 0.28059603617741513 0.13811522263746995 0.03939525897686298 0.03948633487407978
0 0.825409669142503 0.5524084384624774 0.03227380605844351 0.03276370121882512
0 0.793876207791842 0.726624635549692 0.038184826190655045 0.037887279803936295
0 0.7702787839449369 0.21429843168992263 0.07240720895620492 0.07333550086388221
0 0.2873925245725192 0.8843506299532377 0.023229342240553636 0.02315653287447416
0 0.13798366143153265 0.9187756318312424 0.048904987481924206 0.04845927311823918
0 0.1651917420900785 0.35983030612652117 0.022162400759183444 0.021987181443434495
0 0.9240600879375751 0.6178175119253305 0.027648338904747598 0.028069386115440957
0 0.0873720829303448 0.8371034035315881 0.0299225953909067 0.030098695021409255
0 0.48537635803222656 0.9838880392221304 0.053556075462928183 0.030542667095477764
0 0.4599659259502704 0.5804467568030725 0.02139737055851863 0.021450923039362982
0 0.16812639970045823 0.2293366285470816 0.02340111365685096 0.023444469158466045
0 0.2092734850369967 0.5167963321392353 0.02706421338594877 0.026912615849421576
0 0.6126510913555439 0.7877700512225811 0.037736159104567304 0.03780511709359976
0 0.18746288006122297 0.3175095044649564 0.022703024057241585 0.022654386667104866
0 0.41359116480900693 0.19796074353731596 0.024188848642202523 0.024327168097862832
0 0.6675984309269831 0.5339287977952224 0.030819232647235576 0.03075298896202674
0 0.40343350630540115 0.6000778491680439 0.019146038935734674 0.019047076885516826
0 0.1377051701912513 0.2328340457035945 0.022593259811401367 0.022864341735839844
0 0.7800665635329026 0.4808665422292856 0.017897385817307692 0.017997081463153545
0 0.7104123922494742 0.35987237783578724 0.02877074021559495 0.029048626239483174
0 0.42131673372708833 0.2849520719968356 0.020018504216120794 0.020049608670748197
0 0.5890071208660419 0.6349685375507061 0.01817468496469351 0.01822691697340745
0 0.19996404647827148 0.36285117956308216 0.018567231985238884 0.0184323971088116
0 0.2703861456650954 0.6809522188626803 0.017949764545147236 0.01796546349158654
0 0.5513226435734675 0.27838220963111293 0.01844486823448768 0.01842040282029372
0 0.6718196868896484 0.827430431659405 0.021227323091947116 0.02108926039475661
0 0.634021098797138 0.8438127957857572 0.027739598200871393 0.02798007084773137
0 0.8788515237661508 0.2981710067162147 0.13318164532001203 0.21230382185715896
0 0.33471224858210635 0.4692809031559871 0.06147854144756611 0.06020692678598257
0 0.8686191852276142 0.9883013505202073 0.02151665320763221 0.019264808067908652
0 0.29111117583054763 0.8030590644249549 0.017277644230769232 0.017525599553034857
0 0.26408276191124547 0.4611336634709285 0.02765508798452524 0.027399576627291165
0 0.191009521484375 0.3352854802058293 0.017445931067833535 0.01768214886005108
0 0.41854278857891375 0.01934513678917518 0.017219103299654447 0.017270322029407207
0 0.47342212383563703 0.545470641209529 0.016730675330528848 0.01678943634033203
0 0.08287213398860051 0.44375470968393177 0.016399566943828877 0.01649313706618089
0 0.5782354795015775 0.20540758279653695 0.017894744873046875 0.018222295320951022
0 0.11653716747577374 0.8272161483764648 0.031196080721341647 0.03150631831242488
0 0.3786896558908316 0.13455622929793137 0.018006104689378005 0.018064443881695088
0 0.4001726737389198 0.06824067922738883 0.01681342491736779 0.01667224443875826
0 0.13636401983407828 0.3188453821035532 0.015335651544424204 0.015567632821890024
0 0.2694927729093112 0.5983106539799616 0.020275409405048076 0.02023484156681941
0 0.5105562576880822 0.32962127832266 0.018161186805138223 0.018124140225923978
0 0.29423365226158726 0.5806872661297138 0.02402356954721304 0.02414101820725661
0 0.4304799299973708 0.4348798164954552 0.0148924314058744 0.014949578505295973
0 0.07936201645777775 0.15726309556227464 0.015086192351121169 0.015192435337946964
0 0.2886864955608661 0.418947880084698 0.018848639268141527 0.018877176138070915
0 0.8197579017052283 0.2251591682434082 0.03222920344426082 0.03222795633169321
0 0.183026148722722 0.4329377687894381 0.016180808727557842 0.016184073228102464
0 0.19060692420372596 0.1605567198533278 0.015456346365121694 0.015223246354323167
0 0.6107190939096304 0.438389044541579 0.014876879178560697 0.014977381779597355
0 0.08857094324552096 0.4684749383192796 0.015461151416485127 0.015491925753079928
0 0.680265866793119 0.8690425432645358 0.026781815748948317 0.02631833003117488
0 0.3875303635230431 0.46950934483454776 0.025692279522235576 0.02577099433312049
0 0.1684591953571026 0.14309345758878267 0.014899914081280049 0.014814927027775692
0 0.937104738675631 0.6037942079397348 0.021388714130108174 0.03300116612361027
0 0.34162580049954927 0.04257528139994694 0.028114905724158652 0.028224862538851224
0 0.6182520939753606 0.477478760939378 0.01545418225801908 0.01546947772686298
0 0.2910685906043419 0.4675148817209097 0.033455188457782455 0.033183904794546276
0 0.9337971027080829 0.14011751688443697 0.018086360051081732 0.018341467930720404
0 0.08992607776935284 0.38611140617957485 0.015275936860304613 0.015162174518291768
0 0.3677259591909555 0.7079143524169922 0.015237881587101864 0.015470944918118991
0 0.3765635857215294 0.009697153018071102 0.024154809805063102 0.01839261330091036
0 0.6060967078575721 0.8423219827505258 0.02461404066819411 0.024346571702223558
0 0.4104445530818059 0.9085759382981521 0.038353259746844955 0.03829662616436298
0 0.7085636579073392 0.7750791402963492 0.01602304898775541 0.01629007779634916
0 0.09764382472405067 0.2575696248274583 0.09318351745605469 0.15831980338463417
0 0.29020320452176607 0.9166759344247671 0.01532756365262545 0.015436172485351562
0 0.42008282588078427 0.5036688217749963 0.015204356266902043 0.01546309544489934
0 0.5400457015404334 0.585631040426401 0.015274634728064904 0.015429936922513522
0 0.3012566933265099 0.4086258594806378 0.01671710381141076 0.01677094973050631
0 0.27455942447368914 0.5767221450805664 0.016669273376464844 0.017124689542330228
0 0.7203628099881686 0.23635189349834734 0.034922232994666465 0.03487388904278095
0 0.5291783993060772 0.041408584668086126 0.019645837637094352 0.019830027451881997
0 0.7090675647442157 0.4806387241070087 0.014146364652193509 0.014098827655498799
0 0.2442944600031926 0.3648531987116887 0.01816551501934345 0.017890343299278848
0 0.5043178705068735 0.7476343008188101 0.02307466360238882 0.023248819204477165
0 0.17634199215815619 0.6783195642324594 0.01917828046358549 0.019040914682241585
0 0.11558615244351901 0.8987216949462891 0.023502496572641227 0.02358524615948017
0 0.1876235925234281 0.244992916400616 0.02415121518648588 0.02439264150766226
0 0.20057179377629206 0.70911561525785 0.018029396350567158 0.018095016479492188
0 0.7901979593130258 0.7921144045316256 0.022106170654296875 0.021953582763671875
0 0.09531756547781137 0.5958488904512845 0.0151671996483436 0.015183228712815505
0 0.9277190428513747 0.592964612520658 0.040773245004507214 0.05901351341834435
0 0.803627454317533 0.7008882669302133 0.01859283447265625 0.01862305861253005
0 0.11944175683535062 0.6473648364727314 0.02608484488267165 0.026210784912109375
0 0.35846336071307844 0.3302782498873197 0.015778321486253005 0.015887920673076924
0 0.3123795435978816 0.5991995151226337 0.018576622009277344 0.01847362518310547
0 0.2506161102881798 0.6816574976994441 0.01937081263615535 0.019355040330153245
0 0.7178369668813852 0.4968222471383902 0.02386019780085637 0.023873255803034857
0 0.7692301823542669 0.8065119523268479 0.03788082416240986 0.038892892690805286
0 0.3609234369718112 0.019862702259650596 0.02178529592660757 0.02172092291025015
0 0.30954581040602464 0.566643238067627 0.025296578040489785 0.024457931518554688
0 0.17676569865300104 0.177181940812331 0.015010907099797176 0.015091272500845103
0 0.2266995356633113 0.6113810172447791 0.014614178584172176 0.014917226938100962
0 0.2512073516845703 0.5904245376586914 0.02947550553541917 0.029043931227463942
0 0.5317804629986103 0.3447863505436824 0.031267753014197715 0.0313411125769982
0 0.2517424546755277 0.02290134705030001 0.0147858032813439 0.01459739299920889
0 0.7065158990713266 0.11479005446800819 0.33865869962252104 0.22987893911508414
0 0.3731164565453163 0.39371347427368164 0.014879079965444712 0.014804693368765024
0 0.13184629036830023 0.18088614023648775 0.015191243245051457 0.014986478365384616
0 0.4242712901188777 0.4194489625784067 0.018273133497971755 0.018291253309983473
0 0.09436172705430251 0.1979832649230957 0.020192824877225436 0.021019605489877555
0 0.3065335750579834 0.01838526358971229 0.07260238207303561 0.035579475072714
0 0.4444608688354492 0.04239318004021278 0.016390580397385817 0.01632979282966027
0 0.343811401954064 0.8605242509108323 0.3212575178879958 0.270479495708759
0 0.8628139495849609 0.9573411207932693 0.021170689509465143 0.021188882681039665
0 0.8668056634756235 0.6119647392859826 0.014267848088191105 0.014446551983173076
0 0.2104805432833158 0.7663098848783053 0.0708629901592548 0.07007129375751202
0 0.24944679553692156 0.5874206836407001 0.023387028620793268 0.023293128380408652
0 0.8301117970393255 0.7125276418832632 0.015702320979191706 0.015998693612905648
0 0.3722489063556378 0.7657324717595027 0.015074583200307993 0.015082872830904447
0 0.4167737594017616 0.0759521539394672 0.015832020686222956 0.015975291912372295
0 0.21910340969379133 0.6625131460336539 0.014616306011493389 0.014338860144981971
0 0.38681639157808745 0.828309572660006 0.02371949415940505 0.023420040424053486
0 0.47835801197932315 0.25226943309490496 0.030604802645169772 0.0308227172264686
0 0.3256837404691256 0.560968435727633 0.018961612994854268 0.01841002244215745
0 0.2201995849609375 0.6924561720628005 0.031733219440166764 0.03211711003230168
0 0.30294047869168794 0.44213412358210635 0.019704305208646335 0.01938482431265024
0 0.23317791865422174 0.6016682844895583 0.013932411487285908 0.01393281496488131
0 0.30776397998516375 0.03557803539129404 0.01389296238238995 0.014124136704664964
0 0.272216613476093 0.5744372881375827 0.022136541513296273 0.022012710571289062
0 0.7790694603553185 0.42450666427612305 0.015472998985877404 0.01576680403489333
0 0.45952239403357875 0.328822869520921 0.025106136615459736 0.025159835815429688
0 0.2993028714106633 0.1221311459174523 0.014683723449707031 0.014806307279146634
0 0.5918921690720779 0.22205466490525466 0.015029173630934495 0.015057783860426683
0 0.9364513984093299 0.06496955798222469 0.018485142634465143 0.0347895622253418
0 0.3437526042644794 0.7024995363675631 0.014554830697866587 0.014452420748197116
0 0.509640620304988 0.5416512856116662 0.013964286217322716 0.014250608590932993
0 0.34772542806772083 0.10782982752873348 0.015301997844989482 0.0153655639061561
0 0.3399193837092473 0.40909536068256086 0.01336215092585637 0.01335606208214393
0 0.6648387908935547 0.40105570279634917 0.01833504896897536 0.01830159700833834
0 0.31347040029672474 0.6645793914794922 0.014244446387657752 0.014280759371243991
0 0.09789483363811786 0.8694862952599158 0.03433564993051382 0.034123934232271634
0 0.2402986746567946 0.546564689049354 0.013846984276404748 0.013831358689528245
0 0.26321686231173 0.5424346557030311 0.01368093490600586 0.013794678908128005
0 0.8270976726825421 0.757193345289964 0.014222658597506009 0.01439373309795673
0 0.7648912576528696 0.35303834768442005 0.015123954186072716 0.014906956599308895
0 0.09801705066974346 0.9786506065955529 0.02918397463285006 0.0292355464054988
0 0.32325443854698765 0.016306775120588448 0.0384831245128925 0.0312859805730673
0 0.43969521155724156 0.6356552564180814 0.02798909407395583 0.02789893517127404
0 0.4655779691842886 0.5162535447340745 0.013692782475398136 0.013909706702599159
0 0.7320015247051532 0.5571683736947867 0.014775789701021634 0.014949651864858774
0 0.9243777348445013 0.32896746121920073 0.014129932110126201 0.014075792752779447
0 0.6122608184814453 0.1962611858661358 0.014548081618088942 0.014514996455265926
