0 0.4502155597393329 0.979028921860915 0.03597208169790415 0.036024240347055286
0 0.4535514024587778 0.6156058678260217 0.032833172724797174 0.03235332782451923
0 0.41797271141639125 0.8504717900202825 0.049112173227163464 0.0483545156625601
0 0.3019735262944148 0.8595862021813025 0.033824773935171276 0.03398821904109074
0 0.09872985803163968 0.6267109650831956 0.02341607900766226 0.023503963763897236
0 0.0839691712306096 0.9837623009314904 0.039104608389047474 0.028388390174278848
0 0.7981586456298828 0.7127838134765625 0.027123671311598558 0.027156242957481973
0 0.5780226634098933 0.7889705071082482 0.03070831298828125 0.03099676278921274
0 0.6155488674457257 0.13248759049635667 0.022313484778771035 0.022648407862736628
0 0.47306167162381685 0.5213227638831506 0.04254891322209285 0.0430902334359976
0 0.6326321821946365 0.92878481057974 0.036164503831129804 0.03615115239070012
0 0.03808088027513944 0.5620502692002517 0.02104371327620286 0.021084418663611777
0 0.7697350428654597 0.635799921475924 0.036890470064603366 0.0369268564077524
0 0.6274295953603891 0.8317482288067157 0.02594595689039964 0.026180854210486777
0 0.3158126977773813 0.4478883743286133 0.022219456159151517 0.022182684678297777
0 0.4097439692570613 0.8224452825692984 0.02419104942908654 0.02407411428598257
0 0.6038372333233173 0.8355095936701848 0.02043768075796274 0.020146736731896035
0 0.0960907844396738 0.7582683563232422 0.023449475948627178 0.023490172166090745
0 0.28806660725520206 0.621512926541842 0.024851248814509466 0.0247494257413424
0 0.7223555491520808 0.9737388170682467 0.04007427509014423 0.03998360267052284
0 0.49787194912250227 0.42136324368990385 0.021181033207820013 0.021176558274489183
0 0.8461283170259916 0.5933478428767278 0.021231724665715143 0.021038348858173076
0 0.7105773045466497 0.727538328904372 0.027662130502554085 0.02783027062049279
0 0.6062109653766339 0.2019179784334623 0.04423324878399189 0.044021973243126504
0 0.2828657627105713 0.422637756054218 0.020112147698035605 0.020319205064039964
0 0.48456492790809047 0.696445318368765 0.022907257080078125 0.022991180419921875
0 0.7117410806509165 0.9179637615497296 0.022021366999699518 0.021965907170222357
0 0.29292752192570615 0.9549541473388672 0.01896806863638071 0.018880403958834134
0 0.31603174943190354 0.12868263171269342 0.01836109161376953 0.018444244678203877
0 0.9786515602698693 0.28883827649630034 0.017493761502779447 0.017438228313739482
0 0.10072823671194223 0.12057720697843112 0.023249057623056266 0.023235486103938177
0 0.638131361741286 0.15286536400134748 0.023511446439302884 0.023510070947500374
0 0.4693933633657602 0.3009702975933368 0.01835045447716346 0.018346052903395433
0 0.03612786531448364 0.8660140404334435 0.028200543843782865 0.028102581317608174
0 0.8417747204120343 0.6860633263221154 0.023609161376953125 0.023821904109074518
0 0.6986139737642728 0.6148574535663311 0.020248999962439902 0.020151871901292067
0 0.4432711968055138 0.7231000753549429 0.025182577279897835 0.02519402137169471
0 0.8793237392718976 0.41420456079336315 0.020507959219125602 0.020860011761005107
0 0.8426796839787409 0.969725828904372 0.016887664794921875 0.016979510967548076
0 0.2774189068720891 0.68640320117657 0.029647020193246696 0.029883458064152643
0 0.5579690933227539 0.1096876859664917 0.01951943911038912 0.019626965889563926
0 0.5773569987370417 0.8221440682044396 0.021484521719125602 0.02138064457820012
0 0.5309645946209247 0.7078012319711539 0.020398726830115683 0.02024225088266226
0 0.21047540811391977 0.8337322381826547 0.018251492426945612 0.018621004544771634
0 0.06866339078316322 0.7682640369121845 0.016999308879558857 0.017032329852764424
0 0.5490300105168269 0.07002895611983079 0.03671411367563101 0.03633233217092661
0 0.9897293677696815 0.7729119520920974 0.01925512460561899 0.021485255314753607
0 0.3420650042020358 0.6059569212106558 0.03898121760441707 0.039276489844689004
0 0.5073872346144456 0.6811656951904297 0.017446371225210335 0.017338385948768027
0 0.6194309821495643 0.7378243666428786 0.017781624427208535 0.0177920414851262
0 0.4612551469069261 0.8889318612905649 0.019648185143103965 0.0200042724609375
0 0.40787652822641224 0.9583248725304236 0.016744320209209736 0.016479052030123197
0 0.6820251758282001 0.8675796802227314 0.017663222092848558 0.017681121826171875
0 0.3233586824857272 0.4128702237055852 0.019295325646033652 0.01942275120661809
0 0.6025312130267804 0.4700886653019832 0.02604073744553786 0.02618100092961238
0 0.9143852087167593 0.27939752432016224 0.04264494088979868 0.04252287057729868
0 0.2676820755004883 0.21953806510338417 0.016831251291128304 0.01694173079270583
0 0.024164502437298115 0.393187742966872 0.03442970605996939 0.034665474524864785
0 0.318936641399677 0.4922535236065204 0.017141048724834736 0.017209419837364785
0 0.25505788509662336 0.9046186300424429 0.019202379079965446 0.019238692063551683
0 0.27906192266024077 0.9073012425349309 0.020767835470346305 0.020970858060396634
0 0.4417142134446364 0.8912780468280499 0.017836644099308893 0.0179440424992488
0 0.9380943591778095 0.7898841271033654 0.01558685302734375 0.015603138850285457
0 0.6302131506112906 0.7545484396127554 0.017640187190129206 0.017684349646935098
0 0.6674520052396334 0.8041012103740985 0.024631500244140625 0.02490058312049279
0 0.354366082411546 0.8033545567439153 0.017959448007436898 0.018080491286057692
0 0.713993659386268 0.29619792791513294 0.020731265728290264 0.020957139822152946
0 0.12012943854698768 0.7614432848416842 0.02132124167222243 0.021181546724759616
0 0.7178579477163461 0.7830378459050105 0.017040252685546875 0.017230400672325723
0 0.8185982337364783 0.5989264341501089 0.03332050030048077 0.03317576188307542
0 0.9480831439678485 0.467441412118765 0.07920279869666466 0.07890173105093148
0 0.5314851540785569 0.6009265092703012 0.027750235337477464 0.02769125424898588
0 0.19109601240891677 0.837590217590332 0.015847426194411058 0.01578492384690505
0 0.36083199427678037 0.4236270464383639 0.049660829397348255 0.04995918273925781
0 0.5863430683429425 0.09188916133000301 0.03524472163273738 0.035002983533419095
0 0.13270222223722017 0.9607174213115985 0.015824648050161507 0.01575308579664964
0 0.09400035784794734 0.14874354692605826 0.020066151252159707 0.02035861748915452
0 0.21831002602210411 0.5626167884239783 0.02195009818443885 0.021925706129807692
0 0.9379543157724234 0.15505588971651518 0.014543973482572116 0.014562010765075684
0 0.38207171513484073 0.5205830794114333 0.02136399195744441 0.021129314716045674
0 0.8264075059157151 0.06173091668349046 0.16773487971379206 0.12097773185143104
0 0.9785478298480694 0.9849497721745417 0.03432376568134014 0.025359373826246995
0 0.5909643906813401 0.5596809020409217 0.021894454956054688 0.022033177889310397
0 0.7700352301964393 0.09636836785536546 0.017549954927884616 0.017384950931255635
0 0.547851195702186 0.4954685064462515 0.015459500826322116 0.01522049537071815
0 0.23484440950246957 0.7437595220712515 0.01615604987511268 0.016032585730919473
0 0.5960121154785156 0.306031557229849 0.0379491952749399 0.03856079395000751
0 0.20164277003361628 0.5375319260817307 0.01913914313683143 0.018957871657151442
0 0.83746154491718 0.467711852147029 0.016385738666240986 0.01649636488694411
0 0.7942077930157001 0.2520266679617075 0.043523935171274036 0.04373300992525541
0 0.03095078468322754 0.8032471583439753 0.02031597724327674 0.020861405592698317
0 0.9380910579974835 0.4677524199852577 0.06162203275240385 0.06543871072622445
0 0.2943541086637057 0.7148821170513446 0.02792497781606821 0.02775720449594351
0 0.1762686325953557 0.7858032813439002 0.01574406257042518 0.015917557936448317
0 0.2397423524122972 0.8739204406738281 0.015120359567495493 0.015190564669095553
0 0.9129009246826172 0.006587610794947698 0.021408521212064303 0.012677282094955444
0 0.6622290978064904 0.8571709852952224 0.030516991248497598 0.030453608586237982
0 0.5577939840463492 0.35280675154465896 0.020765157846304085 0.020707423870380107
0 0.704311517568735 0.7648381453294021 0.01726678701547476 0.017021325918344352
0 0.1383813711313101 0.13155449353731596 0.017325144547682542 0.017126193413367637
0 0.825990236722506 0.7952759082500751 0.13898468017578125 0.14133247962364784
0 0.8906335097092849 0.3037121846125676 0.015089768629807692 0.015342125525841346
0 0.46624396397517276 0.7145857444176307 0.022007135244516227 0.02226404043344351
0 0.5228116695697491 0.39696223919208234 0.015273387615497295 0.015449083768404447
0 0.8687254098745493 0.3541440230149489 0.016899695763221152 0.016830591055063102
0 0.4130541728093074 0.9452118506798377 0.015492072472205529 0.016169034517728366
0 0.4939258282001202 0.873227046086238 0.018255160405085638 0.018295434805063102
0 0.2974724035996657 0.5959105858435998 0.014459683344914364 0.014531649076021634
0 0.6510909887460562 0.40410988147442156 0.020965136014498197 0.021096009474534255
0 0.6400204438429612 0.4356698989868164 0.03149956923264723 0.031473746666541465
0 0.7447625673734225 0.7019961430476263 0.020317664513221152 0.020710138174203727
0 0.6861666165865384 0.8423275580772986 0.019194969764122598 0.019441751333383415
0 0.28295223529522234 0.9209688626802884 0.016955008873572715 0.016247969407301683
0 0.5839986801147461 0.4452677506666917 0.03348203805776743 0.03403135446401743
0 0.5380400877732497 0.9807542654184195 0.017392818744365986 0.017918513371394232
0 0.30176302102895886 0.5292091369628906 0.019986812884990986 0.020209312438964844
0 0.39594587912926305 0.28016215104323167 0.016319788419283353 0.016164339505709134
0 0.6302695641150842 0.6472580249492939 0.01436614990234375 0.01467426006610577
0 0.5722607832688552 0.019298386115294237 0.0355534186730018 0.034962048897376426
0 0.3783946404090294 0.459410887498122 0.018650935246394232 0.018491524916428786
0 0.9196834564208984 0.16208267211914062 0.02872628432053786 0.028800221589895394
0 0.7680369157057542 0.7428663693941556 0.0177310063288762 0.017849555382361777
0 0.7317374302790716 0.5750423211317796 0.022732367882361777 0.02288062755878155
0 0.6713607494647686 0.47878602834848255 0.02636894812950721 0.026302631084735576
0 0.00341787189245224 0.8551669487586389 0.006792329824887789 0.015782576340895433
0 0.259454030257005 0.10835379820603591 0.015027376321645884 0.01526654683626615
0 0.2435579666724572 0.15677657494178185 0.01491374235886794 0.015048833993765024
0 0.04219799316846407 0.8375615340012771 0.015514071171100322 0.015433678260216346
0 0.17535840548001802 0.9572358498206506 0.017684129568246696 0.01797338632436899
0 0.65448181445782 0.8168999598576472 0.017536750206580527 0.017972506009615384
0 0.5016161845280573 0.9542594322791467 0.015927241398737982 0.015934870793269232
0 0.8376150864821214 0.73041505080003 0.04031665508563702 0.04120225172776442
0 0.21575306012080267 0.5482829900888296 0.017522078294020433 0.017617299006535456
0 0.47772818345289964 0.056678285965552695 0.03016486534705529 0.02965514476482685
0 0.19692523662860578 0.9136756750253531 0.017132282257080078 0.017865694486177884
0 0.4209761986365685 0.2660683485177847 0.020282745361328125 0.02051412142240084
0 0.22896176118117112 0.905818352332482 0.013499883505014272 0.013619349553034855
