0 0.8852856709406927 0.19806247491102952 0.21019979623647836 0.2142519217271071
0 0.35245319513174206 0.7492146858802209 0.07998466491699219 0.08030862074631911
0 0.6725972248957708 0.6149482727050781 0.059384859525240384 0.05924078134390024
0 0.11328618343059833 0.06913490478809063 0.04400469706608699 0.04420913182772123
0 0.3395844973050631 0.6513083531306341 0.02382821303147536 0.023979333730844352
0 0.1292095000927265 0.4036706044123723 0.026204365950364333 0.026172344501201924
0 0.37229809394249547 0.8833671716543344 0.025785446166992188 0.025951238778921273
0 0.7078200853787936 0.03061430500103877 0.025471320519080527 0.025570672291975755
0 0.35817535106952375 0.4796562194824219 0.026907847477839544 0.027387472299429085
0 0.4246318523700421 0.7568183312049279 0.03114480238694411 0.03093572763296274
0 0.035630959730881914 0.8932512723482572 0.039772327129657455 0.039678720327524036
0 0.023413470158210166 0.3566923141479492 0.03273944671337421 0.03313768826998197
0 0.27200658504779524 0.5058122048011193 0.029280955974872295 0.029300396259014424
0 0.49451791323148286 0.5697289246779221 0.1178295428936298 0.11831327585073617
0 0.2942909277402438 0.586064522082989 0.020798939924973708 0.020674632145808294
0 0.31026862217829776 0.6187857114351712 0.03028275416447566 0.03014711233285757
0 0.555839465214656 0.20395311942467323 0.028944895817683294 0.02905610891488882
0 0.16169294944176307 0.33112423236553484 0.0214230830852802 0.02138695350060096
0 0.3075313384716327 0.5625331585223858 0.02208287899310772 0.02201256385216346
0 0.6126612883347732 0.1003267765045166 0.017806419959435098 0.017944996173565205
0 0.13071520511920637 0.7890958052415115 0.024856750781719502 0.024883563701923076
0 0.15361433762770432 0.5257375790522649 0.06942103459284855 0.07037558922400841
0 0.6785832918607272 0.02345847624998826 0.0270846440241887 0.02685693594125601
0 0.3073257666367751 0.22394719490638146 0.021358269911545973 0.02121573228102464
0 0.3729668397169847 0.013079111392681416 0.029210604154146634 0.024547521884624775
0 0.36286104642427885 0.4065639055692233 0.026789151705228366 0.026911075298602764
0 0.22131996888380784 0.7386709359975961 0.03166125370905949 0.03164262038010817
0 0.8214283723097581 0.9183161808894231 0.018877176138070915 0.01892544673039363
0 0.10766259523538443 0.027105636321581326 0.02389817971449632 0.023767365859105036
0 0.02568396467428941 0.18888238760141227 0.02130817908507127 0.021320929894080527
0 0.6474788372333233 0.7070905978863056 0.022301600529597357 0.02251771780160757
0 0.29967528123121995 0.2946619620689979 0.01966718526986929 0.01963380666879507
0 0.28254299897413987 0.5338213993952825 0.019475166614239033 0.019455396212064303
0 0.4925281818096454 0.042419846241290755 0.019695281982421875 0.019519338240990274
0 0.03751740776575529 0.21952480536240798 0.017588610832507793 0.017554173102745645
0 0.5940855466402494 0.7751714266263522 0.01884152339054988 0.018794719989483174
0 0.7665491837721604 0.2959599861731896 0.01921228262094351 0.019257398752065804
0 0.557259412912222 0.8603353500366211 0.025639754075270433 0.025911771334134616
0 0.5770144095787635 0.24982531254108137 0.024453236506535456 0.024110977466289815
0 0.23088959547189566 0.2591246091402494 0.021098833817702074 0.021353501539963942
0 0.7202524038461539 0.525389891404372 0.015329507681039663 0.015345279987041768
0 0.022566313926990215 0.12047415513258714 0.018240616871760443 0.018008965712327223
0 0.38980671075674206 0.062011668315300576 0.06738354609562801 0.06780889401069054
0 0.08228759582226093 0.692578022296612 0.023081155923696663 0.023079065176156852
0 0.22377698238079363 0.4955150897686298 0.017046304849477913 0.017214261568509616
0 0.22152385344872108 0.44279879790086013 0.03628745445838341 0.03617704831636869
0 0.014293369192343492 0.2781639832716722 0.014561664599638719 0.016392634465144232
0 0.8248770053570087 0.678746590247521 0.0670927487886869 0.06720674954927884
0 0.7208725855900691 0.4848555051363431 0.01738739013671875 0.01732019277719351
0 0.8872023362379807 0.9430521451509916 0.11838472806490384 0.11122659536508414
0 0.5464104138887845 0.4197210165170523 0.019557659442608174 0.01939670856182392
0 0.16171796505267805 0.7553810706505408 0.01822507381439209 0.018313481257512018
0 0.3973774543175331 0.7064276475172776 0.048683459942157455 0.048786163330078125
0 0.8743710151085486 0.5067055775569036 0.02144593458909255 0.021339269784780648
0 0.18895721435546875 0.913517951965332 0.023706729595477764 0.023676945612980768
0 0.6504921546349158 0.48464232224684495 0.021178025465745192 0.021063731266902044
0 0.7279465015117939 0.12050713025606595 0.032975416917067304 0.0328980592580942
0 0.94092163672814 0.8796553978553185 0.016603616567758415 0.016967920156625602
0 0.10505940363957332 0.38063526153564453 0.017978613193218525 0.017960181603064902
0 0.30350809830885667 0.8103785881629357 0.025501324580265924 0.025563606849083535
0 0.7548008698683518 0.6502951842087966 0.015715378981370192 0.015853735116811898
0 0.42494858228243315 0.6690513904278095 0.01639072711651142 0.01657867431640625
0 0.6356251056377704 0.04928085437187782 0.02007264357346755 0.019858855467576247
0 0.7145825165968674 0.3076678972977858 0.015171637901893029 0.015078287858229417
0 0.9800893343411959 0.4821789081280048 0.015020223764272837 0.015045679532564603
0 0.4926144526554988 0.3978739518385667 0.016408920288085938 0.016431074876051683
0 0.19191958354069635 0.7844406274648813 0.017069082993727464 0.017066075251652643
0 0.7259674072265625 0.5736733216505784 0.07719348027155949 0.07606917161207932
0 0.1876374391409067 0.6970886817345252 0.01542201408973107 0.015534914456881009
0 0.6268772712120643 0.6381301879882812 0.015833634596604567 0.01563439002403846
0 0.5275793075561523 0.4095265315129207 0.01619258293738732 0.016294332650991585
0 0.3412760954636794 0.33717870712280273 0.014848855825570913 0.014882894662710337
0 0.244600222660945 0.4781979414132925 0.013923278221717248 0.014033024127666768
0 0.46358530337993914 0.4473576912513146 0.016479052030123197 0.016736544095552884
0 0.540921137883113 0.3079059307391827 0.13789074237530047 0.13888263702392578
0 0.6370944976806641 0.9652908765352689 0.027760725754957933 0.027881622314453125
0 0.6101064315209022 0.49736562142005336 0.014467752896822415 0.014489540686974159
0 0.4528186504657452 0.9929740612323468 0.0286715580866887 0.013088813194861779
0 0.962336173424354 0.917606940636268 0.014846214881310096 0.015265244704026442
0 0.0535542002091041 0.12467686029580924 0.016400823226341836 0.01641222146841196
0 0.37759692852313703 0.4353581942044772 0.0426783928504357 0.04259006793682392
0 0.16303475086505598 0.8604328448955829 0.014636956728421725 0.01482684795673077
0 0.037094978185800404 0.4294604154733511 0.03215220341315636 0.03267801724947416
0 0.5617132920485276 0.43667962000920224 0.13846646822415865 0.140411376953125
0 0.5779219040503869 0.6866130828857422 0.06834096174973708 0.06949850229116586
0 0.054324562732989974 0.09740192156571609 0.014317659231332632 0.014399950320904072
0 0.1952680807847243 0.05846390357384315 0.01623689211331881 0.016222275220430814
0 0.06487563023200402 0.5823034139779898 0.01439053278702956 0.014157295227050781
0 0.20991461093609148 0.8116616469163161 0.03619076655461238 0.03572522676908053
0 0.6108275193434495 0.6337020580585186 0.013721172626201924 0.013977931096003605
0 0.28848097874568057 0.2505902693821834 0.022202491760253906 0.022304351513202373
0 0.6261748533982497 0.07613450747269851 0.1179966559776893 0.12854970418489897
0 0.6953043570885291 0.9546310718242939 0.016494310819185697 0.016415816086989183
0 0.42601335965670073 0.31033725004929763 0.014580946702223558 0.014527100783128005
0 0.6847790938157302 0.35935710026667667 0.016139984130859375 0.01612120408278245
0 0.15088266592759353 0.9325232872596154 0.015961647033691406 0.015902592585637018
0 0.36676135429969203 0.6650764758770282 0.04068433321439303 0.04114062969501202
0 0.023872132484729473 0.05592751502990723 0.016460456527196445 0.01667165756225586
0 0.712738403907189 0.8279443887563852 0.022123336791992188 0.022457416240985576
0 0.22529070193950945 0.08098307939676139 0.022283113919771634 0.022407696797297552
0 0.5079123423649714 0.709815685565655 0.0775439189030574 0.07824545640211839
0 0.8641336881197416 0.9879766610952524 0.01906585693359375 0.0187075688288762
0 0.8382651989276593 0.8921239559467022 0.01810425978440505 0.018097070547250602
0 0.3809675069955679 0.43378470494196963 0.0329594978919396 0.0335078606238732
0 0.31192317375769985 0.30384687276986927 0.013455776067880483 0.013737311730018029
