0 0.5323065244234525 0.8976113246037409 0.23107425983135516 0.20457077026367188
0 0.38458860837496245 0.6534065099862906 0.04470120943509615 0.044776623065655045
0 0.33980648334209734 0.35626330742469203 0.04614521906926082 0.04627308478722206
0 0.5734502352201022 0.18923231271597055 0.042785937969501205 0.04285379556509165
0 0.6688793622530423 0.8760806597196139 0.033878179696890026 0.03375728313739483
0 0.3282802655146672 0.9389668978177584 0.02447194319504958 0.024250617394080527
0 0.6981195303109976 0.23444485664367676 0.01872840294471154 0.018961136157696065
0 0.41825496233426607 0.5852298736572266 0.03033894758958083 0.03025084275465745
0 0.6287702413705679 0.7013489649846003 0.023363553560697116 0.023564852201021634
0 0.2354565583742582 0.8200789231520432 0.021878645970271185 0.022246874295748197
0 0.43365999368520886 0.29023168637202335 0.0251925541804387 0.025201760805570163
0 0.5335286580599271 0.5741938811082107 0.02310943603515625 0.023263931274414062
0 0.29464101791381836 0.3644876480102539 0.02768091055063101 0.02768677931565505
0 0.22510899030245268 0.564886056459867 0.020289017603947565 0.020455360412597656
0 0.2294610463655912 0.9360325153057392 0.02745188199556791 0.027662130502554085
0 0.31321081748375523 0.7179696009709284 0.018711310166579027 0.018771831805889424
0 0.3729526079618014 0.17144547975980318 0.024276293241060697 0.024328085092397835
0 0.6537956824669471 0.9763783674973708 0.03124721233661358 0.031622666579026446
0 0.5747026663560134 0.8736001528226413 0.025824546813964844 0.026004791259765625
0 0.20375680923461914 0.0533711314201355 0.021983220027043268 0.021659438426677998
0 0.2758489021888146 0.10838534281804012 0.023515701293945312 0.023596763610839844
0 0.34461461580716646 0.27272173074575573 0.029358643751878005 0.02933927682729868
0 0.6479019751915565 0.2101872700911302 0.017629183255709134 0.01760416764479417
0 0.7858103238619291 0.8073789889995868 0.017870096059945915 0.01801123985877404
0 0.5916443604689378 0.1573783801152156 0.024499159592848558 0.024534142934359036
0 0.3113464575547438 0.16531742536104643 0.02003002166748047 0.019820029918964092
0 0.31877246269812953 0.3269007756159856 0.01688355665940505 0.017026094289926384
0 0.3312057348398062 0.05839945719792293 0.031082006601186898 0.031241847918583796
0 0.20692594234759992 0.20259009874784029 0.016721505385178786 0.016700561229999248
0 0.6669715001032903 0.838011594919058 0.040953416090745196 0.04112434387207031
0 0.258023922259991 0.059510331887465254 0.026361502133882962 0.02657805956326998
0 0.6844554314246545 0.04081886548262376 0.01804777292104868 0.017826976684423592
0 0.33998724130483776 0.5470123657813439 0.017304713909442607 0.01741482661320613
0 0.6709653414212741 0.941734240605281 0.027103424072265625 0.027417989877554085
0 0.3593929730928861 0.875094487116887 0.016764347369854268 0.016797872690054085
0 0.48409271240234375 0.1360062177364643 0.025405516991248496 0.025506037932175856
0 0.275224337211022 0.8006707704984225 0.09792074790367714 0.09326597360464242
0 0.5235194793114295 0.1112213134765625 0.017902594346266527 0.018039703369140625
0 0.19702896705040565 0.023193308940300576 0.017951451815091647 0.018394011717576247
0 0.29686610515301043 0.2151631942162147 0.017263082357553337 0.01763611573439378
0 0.41601008635300857 0.1153879715846135 0.027313819298377402 0.02743831047644982
0 0.48759629176213193 0.6992253523606521 0.015515840970552884 0.01569058344914363
0 0.31865545419546276 0.6890377631554236 0.015186823331392728 0.015276395357572116
0 0.301880249610314 0.8214616041917068 0.018654823303222656 0.018576842087965745
0 0.7490351016704853 0.16567244896521935 0.01577450678898738 0.015718460083007812
0 0.3758189861591046 0.5645601566021259 0.02109835698054387 0.021537267244779147
0 0.34477343926062953 0.5789167697613056 0.015565578754131611 0.015488037696251502
0 0.5283414767338679 0.14197145975553072 0.017946316645695612 0.017792151524470404
0 0.281866587125338 0.9235639572143555 0.020657686086801384 0.02053686288686899
0 0.5089341677152194 0.13897919654846191 0.01581125992995042 0.01644721397986779
0 0.568085817190317 0.8125585409311148 0.022130966186523438 0.022450960599459134
0 0.41408758897047776 0.27125057807335484 0.017757122333233174 0.018016961904672477
0 0.19293464147127593 0.8797887655404898 0.01663981951200045 0.01661095252403846
0 0.640694104708158 0.24101671805748573 0.01751855703500601 0.017681121826171875
0 0.4402876633864183 0.14244921390826887 0.027746273921086237 0.027598491081824668
0 0.2588536739349365 0.013095280298819909 0.024091427142803486 0.023256714527423564
0 0.18837675681480995 0.5765011860774114 0.011891878568209134 0.017004013061523438
0 0.566502937903771 0.8868555655846229 0.016253031217134915 0.016255598801832933
0 0.476590816791241 0.8005237579345703 0.016640589787409857 0.016248556283804085
0 0.31308995760404146 0.21308627495398888 0.01677219684307392 0.01627181126521184
0 0.2738067920391376 0.45841224376971906 0.014947010920597957 0.015037903418907752
0 0.6781550920926608 0.9834031325120193 0.01613132770244892 0.01656341552734375
0 0.6278106982891376 0.4519769595219539 0.016290811391977165 0.016204687265249398
0 0.1940628198476938 0.26606688132652867 0.015394871051494893 0.0165253052344689
0 0.35143522115854114 0.40480885138878453 0.014734121469350962 0.014745125403771034
0 0.3311213713425856 0.4279007544884315 0.018776966975285456 0.01886125711294321
0 0.3540054468008188 0.9830973698542669 0.014517710759089543 0.014679541954627404
0 0.2249304331265963 0.28106799492469203 0.018573907705453727 0.018466949462890625
0 0.2991127050839938 0.39220465146578276 0.014755762540377103 0.014554977416992188
0 0.6243610382080078 0.005633878020139841 0.01847208463228666 0.010603803854722243
0 0.5194685275738056 0.35541666471041167 0.019138629619891826 0.019117355346679688
0 0.2976210300738995 0.9496574401855469 0.016290004436786357 0.016437530517578125
0 0.35117116341224086 0.4530869997464694 0.014698175283578726 0.014608676616962139
0 0.3069129173572247 0.30954570036668044 0.024187784928541917 0.02407521467942458
0 0.6981861407940204 0.48647058927095854 0.018651375403771035 0.01875760005070613
0 0.40358631427471453 0.08320611256819505 0.016678736760066107 0.01668524742126465
0 0.6895775428185096 0.8641819587120643 0.01738122793344351 0.017463097205528848
0 0.215575438279372 0.7397851210374099 0.06915932435255784 0.08640846839317909
0 0.3114767074584961 0.38022939975445086 0.0184020262498122 0.018406794621394232
0 0.48107389303354114 0.8202339319082407 0.015256294837364784 0.015492512629582332
0 0.22307958969703087 0.8459625244140625 0.014097213745117188 0.014203291672926683
0 0.7205719581017127 0.10019478431114784 0.016026130089393027 0.01621869894174429
0 0.6317356549776517 0.40771344991830677 0.013516499445988582 0.01354217529296875
