0 0.6022242032564603 0.8842468995314378 0.060999503502478965 0.061069341806265026
0 0.6951109079214243 0.7645736107459435 0.05888689481295072 0.05870554997370793
0 0.43715909811166614 0.7318318440363958 0.03353676429161659 0.03344374436598558
0 0.12962543964385986 0.4134386135981633 0.13704958328833947 0.21289906134972206
0 0.8933092997624323 0.8473460857684796 0.02507958045372596 0.025006514329176683
0 0.38843066875751203 0.8843062474177434 0.03666056119478666 0.03660290057842548
0 0.8818296285775992 0.9135231604942908 0.031366788423978366 0.03116783728966346
0 0.09189937664912297 0.1193094987135667 0.02234517610990084 0.022362305567814753
0 0.7002326525174655 0.36658639174241286 0.17068628164438102 0.17836475372314453
0 0.5604462256798377 0.2375038587130033 0.02918866964486929 0.029234005854679987
0 0.46599886967585635 0.17548421713022086 0.02768369821401743 0.02768597236046424
0 0.6796210362361028 0.3735015575702374 0.021095862755408652 0.02133633540226863
0 0.4739432701697716 0.5488739747267503 0.02482744363638071 0.025151472825270433
0 0.8319245851956881 0.4146876701941857 0.024927286001352165 0.0250704105083759
0 0.25174195949847883 0.11341085800757775 0.020471939673790567 0.020476341247558594
0 0.6560045389028696 0.6600280908437876 0.021676283616286058 0.021519294151893027
0 0.11688719345973088 0.19566673498887283 0.020575468356792744 0.02066205098078801
0 0.785520993746244 0.6220713395338792 0.01815209021935096 0.018311280470628005
0 0.7110694004939153 0.8037281036376953 0.01724389883188101 0.017272362342247598
0 0.36951365837684047 0.070135969382066 0.019745019766000602 0.019634228486281175
0 0.7629459087665265 0.7557849884033203 0.06922325721153846 0.06824346689077523
0 0.5483599442702073 0.45057538839486927 0.023841491112342246 0.023922480069673978
0 0.6842200939471905 0.1820522821866549 0.022832723764272835 0.022841893709622897
0 0.5238056182861328 0.4863887199988732 0.062437791090745196 0.06277861961951622
0 0.17442545524010292 0.2037063745351938 0.01725160158597506 0.017266346858097956
0 0.37851263926579404 0.12616897546328032 0.01797639406644381 0.017797194994412936
0 0.7101660508375901 0.2414689797621507 0.03646703866811899 0.03684528057391827
0 0.2970290917616624 0.4081373948317308 0.016689593975360576 0.016757965087890625
0 0.6585806333101712 0.5899235652043269 0.018776820256159857 0.018611761239858773
0 0.46138631380521333 0.48184141745934117 0.026569073016826924 0.026608026944673978
0 0.43302070177518404 0.2372922163743239 0.02396847651554988 0.024395502530611478
0 0.7547388810377854 0.7463979721069336 0.020929483266977165 0.020699427678034857
0 0.6132255700918344 0.5356807708740234 0.018279295701246995 0.018522115854116585
0 0.5535275385929987 0.9506899026724008 0.01777062049278846 0.018049240112304688
0 0.4825977912315956 0.8775785886324369 0.021485402033879206 0.02143713144155649
0 0.394677602327787 0.15726239864642805 0.016599214993990384 0.016614703031686637
0 0.89800291794997 0.8184987581693209 0.015767024113581732 0.015948662391075723
0 0.8433013329139123 0.8121141286996695 0.016301668607271634 0.016106238731971152
0 0.32167720794677734 0.3433644221379207 0.01607029254619892 0.016189721914438102
0 0.8598380455603967 0.8556326352632962 0.01681342491736779 0.016768382145808294
0 0.24600784595196062 0.5027457750760592 0.01672964829664964 0.016653794508713942
0 0.46465462904710036 0.5019447620098407 0.017343887915978067 0.01723817678598257
0 0.6635777400090144 0.5335727838369516 0.017032916729266826 0.017134593083308294
0 0.35874212705172026 0.058747474963848405 0.01637136019193209 0.01608870579646184
0 0.4381554676936223 0.03592982658973107 0.015548412616436299 0.015651721220750075
0 0.12964112942035383 0.7328903491680439 0.015497372700617863 0.015395091130183293
0 0.6298694610595703 0.5385251412024865 0.015293561495267428 0.015485323392427884
0 0.35684629587026745 0.2563802645756648 0.01672678727370042 0.01688377673809345
0 0.23732376098632812 0.4678222949688251 0.01625647911658654 0.016435549809382513
0 0.31172829407912034 0.04433767153666569 0.015322465163010817 0.015364481852604793
0 0.6132334929246169 0.23531334216778094 0.015710097092848558 0.015804144052358773
0 0.22897801032433143 0.4502693322988657 0.015668648939866286 0.015662633455716647
0 0.14378548585451567 0.7126172872690054 0.02470058661240798 0.024898822490985576
0 0.3165834133441632 0.4448549930865948 0.015038710374098558 0.015160193810096154
0 0.3364220399122972 0.9177316518930289 0.015521416297325721 0.015195112961989183
0 0.9037411763117864 0.8736952268160306 0.015314102172851562 0.015509825486403245
0 0.770869621863732 0.8504825005164514 0.026104266826923076 0.026499234713040866
0 0.14862449352557844 0.15894954021160418 0.014675103701077975 0.014621734619140625
0 0.45280779325045073 0.24854394105764535 0.021666600153996393 0.02160369432889498
0 0.29004265711857724 0.5639010942899264 0.014554317180926982 0.014798677884615384
0 0.19668773504403922 0.7881625982431265 0.015165182260366587 0.015109869150015024
0 0.9140563377967248 0.4529696244459886 0.04351718609149639 0.04288482666015625
0 0.2577630556546725 0.018467242901141826 0.015725245842566855 0.01568908874805157
0 0.2700299116281363 0.3491949668297401 0.015367801372821514 0.015575995812049279
0 0.5038447746863732 0.3701153901907114 0.1849974118746244 0.1965051797720102
0 0.2253715441777156 0.7166992334219126 0.03984267895038311 0.03987796490009014
0 0.09339647109691913 0.7828598022460938 0.018566021552452676 0.018873214721679688
0 0.08020735703981839 0.17670605732844427 0.016543773504403923 0.016346564659705527
0 0.6846893017108624 0.7213855156531701 0.015034308800330529 0.015192178579477163
0 0.466435249035175 0.1178136422083928 0.01462855705848107 0.01476144790649414
0 0.34044573857234073 0.3642055071317233 0.015326573298527645 0.01517471900353065
0 0.23004553868220404 0.761167966402494 0.015154251685509315 0.01533038799579327
0 0.2833605913015512 0.05224861548497127 0.016651006845327523 0.01677417755126953
0 0.2849575923039363 0.8654270172119141 0.01643503629244291 0.016597160926231973
0 0.6668092287503756 0.3481310330904447 0.014218843900240384 0.014060313885028545
0 0.11748955799983098 0.7238046205960788 0.01658179209782527 0.016892066368689902
0 0.6791967245248648 0.5765670629648062 0.01412670428936298 0.014046082129845252
0 0.24834412794846755 0.18694175206697905 0.014521158658541165 0.014521452096792368
0 0.22910044743464544 0.12428105794466458 0.015299503619854268 0.01525424076960637
0 0.8612556457519531 0.7744696690486028 0.015667255108173076 0.015720954308143027
0 0.241241638477032 0.3895703095656175 0.015380859375 0.015430963956392728
0 0.49691170912522536 0.06777447003584641 0.014706978431114784 0.014451173635629507
0 0.43044435060941255 0.07075316172379714 0.01659994858961839 0.01737037071814904
0 0.66064453125 0.33235527918888974 0.016707493708683893 0.01707179729755108
0 0.8618599818303034 0.7296395668616662 0.018512725830078125 0.018471351036658652
0 0.7587237724891076 0.35659019763653094 0.03313798170823317 0.033407431382399336
0 0.10773954941676213 0.275433191886315 0.09210999195392315 0.14078576748187727
0 0.6329856285682092 0.22733402252197266 0.06184093768780048 0.061812327458308294
0 0.24847232378446138 0.44774869772104114 0.015143834627591647 0.014920894916240986
0 0.20282330879798302 0.5544260465181791 0.013495225172776442 0.013684346125676082
0 0.6775684356689453 0.7898064393263596 0.014392852783203125 0.01421825702373798
0 0.6947103647085336 0.2738643426161546 0.036683889535757214 0.03610376211313101
0 0.8062116182767428 0.5833672743577224 0.01503753662109375 0.015092262854942909
0 0.7617932099562424 0.47065052619347203 0.051029205322265625 0.051639410165640026
0 0.8572548352755033 0.8925859011136569 0.025626989511343148 0.025998042179987982
0 0.93042725783128 0.01135521439405588 0.013354668250450721 0.016865987044114333
0 0.45415082344642055 0.1575772945697491 0.01573966099665715 0.016523517095125638
0 0.4213989331172063 0.21279637630169207 0.013421938969538761 0.013308231647198018
0 0.39372935661902797 0.032035839099150434 0.014700669508713942 0.014808833599090576
0 0.33228254318237305 0.33107625521146333 0.1896194311288687 0.19022660989027756
0 0.4996851407564603 0.9862794142503005 0.01419536884014423 0.013825343205378605
0 0.6070876121520996 0.0692143256847675 0.026050494267390326 0.026438804773183968
0 0.2145372170668382 0.34582820305457485 0.013885791485126201 0.014013730562650241
