0 0.8742906130277194 0.09357877878042367 0.055368276742788464 0.05543583631515503
0 0.3852689449603741 0.41810985711904675 0.0466004885160006 0.04644019787128155
0 0.09249778894277719 0.9821603481586163 0.04173709796025203 0.030226927537184495
0 0.8952787839449369 0.47281118539663464 0.025898860051081732 0.026184522188626803
0 0.46829678462101865 0.3222628373366136 0.02013397216796875 0.02021364065317007
0 0.13421005469102126 0.7575382819542518 0.02965387931236854 0.02962523240309495
0 0.31921709500826323 0.14684585424569938 0.027762926541841947 0.027825428889347956
0 0.6313684903658353 0.5739929492657001 0.020198235144981973 0.020377966073843148
0 0.6242206280048077 0.40199727278489333 0.03417689983661358 0.03416120089017428
0 0.49464247776911807 0.26119041442871094 0.027262320885291465 0.02742767333984375
0 0.36427761958195615 0.9252985440767728 0.02152883089505709 0.02133941650390625
0 0.8704167879544772 0.5543143199040339 0.031552828275240384 0.03117517324594351
0 0.7567031566913311 0.9728345137376052 0.024897061861478366 0.024930513822115384
0 0.408536617572491 0.7694727090688852 0.023364433875450723 0.023218595064603366
0 0.012458487198903011 0.8664517035851111 0.02076790424493643 0.02327273442195012
0 0.10804225848271297 0.8683871489304763 0.034811863532433145 0.0347901857816256
0 0.7332643362192007 0.9752527383657602 0.031005272498497598 0.031017450185922477
0 0.9554905524620643 0.26708518541776216 0.02946926997258113 0.02940955528846154
0 0.6863523629995493 0.5705060958862305 0.026751298170823317 0.026856495783879206
0 0.7664112677940955 0.5637889275184045 0.038308950570913464 0.03863055889423077
0 0.3401277248676007 0.32953133949866664 0.021262242243840143 0.02119871286245493
0 0.5963317430936373 0.22410011291503906 0.01760262709397536 0.017644735483022835
0 0.5334713275615985 0.9878633939302884 0.017973826481745794 0.017842219426081732
0 0.01384222048979539 0.7797649090106671 0.02232172855964074 0.023760282076322116
0 0.9261505420391376 0.6483305417574369 0.026167649489182692 0.026007725642277643
0 0.48740174220158505 0.8529369647686298 0.01796377622164213 0.018111302302433893
0 0.547965196462778 0.33567124146681565 0.017737902127779447 0.01789745917687049
0 0.527735343346229 0.7236479245699369 0.028843806340144232 0.029131962702824518
0 0.9074784792386569 0.22982641366811898 0.01807432908278245 0.018492772028996393
0 0.21727760021503156 0.7746248245239258 0.023244711068960335 0.02338262704702524
0 0.25568133134108323 0.6277938989492563 0.017020152165339544 0.01670221182016226
0 0.12569913497337928 0.07246044048896202 0.024577837723952074 0.024727509571955755
0 0.6311258169320914 0.3169897152827336 0.026633189274714544 0.026577069209172174
0 0.45136334345890927 0.47681676424466646 0.027137316190279447 0.026919731727013223
0 0.6309305337759165 0.7176924485426682 0.01738768357496995 0.017603360689603366
0 0.5113639831542969 0.7428345313439002 0.020447804377629206 0.020459982065054085
0 0.11585636322314923 0.10403277323796199 0.01569538850050706 0.01575646033653846
0 0.011365615404569186 0.49370395220243013 0.019410289250887357 0.02566374265230619
0 0.39542062465961164 0.9031019944411057 0.059743294349083535 0.05882820716271034
0 0.7357553335336539 0.8300845806415265 0.019915654109074518 0.01962881821852464
0 0.2305140495300293 0.7148871788611779 0.02313511188213642 0.022855318509615384
0 0.37822598677415115 0.8068613639244666 0.01645836463341346 0.016606991107647236
0 0.7316623100867639 0.01692304015159607 0.01712667025052584 0.017439278272482064
0 0.16200118798476 0.7151586092435397 0.02126176540668194 0.021351447472205527
0 0.5073341222909781 0.6770763397216797 0.06815925011268029 0.06896473811222957
0 0.5893220901489258 0.621982427743765 0.02394441457895132 0.024187674889197715
0 0.6584899608905499 0.9271496992844802 0.017284686748798076 0.0174560546875
0 0.3024429908165565 0.6366232358492337 0.018983767582820013 0.018951269296499398
0 0.15534389936006987 0.13789352086874154 0.01575030730320857 0.015623110991257887
0 0.5918739759005033 0.3229102354783278 0.02643130375788762 0.026497620802659255
0 0.5044180063100961 0.3763727774986854 0.02228370079627404 0.022505540114182692
0 0.5065211516160232 0.29554209342369664 0.01617578359750601 0.016257579510028545
0 0.8256608522855319 0.10824109040773831 0.04198617201585036 0.042093130258413464
0 0.9758284642146184 0.16524584476764387 0.02627416757436899 0.026123963869535007
0 0.46786099213820237 0.7343248220590445 0.05937745020939754 0.058048248291015625
0 0.6324145977313702 0.47609585982102615 0.0170291020320012 0.01729099567119892
0 0.08440952117626484 0.07363959000660823 0.01572260489830604 0.015724539756774902
0 0.7924178196833684 0.6205902099609375 0.016478905310997598 0.016440721658559945
0 0.5822607553922213 0.3634642821091872 0.01621855222261869 0.016592759352463942
0 0.16650181550246018 0.32151108521681565 0.01753388918363131 0.017782284663273737
0 0.06961190700531006 0.9038143157958984 0.01775778256929838 0.018038529616135817
0 0.7892670264610877 0.988302964430589 0.03182000380295973 0.02196502685546875
0 0.5892661168025091 0.04761357032335722 0.018775059626652643 0.018718838691711426
0 0.931857916025015 0.014392215472001296 0.02655645517202524 0.025871836222135104
0 0.2162922345674955 0.7297856991107647 0.020600612346942607 0.020308861365685098
0 0.4903263678917518 0.6140682513897235 0.023299730741060697 0.023343453040489785
0 0.21070342797499436 0.09988698592552772 0.017054631159855768 0.017344254713792067
0 0.5125934160672702 0.3603483713590182 0.02358084458571214 0.023457820598895732
0 0.01063697269329658 0.39487860752986026 0.01782866853934068 0.025454301100510817
0 0.51270815042349 0.885441413292518 0.0252383305476262 0.02549890371469351
0 0.48947473672720104 0.4459963578444261 0.014449633084810697 0.014526660625751201
0 0.8559884291428786 0.39266208501962513 0.01633424025315505 0.016449561485877402
0 0.8323396536020132 0.15099867490621713 0.019149193396935098 0.019344458213219277
0 0.5725078582763672 0.6088124421926645 0.015459354107196514 0.015471458435058594
0 0.45533018845778245 0.3682761559119591 0.08306268545297477 0.0879821043748122
0 0.6480234586275541 0.3338978107158954 0.03388419518103966 0.03457186772273137
0 0.4030577219449557 0.2853797765878531 0.015679432795597956 0.015605633075420674
0 0.8914461135864258 0.3534197440514198 0.016299614539513223 0.016448387732872598
0 0.3555619166447566 0.7486581068772536 0.014708005464993991 0.014652839073768029
0 0.4075108308058519 0.662981913639949 0.026541636540339544 0.026563350970928486
0 0.2315669426551232 0.9095705472506009 0.01491377903864934 0.015049274151141826
0 0.23575313274676984 0.053258189788231484 0.016079829289362982 0.016379411403949443
0 0.5139912825364333 0.9902600508469802 0.021785222567044772 0.017214555006760817
0 0.03617048722047072 0.965507067166842 0.06947915370647724 0.06341406015249398
0 0.4901430423443134 0.624111322256235 0.06583976745605469 0.06602943860567533
0 0.42978946979229266 0.6816896291879507 0.01892427297738882 0.018955230712890625
0 0.4769323422358586 0.11766516245328464 0.05651026505690355 0.05566670344426082
0 0.6139970926138071 0.4785944865300105 0.01688208946814904 0.016704852764423076
0 0.712826655461238 0.7948056734525241 0.015386434701772837 0.01540844257061298
0 0.9747209548950195 0.12683514448312613 0.018806017362154447 0.018716812133789062
0 0.6071224946242112 0.5855954243586614 0.01829866262582632 0.018254940326397236
0 0.15953300549433783 0.11567249664893517 0.01507274921123798 0.0154571166405311
0 0.5000392473660983 0.7607886974628155 0.016153408930851862 0.016171675461989183
0 0.06660059782174918 0.88580322265625 0.019906942660991963 0.019810896653395433
0 0.8151553227351263 0.6249705094557542 0.0304263188288762 0.030088534721961387
0 0.5148792266845703 0.39141119443453276 0.014869469862717848 0.014972833486703726
0 0.9779974130483774 0.4593198116009052 0.022374079777644232 0.023270606994628906
0 0.32027273911696214 0.6088044826801007 0.016119076655461237 0.016503554124098558
0 0.11645018137418307 0.15100942208216742 0.013440719017615685 0.013520956039428711
0 0.7322864532470703 0.8616327872643104 0.034154451810396634 0.03374495873084435
0 0.9342880982619065 0.7698174990140475 0.12422546973595253 0.29415071927584135
0 0.26494451669546276 0.3641788042508639 0.01987453607412485 0.020142335158128005
0 0.5588645935058594 0.5792520963228666 0.020603766808143027 0.019868850708007812
0 0.9266421978290265 0.5598123256976788 0.07073299701397236 0.07093238830566406
0 0.5456358102651743 0.01778730062338022 0.04851730053241436 0.03394064994958731
0 0.2749931812286377 0.7554691021259015 0.02678684087900015 0.025840612558218148
0 0.8707843193641076 0.24735483756432167 0.015041057880108174 0.015219835134652944
0 0.5192433870755709 0.17784892595731294 0.02026213132418119 0.0204621461721567
0 0.7589853726900541 0.9913676335261419 0.0243228032038762 0.015877943772536058
0 0.8372708834134616 0.43414673438439 0.051322643573467545 0.051362111018254206
