0 0.3514239604656513 0.8228133274958684 0.06888250204233023 0.0690014178936298
0 0.3171046330378606 0.8624629974365234 0.04649220980130709 0.04604545006385216
0 0.7524953988882211 0.5606564375070425 0.029191237229567308 0.02842844449556791
0 0.8533870990459735 0.5557826115534856 0.026888920710637018 0.027114281287560098
0 0.7464002462533804 0.45100109393780047 0.023720374474158652 0.02379637498121995
0 0.2737080500676082 0.649024669940655 0.034467843862680286 0.03487689678485577
0 0.6469623125516452 0.19138475564809945 0.023296502920297477 0.023364177116980918
0 0.6230339637169471 0.12179880875807542 0.020291805267333984 0.020321057393000677
0 0.2764092775491568 0.25105751477755034 0.029467362623948317 0.0294345342195951
0 0.5911710445697491 0.49807533851036656 0.02557681157038762 0.02560732914851262
0 0.6868401307326096 0.6748041006234976 0.023592288677509014 0.02404917203463041
0 0.1725739332345816 0.8603205314049354 0.019710797529954176 0.019536825326772835
0 0.45132728723379284 0.6597774212176983 0.026378558232234076 0.02638420691856971
0 0.20581392141488883 0.019616367725225594 0.02056261209341196 0.020764511365156908
0 0.6619020608755258 0.5122075080871582 0.02117010263296274 0.02131784879244291
0 0.22296905517578125 0.4216278149531438 0.019001300518329326 0.01897716522216797
0 0.7247913067157452 0.6670350294846755 0.027903630183293268 0.027752802922175482
0 0.25191501470712513 0.4572439927321214 0.028570028451772835 0.028597318209134616
0 0.5141088045560397 0.35251690791203427 0.028778956486628607 0.029009305513822116
0 0.13048397577725923 0.19476886895986703 0.01838849141047551 0.025282566363994893
0 0.4709460185124324 0.8253564100999099 0.019952847407414362 0.019880148080679085
0 0.5022430786719689 0.8000605656550481 0.02235097151536208 0.02260560255784255
0 0.5535819713885968 0.2516796955695519 0.01779761681189904 0.017981749314528245
0 0.7002742473895733 0.5572907374455378 0.017395899846003607 0.017381961529071514
0 0.43402682817899263 0.8049444051889273 0.02098384270301232 0.02103248009314904
0 0.5861253371605506 0.12895518082838792 0.01572388869065505 0.016052869650033805
0 0.5316262611976037 0.026048545654003438 0.017201717083270732 0.017078307958749626
0 0.5969622318561261 0.255617985358605 0.020699354318472054 0.020514268141526442
0 0.851038566002479 0.7906259390024039 0.015485323392427884 0.015430450439453125
0 0.8701524000901443 0.45466474386361927 0.016850985013521634 0.02395908649151142
0 0.18746330187870905 0.4374187176044171 0.021662088540884163 0.021527803861177884
0 0.8090748420128455 0.6423842356755183 0.059981126051682696 0.061129203209510215
0 0.6114679483266977 0.3435696821946364 0.021451509915865384 0.021626619192270134
0 0.8717811291034405 0.016092355434711162 0.016358595628004808 0.016846473400409404
0 0.18368403728191668 0.5178019450261042 0.027370196122389574 0.027429727407602165
0 0.26293301582336426 0.09972739219665527 0.2552338013282189 0.1972187115595891
0 0.44945254692664516 0.10400960995600773 0.015212059020996094 0.01526810572697566
0 0.8185999943659856 0.20137962928185096 0.017857478215144232 0.017882127028245192
0 0.6942325005164514 0.842003162090595 0.01689294668344351 0.01676177978515625
0 0.2966786164503831 0.8068479391244742 0.04948161198542668 0.049149586604191706
0 0.7554513491117038 0.2439418572645921 0.03062292245718149 0.031019320854773887
0 0.6521236713115985 0.43831550157987154 0.052692413330078125 0.05279849125788762
0 0.5956467848557693 0.05426211540515606 0.018964327298677884 0.01905212035545936
0 0.5081965006314791 0.9008601995614859 0.10388836493858924 0.10382270812988281
0 0.35955355717585635 0.9895750192495493 0.024059295654296875 0.018635089580829326
0 0.6822308760422927 0.5490207305321326 0.015718460083007812 0.015740688030536357
0 0.5261483192443848 0.20313002513005182 0.019281754126915567 0.01971145776601938
0 0.1856672763824463 0.9190425872802734 0.014416768000676082 0.014466212346003605
0 0.41982768132136417 0.10791529141939603 0.019075613755446214 0.0191952265225924
0 0.13439538845649132 0.16701999077430138 0.015058022279005785 0.015236927912785457
0 0.8380148960993841 0.1099709730881911 0.01450817401592548 0.014435401329627404
0 0.24268493285545936 0.5029894755436823 0.028369830204890326 0.02854772714468149
0 0.5356912612915039 0.79657532618596 0.019066517169658955 0.019256151639498197
0 0.6605336115910456 0.6071222745455228 0.018431590153620794 0.01869993943434495
0 0.748248026921199 0.8242751635037936 0.015237661508413462 0.015361932607797476
0 0.7321557265061599 0.5484215663029597 0.014689225416917067 0.014581240140474759
0 0.7844019669752854 0.6167616477379432 0.014271075908954326 0.01423953129695012
0 0.6550185863788311 0.07092203085239117 0.028641627385066107 0.028713693985572226
0 0.8107500076293945 0.6188636192908654 0.015591254601111779 0.016065597534179688
0 0.7897779024564303 0.7072954911452073 0.018469883845402643 0.018544710599459134
0 0.8470265315129206 0.05034750699996948 0.06720851017878605 0.09437866394336407
0 0.6566823079035833 0.06812655925750732 0.03425378065842848 0.03399891119736891
0 0.2541349117572491 0.43366703620323765 0.017969204829289362 0.01802539825439453
0 0.855507337130033 0.603614880488469 0.020351703350360576 0.02089823209322416
0 0.298740607041579 0.3601669164804312 0.02177143096923828 0.022136101355919473
0 0.24535778852609488 0.47357412484975964 0.042846422929030195 0.04231702364408053
