0 0.6397602374737079 0.4417003851670485 0.029202681321364183 0.029257847712590143
0 0.9206014779897836 0.7028182836679312 0.022739997276893027 0.022580073429987982
0 0.9706388620229868 0.8965687384972205 0.05464084331805889 0.07399338942307693
0 0.1792745957007775 0.4915300515981821 0.023100963005652793 0.02303798382098858
0 0.37227285825289214 0.21572186396672174 0.024658203125 0.024763987614558294
0 0.4112186065086952 0.22806761814997747 0.025313670818622295 0.025432916787954476
0 0.7129575289212741 0.8411024533785306 0.022119962252103366 0.022065089299128607
0 0.4943548349233774 0.09450705234821026 0.021443733802208535 0.021562539614163913
0 0.133998678280757 0.20748068736149713 0.02037703073941744 0.0203249271099384
0 0.9136537405160757 0.9143196986271784 0.020595550537109375 0.02043768075796274
0 0.11784969843350925 0.28606794430659366 0.03984557665311373 0.040010819068321817
0 0.13713491879976714 0.7169938454261193 0.017427957974947415 0.017500950739933893
0 0.1619427754328801 0.68877807030311 0.016738084646371696 0.016917888934795674
0 0.6008732869074895 0.41603770622840297 0.017715894258939303 0.01755494337815505
0 0.4813699722290039 0.8534812927246094 0.018005737891564004 0.018137418306790866
0 0.9439370081974909 0.6471740282498873 0.017032916729266826 0.017060206486628607
0 0.8484701009897085 0.8700545384333684 0.022479717548076924 0.022699796236478366
0 0.4638791084289551 0.3149131261385404 0.018295654883751504 0.018266897935133714
0 0.33030561300424427 0.459527639242319 0.016467901376577523 0.016230436471792366
0 0.6254168290358323 0.15173860696645883 0.023460534902719352 0.02327453173123873
0 0.2777712895320012 0.030605334502000075 0.017320779653695915 0.01717988344339224
0 0.9435529708862305 0.6150758083050067 0.017119627732496995 0.01702741476205679
0 0.8801964979905349 0.5137933584359976 0.025397374079777643 0.025658093965970553
0 0.6877453877375677 0.9487769053532527 0.027236058161808893 0.027335093571589544
0 0.5671805601853591 0.13518749750577486 0.017618252680851862 0.017541151780348558
0 0.08325113699986385 0.18095843608562762 0.01680781291081355 0.01684412589439979
0 0.04578106219951923 0.7834890805757962 0.03878620954660269 0.03910666245680589
0 0.6421552071204553 0.35930842619675857 0.020872849684495192 0.02095171121450571
0 0.2649088822878324 0.8103172595684345 0.0160366938664363 0.015835101787860576
0 0.1538308675472553 0.7938958681546725 0.016106440470768854 0.016141598041240986
0 0.18367671966552734 0.8995304107666016 0.027830050541804388 0.028435340294471152
0 0.5488560016338642 0.8481190021221454 0.019091239342322715 0.019104590782752402
0 0.8904812886164739 0.04622730842003456 0.021329439603365384 0.02133775674379789
0 0.9442630180945764 0.8231209241426908 0.020045353816105768 0.019819993239182692
0 0.18489716603205755 0.7015816615178034 0.016025616572453424 0.016111080463115986
0 0.2171194736774151 0.8769702911376953 0.02866700979379507 0.029253739577073317
0 0.5982861885657678 0.577981215256911 0.01823146526630108 0.018301890446589544
0 0.3974266785841722 0.8083295088547927 0.02177282480093149 0.021791604849008415
0 0.5786582139822153 0.9917766864483173 0.022546694828913763 0.015008632953350361
0 0.5722762621366061 0.41460139934833234 0.01826755817119892 0.0180966303898738
0 0.8134553615863507 0.9670854715200571 0.015360758854792668 0.015360025259164663
0 0.919065915621244 0.9687956296480619 0.015642312856820915 0.01576394301194411
0 0.5144700637230506 0.9313901754525992 0.018486829904409554 0.018557035006009616
0 0.03191182017326355 0.334924184359037 0.019728674338414118 0.019953287564791165
0 0.8417037083552434 0.1084747681250939 0.042658292330228366 0.042521073268010065
0 0.8250823387732873 0.4420245610750638 0.013676863450270433 0.013587878300593449
0 0.6706845210148737 0.24694420741154596 0.014968578632061299 0.014941215515136719
0 0.9049552770761343 0.08287536180936374 0.02522116440993089 0.025167813667884238
0 0.22069850334754357 0.8770665388840896 0.02105412116417518 0.021755805382361777
0 0.0545993997500493 0.8827375998863807 0.03474662854121281 0.03499397864708534
0 0.9900263272798978 0.8632892461923453 0.018242469200721152 0.02595035846416767
0 0.5543777759258564 0.12112012276282677 0.01970819326547476 0.019768311427189753
0 0.24338129850534293 0.8880875660822942 0.015478867750901442 0.015732691838191107
0 0.2107532574580266 0.0511320187495305 0.014406571021446815 0.014749948795025166
0 0.6278076171875 0.683354010948768 0.023479461669921875 0.023611068725585938
0 0.07000950208077064 0.47513598662156326 0.02470088922060453 0.025467799260066107
0 0.36668696770301235 0.1764211654663086 0.017221597524789665 0.017327235295222357
0 0.4492192635169396 0.1574090444124662 0.04374078603891226 0.04370436301598182
0 0.7033399435190054 0.9612557337834284 0.0193936274601863 0.01946258544921875
0 0.3759945355928861 0.6509474974412185 0.10480337876539964 0.10276207557091346
0 0.6805086869459885 0.4380924151493953 0.04289920513446514 0.0436402100783128
