0 0.39436076237605167 0.7065840501051682 0.03741029592660757 0.03748174814077524
0 0.3026231619027945 0.49978065490722656 0.05266930506779598 0.052396187415489785
0 0.3231355960552509 0.44440423525296724 0.03907641997704139 0.03876187251164363
0 0.8304006869976337 0.15223335302793062 0.045870267427884616 0.04596315897428072
0 0.5496854048508865 0.7614118135892428 0.027585689838115986 0.027736076941856973
0 0.682890378511869 0.27256890443655163 0.03554520240196815 0.0353851318359375
0 0.7307681303757888 0.6963881712693435 0.028667596670297477 0.028771473811222956
0 0.3996526277982272 0.632179700411283 0.03165575174184946 0.03165127680851863
0 0.6065090619600736 0.09960531271420993 0.03367042541503906 0.03352684241074782
0 0.6725141085111178 0.3267638133122371 0.03309279221754808 0.03334676302396334
0 0.6521571966317984 0.35680396740253156 0.026819229125976562 0.02675760709322416
0 0.534122687119704 0.7830506104689378 0.037391956035907455 0.03771209716796875
0 0.6038808822631836 0.039905896553626426 0.04436434232271635 0.04426273932823768
0 0.5630869498619666 0.15634224965022162 0.019481805654672477 0.019565811524024375
0 0.5138713396512545 0.8316016564002404 0.018304971548227165 0.01835779043344351
0 0.6217141518226037 0.24434880109933707 0.03247994642991286 0.03224963408250075
0 0.6523259969858023 0.08467502777393048 0.01850289564866286 0.018515696892371543
0 0.3609599700340858 0.6188732293935922 0.019730861370380107 0.019620455228365384
0 0.35854163536658656 0.5910389973567083 0.022152533897986777 0.022185398982121393
0 0.15813710139347956 0.9390189831073468 0.019825458526611328 0.019875746506911058
0 0.32088624514066255 0.8625293144812951 0.01711251185490535 0.017073851365309495
0 0.6778633411114032 0.07190362306741568 0.032372694749098554 0.03209944871755747
0 0.40543306790865385 0.6755211169903095 0.026120846088115986 0.026393303504356973
0 0.2136974701514611 0.8859078333928034 0.041948978717510514 0.041718703049879804
0 0.25025261365450346 0.43680880619929385 0.02413170154278095 0.024211736825796273
0 0.2104353171128493 0.498995120708759 0.01640473879300631 0.01636534470778245
0 0.5953879723182092 0.517430672278771 0.020600538987379808 0.020359919621394232
0 0.5068448873666617 0.3338408103355995 0.016960730919471152 0.01683807373046875
0 0.4837496097271259 0.5376383708073542 0.016441198495718148 0.01661858191856971
0 0.33478487454927885 0.8472709655761719 0.02429375281700721 0.024425213153545674
0 0.5886958929208609 0.43054654048039365 0.015864078815166768 0.01591946528508113
0 0.2612034540909987 0.8089152849637545 0.08909023725069486 0.08966607313889724
0 0.10691402508662297 0.6862687330979568 0.014000819279597355 0.0165560795710637
0 0.5404222928560697 0.12100132612081674 0.04301305917593149 0.04286089310279259
0 0.6791147085336539 0.6346637285672702 0.01589364271897536 0.016196324275090143
0 0.5307964911827674 0.8874794886662409 0.038750868577223554 0.038283128004807696
0 0.8886749561016376 0.05189638412915743 0.02494635948768029 0.026249087773836575
0 0.844911135160006 0.0822080190365131 0.027078775259164665 0.027285942664513223
0 0.7342798526470478 0.9223472888653095 0.058605340810922474 0.05774894127478966
0 0.5635835941021259 0.9547040645892804 0.01663516117976262 0.01660889845628005
0 0.5101167605473444 0.3864580301138071 0.016035006596491888 0.0161282466008113
0 0.11689140246464656 0.9786269848163311 0.014766784814687876 0.014806307279146634
0 0.6945900550255408 0.49125003814697266 0.01685758737417368 0.0165403072650616
0 0.43578155224139875 0.5742726692786584 0.018248631403996393 0.018346639779897835
0 0.14581208045666033 0.8938836317795974 0.03477868667015663 0.03463128896859976
0 0.6902869297907903 0.4230789037851187 0.029766963078425482 0.029497293325570915
0 0.6720814338097205 0.607243537902832 0.021586051354041465 0.021497579721304085
0 0.43996678865872896 0.15105668398050162 0.019048544076772835 0.019189156018770658
0 0.5645730678851788 0.9666668084951547 0.09754056196946365 0.06084911639873798
0 0.8407239180344802 0.28632094309880185 0.017520611102764424 0.017484664916992188
0 0.23961147895226112 0.844308119553786 0.01463163816011869 0.014725318321814904
0 0.7276001710158128 0.09703907599815956 0.02369073721078726 0.024124585665189303
0 0.23894761158869818 0.12475099930396447 0.020152165339543268 0.020240380213810846
0 0.6883720984825721 0.585914685175969 0.023029033954326924 0.022766260000375602
0 0.5949595157916729 0.3686811006986178 0.01491862076979417 0.014878052931565505
0 0.16423344612121582 0.8665417157686673 0.030181261209341195 0.03006318899301382
0 0.23626023072462815 0.6684671548696665 0.02086030519925631 0.020970271183894232
