0 0.5240404789264386 0.9339313507080078 0.08434046231783353 0.08514741750863883
0 0.3931367580707257 0.8017752720759466 0.029202828040489785 0.02903439448429988
0 0.3814590894258939 0.684840202331543 0.03123635512131911 0.031546372633713946
0 0.3877409421480619 0.34609537858229417 0.025350423959585335 0.025494502140925482
0 0.3102854581979605 0.8388834733229417 0.024903077345628005 0.024856127225435697
0 0.5048947701087365 0.8872661590576172 0.026837275578425482 0.026780055119441107
0 0.564293201153095 0.7128373659574069 0.020160088172325723 0.019919908963716947
0 0.7047131611750677 0.6293078202467698 0.019604609562800482 0.01978302001953125
0 0.6400325481708233 0.7028622260460486 0.018442153930664062 0.018311427189753607
0 0.7186713585486779 0.25736201726473296 0.019377488356370192 0.019437239720271185
0 0.2654954470120944 0.8371661993173453 0.019013624924879808 0.01901582571176382
0 0.2923110815194937 0.636316886314979 0.01859261439396785 0.018735885620117188
0 0.6826297319852389 0.882844117971567 0.02016903803898738 0.02027100783128005
0 0.3254223603468675 0.9310304201566256 0.017603947566105768 0.017552595872145433
0 0.26964569091796875 0.6613311033982497 0.017436687762920674 0.017425390390249398
0 0.21109658021193284 0.015043045465762798 0.01882311014028696 0.019008741928980902
0 0.4303749524630033 0.5720467934241662 0.016797579251802884 0.016908718989445612
0 0.3937724186823918 0.6243133544921875 0.017253875732421875 0.017325181227463942
0 0.5082326302161584 0.7492505587064303 0.0192111088679387 0.01920920151930589
0 0.7684961465688852 0.11294598762805645 0.01629814734825721 0.016190473849956807
0 0.6219109021700345 0.9196303440974309 0.016933294442983773 0.01694312462439904
0 0.4302963110116812 0.5972884251521184 0.01686998514028696 0.016715416541466348
0 0.14985227584838867 0.14044592930720404 0.01594070287851187 0.023235907921424277
0 0.22814433391277605 0.018234863877296448 0.016158103942871094 0.01570557401730464
0 0.4712464992816632 0.8853287330040565 0.01576408973106971 0.015675764817457933
0 0.5039259837223933 0.6019813831035907 0.017673785869891826 0.017713106595552884
0 0.5046489422137921 0.530882688669058 0.017485985389122598 0.016977310180664062
0 0.5578939731304462 0.16364266322209284 0.016405105590820312 0.01646870833176833
0 0.5901385454031137 0.4527561847980206 0.015092262854942909 0.015057563781738281
0 0.34691531841571516 0.7409418546236478 0.015142880953275241 0.015165915855994591
0 0.23572155145498422 0.8544716468224158 0.016228235684908353 0.016180772047776442
0 0.21938859499417818 0.8489570617675781 0.014786426837627705 0.014919574444110576
0 0.7529018842256986 0.6615140621478741 0.014953319842998799 0.015084193303034855
0 0.3883215830876277 0.8702553235567533 0.014887736393855168 0.015073336087740384
0 0.24914734180157 0.6538212115948017 0.013825710003192607 0.013634021465594951
0 0.3423461180466872 0.21470596240117 0.014880840594951924 0.014888983506422777
0 0.34363123086782604 0.9852791566115159 0.01448367192195012 0.014434374295748197
0 0.33212669079120344 0.880938456608699 0.013895108149601864 0.014210334190955529
0 0.500693834744967 0.00809851518044105 0.015694251427283652 0.014613415186221782
0 0.7751548473651593 0.843015010540302 0.014095012958233174 0.01435074439415565
0 0.2898408449613131 0.7259153952965369 0.01415700178879958 0.0142973386324369
0 0.3980259528526893 0.9714136857252854 0.015465516310471755 0.015148749718299279
0 0.4100961685180664 0.6198185407198392 0.015453485342172476 0.015339337862454928
0 0.6525227473332331 0.4643093989445613 0.013580028827373799 0.013476004967322716
0 0.4458303084740272 0.6727452644935021 0.013479232788085938 0.013277053833007812
0 0.8434784228985126 0.03009638419518104 0.015281090369591346 0.015458171184246357
0 0.34502025750967175 0.654218160189115 0.013857548053448018 0.013883884136493389
