0 0.3582492975088266 0.9807674701397235 0.04702289287860577 0.03341469397911659
0 0.2277820843916673 0.27374454645010143 0.036547404069166914 0.03695524655855619
0 0.6111764174241286 0.12705345337207502 0.028447958139272835 0.028281762049748346
0 0.1809243422288161 0.14116975894341102 0.022244380070612982 0.022150699908916768
0 0.14132275948157677 0.3479956846970778 0.01958469244150015 0.019221379206730768
0 0.8037859109731821 0.3140967075641339 0.02095207801231971 0.02112425290621244
0 0.14578696397634652 0.8404046572171725 0.025684063251201924 0.025517096886268027
0 0.5758975102351263 0.5914718921367939 0.021509610689603366 0.021274566650390625
0 0.18846746591421273 0.9341693291297326 0.028346428504356973 0.0286410405085637
0 0.348388121678279 0.39810752868652344 0.01880198258620042 0.01892691392164964
0 0.38146554506742036 0.6698092680711013 0.01736296140230619 0.017374478853665866
0 0.33962169060340297 0.23018202414879432 0.023391870351938102 0.02360872121957632
0 0.1549849510192871 0.9559475825383112 0.015820136437049277 0.015918731689453125
0 0.29735418466421276 0.5092620849609375 0.016211656423715446 0.016217891986553486
0 0.8512695019061749 0.6298993917611929 0.016263521634615384 0.01665526169996995
0 0.2362085489126352 0.9373551882230319 0.01610257075383113 0.0162203862116887
0 0.20480196292583758 0.7964287537794846 0.015294845287616435 0.015188217163085938
0 0.22646095202519342 0.8647085336538461 0.016333873455341045 0.016287877009465143
0 0.180862701856173 0.9558331416203425 0.015525891230656551 0.015827765831580527
0 0.17232342866750863 0.03369729793988741 0.015457483438345103 0.015425306100111742
0 0.1561424732208252 0.0812529050386869 0.014528457935039815 0.01460515077297504
0 0.3561996313241812 0.14023355337289664 0.015340071458082933 0.01558226805466872
0 0.18850212830763596 0.7971710791954627 0.01562063510601337 0.015597270085261418
0 0.8265629548292893 0.5156336564284104 0.014364389272836538 0.014277238112229567
0 0.1692505066211407 0.671234864455003 0.013848598186786357 0.014173067533052884
0 0.2085716174199031 0.04091233015060425 0.01510447722214919 0.015254644247201772
