0 0.5262919572683481 0.806061524611253 0.10769499265230618 0.10972991356482872
0 0.3909420967102051 0.020492044778970573 0.04744918529803936 0.0387345552444458
0 0.38861194023719203 0.6692855541522686 0.06443449167104867 0.06451724125788762
0 0.5304570198059082 0.19206832005427435 0.040285770709698014 0.040369547330416165
0 0.26318641809316784 0.15650356732881987 0.05390662413377028 0.05314412483802208
0 0.4503569236168495 0.3627689801729642 0.034049694354717545 0.034140366774338946
0 0.27762519396268404 0.20333451491135818 0.030321488013634317 0.030508114741398737
0 0.6374335655799279 0.22709740125215971 0.022107931283804085 0.022080054649939902
0 0.5560650458702674 0.5095842068011944 0.050548700185922474 0.050561024592472956
0 0.6460913878220779 0.17789622453542855 0.03533656780536358 0.035315293532151446
0 0.4519507334782527 0.3967419404249925 0.03936914297250601 0.03946113586425781
0 0.7248004033015325 0.06987975652401264 0.025883014385516826 0.025722842950087327
0 0.7113202901986929 0.168853392967811 0.023149637075570915 0.023006365849421576
0 0.4448862809401292 0.8293307377741888 0.022095973675067607 0.022061714759239785
0 0.6304258933434119 0.37361533825214094 0.024478912353515625 0.024709701538085938
0 0.2787756002866305 0.5012056644146259 0.029089964353121243 0.02933040032019982
0 0.4762877684373122 0.3171077508192796 0.019535945012019232 0.019600868225097656
0 0.14897817831773025 0.9889244666466346 0.0231783206646259 0.019634246826171875
0 0.7717410601102389 0.8950895162729117 0.037693170400766224 0.03797061626727764
0 0.17387133378248948 0.1511967915755052 0.02039674612192007 0.020380680377666768
0 0.5948861562288724 0.6726581866924579 0.017986591045673076 0.018037062424879808
0 0.2074909210205078 0.156327486038208 0.020084307743952826 0.02021309045644907
0 0.13361630072960487 0.8321888997004583 0.015998308475200947 0.017438741830679085
0 0.6140833634596604 0.17304200392503005 0.028977467463566706 0.028735600985013522
0 0.3610914670504056 0.7878905076246995 0.017247126652644232 0.017374185415414665
0 0.8335848588209885 0.5361848244300256 0.02390714792104868 0.02382791959322416
0 0.652680176955003 0.332671752342811 0.018666194035456732 0.018705368041992188
0 0.30066800117492676 0.7666602501502404 0.017920310680682842 0.017889756422776442
0 0.6890806051400992 0.5682395788339468 0.022372906024639424 0.02254031254695012
0 0.7834327404315655 0.24139681229224572 0.02120062021108774 0.021286450899564303
0 0.23606542440561148 0.2834919782785269 0.02223524680504432 0.022399755624624398
0 0.39321470260620117 0.9179529043344351 0.01853150587815505 0.018549699049729567
0 0.8006943922776443 0.03336482781630296 0.027524507962740384 0.02780442971449632
0 0.8361620536217322 0.3302452380840595 0.01746192345252404 0.017548341017503005
0 0.624297362107497 0.535516408773569 0.01801098310030424 0.01798079564021184
0 0.6151691950284518 0.7740823305570163 0.03268880110520583 0.03255051832932692
0 0.19042490078852728 0.22040777940016526 0.02423715591430664 0.024018140939565804
0 0.3477888840895433 0.40487131705650914 0.017881099994365986 0.01760130662184495
0 0.2154381275177002 0.18233748582693246 0.0401606559753418 0.03993822978093074
0 0.24262668536259577 0.4269023308387169 0.01689569766704853 0.016759285560021035
0 0.48627369220440203 0.6230900104229267 0.016053273127629206 0.015842767862173226
0 0.6033969659071702 0.6962610391470102 0.017168338482196514 0.017043187068058893
0 0.6245592557466947 0.6118276302631085 0.018727669349083535 0.01852255601149339
0 0.6766807849590595 0.21804200685941255 0.015441014216496395 0.015621698819673978
0 0.24515452751746544 0.5283140769371619 0.015552960909329928 0.0157467768742488
0 0.36848090245173526 0.10508196170513447 0.027768355149489183 0.0275881290435791
0 0.8002157944899339 0.07087627741006705 0.0451196523813101 0.04570394295912523
0 0.2877432933220497 0.45324039459228516 0.015662706815279447 0.015644660362830527
0 0.6562191889836237 0.5670220301701472 0.016773223876953125 0.016869471623347357
0 0.2230808184697078 0.8979501724243164 0.0175167964054988 0.017512688269981973
0 0.3330962107731746 0.09537746356083797 0.015432504507211538 0.01559741680438702
0 0.13485306959885818 0.2571284587566669 0.017347024037287787 0.017346602219801683
0 0.27886014718275803 0.27563936893756574 0.028383768521822415 0.02901157966026893
0 0.1297908562880296 0.3318054492657001 0.017817607292762168 0.024627832266000602
0 0.4153451185960036 0.9506601920494666 0.016124798701359674 0.015929442185621995
0 0.20923273379986101 0.35208683747511643 0.020249220041128304 0.019997670100285456
0 0.22679255558894232 0.2691052143390362 0.016785841721754808 0.01665489490215595
0 0.8635922945462741 0.5324446604802058 0.015749711256760817 0.01596722236046424
0 0.18908407137944147 0.8424059060903696 0.015221522404597355 0.015138772817758413
0 0.18830310381375825 0.16869711875915527 0.01949589069073017 0.01950971896831806
0 0.616076762859638 0.0840160479912391 0.015914183396559495 0.016008115731752835
0 0.18395090103149414 0.3672813268808218 0.02191609602708083 0.022349137526292067
0 0.6627959471482497 0.7342975323016827 0.024935062115009014 0.024936969463641826
0 0.6020342753483698 0.5550069808959961 0.019404851473294772 0.019188660841721755
0 0.15758833518395057 0.29061201902536243 0.014201980370741624 0.014206482813908504
0 0.21808330829326922 0.2168571032010592 0.029112522418682393 0.028221497168907754
0 0.2537700946514423 0.3872879468477689 0.015239568857046274 0.01546008770282452
0 0.16388441966130182 0.4438301966740535 0.015518481914813701 0.015503810002253605
0 0.4154102618877704 0.70342467381404 0.022243206317608174 0.022142850435697116
0 0.7245401235727164 0.3854558284466083 0.01604637732872596 0.015908167912409857
0 0.3651885986328125 0.7312962458683894 0.031218602107121393 0.03129372229942909
0 0.7561269906850961 0.05623665681252113 0.014501424936147837 0.014518343485318698
0 0.8703101231501653 0.40758290657630336 0.016507662259615384 0.016570384685809795
0 0.6255884904127854 0.7353605123666617 0.01622185340294471 0.015976392305814303
0 0.5017722569979154 0.6259693732628455 0.014897933373084435 0.014802345862755409
0 0.8576197991004357 0.07047400107750526 0.01907935509314904 0.01919082494882437
0 0.5711886332585261 0.545924186706543 0.0325770744910607 0.03286523085374098
0 0.7010315381563627 0.9522424844595102 0.015542984008789062 0.015552667471078726
0 0.7634158501258264 0.0758695464867812 0.02445250291090745 0.024454492789048415
0 0.7437666379488431 0.8732153085561899 0.016066331129807692 0.015958345853365384
0 0.22821818865262544 0.20254221329322228 0.024551978478064902 0.024256302760197565
0 0.5548655436589167 0.20267361861008865 0.01859899667593149 0.018630247849684495
0 0.8141624744121845 0.22216206330519456 0.016345831064077523 0.016075794513408955
0 0.6297540664672852 0.9492816925048828 0.018673823429987982 0.018893902118389424
0 0.3348488440880409 0.37363408162043643 0.016193243173452523 0.016312892620380107
0 0.20661717194777268 0.2400981829716609 0.016287950369027946 0.016498418954702523
0 0.2892908316392165 0.6355028886061448 0.022282893841083232 0.022632598876953125
0 0.3734818972074069 0.33041998056265026 0.018076456510103665 0.018290886512169473
0 0.3949755888718825 0.3472473437969501 0.022477370042067308 0.022454481858473558
0 0.28502944799569935 0.3587134067828839 0.018238067626953125 0.018049313471867487
0 0.44443772389338565 0.32057850177471453 0.014307242173414964 0.014478830190805288
0 0.4737207339360164 0.5613152430607722 0.026398512033315804 0.026364693274864785
0 0.7429590958815354 0.8090905409592849 0.014196249154897837 0.014219430776742788
0 0.7372468801645132 0.1068271857041579 0.02245154747596154 0.02278559024517353
0 0.3665690788855919 0.3832127497746394 0.01933743403508113 0.01973562974196214
0 0.5694871315589318 0.5429050005399264 0.025163797231820915 0.025214121891902044
0 0.8285751342773438 0.9844936957726111 0.028089376596304085 0.02623719435471755
0 0.22202409230745757 0.18824139008155236 0.050338488358717695 0.04963984856238732
0 0.8174921182485727 0.280212585742657 0.014464745154747596 0.014368644127478966
0 0.24218992086557242 0.9908251395592322 0.021915215712327223 0.01646085885854868
0 0.15188952592703012 0.49626816236055815 0.013970741858849159 0.01427767826960637
0 0.24206271538367638 0.8770600832425631 0.014521965613731971 0.014733828031099759
