0 0.440669426551232 0.9336361518272986 0.11160953228290264 0.11320055448091947
0 0.4222866938664363 0.06070938018652109 0.07633818112886868 0.07657143702873817
0 0.7053712698129507 0.6310160710261419 0.04079143817608173 0.0413818359375
0 0.6351460676926833 0.5250186920166016 0.032067518967848554 0.03192476125863882
0 0.6263883297259991 0.8700587932880108 0.031032708974984977 0.030939835768479567
0 0.63402403317965 0.6642105395977314 0.048854681161733776 0.04843623821551983
0 0.5823570031386155 0.32769034459040713 0.03526768317589393 0.03510841956505409
0 0.6531649369459885 0.19779366713303786 0.027910672701322116 0.02814344259408804
0 0.34070770557110125 0.44324361360990083 0.03714326711801382 0.03750390272874098
0 0.6019759178161621 0.5268092522254357 0.04202585953932542 0.04201654287484976
0 0.61372892673199 0.5837652133061335 0.025533602787898138 0.025620313791128304
0 0.47943665431096005 0.844412583571214 0.053061411930964544 0.05259484511155348
0 0.47502437004676235 0.19742598900428185 0.05384606581467848 0.05424096034123348
0 0.6571700756366436 0.22748598685631385 0.030255831204927884 0.03026888920710637
0 0.6542580677912786 0.16904335755568284 0.029971196101262018 0.0304942406140841
0 0.5359747593219464 0.38245520224938023 0.02971047621506911 0.03003861353947566
0 0.6825709709754357 0.853728514451247 0.023196293757512018 0.023594049307016227
0 0.5715949351970966 0.5467015046339768 0.0370945563683143 0.0361328125
0 0.6730602704561673 0.2568382116464468 0.03088070796086238 0.03133436349722055
0 0.5006574484018179 0.6552251669076773 0.018791785606971152 0.01866736778846154
0 0.6140362666203425 0.1847682549403264 0.029923512385441706 0.0297698974609375
0 0.6993092757004958 0.5834592672494742 0.03864845862755409 0.03816384535569411
0 0.6664988444401667 0.6287436118492713 0.027082443237304688 0.02713643587552584
0 0.3818082075852614 0.49204657627986026 0.0294187252338116 0.029739820040189303
0 0.4071062528170072 0.8034341518695538 0.04924898881178636 0.04969435471754808
0 0.6661672592163086 0.5238892481877253 0.026645366962139424 0.026535547696627103
0 0.4072405008169321 0.16844463348388672 0.04362898606520433 0.04336848625769982
0 0.6427076779879056 0.31385175998394305 0.019640409029447116 0.01940147693340595
0 0.6353133274958684 0.6974541590763972 0.03615012535682091 0.03598374586838942
0 0.6179578487689679 0.9865564199594351 0.02812825716458834 0.024314293494591348
0 0.5185819405775803 0.3530796491182767 0.04106954427865835 0.041815684391902044
0 0.6173707521878756 0.9023770552415115 0.022177916306715745 0.022563347449669473
0 0.5884357232313889 0.12446196262653057 0.03905061575082632 0.03957088177020733
0 0.34479731779832107 0.6723802273090069 0.022461671095628005 0.023045466496394232
0 0.5996499061584473 0.5620825840876653 0.026996319110576924 0.027191162109375
0 0.40436381560105544 0.3668520633990948 0.04488189403827374 0.044630930973933294
0 0.528162956237793 0.0383318868967203 0.027845309330866888 0.02799865374198327
0 0.5334707406850961 0.9904194611769456 0.01790193411020132 0.017813902634840745
0 0.5076899161705604 0.4429636368384728 0.03677778977614183 0.03732505211463341
0 0.6476034017709585 0.917239262507512 0.02294290982759916 0.023062779353215143
0 0.5883038594172552 0.4451742172241211 0.016915247990534857 0.01682736323429988
0 0.33491941598745495 0.46976434267484224 0.01861748328575721 0.01864469968355619
0 0.7164331582876352 0.8293524522047776 0.018648881178635817 0.018627166748046875
0 0.5611324677100549 0.7849253140963041 0.025859319246732272 0.026174398568960335
0 0.4527430167564979 0.5555551235492413 0.01941196735088642 0.019732255202073317
0 0.40703634115365833 0.49510794419508714 0.018343705397385817 0.018486169668344352
0 0.6633412287785456 0.9454332498403696 0.022740730872521035 0.022964037381685697
0 0.6724178607647235 0.9165556981013372 0.03122740525465745 0.03118294935960036
0 0.40036968084482044 0.65752623631404 0.03458184462327223 0.033333998460036054
0 0.5214510697584885 0.8035137469951923 0.04221681448129507 0.04272196843073918
0 0.3375944724449745 0.5100014026348407 0.020402174729567308 0.020669056819035456
0 0.35620737075805664 0.5324874291053185 0.03373006673959585 0.033415721012995794
0 0.4233881143423227 0.7362147844754733 0.017017364501953125 0.01666538531963642
0 0.6532372694749099 0.2738972443800706 0.022353539100060098 0.022114973801832933
0 0.6672426370474008 0.5683583479661208 0.02312469482421875 0.02302727332481971
0 0.3860635757446289 0.6833777794471154 0.03390987102801983 0.033516223614032455
0 0.6373273409329928 0.27839723000159633 0.025116847111628607 0.024506422189565804
0 0.5912987635685847 0.9627830065213717 0.05126468951885517 0.05144192622258113
0 0.45036866114689755 0.2527009890629695 0.027982271634615384 0.02808530514056866
0 0.6019017146183894 0.9269773043118991 0.022097294147198018 0.021685673640324518
0 0.5977763396043044 0.8800186744103065 0.03118162888746995 0.03159596369816707
0 0.615696540245643 0.24104758409353402 0.026164128230168268 0.02615246405968299
0 0.6347725207989032 0.40274953842163086 0.0165863037109375 0.017078252939077523
0 0.6937377636249249 0.902442638690655 0.03135123619666466 0.031397306002103366
0 0.3847170609694261 0.7515505277193509 0.035986093374399036 0.036050062913161054
0 0.431639891404372 0.4755558600792518 0.02007631155160757 0.019968179556039665
0 0.4214692482581505 0.5222649207481971 0.02701407212477464 0.026659745436448317
0 0.47948455810546875 0.4865437287550706 0.0239102290226863 0.023403461162860576
0 0.4427898113544171 0.29987597465515137 0.027438823993389424 0.02785033446091872
0 0.472470576946552 0.6784524184006911 0.017142809354341947 0.016939896803635817
0 0.44708574735201323 0.1429968705544105 0.03680772047776442 0.037497685505793646
0 0.43439109508807844 0.7627115249633789 0.04182727520282452 0.04237585801344652
0 0.6355573214017428 0.23838125742398775 0.016735663780799277 0.016454146458552435
0 0.3781057871305026 0.5219090901888334 0.017046268169696514 0.01727911142202524
0 0.315030758197491 0.534300657419058 0.059883832931518555 0.05991862370417668
0 0.6715394533597506 0.35796088438767654 0.014993520883413462 0.014907103318434495
0 0.4303169250488281 0.5464791151193472 0.025359740624060996 0.025188959561861478
0 0.3515784923846905 0.37594090975247896 0.0592951407799354 0.0590512935931866
0 0.7231036699735202 0.8626660567063552 0.01826609097994291 0.018052027775691107
0 0.29946235510019154 0.4891680570749136 0.037007698645958535 0.0393987802358774
0 0.5937157044043908 0.09193836725675143 0.02448302048903245 0.024945185734675482
0 0.5876691158001239 0.2605474912203275 0.019317113436185397 0.01970331485454853
0 0.6529948894794171 0.45942519261286807 0.020404228797325723 0.020670377291165866
0 0.707671018747183 0.8124862084021935 0.01901978712815505 0.019292097825270433
0 0.5948805075425369 0.3056224492880014 0.024534298823429987 0.024801070873553935
0 0.5596868074857272 0.8521537780761719 0.03833932142991286 0.038406078632061295
0 0.6125791256244366 0.30545432750995344 0.015642459575946514 0.01573320535513071
0 0.6222628079927884 0.7568184779240534 0.06520693118755634 0.06736579308143029
0 0.5605618403508112 0.26754087668198806 0.02265005845289964 0.02270672871516301
0 0.6592110853928786 0.09538898101219764 0.027295332688551683 0.02702472760127141
0 0.7150128437922552 0.8996743422288161 0.020244304950420674 0.02051690908578726
0 0.6676122958843524 0.9853346898005559 0.016516465407151442 0.016431074876051683
0 0.49784033115093523 0.3904469930208646 0.019188587482158955 0.01929950714111328
0 0.6830611595740685 0.6594798014714167 0.026270499596228965 0.026137718787560098
0 0.6458995525653546 0.4392159902132474 0.01990332970252404 0.019787421593299277
0 0.5395003098707932 0.9237541052011343 0.07186258756197415 0.07013907799353966
0 0.5947785744300256 0.5903841165395883 0.020264625549316406 0.02000001760629507
0 0.571228394141564 0.06696934883411114 0.03286185631385216 0.03287032934335562
0 0.6732636965238131 0.8838648429283729 0.020389263446514424 0.02033688471867488
0 0.485900145310622 0.054017291619227484 0.04610237708458534 0.04634546316587008
0 0.5757133043729342 0.8228633587176983 0.03640145521897536 0.03636638934795673
0 0.44872023509098935 0.5124202141394982 0.018503702603853665 0.018658564640925482
0 0.5769352179307204 0.6022416628324069 0.015518628633939303 0.01552273676945613
0 0.6851473588209885 0.8257814554067758 0.025589869572566107 0.025554950420673076
0 0.5966415405273438 0.9085032389714167 0.01793215825007512 0.01773218008188101
0 0.6872787475585938 0.9639963003305289 0.03979697594275841 0.037759047288161054
0 0.3916474855863131 0.45056541149432844 0.02570005563589243 0.025597572326660156
0 0.6193869664118841 0.2623711365919847 0.019819369682898887 0.019369198725773737
0 0.5257989443265475 0.16963694645808294 0.031093377333420973 0.03119241274320162
0 0.5265121459960938 0.9610102726862981 0.017965170053335335 0.018290593073918268
0 0.4241853127112755 0.23339491624098557 0.016871819129356973 0.01656172825739934
0 0.5557652986966647 0.3911157021155724 0.01657838087815505 0.016414055457481973
0 0.6021581796499399 0.1488515413724459 0.017911470853365384 0.018062628232515775
0 0.5816709078275241 0.6692191637479342 0.03261566162109375 0.032475838294396035
0 0.5408390485323392 0.7569757608266977 0.034303445082444414 0.03362890390249399
0 0.7020907768836389 0.6991413556612455 0.014129051795372596 0.014272102942833534
0 0.3465891617995042 0.6396496112530048 0.018686587993915264 0.018254206730769232
0 0.36588489092313325 0.5617981323829064 0.01924272683950571 0.01904458266038161
0 0.7174767714280349 0.9649557700523963 0.031440441425030045 0.0318604982816256
0 0.6958066500150241 0.8175992232102615 0.025750380295973558 0.02587890625
0 0.4848336439866286 0.6989404971782978 0.02535379849947416 0.024916428786057692
0 0.44581493964562047 0.8276117764986478 0.020989418029785156 0.021068866436298076
0 0.6856451768141526 0.29210530794583833 0.015208024245042067 0.015021837674654447
0 0.6756385656503531 0.30271658530602086 0.0175479008601262 0.01719533480130709
0 0.7166222792405349 0.7601133493276743 0.02730105473445012 0.027442345252403848
0 0.7003407111534705 0.8149061936598557 0.028590569129356973 0.025434347299429085
0 0.6189372722919171 0.41744327545166016 0.020118126502403848 0.02081900376539964
0 0.40127856914813703 0.45235039637638974 0.03656607407789964 0.03482532501220703
0 0.29470280500558704 0.783749507023738 0.03635549545288086 0.03699434720552885
