0 0.24680478756244367 0.6108002662658691 0.02130882556621845 0.02122152768648588
0 0.2920384407043457 0.9498433333176833 0.02800582005427434 0.02809759286733774
0 0.7570513211763822 0.16139496289766753 0.02892919687124399 0.028712932880108174
0 0.6490331796499399 0.06717582849355844 0.022661649263822116 0.022839179405799277
0 0.37008835719181943 0.14106161777789777 0.0392607175386869 0.03979345468374399
0 0.261226433974046 0.8864158483651968 0.02061117612398588 0.020846000084510215
0 0.34348165071927583 0.04926519669019259 0.025391358595628005 0.02511722307938796
0 0.2850953799027663 0.2522466732905461 0.022526080791766826 0.022836905259352464
0 0.2558360466590294 0.12466774537013127 0.030024014986478366 0.029963254928588867
0 0.28008075860830456 0.8483535326444186 0.020583226130558893 0.02085729745718149
0 0.6973437529343826 0.41332021126380336 0.03697043198805589 0.03698011545034555
0 0.7029376396766076 0.4618678459754357 0.040605398324819714 0.04040175217848558
0 0.32692285684438854 0.8497417156512921 0.018135877755972054 0.018139765812800482
0 0.550507692190317 0.2095156082740197 0.02039029048039363 0.02049878927377554
0 0.23618025046128494 0.17830045406634992 0.01745011256291316 0.017490093524639424
0 0.6863965254563552 0.37481069564819336 0.03549106304462139 0.035499279315655045
0 0.34778462923490083 0.06984337935080895 0.024705006526066706 0.02520464933835543
0 0.6689720887404221 0.216489681830773 0.06782869192270133 0.06819688356839694
0 0.21725034713745117 0.7780635540301983 0.015796661376953125 0.016968653752253607
0 0.5222616195678711 0.054466073329632096 0.017075171837439902 0.017573209909292366
0 0.7291981623722956 0.03784147821939909 0.0165255619929387 0.01671550365594717
0 0.2811446189880371 0.8260743067814753 0.015962747427133415 0.016053126408503607
0 0.2161094958965595 0.838709464439979 0.015389075646033654 0.016497391920823317
0 0.28890613409189075 0.29030306522662824 0.015993044926570013 0.015958896050086387
0 0.42617321014404297 0.35523425615750825 0.03617418729341947 0.035859107971191406
0 0.6055645575890174 0.09932730748103215 0.017163203312800482 0.016957172980675332
0 0.3629754873422476 0.5173625946044922 0.0623321533203125 0.06303860591008113
0 0.6317751957820013 0.02498162480501028 0.0728159684401292 0.049249387704409085
0 0.5896662932175857 0.07570870106036846 0.02777730501615084 0.027922685329730693
0 0.7042040458092322 0.12221618799062875 0.015535794771634616 0.015584872319148136
0 0.756802485539363 0.09344115624060997 0.014577718881460337 0.014796146979698768
0 0.655729733980619 0.5857490392831656 0.01707590543306791 0.017164083627554085
0 0.28704159076397234 0.589478639455942 0.014875338627741886 0.015067320603590745
0 0.5061451471768893 0.1612222928267259 0.01770606407752404 0.017899513244628906
0 0.7352029360257663 0.29204559326171875 0.06385407081017128 0.06421052492581882
0 0.7148613562950721 0.11365984036372258 0.013937730055588942 0.014203034914456882
0 0.35824445577768177 0.7873118473933294 0.015251599825345553 0.015184549184945913
0 0.7376371530386118 0.37267006360567534 0.10115902240459736 0.10582285660963792
0 0.43189554948073167 0.19101241918710563 0.02155127892127404 0.02148569547213041
0 0.7160547696627103 0.18111382997952974 0.021298922025240384 0.021249771118164062
0 0.6812984759990985 0.06521472105613121 0.02011724618765024 0.020421899282015286
0 0.3728010104252742 0.3579965371351976 0.05020545079157902 0.05064832247220553
0 0.4508669926570012 0.6779722067025992 0.015512466430664062 0.015870314378004808
0 0.24556919244619516 0.8091889894925631 0.015048467195951022 0.015211692223182091
0 0.6313811815701998 0.5492131893451397 0.061241443340594955 0.06137642493614784
0 0.7455899165226862 0.12604277867537278 0.04114121657151442 0.041608223548302285
0 0.3033888339996338 0.6075695477999173 0.0137025026174692 0.013798933762770433
0 0.4308561911949745 0.15075474518996018 0.02312183380126953 0.02321452360886794
0 0.26981251056377703 0.9295409275935247 0.014319493220402645 0.01456759526179387
0 0.2556637433859018 0.8582743131197416 0.013510337242713341 0.013715890737680288
