0 0.37749173091008115 0.1262111755517813 0.08935062701885517 0.08973119809077336
0 0.27248206505408656 0.09127878225766696 0.07954744192270133 0.07886202518756573
0 0.4594389475308932 0.7794674359835111 0.09818473229041466 0.0978396489070012
0 0.6279760507436899 0.314459543961745 0.13523497948279747 0.13484595372126654
0 0.5852299470167893 0.7347927827101487 0.05062294006347656 0.050881605881911054
0 0.6678016369159405 0.1721210112938514 0.02155274611253005 0.021803562457744893
0 0.21783973620488092 0.31484343455388 0.03896478506234976 0.03921714195838341
0 0.5157628426185021 0.49340442510751575 0.2485785851111779 0.2852942393376277
0 0.23343948217538688 0.1632100618802584 0.04458310053898738 0.04547592309805063
0 0.4099298623891977 0.9600816873403696 0.023630729088416465 0.023651856642503005
0 0.486149421105018 0.7212394567636343 0.04143788264347957 0.04102824284480168
0 0.5434225522554837 0.5470374180720403 0.026827151958759014 0.026840650118314303
0 0.36899529970609224 0.8672392918513372 0.02608035160945012 0.02625274658203125
0 0.46743866113516 0.038012949319986195 0.07754582625169021 0.07435502455784725
0 0.7522948338435247 0.7398867973914514 0.023059551532451924 0.023054856520432692
0 0.3878299272977389 0.9388191516582782 0.026318770188551683 0.02658697275015024
0 0.7076687446007361 0.3953677690946139 0.024692241962139424 0.02493902353140024
0 0.5033473968505859 0.8532333374023438 0.025514602661132812 0.026096930870643027
0 0.7140211692223182 0.22392993706923264 0.04889634939340445 0.04900789260864258
0 0.6446135594294622 0.559683579664964 0.02514927203838642 0.02586218026968149
0 0.6587779705341046 0.721221923828125 0.04094696044921875 0.04059806236853966
0 0.48259302286001354 0.8789172539344201 0.027681790865384616 0.027683258056640625
0 0.5081744560828576 0.935921889085036 0.04882475046011118 0.048399705153245196
0 0.7493548760047326 0.643921998830942 0.03248918973482572 0.032154083251953125
0 0.33859678415151745 0.9490487025334284 0.02592600308931791 0.0258331298828125
0 0.7731863168569711 0.21379657892080453 0.06819446270282452 0.09205121260422927
0 0.6006323741032527 0.9705657958984375 0.03841048020582933 0.039070422832782455
0 0.3445639977088341 0.7802505493164062 0.019021034240722656 0.019198784461388223
0 0.517355698805589 0.6171971834622897 0.02454075446495643 0.024718101208026592
0 0.7114149973942683 0.42091949169452375 0.040048452524038464 0.0400854991032527
0 0.3794276530926044 0.8974456787109375 0.03005225841815655 0.030179830697866585
0 0.41530246001023513 0.8593816023606521 0.01667895683875451 0.016849517822265625
0 0.38500397021953875 0.740745104276217 0.0338285886324369 0.03336627666766827
0 0.4545090381915753 0.9525359227107122 0.0545652096088116 0.05506046001727764
0 0.5338574189406174 0.5193039820744441 0.017949030949519232 0.017852636483999398
0 0.3794259291428786 0.8364460284893329 0.016950533940241888 0.016719524676983174
0 0.7234763365525466 0.7280882321871244 0.028324714073768027 0.029219407301682692
0 0.4050177060640775 0.6312447327833909 0.09366372915414664 0.0937652587890625
0 0.5557028330289401 0.5201030511122483 0.016295946561373197 0.016597527724045973
0 0.6489336307232196 0.42321238150963414 0.0847920637864333 0.08468341827392578
0 0.6752952428964468 0.617613278902494 0.05982061532827524 0.05964194811307467
0 0.5825371742248535 0.5026744695810171 0.025834083557128906 0.02564371549166166
0 0.39934136317326474 0.9062023896437424 0.029766669640174277 0.02953954843374399
0 0.3622583976158729 0.9796565129206731 0.026278569148137018 0.0261837885929988
0 0.25751168911273664 0.46508488288292515 0.058912497300368086 0.05855751037597656
0 0.5858521461486816 0.9068103203406701 0.05152702331542969 0.05197745103102464
0 0.5383376341599685 0.9676680931678185 0.0856486100416917 0.05710132305438702
0 0.6258806815514197 0.8973595545842097 0.0220645024226262 0.021962679349459134
0 0.22264594298142654 0.2396860489478478 0.01659818796011118 0.016501353337214544
0 0.4271879196166992 0.7041510068453275 0.04221211946927584 0.04266973642202524
0 0.30999348713801456 0.9518518447875977 0.02535834679236779 0.025094252366286058
0 0.42644086250892055 0.7393873654879056 0.05596358959491436 0.056868333082932696
0 0.6451942737285907 0.07238466006058913 0.015507037823016826 0.01540073981651893
0 0.3228790209843562 0.7792599017803485 0.017618839557354268 0.018193465012770433
0 0.519931646493765 0.062065986486581654 0.06290875948392428 0.06292093717134915
0 0.2434871380145733 0.1376650150005634 0.02705515347994291 0.027474476740910456
0 0.7606177696814904 0.5000569637005146 0.08494626558743991 0.08714756598839393
0 0.2975530991187462 0.9831391848050631 0.0176393802349384 0.017620380108173076
0 0.5563680208646334 0.6544898106501653 0.043485054602989785 0.043553865872896634
0 0.7022614845862756 0.8537176572359525 0.02688437241774339 0.027309124286358174
0 0.47397228387685925 0.906454819899339 0.02791309356689453 0.0281979487492488
0 0.22103542547959548 0.4563779097336989 0.05306445635282076 0.05465977008526142
0 0.6812318655160757 0.21186344440166766 0.01639586228590745 0.016471092517559346
0 0.5020001117999737 0.13801978184626654 0.016802641061636116 0.016936375544621393
0 0.3184194198021522 0.4701373760516827 0.07832813262939453 0.08047023186316857
0 0.4846333723801833 0.9654521942138672 0.02289273188664363 0.02317971449631911
0 0.7381580059344952 0.3594828018775353 0.1381251995380108 0.2077751893263597
0 0.46891990074744594 0.3464633868290828 0.016380163339468148 0.016141304602989785
0 0.2946416964897743 0.15012706243074858 0.020319718580979567 0.02024107712965745
0 0.25133756490854114 0.948696649991549 0.01690981938288762 0.016892213087815505
0 0.3832627809964694 0.9864441798283503 0.03335263178898738 0.02120824960561899
0 0.22040330446683443 0.181730343745305 0.05267018538254958 0.053124501154972956
0 0.2360840944143442 0.5055844233586237 0.04208447383000301 0.04234915513258714
0 0.35406288733849156 0.9160201732928936 0.021767542912409857 0.02182799119215745
0 0.20395205571101263 0.24061346054077148 0.020605087280273438 0.020973902482252855
0 0.2607254431797908 0.9896116990309495 0.016965939448429987 0.015779935396634616
0 0.28010342671320987 0.901032227736253 0.022185032184307393 0.022098687978891227
0 0.38734325995812047 0.5046541507427509 0.017280138455904447 0.017333104060246393
0 0.5445382778461163 0.8944816589355469 0.0309292719914363 0.030403724083533652
0 0.5595499185415415 0.23346935785733736 0.029673062838040866 0.029108304243821364
0 0.5377747462346003 0.49721805865948016 0.017262385441706732 0.01689294668344351
0 0.34990853529710036 0.7949127784142127 0.014485725989708534 0.01430980975811298
0 0.22931179633507362 0.8582947070782001 0.015201678642859826 0.015508211576021634
0 0.24292575396024263 0.29593801498413086 0.016056941105769232 0.015978446373572715
0 0.7227004124568059 0.7315446413480319 0.024295513446514424 0.023755440345177285
0 0.7143752758319561 0.5628432127145621 0.08027414175180289 0.07848072052001953
0 0.5327750719510592 0.9141565469595102 0.018994698157677285 0.018895369309645433
0 0.5261677228487455 0.05917274034940279 0.051408034104567304 0.051701875833364636
0 0.3916943623469426 0.7166935113760141 0.018376717200646035 0.018565544715294473
0 0.20924918468181902 0.1964132418999305 0.023381563333364632 0.023682190821721003
0 0.6230104886568509 0.1535013088813195 0.014540745661808895 0.014325398665208083
0 0.701180678147536 0.9214002902691181 0.19314428476186898 0.1544641348031851
0 0.7211247957669772 0.4641413321861854 0.07770890455979568 0.07781175466684195
0 0.26529290125920224 0.6803753192608173 0.01770921853872446 0.017666449913611777
0 0.29914004986102766 0.3059692749610314 0.014828718625582181 0.014568035419170674
0 0.7432285455557016 0.7544516049898587 0.01937279334435096 0.01928402827336238
0 0.29705374057476336 0.14791517991286057 0.024936529306265023 0.02489009270301232
0 0.2678830073429988 0.978817499600924 0.014570676363431491 0.014547641460712139
0 0.4149334247295673 0.1889033684363732 0.048623158381535456 0.048885492178109974
0 0.41168609032264125 0.2702665145580585 0.10105059697077824 0.10371028459989108
0 0.3230413290170523 0.9234704237717849 0.02052894005408654 0.020281865046574518
0 0.747189448429988 0.2610161487872784 0.014873504638671875 0.015195149641770583
0 0.7878233102651743 0.6107705556429349 0.017685816838191107 0.01789511167086088
