0 0.7011693807748648 0.972810305081881 0.049544994647686295 0.048650888296274036
0 0.12931339557354266 0.642447618337778 0.06326470008263221 0.06365644014798678
0 0.42272156935471755 0.44486111861008865 0.03998551001915565 0.040291859553410456
0 0.2341317396897536 0.5458621245164138 0.045789131751427285 0.045774019681490384
0 0.8763454143817608 0.5079485819889948 0.04330180241511418 0.04366449209359976
0 0.18573482219989484 0.8460834209735577 0.025754891909085788 0.02588066687950721
0 0.07729477148789626 0.3437834886404184 0.029259787156031683 0.029412049513596755
0 0.8971005953275241 0.5984343382028433 0.033678494966947116 0.033510574927696817
0 0.6870075372549204 0.8698227222149189 0.03162530752328726 0.03144278893103966
0 0.6977794353778546 0.7242162411029522 0.02129364013671875 0.02143272986778846
0 0.1491537644312932 0.5962060048029973 0.018290152916541465 0.018352215106670674
0 0.47046316587007964 0.41825727316049427 0.021251091590294473 0.02124918424166166
0 0.7242257044865534 0.9136643776526818 0.018865145169771634 0.018787677471454326
0 0.4418925505418044 0.4675608414870042 0.02159294715294471 0.02139590336726262
0 0.4181463901813214 0.5012657458965595 0.01725659003624549 0.01735525864821214
0 0.48820326878474307 0.8931677891657903 0.027100342970628005 0.02684959998497596
0 0.11166137915391189 0.49109888076782227 0.018285714662992038 0.018437972435584433
0 0.22452062826890212 0.7927506520197942 0.024745060847355768 0.024901463435246393
0 0.2517566680908203 0.9865530454195462 0.0453489010150616 0.02487916212815505
0 0.06948787432450515 0.9732549373920147 0.01860156426062951 0.01854250981257512
0 0.43355061457707333 0.8119024130014273 0.01804520533635066 0.01819786658653846
0 0.8544200016902044 0.5723665677584134 0.016658489520733174 0.016823401817908652
0 0.8534714625431941 0.6533448145939753 0.018152970534104567 0.01813991253192608
0 0.5460412685687726 0.6258723185612605 0.02480169442983774 0.024951934814453125
0 0.9141695316021259 0.43899235358605015 0.04089135390061598 0.04098158616286058
0 0.4338412651648888 0.7458142500657302 0.017284980187049277 0.01746955284705529
0 0.6122819460355319 0.2737815013298622 0.016071026141826924 0.016350599435659554
0 0.6919808020958533 0.6047204824594351 0.017882420466496393 0.017795856182391826
0 0.07577072657071628 0.6955223817091721 0.01677254530099722 0.016638975877028245
0 0.2960472840529222 0.32516321769127476 0.023199008061335638 0.023160787729116585
0 0.18671288857093224 0.25640025505652797 0.021446631504939154 0.021438158475435697
0 0.35135210477388823 0.9204185192401593 0.01882039583646334 0.018741901104266826
0 0.2818151620718149 0.7539719068087064 0.022326029264009915 0.022276658278245192
0 0.2568532686967116 0.294555480663593 0.017684349646935098 0.017784998967097357
0 0.7567300062913161 0.012857884168624878 0.0182803227351262 0.018297406343313363
0 0.9128383489755484 0.492859253516564 0.017607908982496995 0.017473881061260518
0 0.6704764732947717 0.025488713612923257 0.02248382568359375 0.022530500705425557
0 0.8446222452016977 0.9901595482459435 0.016430487999549277 0.013944479135366587
0 0.9111558474027194 0.9540211604191706 0.016167567326472357 0.016070439265324518
0 0.2683056868039645 0.6130957236656775 0.016532127673809346 0.01643195519080529
0 0.4831414222717285 0.07545668345231277 0.016033172607421875 0.015786776175865762
0 0.6541042327880859 0.009487528067368727 0.018111595740685098 0.01726733721219576
0 0.7327421628511869 0.5203050466684195 0.01552288348858173 0.015585752633901743
0 0.5491176751943735 0.2203649924351619 0.0161440189068134 0.016163019033578727
0 0.05576228178464449 0.40108280915480393 0.012706334774310771 0.019789622380183294
0 0.3889219577495868 0.7923498153686523 0.019291217510516826 0.019240892850435697
0 0.4576301941504845 0.7632283430833083 0.0180055911724384 0.018199920654296875
0 0.8698516258826623 0.7469387054443359 0.01823117182804988 0.018298515906700723
0 0.5435879780695989 0.00717569887638092 0.018483895521897536 0.013098606696495643
0 0.5399852532606858 0.5108511998103216 0.01712351578932542 0.016919649564302884
0 0.5008283028235803 0.5175044719989483 0.014459756704477163 0.014455355130709134
0 0.65601319533128 0.9309196472167969 0.01869509770320012 0.01857728224534255
0 0.15175331555880034 0.2843174567589393 0.017334571251502402 0.017417467557466947
0 0.3824992546668419 0.9191150665283203 0.01566182650052584 0.015659625713641826
0 0.415131348830003 0.9859386590810922 0.025784419133112982 0.02416375967172476
0 0.17518780781672552 0.5375948319068322 0.014066402728740986 0.014038452735314002
0 0.1639728546142578 0.5105957251328689 0.016299614539513223 0.016198011545034554
0 0.7386531829833984 0.9599192692683294 0.020321772648737982 0.020395719088040866
0 0.6191706290611854 0.6602436945988581 0.015019783606896034 0.014823326697716346
0 0.7027464646559495 0.3985165082491361 0.020611102764423076 0.020377599276029147
0 0.3686213860144982 0.6826972961425781 0.016171895540677585 0.016439144427959736
0 0.731296392587515 0.585640393770658 0.016733609713040866 0.016981858473557692
0 0.6993152911846454 0.747499025785006 0.01694341806265024 0.016911433293269232
0 0.39128453914935774 0.7720163051898663 0.017931718092698317 0.017846180842472956
0 0.9266526148869441 0.7992894099308894 0.01616815420297476 0.01608452430138221
0 0.6830707696767954 0.060740379186776966 0.016222000122070312 0.016131511101355918
0 0.3241259868328388 0.8778476715087891 0.06190292651836689 0.06249589186448317
0 0.6970901489257812 0.3853268256554237 0.018421173095703125 0.018366153423602764
0 0.36901437319242036 0.9785320575420673 0.018268658564640924 0.017686110276442308
0 0.19341533000652605 0.774696056659405 0.015191591702974759 0.014987358680138221
0 0.5226267667917105 0.7394594045785757 0.01506651364839994 0.015009366548978366
0 0.2554290478046124 0.36418980818528396 0.014892504765437199 0.014806160560021034
0 0.6009423182560847 0.2472535280080942 0.014698395362267127 0.01483609126164363
0 0.07851712520305927 0.13306115223811224 0.021620878806480996 0.02217872326190655
0 0.5904675997220553 0.4525763438298152 0.015593015230618991 0.015564845158503605
0 0.39085094745342547 0.5272731047410232 0.014979142409104567 0.01511977269099309
0 0.9028854370117188 0.899867791395921 0.015196286714993991 0.0153656005859375
0 0.5423570779653696 0.8854420001690204 0.022023567786583535 0.021983806903545674
0 0.13171859887930062 0.517668027144212 0.01624290759746845 0.016101837158203125
0 0.701503533583421 0.3018207916846642 0.013709141657902645 0.013887625474196214
0 0.6102705735426682 0.07562315005522507 0.0139616452730619 0.01425001254448524
0 0.8282954142643855 0.7933935018686148 0.014833156879131611 0.014917520376352163
0 0.635987061720628 0.1362466445335975 0.013796732975886418 0.013819511120135967
0 0.6336009685809796 0.4254404581510104 0.015374403733473558 0.015689923213078424
0 0.5229156200702374 0.4457392325768104 0.014272102942833534 0.01410983158991887
0 0.45292553534874547 0.45201741732083833 0.015028953552246094 0.015149776752178486
0 0.897676027738131 0.4721546906691331 0.03788904043344351 0.03731844975398137
0 0.41951715029202974 0.9209276346059946 0.01435543940617488 0.014689812293419471
0 0.0984709171148447 0.7050588314349835 0.016179469915536735 0.016209528996394232
0 0.7323433069082407 0.5001160915081317 0.014394466693584736 0.014438629150390625
0 0.9110349508432242 0.2234325775733361 0.013850138737605168 0.014049126551701473
0 0.09193823887751652 0.15642173473651594 0.014764015491192158 0.014563771394582896
0 0.4564340297992413 0.3973332185011644 0.013787636390099159 0.013967954195462741
0 0.4041935113760141 0.7808449084942157 0.015815147986778848 0.015637617844801683
0 0.8153739342322717 0.6697366421039288 0.015475053053635817 0.015674884502704326
0 0.5463086641751803 0.428223573244535 0.014266380896935096 0.01441500737116887
0 0.43658990126389724 0.8949535076434796 0.016771756685697116 0.017008121197040264
0 0.6293337895320013 0.19738516440758339 0.015027559720552884 0.0150145017183744
0 0.09664739095247708 0.9839295607346755 0.01861880375788762 0.01910576453575721
0 0.6081948647132287 0.4258824128371019 0.014378767747145433 0.014528861412635216
0 0.9136713468111478 0.40767680681668794 0.015311021071213942 0.015395164489746094
0 0.06386696375333346 0.025177510885091927 0.03241392282339243 0.038156555249140814
0 0.790057475750263 0.9650409405048077 0.0175631596491887 0.017557584322415866
0 0.7497298900897686 0.95087403517503 0.018937330979567308 0.018919724684495192
0 0.5827213434072641 0.3408688031710111 0.01422882080078125 0.014608089740459736
0 0.39153421842134917 0.9905184232271634 0.01817747262807993 0.015778468205378607
0 0.6648368101853591 0.6187372941237229 0.015238101665790264 0.015246024498572716
0 0.569057794717642 0.18463952724750227 0.020138667179987982 0.02031553708589994
0 0.5546404031606821 0.8697190651526818 0.02119269737830529 0.021140025212214544
0 0.9428417499248798 0.571572523850661 0.012410237238957332 0.013166427612304688
