0 0.15699107830341047 0.39385058329655576 0.14803709433628962 0.15056544083815354
0 0.8120783292330228 0.6528820624718299 0.2171349158653846 0.3120494255652794
0 0.5320870326115534 0.32212077654325044 0.0776815414428711 0.08036430065448467
0 0.1526626623593844 0.16602186056283805 0.04354293529803936 0.04361801881056566
0 0.4236271931574895 0.333921139056866 0.22134766211876503 0.22334942450890174
0 0.49123323880709135 0.6477005298321064 0.05175091670109676 0.052278371957632214
0 0.12709769835838905 0.9579890324519231 0.047268262276282676 0.04713102487417368
0 0.5369254625760592 0.8277353873619666 0.043837400583120495 0.043924184945913464
0 0.8233187015240009 0.2222312597128061 0.18767723670372596 0.28148596103374773
0 0.38373602353609526 0.09114364477304313 0.22603100996751052 0.18281987997201773
0 0.16541235263531023 0.29545281483576846 0.032005676856407754 0.032281068655160755
0 0.15140848893385667 0.5117421517005334 0.031246662139892578 0.031364734356219955
0 0.5093976534329928 0.2943891011751615 0.03706227816068209 0.03735043452336238
0 0.8492029630220853 0.502716798048753 0.026179387019230768 0.02559030972994291
0 0.2773107381967398 0.8658740703876202 0.022528611696683444 0.02230101365309495
0 0.9005063863900992 0.10999834537506104 0.02326363783616286 0.023209663537832406
0 0.20088558930617112 0.44002613654503453 0.02872320321890024 0.028608175424429085
0 0.25125850163973296 0.21389374366173378 0.029402952927809495 0.029523189251239482
0 0.4501209259033203 0.3372815939096304 0.019695575420673076 0.019502639770507812
0 0.09656766744760367 0.6703893221341647 0.023168417123647835 0.023205977219801683
0 0.2955960493821364 0.7291319186870868 0.020682775057279147 0.02088341346153846
0 0.5455703001755935 0.15633621582618126 0.029187936049241286 0.02898406982421875
0 0.39573375995342547 0.7339872213510367 0.02982946542593149 0.029819195087139424
0 0.19899603036733773 0.5958522649911734 0.019166873051570013 0.019179124098557692
0 0.447200004871075 0.6936758481539212 0.04192198239839994 0.04168906578650841
0 0.8691729032076322 0.04570585030775804 0.016716590294471152 0.016694967563335713
0 0.29982365094698393 0.966714125413161 0.02013375208928035 0.020133385291466348
0 0.3727404887859638 0.10907252018268292 0.020267780010516826 0.02028344227717473
0 0.3183622360229492 0.6797137627234826 0.0200958251953125 0.01999811025766226
0 0.2906525685237004 0.5289930930504432 0.019383723919208232 0.01934513678917518
0 0.16229679034306452 0.597124980046199 0.017130411588228665 0.01724874056302584
0 0.6943096747765174 0.16295352348914513 0.018147688645582933 0.01811827146089994
0 0.2637070142305814 0.5741648307213416 0.019902962904710036 0.01995673546424279
0 0.378813046675462 0.6357619212223933 0.0201565669133113 0.020270420954777643
0 0.6510794712946966 0.9227059437678411 0.033893585205078125 0.03396679804875301
0 0.27282344377957857 0.37439801142765927 0.020929556626539964 0.021245662982647236
0 0.6070314554067758 0.6341463235708383 0.018468710092397835 0.018485876230093148
0 0.24175444016089806 0.45577122614933896 0.02002121851994441 0.020167424128605768
0 0.2090623378753662 0.9398709810697116 0.025287298055795524 0.02528997567983774
0 0.41896871420053333 0.07478129405241746 0.017251234788161058 0.017088697506831244
0 0.602334242600661 0.22852574861966646 0.019652513357309196 0.0197446529681866
0 0.7992182511549729 0.3814259309035081 0.018946721003605768 0.018740433913010817
0 0.5731647931612455 0.9267679361196665 0.018941879272460938 0.018946427565354567
0 0.4740911630483774 0.5994349259596604 0.01987486619215745 0.01983642578125
0 0.6649220539973333 0.8816270094651443 0.01812289311335637 0.018131549541766826
0 0.46312196438129133 0.735957512488732 0.020527032705453727 0.020657906165489785
0 0.4991616469163161 0.49216387822077823 0.017952405489408053 0.018054375281700723
0 0.502598028916579 0.21625107985276443 0.01848323528583233 0.018407161419208232
0 0.4262199035057655 0.16574514829195464 0.016012265132023737 0.016028184157151442
0 0.2684579629164476 0.18000065363370454 0.019299800579364482 0.0192260008591872
0 0.556421499985915 0.6392409984882061 0.022306148822490986 0.022063475388746995
0 0.6223298586331881 0.30919500497671276 0.01976809134850135 0.019801818407498874
0 0.3859250728900616 0.8849729391244742 0.031203636756310098 0.03109887930063101
0 0.3373822799095741 0.5814303618211013 0.016199038578913763 0.01588278550368089
0 0.13846371724055365 0.8957757216233474 0.028998081500713643 0.029491131122295674
0 0.5980322177593524 0.30579845721905047 0.019076127272385817 0.01902316166804387
0 0.832755235525278 0.2670218027555026 0.015803997333233174 0.016019014211801384
0 0.508221332843487 0.18005725053640512 0.1287205035869892 0.12939845598660982
0 0.28779337956355167 0.7608181880070612 0.015366004063532902 0.015233259934645433
0 0.8495553823617789 0.16106451474703276 0.01455395038311298 0.014738367154048039
0 0.3766294992887057 0.12321981099935678 0.015112876892089844 0.015137544045081506
0 0.5808467864990234 0.4603893573467548 0.015195112961989183 0.015131436861478366
0 0.802228414095365 0.17633742552537185 0.01520083500788762 0.015125641456017127
0 0.5208940505981445 0.7488924173208383 0.018705294682429388 0.018750117375300482
0 0.2672230096963736 0.5322877076955942 0.01506955807025616 0.015533373906062199
0 0.7604254209078275 0.09667183802678035 0.021309485802283652 0.02173724541297326
0 0.8321671852698693 0.2529740333557129 0.014454181377704326 0.014559085552509014
0 0.1676316811488225 0.8071359487680289 0.02436524171095628 0.02421745887169471
0 0.2928248918973483 0.8806916750394381 0.015548926133375902 0.015400519737830529
0 0.10458685801579402 0.7907215265127329 0.017073447887714092 0.017005040095402643
0 0.1803279289832482 0.6245982830341046 0.015423114483173076 0.015486790583683895
0 0.8883848923903245 0.1882760341350849 0.014696414654071514 0.014818631685697116
0 0.39400394146259016 0.6676274079542893 0.014906809880183293 0.014988532433143029
0 0.2635391858907846 0.11548404510204609 0.020617081568791315 0.02049884429344764
0 0.3818857486431415 0.8597554426926833 0.042383780846228965 0.04157462486853966
0 0.6177877279428335 0.9070270978487455 0.018762588500976562 0.018567745502178486
0 0.7514453301062951 0.14760068746713492 0.014634939340444712 0.0146484375
0 0.5460303013141339 0.8515545038076547 0.2029249484722431 0.2082520998441256
0 0.2375962367424598 0.6550218875591571 0.015917851374699518 0.015838623046875
0 0.3943765346820538 0.5873219783489521 0.03156075110802284 0.03191537123460036
0 0.46309364759005034 0.5335405789888822 0.015497647798978366 0.015634830181415264
0 0.5666089424720178 0.8400735121506911 0.023879858163686898 0.022717402531550482
0 0.8643484849196214 0.3446467472956731 0.014957721416766826 0.014864701491135817
0 0.5059454624469464 0.10322216840890738 0.0409548099224384 0.041379525111271784
0 0.1800872545975905 0.11012202042799729 0.01598369158231295 0.016326170701246995
0 0.7115356738750751 0.21131242238558257 0.019017146183894232 0.019074476682222806
0 0.23587606503413275 0.9395227432250977 0.014856265141413761 0.015098131619966947
0 0.7188582787146935 0.10550620005680965 0.015791966364933893 0.015767574310302734
0 0.2857978160564716 0.5555042853722205 0.16541664416973406 0.17556219834547776
0 0.3160596994253305 0.7145592616154597 0.018304091233473558 0.01842498779296875
0 0.5787784869854267 0.9765384380634015 0.016857147216796875 0.016925811767578125
0 0.6757099445049579 0.26861319175133336 0.015896723820612982 0.015851754408616286
0 0.43125710120567906 0.8967588864839994 0.018525343674879808 0.018492478590745192
0 0.218991022843581 0.5695987114539514 0.013982846186711239 0.014036765465369591
0 0.2019805541405311 0.70928221482497 0.014571189880371094 0.014857952411358174
0 0.4008016953101525 0.7684255746694711 0.020613670349121094 0.02053979726938101
0 0.4336362618666429 0.3508332325862004 0.013682365417480469 0.013671288123497596
0 0.5709592379056491 0.19950292660639837 0.02452688950758714 0.02433006580059345
0 0.44379579103910005 0.27601198049692005 0.014359327463003306 0.014554023742675781
0 0.6318661616398737 0.029521064116404608 0.09933622066791241 0.057145847724034235
0 0.44985756507286656 0.0696905988913316 0.016624303964468148 0.016484581507169284
0 0.30971622467041016 0.7573026510385367 0.01706416790301983 0.017154693603515625
0 0.4480799895066481 0.07276938970272358 0.015226070697490986 0.015274588878338154
0 0.6840692666860727 0.8303180107703576 0.052823580228365384 0.05359840393066406
0 0.9112072724562424 0.17549533110398513 0.012666262113131009 0.013605264516977163
0 0.8622203240027795 0.8943997163038987 0.018086360051081732 0.01802517817570613
