0 0.605735705449031 0.9622048598069411 0.09523670489971454 0.0712594252366286
0 0.6194926775418795 0.6564683180588943 0.07561947749211238 0.07600006690392128
0 0.39384742883535534 0.4471390430743878 0.04873312436617338 0.04926373408390926
0 0.4233486835773175 0.34350079756516677 0.10793693249042217 0.10782109774076022
0 0.439116147848276 0.8824264819805439 0.04599402501032902 0.04594010573167067
0 0.43421239119309646 0.25553571260892427 0.050192612868088946 0.050551194411057696
0 0.4878085943368765 0.30788142864520734 0.04334537799541767 0.04357765271113469
0 0.32956622197077823 0.9602157886211689 0.04240256089430589 0.042234567495492786
0 0.538146422459529 0.7645438267634466 0.05327144035926232 0.05318245520958534
0 0.3172314717219426 0.8214960098266602 0.0366365726177509 0.03647701556865986
0 0.5591001510620117 0.8761922396146334 0.033392099233774036 0.033179943378155045
0 0.32572020017183745 0.6628494262695312 0.06903134859525241 0.06942367553710938
0 0.3723902335533729 0.8627951695368841 0.03248933645395132 0.032466741708608776
0 0.6327829360961914 0.544004697066087 0.05019363990196815 0.049765366774338946
0 0.414887208205003 0.07495359274057242 0.022893318763146035 0.02288501079265888
0 0.6212108318622296 0.4802086169903095 0.022380241980919473 0.02246401860163762
0 0.4136932079608624 0.1771975847390982 0.05160947946401743 0.052215172694279596
0 0.6860260596642127 0.49939782802875227 0.026306739220252402 0.02615048335148738
0 0.42167142721322864 0.4880375862121582 0.03257267291729267 0.03246600811298077
0 0.6336609767033503 0.7257816608135517 0.01857170691856971 0.018452570988581732
0 0.6079695774958684 0.5264041607196515 0.01829220698429988 0.018100151648888223
0 0.5840790821955755 0.317317925966703 0.03316996647761418 0.03338212233323317
0 0.6603287916917068 0.2539032789377066 0.04584855299729567 0.04588053776667668
0 0.7050988857562726 0.5460015810452975 0.020777482252854567 0.02123847374549279
0 0.4038825768690843 0.5097204355093149 0.02551445594200721 0.025403976440429688
0 0.4451728600722093 0.07237797058545627 0.18018165001502404 0.14222237697014442
0 0.3363491938664363 0.3076548943152794 0.02797420208270733 0.028261698209322415
0 0.5388936262864333 0.9604165003849909 0.03686053936298077 0.03676546536959135
0 0.5283120962289664 0.8079979236309345 0.021009151752178486 0.02085260244516226
0 0.6942916283240685 0.519755326784574 0.015749124380258415 0.015563524686373197
0 0.5230899590712327 0.554418893960806 0.01837026155911959 0.018171163705679085
0 0.6635726048396184 0.46860775580772984 0.0157626225398137 0.015746483435997598
0 0.607123118180495 0.21193016492403471 0.027060508728027344 0.027376688443697415
0 0.4713616737952599 0.43717703452477086 0.019127332247220553 0.019074513362004206
0 0.39935691540057844 0.9526816881619967 0.027371626633864183 0.026911222017728366
0 0.35604950097891 0.5506419401902419 0.030610377971942607 0.030121583205003005
0 0.5591261203472431 0.03252256833589994 0.04406584226168119 0.04391867380875807
0 0.347504212306096 0.23687292979313776 0.04755731729360727 0.04611051999605619
0 0.5795823610745944 0.90148558983436 0.02242249708909255 0.02266722459059495
0 0.630409680880033 0.44611307290884167 0.018875708946814902 0.018938431373009317
0 0.650511961716872 0.594334235558143 0.02097144493689904 0.021137237548828125
0 0.48447330181415266 0.35565999838022083 0.02350190969613882 0.023034389202411357
0 0.4752191396859976 0.5416187873253455 0.02588492173414964 0.025932752169095553
0 0.4888332807100736 0.813346422635592 0.024603623610276442 0.025054931640625
0 0.32922752086932844 0.4058365455040565 0.04095004155085637 0.04135410602276142
0 0.3696039639986478 0.2047706567324125 0.016408260052020732 0.016554759098933294
0 0.5781485117398776 0.6091582224919245 0.026184595548189603 0.026274607731745794
0 0.5691951604989859 0.6368925388042743 0.02102529085599459 0.02106138376089243
0 0.4960467998798077 0.8464354001558744 0.019468087416428786 0.0196383549616887
0 0.6989798179039588 0.9793033599853516 0.01570716271033654 0.015871781569260817
0 0.5976957908043494 0.5800117345956656 0.02892582233135517 0.029009158794696514
0 0.6803274154663086 0.06278123763891366 0.03127963726337139 0.030906429657569297
0 0.4751301178565392 0.0523729736988361 0.03698238959679237 0.0370779587672307
0 0.6572953737699069 0.11456182369819054 0.01752897409292368 0.017412699185884915
0 0.5690173369187576 0.3628684190603403 0.015764676607572116 0.01595592498779297
0 0.6929009510920598 0.577142385336069 0.018794719989483174 0.018820542555588942
0 0.3247190988980807 0.4501924147972694 0.056215873131385215 0.05651393303504357
0 0.5525905168973483 0.6220656908475436 0.024623577411358174 0.02450385460486779
0 0.5453596848707932 0.936365714439979 0.036640167236328125 0.03623654292179988
0 0.6557465333205003 0.3391890525817871 0.020020705003004808 0.02012296823354868
0 0.3682396962092473 0.4996758974515475 0.045917510986328125 0.04534303225003756
0 0.6840000886183518 0.8098448239839994 0.024138523982121393 0.0247189448429988
0 0.3600288537832407 0.16384231127225435 0.025211040790264424 0.025154663966252253
0 0.6657087619488056 0.5099470431988056 0.01477520282451923 0.014729133019080529
0 0.6680358006403997 0.781214347252479 0.04047247079702524 0.040519420917217545
0 0.31776105440579927 0.8656465090238131 0.02071035825289213 0.02066656259390024
0 0.32788639802199143 0.5530913426325872 0.03176681811992939 0.031601245586688705
0 0.5958193265474759 0.019200625327917244 0.023963414705716647 0.023328904922191914
0 0.5621919265160193 0.799982657799354 0.018489690927358773 0.018613081711989183
0 0.39042142721322864 0.2803636697622446 0.039768218994140625 0.03951938335712139
0 0.38579654693603516 0.24652231656588042 0.024648666381835938 0.02473787161020132
0 0.39491844177246094 0.5917665775005634 0.04828350360576923 0.04875051058255709
0 0.5158508740938627 0.9775797036977915 0.01950660118689904 0.019202599158653848
0 0.64996704688439 0.30872264275184047 0.014856191781850962 0.014758935341468224
0 0.29889585421635556 0.1443564249919011 0.02762115918673002 0.03129821557265062
0 0.5288722698505108 0.21598115334144005 0.02972998985877404 0.030193035419170674
0 0.6368136772742639 0.8170174818772536 0.0371099618765024 0.03737581693209135
0 0.3184665533212515 0.01926154815233671 0.02250216557429387 0.022876941240750827
0 0.5974868994492751 0.015778140379832342 0.019070845383864183 0.0186727734712454
0 0.6992712754469651 0.01480743747491103 0.02749355022723858 0.028848276688502386
0 0.45429442479060245 0.818686998807467 0.01604491013746995 0.016061929556039665
0 0.695474257835975 0.26995090337900013 0.02933780963604267 0.029373829181377705
0 0.6074433693519006 0.6129527825575608 0.016721578744741585 0.016896394582895134
0 0.5418636615459735 0.8491670168363131 0.022992941049429085 0.023017736581655648
0 0.5906124114990234 0.7576725299541767 0.05382449810321514 0.05295856182391827
0 0.4024099570054274 0.3851735041691707 0.015587953420785757 0.015761302067683294
0 0.539828373835637 0.5787014227647048 0.02254911569448618 0.022535397456242487
0 0.4245390525230995 0.9811708010160006 0.039707110478327826 0.03510020329402043
0 0.4623906428997333 0.9750272310697116 0.11241597395676833 0.04957991379957933
0 0.50708924807035 0.05861214949534489 0.021079870370718148 0.021181583404541016
0 0.30767215215242827 0.49232651637150693 0.051348942976731524 0.05481778658353365
0 0.31908446091871995 0.4415713090163011 0.06985501142648551 0.07694082993727464
0 0.3916307596059946 0.8991626592782828 0.02021613487830529 0.02029595008263221
0 0.5251239629892203 0.2127841802743765 0.03826977656437801 0.03803887734046349
0 0.5478814565218412 0.0679333026592548 0.02109835698054387 0.021844093616192158
0 0.4714227823110727 0.3811480081998385 0.014544413639948918 0.014654232905461239
0 0.3870725631713867 0.9255604377159705 0.03346721942608173 0.0335546640249399
0 0.506583727323092 0.4618951357327975 0.018177179189828727 0.018302477323091947
0 0.3530390446002667 0.8943485846886268 0.04725720332219051 0.04710241464468149
0 0.6160320868858924 0.8338515941913311 0.034976959228515625 0.03503124530498798
