0 0.18804645538330078 0.4932132134070763 0.11044604044694167 0.11158238924466647
0 0.13199367889991173 0.6963069622333233 0.11924065076387845 0.1291495103102464
0 0.8607950944166917 0.5102663040161133 0.1316088162935697 0.21781070415790266
0 0.2799173135023851 0.540738949408898 0.06195288438063402 0.06144303541917067
0 0.5438165297875037 0.7876239923330454 0.08591783963716947 0.0868085714486929
0 0.40437782727755034 0.7864792163555439 0.05924100142258864 0.05934906005859375
0 0.8074676073514498 0.049284316026247464 0.16184498713566706 0.09560116437765268
0 0.13942656150230995 0.40753474602332485 0.05529007544884315 0.05546364417442909
0 0.6778438274676983 0.20547841145442083 0.046886590810922474 0.04707879286545973
0 0.494602790245643 0.7107967229989859 0.028200442974384014 0.02805959261380709
0 0.7492223152747521 0.3138326131380521 0.0341791006234976 0.03430725977971004
0 0.3288417229285607 0.9477543464073768 0.03902163872352013 0.03907100970928486
0 0.8448773897611178 0.36820477705735427 0.023845525888296273 0.024112921494704027
0 0.28316600506122297 0.3163336973923903 0.028685643122746393 0.02831723139836238
0 0.41858753791222203 0.20107151911808893 0.02440511263333834 0.024503047649676982
0 0.7486556126521184 0.48325435931865984 0.03240629342886118 0.032425953791691706
0 0.4327869415283203 0.6927264286921575 0.05019532717191256 0.05024279080904447
0 0.38846434079683745 0.368951467367319 0.05680392338679387 0.0566712892972506
0 0.4863890134371244 0.18011914766751802 0.021346605741060697 0.02141578380878155
0 0.5571664663461539 0.5609796964205228 0.020114311805138223 0.020273648775540866
0 0.1825742904956524 0.8464736204880935 0.017439878903902493 0.01744255652794471
0 0.19723004561204177 0.13586260722233698 0.020401147695688102 0.02047439721914438
0 0.8732522817758414 0.7283229094285232 0.043495471660907455 0.04435128432053786
0 0.4567444141094501 0.77892332810622 0.04795426588792067 0.048395010141225964
0 0.6464937650240384 0.11606849156893216 0.018503922682542067 0.01846617918748122
0 0.3645552121675931 0.9670775486872747 0.04071463071382963 0.04085071270282452
0 0.36427607903113735 0.40914586874154896 0.06853558466984676 0.06897618220402645
0 0.8336291679969201 0.32587238458486706 0.022635826697716348 0.022805287287785456
0 0.41669801565317005 0.060274408413813665 0.024441939133864183 0.024686987583453838
0 0.7309122085571289 0.8087905003474309 0.017893571120042067 0.017743917611929085
0 0.39394063215989333 0.7218636732835036 0.034396978525015026 0.03444965069110577
0 0.13836427835317758 0.9738263350266677 0.039483877328725964 0.039404649000901446
0 0.12440267892984244 0.2783791652092567 0.01965953753544734 0.019770695612980768
0 0.1421846609849196 0.9187736511230469 0.026479537670428935 0.026566725510817308
0 0.76837341602032 0.9904667047353891 0.031184563269981973 0.018108954796424277
0 0.1689143547644982 0.8578177232008714 0.022357720595139723 0.02288026076096755
0 0.5622617281400241 0.5135762141301081 0.016298880943885215 0.016223907470703125
0 0.17422969524676984 0.01869448904807751 0.016592685992901143 0.016657116321417
0 0.7191873697134165 0.2351818818312425 0.019420917217548076 0.01943544241098257
0 0.16779701526348406 0.2318275891817533 0.020736180818997897 0.020844019376314603
0 0.6282110947829026 0.09827863253079928 0.017268841083233174 0.017456788283128005
0 0.6345161291269156 0.980626106262207 0.05521965026855469 0.03531998854417067
0 0.3521718245286208 0.9291384036724384 0.022873364962064303 0.022820252638596755
0 0.6005494044377253 0.5313923175518329 0.03205534128042368 0.03170453585111178
0 0.8377576974722055 0.3456293252798227 0.021186241736778848 0.021251164949857272
0 0.7569518456092248 0.17145901459913987 0.015611208402193509 0.015614069425142728
0 0.3977804917555589 0.5105039889995868 0.014610217167780949 0.014867489154522236
0 0.41272838299091047 0.10852714685293344 0.01672084514911358 0.016765264364389274
0 0.6343297958374023 0.41903261037973255 0.016328811645507812 0.016144679142878607
0 0.1341182360282311 0.27023454812856823 0.01729127076955942 0.017305300785945013
0 0.6253563807560847 0.48718958634596604 0.018935570350060098 0.018706835233248197
0 0.4913474596463717 0.14749747056227464 0.016098535977877103 0.016157003549429085
0 0.3481346277090219 0.1422529679078322 0.017403235802283652 0.017276928975031927
0 0.12079537831819974 0.2142491340637207 0.0197756840632512 0.01970019707312951
0 0.38334054213303786 0.20113523189838117 0.016096115112304688 0.016070145827073317
0 0.7201807315532978 0.7440562615027795 0.015449817364032451 0.01553799555851863
0 0.3877551005436824 0.465237910930927 0.021954169640174277 0.02168758098895733
0 0.7648372650146484 0.04110849820650541 0.020546986506535456 0.020721802344689004
0 0.7235767657940204 0.9535980224609375 0.059766329251802884 0.0587469247671274
0 0.7474225117610052 0.13810597933255708 0.015132610614483174 0.015142459135789137
0 0.10738378304701585 0.06981551647186279 0.014721228526188778 0.014729499816894531
0 0.47515076857346755 0.6176693989680364 0.021833419799804688 0.022079027616060697
0 0.6346200796274039 0.3904536320612981 0.017640040471003607 0.017902080829326924
0 0.35335540771484375 0.8651881584754357 0.02353536165677584 0.023722135103665866
0 0.58417298243596 0.6165890326866736 0.014677194448617788 0.015083056229811449
0 0.5900372725266677 0.08151461527897762 0.020004712618314303 0.020266129420353815
0 0.47829407912034255 0.406927622281588 0.014443030724158654 0.014450513399564303
0 0.614776427929218 0.2385584941277137 0.014773955711951623 0.014733021075908955
0 0.5900788307189941 0.16134012662447417 0.01599289820744441 0.015932459097642165
0 0.7559036108163687 0.5485102580143855 0.016504434438852165 0.016439291147085335
0 0.344576542194073 0.8863597282996545 0.02697137685922476 0.02671637901893029
0 0.36443328857421875 0.6694384354811448 0.014988972590519832 0.015073776245117188
0 0.10908379921546349 0.31845844708956206 0.02111970461331881 0.021363185002253607
0 0.18685351885282075 0.43537015181321365 0.015137562384972205 0.015278302706204928
0 0.5066849268399752 0.4340565021221454 0.015351075392503005 0.015352249145507812
0 0.721504651583158 0.988858516399677 0.015549292931189904 0.01511852557842548
0 0.809874021089994 0.039166317536280706 0.015473879300631009 0.015427094239455003
0 0.568176636329064 0.060300891215984635 0.026810279259314902 0.02682805061340332
0 0.42849005185640776 0.9891832791841947 0.02891056354229267 0.019698216364933893
0 0.4220797832195575 0.598905636714055 0.01746397752028245 0.017469406127929688
0 0.8112462850717398 0.5618047714233398 0.020264845628004808 0.020583666287935697
0 0.6298069587120643 0.43293978617741513 0.02365391071026142 0.023428916931152344
0 0.7183311168964093 0.9616328019362229 0.08083636944110577 0.07051409207857572
0 0.7004422407883865 0.7536487579345703 0.3439913529616136 0.34485802283653844
0 0.26996649228609526 0.8995097967294546 0.029842229989858773 0.02990414546086238
0 0.897862801185021 0.31568094400259167 0.018192291259765625 0.018147101769080527
0 0.16985467764047477 0.24890980353722206 0.013911247253417969 0.013568658095139723
0 0.42278377826397234 0.8843207726111779 0.01595790569598858 0.015836568979116585
0 0.46860650869516224 0.19422065294705904 0.014693920428936299 0.014711453364445614
0 0.6247693575345553 0.06686172118553749 0.016371800349308893 0.016285822941706732
0 0.4749959432161771 0.7272682189941406 0.01977201608511118 0.020065894493689902
0 0.13657508446620062 0.16640604459322417 0.014121587459857646 0.01420288819533128
0 0.22662944060105544 0.6902314699613131 0.016974595876840446 0.016659076397235576
0 0.24854295070354754 0.4797502664419321 0.013885021209716797 0.013872586763822116
0 0.34239757977999175 0.9372598207913913 0.04293133662297176 0.03771620530348558
0 0.40474469845111555 0.4750880461472731 0.01897269028883714 0.018686808072603665
0 0.8399712489201472 0.04399983699505146 0.01624444814828726 0.01642166651212252
0 0.4336416537945087 0.24674074466411883 0.014403269841120793 0.014746665954589844
0 0.8553007566011869 0.21147860013521635 0.01826653113731971 0.018361715170053337
0 0.33647610591008115 0.3456119023836576 0.016587184025691107 0.01645073523888221
0 0.9062269650972806 0.03389747326190655 0.03462982177734375 0.046761127618642956
0 0.4758625030517578 0.9069232940673828 0.014934393075796274 0.014869396503155049
0 0.4573844762948843 0.6433184697077825 0.015157993023212139 0.015266125018780049
0 0.46577992806067836 0.08128787921025203 0.018133163452148438 0.018432841851161078
0 0.16018091715299165 0.31735809032733625 0.02712726593017578 0.02718982329735389
0 0.4208267285273625 0.4645264698908879 0.022345616267277643 0.021843763498159554
0 0.16579406078045184 0.9311197721041166 0.02038709933941181 0.020836463341346152
0 0.5209810550396259 0.2882880430955153 0.015209051278921274 0.015007752638596755
0 0.32569265365600586 0.5317102945767916 0.013224234947791466 0.01288157242995042
0 0.6693875973041241 0.224517455467811 0.017499923706054688 0.016689593975360576
0 0.37248992919921875 0.3896027344923753 0.0147551023043119 0.015174572284405049
0 0.0967097282409668 0.5061390216533954 0.04741842930133526 0.05417838463416466
0 0.17767781477708083 0.08621025085449219 0.01379687969501202 0.013665859515850361
0 0.5778109477116511 0.5024973429166354 0.014586228590745192 0.014703677250788761
0 0.3616783435528095 0.3105877729562613 0.03785287416898287 0.03739599081186148
0 0.3327646622290978 0.3082123536330003 0.013361123891977163 0.013551712036132812
0 0.40707008655254656 0.47313822232759917 0.021546070392315205 0.021487602820763223
0 0.13798768703754133 0.23180215175335223 0.028877771817720853 0.0292202509366549
0 0.827635618356558 0.6137846433199369 0.019997670100285456 0.020331896268404447
0 0.32164342586810774 0.17688872263981745 0.01401057610144982 0.014203438392052284
