0 0.5636003934420072 0.8864393967848557 0.06434029799241286 0.06445136437049279
0 0.28829662616436297 0.2885309366079477 0.04442779834453876 0.04433001004732572
0 0.6150228427006648 0.047912964454064004 0.03722300896277794 0.037020167479148276
0 0.7214550605187049 0.567198056441087 0.03417689983661358 0.03425414745624249
0 0.3998871583205003 0.11565065383911133 0.028798029972956732 0.02877345451941857
0 0.7074925349308894 0.3512549033531776 0.019031524658203125 0.019048690795898438
0 0.5249934563269982 0.8172306647667518 0.03380159231332632 0.033687591552734375
0 0.7797344647921048 0.9116370861346905 0.02924038813664363 0.029450343205378607
0 0.55107358785776 0.5045811579777644 0.033752147967998795 0.03386380122258113
0 0.7233975483820989 0.42270986850445086 0.022483678964468148 0.02266385005070613
0 0.37667333162747896 0.8307618361253005 0.026761568509615384 0.02681600130521334
0 0.8538225614107572 0.10156958836775559 0.030750274658203125 0.03075231038607084
0 0.4748592743506798 0.7176643518301157 0.023732845599834736 0.023732698880709134
0 0.14017860706035906 0.8364318700937124 0.022925083453838643 0.022851943969726562
0 0.7498087516197791 0.6286888856154221 0.028217902550330527 0.02840761037973257
0 0.7505656022291917 0.3419808241037222 0.023406102107121393 0.023581211383526143
0 0.6929827470045823 0.4430329983051007 0.019220498891977165 0.01921565716083233
0 0.16056566971998948 0.053865863726689264 0.025477051734924316 0.02553356610811674
0 0.8828163146972656 0.4331348125751202 0.025858952448918268 0.025947130643404447
0 0.2931087567256047 0.35062430455134463 0.01724998767559345 0.017239203819861777
0 0.11886472885425274 0.46784709050105167 0.017976779204148512 0.018065525935246393
0 0.5227172924922063 0.19507710750286394 0.020885320810171273 0.021166104536790114
0 0.2508490269000714 0.64128905076247 0.02031252934382512 0.02028832068810096
0 0.30388404772831845 0.4141983619103065 0.015704265007605918 0.01557628925030048
0 0.28008152888371396 0.6230345505934495 0.017567194425142728 0.01747721892136794
0 0.4379123541025015 0.11930023706876315 0.01708045372596154 0.01713087008549617
0 0.18990025153526893 0.41155202572162336 0.01507117198063777 0.015152931213378906
0 0.3205250960129958 0.48338978107158953 0.017393772418682393 0.017255416283240683
0 0.6055916272676908 0.274568667778602 0.020499302790715143 0.02032617422250601
0 0.27236432295579177 0.31551823249230015 0.02848082322340745 0.02815378629244291
0 0.6160479325514573 0.3313022760244516 0.021129938272329476 0.021166874812199518
0 0.696276591374324 0.19392959888164812 0.018207550048828125 0.018165001502403848
0 0.7345415995671198 0.895415159372183 0.021879929762620192 0.022208433884840745
0 0.11401642285860501 0.5087136121896597 0.016643560849703275 0.016548743614783652
0 0.2387681924379789 0.5871010927053598 0.01890846399160532 0.018879156846266527
0 0.29668558560884917 0.6827463736900916 0.01964877201960637 0.019664470966045674
0 0.5794965303861178 0.026017966178747323 0.024031419020432692 0.023554412218240593
0 0.1366822627874521 0.3246004398052509 0.019124672963069037 0.019336407001201924
0 0.18956732749938965 0.5571958101712741 0.01510323010958158 0.01529224102313702
0 0.45729549114520734 0.7601278745211087 0.01799488067626953 0.01805598919208233
0 0.4744425553541917 0.47047725090613735 0.01990347642164964 0.019972874568058893
0 0.2256356936234694 0.262868569447444 0.016192069420447715 0.016340255737304688
0 0.6165893261249249 0.17621484169593224 0.01669021753164438 0.016675252180833083
0 0.7097471677339994 0.6652698516845703 0.018828465388371393 0.018860890315129206
0 0.1798690649179312 0.25159527705265927 0.0162047606248122 0.016199918893667366
0 0.11207588819357064 0.961853394141564 0.01665938817537748 0.016854359553410456
0 0.3207874298095703 0.6353814051701472 0.02864412161020132 0.02802100548377404
0 0.16565396235539362 0.32042628068190354 0.017649210416353665 0.01743947542630709
0 0.5088571401742789 0.44990352483896107 0.021766222440279447 0.022082035358135518
0 0.3905030030470628 0.6023661540104792 0.024851505572979268 0.024748582106370192
0 0.30429999644939715 0.5780881001399114 0.019724295689509466 0.019910812377929688
0 0.22544215275691107 0.22475647926330566 0.02591866713303786 0.02618885040283203
0 0.24364601648770845 0.014265515483342685 0.01745763191810021 0.017365430410091694
0 0.4806812359736516 0.10471568657801701 0.016881796029897835 0.01690783867469201
0 0.12903699508080116 0.08242196303147536 0.01820821028489333 0.018162942849672757
0 0.5684433716994065 0.10843420028686523 0.09691165043757512 0.09965269382183368
0 0.6187983292799729 0.5176084224994366 0.015761155348557692 0.015555088336651143
0 0.44738189990703875 0.46592140197753906 0.015860484196589544 0.0160824702336238
0 0.28082820085378796 0.12610400640047514 0.01596982662494366 0.01591007526104267
0 0.20593689038203314 0.6812763214111328 0.035555546100323014 0.03525073711688702
0 0.7399407166701096 0.5574560165405273 0.12069144615760216 0.12331522428072415
0 0.8862102215106671 0.11813119741586539 0.030887016883263223 0.03403601279625526
0 0.5629424315232497 0.38477428142841047 0.017068862915039062 0.017305740943321817
0 0.3515818669245793 0.6389481471135066 0.026488084059495192 0.026421473576472357
0 0.8059552999643179 0.27726166064922625 0.01685934800368089 0.016769849337064303
0 0.23625582915086013 0.954894285935622 0.03055873283973107 0.030508774977463942
0 0.8411549788254958 0.8995783879206731 0.023706582876352165 0.023829826941856973
0 0.47472465955294096 0.9042166196382962 0.01581998971792368 0.015534327580378605
0 0.4638514885535607 0.8534751305213342 0.015156965989332933 0.015393477219801683
0 0.31208251072810245 0.37677570489736706 0.013980718759390024 0.014056939345139723
0 0.5345232670123761 0.9609347123366135 0.01876985109769381 0.018683947049654447
0 0.8564828725961539 0.5264078286977915 0.04495033851036659 0.044910284189077526
0 0.5303082466125488 0.9058608275193435 0.015048760634202223 0.014890524057241587
0 0.7551215978769156 0.9494756551889273 0.016454696655273438 0.016589238093449518
0 0.13119585697467512 0.20621314415564904 0.020525492154634915 0.020398910229022685
0 0.2428275621854342 0.8450463368342473 0.05434916569636418 0.053903432992788464
0 0.11117867323068473 0.4329704504746657 0.016671364124004658 0.016683358412522536
0 0.5084648865919846 0.7910176790677584 0.023237961989182692 0.022998809814453125
0 0.266431239935068 0.19327369103064904 0.013880472916823167 0.013895695026104268
0 0.20079071705157941 0.7611211630014273 0.01446082041813777 0.014610877403846154
0 0.5164905694814829 0.7466015448937049 0.016004122220552884 0.016309004563551683
0 0.6399562542255108 0.3388787783109225 0.02295992924616887 0.02323488088754507
0 0.10907351053678073 0.8104693339421198 0.013937950134277344 0.01565096928523137
0 0.13594638384305513 0.9034726069523737 0.03364918782160832 0.03383577786959135
0 0.45511828936063325 0.2527496081132155 0.015511806194598857 0.01578994897695688
0 0.2943729070516733 0.886469474205604 0.023137862865741435 0.0233767582820012
0 0.29824256896972656 0.7347395970271184 0.0361016346858098 0.036422436053936295
0 0.4251718521118164 0.29976975000821626 0.01440136249248798 0.014559599069448618
0 0.5515773112957294 0.7713802044208233 0.017476742084209736 0.017516649686373197
0 0.4766698983999399 0.9287088834322416 0.015010687021108774 0.014919574444110576
