0 0.2552140492659349 0.4154145901019757 0.0734714728135329 0.07372430654672477
0 0.33894902009230393 0.958147929264949 0.04586975391094501 0.04591516348031851
0 0.26404809951782227 0.8696140142587515 0.020292942340557393 0.020309008084810697
0 0.035516674701984115 0.4287037482628456 0.019504519609304573 0.019485913790189303
0 0.35955120966984677 0.6632209190955529 0.01826895200289213 0.018247164212740384
0 0.3550120133620042 0.0863966575035682 0.019044802739070013 0.019305614324716423
0 0.545138799227201 0.8355340224045974 0.020067508404071514 0.01991433363694411
0 0.0070557634417827315 0.7711448669433594 0.014116866084245535 0.02591705322265625
0 0.2661655866182767 0.9106791569636419 0.02716233180119441 0.027185880220853366
0 0.8688719089214618 0.6111847437345065 0.025364802433894232 0.025458922752967246
0 0.7149273799015925 0.3795654590313251 0.044060046856219955 0.04439141200138973
0 0.4780888190636268 0.2937462329864502 0.024792010967548076 0.024926075568565957
0 0.5307503113379846 0.9119042616624099 0.025927103482759915 0.026079618013822116
0 0.3997037227337177 0.21048219387347883 0.018926253685584433 0.019063876225398138
0 0.39520920239962065 0.0362248787513146 0.02908633305476262 0.029226248080913838
0 0.3522018285898062 0.4010514479417067 0.031679813678448014 0.03178816575270433
0 0.5178020183856671 0.4825278795682467 0.017457228440504808 0.017445197472205527
0 0.717136969933143 0.33335289588341344 0.018305851862980768 0.018257287832406852
0 0.7561396085298978 0.9159237788273737 0.016894707312950723 0.01676148634690505
0 0.9858147547795222 0.2930595874786377 0.022366743821364183 0.022736806135911208
0 0.032959163188934326 0.8984598013070914 0.017437393848712627 0.017234215369591348
0 0.11362796563368577 0.6476523325993464 0.032476571890024036 0.03227674044095553
0 0.9725170135498047 0.48424155895526594 0.04590826768141527 0.04634989224947416
0 0.3860000830430251 0.1164776637003972 0.02445081564096304 0.02471010501568134
0 0.6660265555748572 0.36717469875629133 0.032776172344501205 0.032591746403620794
0 0.9008587323702298 0.8350236599261944 0.016566056471604567 0.01671145512507512
0 0.6161214388333834 0.9196269695575421 0.017861292912409857 0.01766380896935096
0 0.9890946608323318 0.26746991964486927 0.017490973839393027 0.017859458923339844
0 0.8636309550358698 0.8778171539306641 0.017802898700420674 0.017818744365985576
0 0.4976426638089694 0.6570229163536658 0.017058152418870192 0.017132685734675482
0 0.13612904915442833 0.555446771474985 0.01939542476947491 0.01955135052020733
0 0.8524357722355769 0.5525948084317721 0.02680807847243089 0.026827885554387018
0 0.3930507806631235 0.6963331515972431 0.016582782451923076 0.0168917729304387
0 0.9137358298668494 0.1882935670705942 0.02237070523775541 0.022504036243145283
0 0.2040412792792687 0.6466232446523813 0.017398944267859824 0.017341760488656852
0 0.7707120455228366 0.3398425395672138 0.029643132136418268 0.02952913137582632
0 0.4739680657019982 0.08407744077535775 0.01595159677358774 0.015898796228262093
0 0.5699810981750488 0.3461298575768104 0.015481215256911058 0.01567708528958834
0 0.025699826387258675 0.6632847419151893 0.01836493840584388 0.018743074857271634
0 0.1530137979067289 0.3287144440871019 0.019167239849384014 0.019520099346454326
0 0.8310525600726788 0.4040239774263822 0.02709784874549279 0.02730582310603215
0 0.9625918315007136 0.3186224057124211 0.017258864182692308 0.017099600571852464
0 0.3841606286855844 0.46791773576002854 0.024575453538161058 0.024664805485652044
0 0.35654409115131086 0.7301352574275091 0.027476384089543268 0.02736208989070012
0 0.48159107795128453 0.5668499653155987 0.018142260037935697 0.017945509690504808
0 0.8805756202110877 0.7736128293550931 0.015470798198993389 0.015606219951923076
0 0.4739716603205754 0.9635508610652044 0.030567022470327523 0.030237344595102165
0 0.44425443502572864 0.3055093838618352 0.020839104285606973 0.020790833693284255
0 0.8558320999145508 0.5794159815861628 0.02106813284067007 0.021235099205603965
0 0.8989991408128005 0.38637579404390776 0.018535614013671875 0.018553660466120794
0 0.6037405820993277 0.9523688096266526 0.016731995802659255 0.0165249751164363
0 0.4224410423865685 0.43912792205810547 0.02049402090219351 0.02049739544208233
0 0.3600115409264198 0.1879591208237868 0.015095930833082933 0.01528615217942458
0 0.7150735121506911 0.7679685445932242 0.015166942889873799 0.015172518216646634
0 0.7045889634352464 0.9614067077636719 0.015644953801081732 0.015674297626201924
0 0.5426212457510141 0.7470192542442908 0.02507811326246995 0.025154847365159255
0 0.9683673565204327 0.6741886138916016 0.02606788048377404 0.026023277869591348
0 0.8376957820012019 0.565767031449538 0.019175602839543268 0.019237444950984076
0 0.8836803436279297 0.835933098426232 0.014956987821138822 0.015076270470252404
0 0.5188336005577674 0.7254800062913161 0.024951347937950723 0.025666163517878607
0 0.9113198793851413 0.506866455078125 0.014547788179837741 0.014549548809344951
0 0.8144654494065505 0.5533685684204102 0.03201587383563702 0.03217946566068209
0 0.1565110316643348 0.39277384831355167 0.022640778468205378 0.02255425086388221
0 0.09466195106506348 0.7889819512000451 0.014234029329740085 0.014075352595402645
0 0.4043123538677509 0.32056592060969424 0.014641394981971154 0.014669418334960938
0 0.570289685175969 0.750669919527494 0.014872110806978665 0.014986184927133413
0 0.2697444695692796 0.27178333355830264 0.015143761268028846 0.01538845208974985
0 0.33774750049297625 0.3814280583308293 0.02499727102426382 0.02551724360539363
0 0.7990828294020432 0.6850090026855469 0.019316746638371393 0.01945642324594351
0 0.6137974078838642 0.5173162313608023 0.02425208458533654 0.024112114539513223
0 0.6395677419809195 0.09875500202178955 0.019795344426081732 0.020153522491455078
0 0.32446938294630784 0.3677336619450496 0.02159742208627554 0.021980725801908053
0 0.44436249366173375 0.2200173964867225 0.04935602041391226 0.04921296926645132
0 0.48990392684936523 0.42550215354332555 0.04004309727595402 0.03871484903188852
0 0.11300481282747708 0.9474612749539889 0.019756848995502178 0.019864302415114183
0 0.901309086726262 0.14584658696101263 0.016361089853140023 0.016405582427978516
0 0.05293691616791945 0.4887549693767841 0.016826592958890475 0.016644991361177884
0 0.3992343315711388 0.37310479237483096 0.016819146963266227 0.01665159372182993
0 0.9902427379901593 0.36833550379826474 0.016112694373497598 0.018845778245192308
0 0.1461020983182467 0.2827325967641977 0.019795674544114333 0.020027820880596455
0 0.44997233610886794 0.7646902524507962 0.014735882098858174 0.014836971576397236
0 0.7607000057513897 0.3728679143465482 0.05710190993088942 0.05742828662578876
0 0.48122857167170596 0.05932237551762508 0.0257112796490009 0.025670510071974535
0 0.20697325926560622 0.49718156227698695 0.017915102151724007 0.01822324899526743
0 0.8345353053166316 0.5436458954444299 0.01753821739783654 0.01767444610595703
0 0.8393390362079327 0.6036151739267203 0.024810937734750602 0.02485480675330529
0 0.8411943729107196 0.737358019902156 0.018605745755709134 0.018630834726186898
0 0.6610320164607122 0.423272573030912 0.030602675217848558 0.03078915522648738
0 0.2989037220294659 0.3492780098548302 0.023855869586651143 0.0240020751953125
0 0.9515688235943134 0.1924915313720703 0.01436600318321815 0.014478390033428486
0 0.6548169943002554 0.4856274678156926 0.03989557119516226 0.040067012493426986
0 0.2464576134314904 0.8918614020714393 0.013735257662259616 0.013777219332181491
