0 0.40952763190636265 0.10528177481431228 0.06461921105018029 0.06523400086622971
0 0.33834545428936297 0.3180675506591797 0.05510432903583233 0.054201401196993314
0 0.4801324697641226 0.3444390663733849 0.046703265263484076 0.047101534329927884
0 0.3528125102703388 0.2643590707045335 0.06760054368239182 0.06792530646690956
0 0.670224116398738 0.5039832041813777 0.03845537625826322 0.038542674137995794
0 0.4420589300302359 0.27907929053673375 0.035304949833796576 0.03506066248967098
0 0.14241464321429914 0.1674031110910269 0.03917055863600511 0.03874639364389273
0 0.06641700634589562 0.27544443423931414 0.047025368763850287 0.04720577826866737
0 0.5218056165255033 0.8624533139742337 0.0551606691800631 0.054956289438100964
0 0.5089527643643893 0.6878203612107497 0.020624527564415567 0.02065893319936899
0 0.1607535068805401 0.07630422482123742 0.25339559408334583 0.15361321889437163
0 0.5929828790517954 0.7887207911564753 0.03220719557542067 0.032173450176532455
0 0.4298144487234262 0.06121542820563683 0.03700344379131611 0.03699729992793156
0 0.7715933873103216 0.5688723417428824 0.033516223614032455 0.03361034393310547
0 0.07465693583855262 0.8155722984900842 0.0338141734783466 0.033841646634615384
0 0.5086915676410382 0.21875814291147086 0.04721494821401743 0.047464884244478665
0 0.307447781929603 0.7742337446946365 0.050968133486234225 0.05156091543344351
0 0.13625020247239333 0.38247005756084734 0.04320878248948317 0.04304357675405649
0 0.20869266069852388 0.12283250001760629 0.03566925342266376 0.035445139958308294
0 0.865913464472844 0.5410883243267353 0.024683145376352165 0.02508970407339243
0 0.8332121922419622 0.31653690338134766 0.029424373920147236 0.029351326135488656
0 0.913300294142503 0.8450835301325872 0.03111413808969351 0.0310061528132512
0 0.14094610397632307 0.9525608649620643 0.05074147077707144 0.049106597900390625
0 0.7979969611534705 0.7796016106238732 0.02773901132436899 0.027922997107872598
0 0.44835193340594953 0.2532196778517503 0.02008848923903245 0.019879707923302285
0 0.8171398456280048 0.9317512512207031 0.018358670748197116 0.0183871342585637
0 0.5408307222219614 0.4263274853046124 0.022833604079026442 0.022852971003605768
0 0.2358412375816932 0.6591391930213342 0.023212652940016527 0.02307921189528245
0 0.6855134963989258 0.3750456296480619 0.0280148432804988 0.027771729689378005
0 0.10664110917311448 0.640318357027494 0.024600102351262018 0.024764427771935098
0 0.8487966977632962 0.016325874970509455 0.025643568772536058 0.025463365591489352
0 0.4949783178476187 0.6614717336801382 0.03721897418682392 0.037003737229567304
0 0.7098683577317458 0.5997021748469427 0.0319219735952524 0.03212650005634014
0 0.4560573651240422 0.5049480291513296 0.03554622943584736 0.03592989994929387
0 0.9174270629882812 0.7990740262545072 0.026978712815504808 0.026665467482346755
0 0.6337209114661584 0.8186236895047702 0.024860235360952523 0.024899115929236777
0 0.4371063159062312 0.8903674345750076 0.02030629378098708 0.020210412832406852
0 0.9474870241605319 0.5688687104445237 0.029929527869591348 0.02994405306302584
0 0.7400041726919321 0.6662949782151443 0.03206076988807091 0.03226265540489784
0 0.8455001390897311 0.5796386278592623 0.018989709707406852 0.019088304959810697
0 0.6538066130418044 0.19404224249032828 0.018850179818960335 0.019093880286583535
0 0.6461899097149189 0.7300211099477915 0.0203549311711238 0.020299177903395433
0 0.23574044154240534 0.44702412531926083 0.039043353154109076 0.039043426513671875
0 0.10546753956721379 0.3219047693105844 0.016280357654278096 0.0163421630859375
0 0.7167113377497747 0.8734532136183518 0.03571877112755409 0.03542137145996094
0 0.06314463798816387 0.30899733763474685 0.01716784330514761 0.016921043395996094
0 0.6211648354163537 0.7829970579880935 0.021343377920297477 0.02124199500450721
0 0.566169812129094 0.764155021080604 0.022801619309645433 0.0229647709773137
0 0.473452274615948 0.4221199842599722 0.01976908170259916 0.019950279822716348
0 0.44430277897761417 0.3581652274498573 0.21058552081768328 0.2201995849609375
0 0.30092015633216274 0.5062674742478591 0.01775330763596755 0.01795049814077524
0 0.5028897798978366 0.6271821535550631 0.016418823829064004 0.016627091627854567
0 0.7486280294565054 0.6208393390362079 0.026303511399489183 0.0262911869929387
0 0.8739724526038537 0.709263067979079 0.024780126718374398 0.024726280799278848
0 0.4589641277606671 0.6875448960524339 0.02287776653583233 0.022153414212740384
0 0.252683162689209 0.2716972277714656 0.0213773433978741 0.021498423356276292
0 0.8684065892146184 0.04850428837996263 0.018392122708834134 0.01847562423119178
0 0.06708826010043804 0.7934096409724309 0.019378029383145846 0.019847576434795674
0 0.23377634928776667 0.41810996715839094 0.016077775221604567 0.015824244572566107
0 0.6439882425161508 0.09098516060755803 0.024815192589393027 0.025226372938889723
0 0.7662403400127704 0.062165993910569414 0.018626873309795674 0.018774967927199144
0 0.8943239358755258 0.970733642578125 0.03309220534104567 0.03316644521859976
0 0.30529484382042515 0.8707470527062049 0.02828531998854417 0.028885474571814902
0 0.5207977294921875 0.6467092220599835 0.02429067171536959 0.024578974797175482
0 0.5426469215979943 0.4044618239769569 0.01984742971567007 0.019846696120042067
0 0.7665744194617639 0.5192144467280462 0.031257335956280045 0.030569076538085938
0 0.6170440086951623 0.8070389674260066 0.0231628051170936 0.023456866924579326
0 0.5874266257652869 0.09782312466548039 0.02626932584322416 0.02582696767953726
0 0.4108896989088792 0.19831650073711687 0.03163469754732572 0.03138923645019531
0 0.8505769876333383 0.7250779958871695 0.021744508009690505 0.021883157583383415
0 0.6712733048659104 0.7526004497821515 0.014330056997445913 0.014570969801682692
0 0.4005179772010216 0.895520283625676 0.02234811049241286 0.02256437448354868
0 0.586539782010592 0.926762947669396 0.02322666461651142 0.023393777700570915
0 0.3154716491699219 0.3702231187086839 0.04241563723637508 0.04204471294696514
0 0.4745940061715933 0.7874521108774039 0.0510106453528771 0.05138690655048077
0 0.6343412399291992 0.7920433191152719 0.01894217271071214 0.018930875338040866
0 0.09199280922229473 0.6194774921123798 0.019543849504910983 0.01932804401104267
0 0.3320027131300706 0.3720843608562763 0.021642611576960638 0.022031710698054388
0 0.8654930408184345 0.9840234609750601 0.025266207181490384 0.025036738469050482
0 0.11037146128140964 0.9372011331411508 0.031949556790865384 0.03192960298978365
0 0.5684547424316406 0.48589622057401216 0.03950999333308293 0.039427757263183594
0 0.5947270026573768 0.8123934819148138 0.018510818481445312 0.018317589393028848
0 0.7502839748676007 0.8460259070763221 0.017591476440429688 0.01765603285569411
0 0.44889163970947266 0.656855216393104 0.018277535071739785 0.01831846970778245
0 0.21774765161367562 0.20957829402043268 0.018233519334059495 0.018110201908991888
0 0.7048697104820838 0.4565609051631047 0.020291841947115384 0.020194860605093148
0 0.5359069384061373 0.6757293114295373 0.015604459322415866 0.015522590050330529
0 0.7254117818979117 0.5104000018193171 0.02660956749549279 0.026250178997333232
0 0.3537704394413875 0.4677673119765062 0.015557142404409556 0.01552427732027494
0 0.9046564102172852 0.8226870023287259 0.02050355764535757 0.02050649202786959
0 0.35048851600060094 0.009122169934786283 0.019640702467698317 0.016876793824709378
0 0.36253092839167667 0.16124334702124962 0.015558389516977163 0.01569956999558669
0 0.4008936515221229 0.23426345678476188 0.0324552976168119 0.032219886779785156
0 0.21268287071814904 0.8827049548809345 0.04669820345365084 0.04632568359375
0 0.03892347904352041 0.8255251370943509 0.015968524492703952 0.016579848069411058
0 0.5964317688575158 0.8363157419057993 0.018451764033390924 0.01847986074594351
0 0.17661301906292254 0.2812795272240272 0.0377507209777832 0.037397531362680286
0 0.9078492384690505 0.7208172724797175 0.01592122591458834 0.01666993361253005
0 0.26517380200899565 0.13349792590508094 0.034365067115196817 0.034580047313983626
0 0.036135964668714084 0.9132504096397986 0.012962639331817627 0.016094354482797477
0 0.3801880616408128 0.13501864213209885 0.023266132061298076 0.02376549060528095
0 0.6937054854172927 0.6298565497765174 0.021691542405348558 0.022074772761418268
0 0.7221541771521935 0.04706994386819693 0.023551207322340745 0.023772425376451932
0 0.2813747846163236 0.5128388038048377 0.0294802005474384 0.030181151169996995
0 0.11095894300020658 0.9846008007342999 0.018085369696983926 0.017921594473031852
0 0.08846473693847656 0.3838638158944937 0.03159251121374277 0.03168817666860727
0 0.24634614357581505 0.08938762774834266 0.021349393404447116 0.02100825309753418
0 0.29230458919818586 0.1356670489678016 0.022059000455416165 0.022035928872915413
0 0.1323561118199275 0.19869358722980207 0.015888104071983926 0.01602792739868164
0 0.7335012876070462 0.44419596745417667 0.022922222430889424 0.02296022268442007
0 0.6249713897705078 0.736511964064378 0.02501506071824294 0.025105109581580527
0 0.7141546102670523 0.5466733345618615 0.023537855881911058 0.02379608154296875
0 0.08160434319422795 0.8405854885394757 0.014434594374436598 0.014477949876051683
0 0.13434400925269493 0.15100025213681734 0.014541075779841496 0.014242190581101637
0 0.7188456608698919 0.4161246373103215 0.022061568040114183 0.021898269653320312
0 0.18876244471623346 0.3231932199918307 0.03239756364088792 0.03214674729567308
0 0.36286133986253005 0.2075953850379357 0.035633160517765924 0.03511333465576172
0 0.4305616525503305 0.747200085566594 0.018253619854266826 0.018207403329702523
0 0.8515821603628305 0.05414649614920983 0.020251054030198317 0.019966684854947604
0 0.10618939766517052 0.9659486183753381 0.015247766788189229 0.014881280752328726
0 0.7525127851046048 0.9278970865102915 0.03256093538724459 0.03223067063551683
0 0.23993594829852766 0.8565955528846154 0.02947264451246995 0.02933678260216346
0 0.14151038573338434 0.9259578998272235 0.025179441158588115 0.025487753061147835
0 0.04278383346704336 0.7794220264141376 0.020952087182265062 0.021057715782752402
0 0.3039703919337346 0.3343229293823242 0.01878221218402569 0.018692750197190505
0 0.20224222770104042 0.25243693131666917 0.022460460662841797 0.02269884256216196
0 0.2667856216430664 0.40297522911658656 0.013604164123535156 0.013783968411959134
0 0.5685378588162936 0.3551601263192984 0.016263228196364183 0.016147393446702223
0 0.20511333759014422 0.46605843764085036 0.016141708080585185 0.016034493079552285
0 0.2939667518322284 0.3568869370680589 0.01891950460580679 0.019897314218374398
0 0.7467600749089167 0.05226266384124756 0.02022728553185096 0.02028483610886794
0 0.4281613276554988 0.7473278045654297 0.02241384066068209 0.022030170147235576
0 0.2796308627495399 0.9919009575477014 0.026734572190504808 0.014515509972205529
0 0.7764691572922927 0.11280780572157639 0.014556004450871395 0.014481324415940505
0 0.6420358511117789 0.8378684704120343 0.02054566603440505 0.020658346322866585
0 0.2123092137850248 0.58966247852032 0.01401813213641827 0.014002139751727764
0 0.8265530512883112 0.6971125969519982 0.020461449256310098 0.02043005136343149
0 0.6385930868295523 0.4043415876535269 0.019219325138972357 0.019379102266751803
0 0.3250678869394156 0.14837285188528207 0.01802987318772536 0.018093989445612982
0 0.46651341364933896 0.5657678017249475 0.015416805560772236 0.015301924485426683
0 0.18778104048508865 0.28227094503549427 0.01669795696551983 0.01741137871375451
0 0.044823325597322904 0.17064347633948693 0.020384749540915854 0.032283819638765775
0 0.7604827880859375 0.7501203830425556 0.018088120680588942 0.018692750197190505
0 0.4642165257380559 0.8731101109431341 0.050531827486478366 0.04910131601186899
0 0.5861186981201172 0.845415995671199 0.016895147470327523 0.017118453979492188
0 0.255739872272198 0.24426990288954514 0.021345065190241888 0.021328009091890775
0 0.7143798241248498 0.5494008431067834 0.020793914794921875 0.020222590519831732
0 0.41930180329542893 0.7524918776292068 0.016976136427659255 0.016574712900015023
0 0.9371998126690204 0.8316650390625 0.022997636061448317 0.023574975820688102
0 0.18880609365609977 0.3272111966059758 0.02630131061260517 0.025469266451322116
0 0.7423149255605844 0.9335990318885217 0.04686575669508714 0.047611236572265625
0 0.7546443939208984 0.8690376281738281 0.015087127685546875 0.015386141263521634
0 0.30856950466449445 0.31165445767916167 0.015600131108210636 0.015729188919067383
0 0.7143277388352615 0.5377395703242376 0.01651763916015625 0.016195150522085335
0 0.6451816558837891 0.6211687234731821 0.023034022404597357 0.023152901576115534
0 0.4871714665339543 0.7339740166297326 0.07489468501164363 0.07495689392089844
0 0.2941862436441275 0.36013683905968297 0.0166778564453125 0.01692346426156851
0 0.40610841604379505 0.8437907879169171 0.014825967641977163 0.014667217548076924
0 0.2271127884204571 0.2341144635127141 0.015720844268798828 0.016155829796424277
0 0.8401253040020282 0.24346443322988656 0.14480297382061297 0.14325369321382964
0 0.7433999868539664 0.5035734176635742 0.015702467698317308 0.01568119342510517
0 0.4252104392418495 0.17592325577369103 0.02049871591421274 0.0202945195711576
0 0.7185270602886493 0.4198669653672438 0.023818823007436898 0.023974198561448317
0 0.13444209098815918 0.6173422153179462 0.022536094372089092 0.022632305438701924
0 0.7251595717210036 0.9717033826387845 0.02994962838979868 0.030252603384164665
0 0.5830469131469727 0.3771019715529222 0.02381618206317608 0.023626987750713643
0 0.3717012038597694 0.2088949863727276 0.019786687997671273 0.019610001490666315
0 0.8830839303823618 0.09286198249230018 0.09811973571777344 0.0995345665858342
0 0.8370656967163086 0.6644112513615534 0.023540790264423076 0.023479755108173076
0 0.5830192565917969 0.727713364821214 0.025348956768329326 0.02428289560171274
0 0.610022654900184 0.5119791030883789 0.020953912001389723 0.020095385037935697
0 0.5871569926922138 0.7269832904522235 0.017999575688288763 0.018453451303335335
0 0.6994206355168269 0.43634572395911586 0.015046926645132212 0.014988459073580228
0 0.8541666177602915 0.7690141384418194 0.014588869535006009 0.014700522789588341
0 0.3122408573444073 0.1646109360914964 0.014647923983060397 0.014808948223407451
0 0.6082812089186448 0.5098431660578802 0.021750230055588942 0.021180152893066406
0 0.8368911009568435 0.8995544727032001 0.017101581280048076 0.017438741830679085
0 0.5933586267324594 0.8114847036508414 0.022642869215745192 0.022046896127554085
0 0.17895208872281587 0.26702246299156773 0.02082263506375826 0.02038742945744441
0 0.5611589871920072 0.8008613586425781 0.01759939927321214 0.017339266263521634
0 0.20824560752281776 0.9289040198692908 0.017260001255915716 0.017261798565204326
0 0.9398555755615234 0.8507597996638372 0.018927794236403245 0.01921228262094351
0 0.7866457425631009 0.7933808840238131 0.014511988713191105 0.014165144700270433
0 0.3003894549149733 0.1513047951918382 0.01609497803908128 0.01626275135920598
0 0.5728356288029597 0.7160948973435622 0.01895757821890024 0.019109579233022835
0 0.2339777579674354 0.2777203413156363 0.015068494356595553 0.01466061518742488
0 0.6179516865656927 0.13079241605905387 0.01562632047213041 0.015515437492957482
0 0.5862972552959735 0.395786505479079 0.01589048825777494 0.01594059283916767
0 0.8208345266488882 0.8737260378324069 0.022012857290414665 0.021784122173602764
0 0.45066319979154146 0.7052013690655048 0.014418528630183293 0.014793689434344951
0 0.8192894275371845 0.8760679685152494 0.0188900874211238 0.01863244863656851
0 0.25968461770277756 0.28882635556734526 0.019639968872070312 0.019906924321101263
0 0.47843650671151966 0.9492601981529822 0.1038054686326247 0.09684489323542668
0 0.5430581753070538 0.4735055703383226 0.01569681901198167 0.015969129709097054
0 0.42080072256234974 0.33096882013174206 0.01750813997708834 0.01827210646409255
0 0.7888528383695163 0.8429195697490985 0.02007293701171875 0.020050929142878607
0 0.21918425193199745 0.8856388972355769 0.034453171950120196 0.035385425274188705
0 0.24223965864915115 0.8545216780442458 0.024774991548978366 0.024071620060847357
0 0.781760729276217 0.8901844024658203 0.015305152306189904 0.015044285700871395
0 0.44645206744854266 0.08458748230567345 0.01696315178504357 0.01636985632089468
0 0.7118840584388146 0.07736391287583572 0.028564893282376803 0.0287933716407189
0 0.2953433623680702 0.1642743624173678 0.01839608412522536 0.017799780919001654
