0 0.5453572640052209 0.1772789588341346 0.08177874638484074 0.08173304337721604
0 0.5871917651249812 0.08335490410144512 0.051619529724121094 0.051830218388484076
0 0.6498512854942908 0.8663118802584134 0.022458883432241585 0.0224459721491887
0 0.245820192190317 0.1801004776587853 0.029245670025165264 0.0294797237102802
0 0.2486574833209698 0.3607630362877479 0.01996920658991887 0.01982879638671875
0 0.21807039701021635 0.9122544068556565 0.02171633793757512 0.021944486177884616
0 0.7349019417395959 0.22774434089660645 0.018988535954402044 0.019146075615516074
0 0.3683296350332407 0.8820882210364709 0.02248213841364934 0.02246269812950721
0 0.548466682434082 0.5980154184194711 0.02380503140963041 0.023820877075195312
0 0.7516257212712214 0.7843790054321289 0.017539391150841348 0.017605414757361777
0 0.28772829129145694 0.7248734694260818 0.01746540803175706 0.017390031080979567
0 0.504555555490347 0.94103270310622 0.019057200505183294 0.019074660081129808
0 0.5948525208693284 0.23727325292734 0.019509242131159857 0.019386951739971455
0 0.26600940410907453 0.7774201906644381 0.021334281334510215 0.021495965810922477
0 0.40644898781409633 0.97282651754526 0.019215803879957933 0.01920597369854267
0 0.5277130053593562 0.44596385955810547 0.018536127530611478 0.01851932819073017
0 0.5692424774169922 0.4476465078500601 0.020786138681265023 0.020800443796011116
0 0.26699565007136417 0.42270807119516224 0.018826044522798978 0.018725248483511116
0 0.37161067815927357 0.15078166814950797 0.018388894888070915 0.018366080064039964
0 0.22482919692993164 0.14303123033963716 0.020360763256366435 0.02051720252403846
0 0.8390545478233924 0.891924784733699 0.01319107642540565 0.01665628873384916
0 0.7152918302095853 0.8657157604510968 0.01642887408916767 0.016436943641075723
0 0.20639681816101074 0.08978715309729943 0.017432212829589844 0.017538767594557542
0 0.17726945877075195 0.7950964707594651 0.017248190366304837 0.016872112567608174
0 0.5289584673368014 0.6544616405780499 0.017531908475435697 0.017536750206580527
0 0.2853323496305026 0.6002036241384653 0.016510376563439004 0.016856927138108473
0 0.3875169020432692 0.5184889573317307 0.019284615149864785 0.019605343158428486
0 0.3105575488163875 0.8463971064640925 0.020041539118840143 0.020036844106820915
0 0.7482759035550631 0.19561437460092398 0.0155487060546875 0.01570554879995493
0 0.3428323452289288 0.3963853395902194 0.01991719465989333 0.01964730482835036
0 0.3772759804358849 0.4982466697692871 0.015814561110276442 0.015720147352952223
0 0.3211131462684044 0.4020066994887132 0.01973093472994291 0.019787348233736478
0 0.8064011793870193 0.1432943344116211 0.015898484450120192 0.015972137451171875
0 0.5051886485173152 0.10760959295126107 0.016048284677358773 0.015805592903724082
0 0.6018763688894418 0.42844317509577823 0.015650382408728965 0.01572271493765024
0 0.37739071479210484 0.8611821394700271 0.024250323955829326 0.02416053185096154
0 0.2709053479708158 0.9117009089543269 0.07681553180401142 0.07624523456280048
0 0.6451555398794321 0.4859033731313852 0.014229114239032451 0.014281052809495192
0 0.18226707898653471 0.6793936215914212 0.05511547968937801 0.07590954120342548
0 0.17711492685171273 0.5127955216627854 0.01564942873441256 0.015607100266676683
0 0.5218225992642916 0.3950774853046124 0.015269059401292067 0.015286739055926982
0 0.6242916400615985 0.518928601191594 0.01444713885967548 0.014466432424692007
0 0.33684620490440953 0.9637107849121094 0.01829044635479267 0.018698765681340143
0 0.5183357092050406 0.8828537280742939 0.08785820007324219 0.08909254807692307
0 0.4849720001220703 0.019606358729876004 0.04246183542104868 0.0375935618694012
0 0.45561893169696516 0.09725049825815055 0.014215982877291165 0.014038397715641903
0 0.6813658200777494 0.9883061922513522 0.022195962759164665 0.019261286808894232
0 0.644865109370305 0.37045178046593297 0.017297011155348558 0.01757196279672476
0 0.34692885325505185 0.8691649803748498 0.02038735609788161 0.02051412142240084
0 0.32181820502647984 0.2619061836829552 0.015251453106219951 0.015269719637357272
0 0.5195244275606595 0.4566442049466647 0.014402829683743991 0.014275624201847957
0 0.17626094818115234 0.9283059927133414 0.016012045053335335 0.015950423020582933
0 0.4534158706665039 0.262912970322829 0.014593564547025241 0.01478719711303711
0 0.24256533842820388 0.9676796839787409 0.022496370168832634 0.022901094876802884
0 0.2710105822636531 0.0748597291799692 0.014037535740778996 0.014273240016056942
0 0.29435614439157337 0.9742671526395358 0.05979570975670448 0.04782324570875902
0 0.27739568857046276 0.05553511014351478 0.015562717731182393 0.015665714557354268
0 0.39690131407517654 0.9401864271897536 0.014006101168118991 0.013956510103665866
0 0.3028960961561937 0.312863459953895 0.014435034531813402 0.014435181250939002
0 0.4882722267737755 0.4932990807753343 0.014782978938176082 0.014922288747934194
0 0.5120503352238581 0.514623055091271 0.014205345740685096 0.014094132643479567
0 0.170180999315702 0.9947380652794471 0.01592427033644456 0.009789980374849759
0 0.7978944044846755 0.19364083730257475 0.014225299541766826 0.014332807981050931
0 0.17561842845036432 0.7457002493051382 0.04008630605844351 0.043487255389873795
0 0.5276679992675781 0.8945737985464243 0.0466156005859375 0.04621799175555889
0 0.22087784913870004 0.9675738994891827 0.017998548654409554 0.018032660851111777
0 0.8339194517869216 0.3102911435640775 0.014875558706430288 0.015337137075570913
0 0.7025051850538987 0.2792566189399132 0.015627200786884014 0.015735039344200723
0 0.3416873858525203 0.44528983189509463 0.014090684744027944 0.014152086698091947
0 0.8225091787484976 0.2774307911212628 0.014153113731971154 0.014292496901292067
0 0.5367460250854492 0.7083567105806791 0.016054593599759616 0.015820723313551683
0 0.8089111034686749 0.6203055748572717 0.0709241720346304 0.09573808083167443
