0 0.6140308013329139 0.44307745420015776 0.17938533196082482 0.18003456409160906
0 0.4528829868023212 0.03623582078860356 0.07842826843261719 0.07122852710577157
0 0.4167485603919396 0.7152469341571515 0.05196593357966496 0.051614027756911054
0 0.6244264015784631 0.2433020518376277 0.06587820786696214 0.06611985426682693
0 0.32539910536545974 0.13812540127680853 0.058637839097243086 0.07450719980093148
0 0.49131261385404146 0.7762363873995267 0.04901812626765324 0.04894535358135517
0 0.6559132796067458 0.08201987926776592 0.0887614030104417 0.09263816246619591
0 0.46090221405029297 0.6172078939584585 0.04894329951359676 0.04904262836162861
0 0.43265592134915865 0.09746149870065543 0.05191876338078426 0.05204960016103891
0 0.6370212114774264 0.9118970724252554 0.04062461853027344 0.04042405348557692
0 0.48759944622333234 0.24536760036761945 0.04352158766526442 0.043745884528526895
0 0.6272673240074744 0.6485146009005033 0.08714749262883113 0.08842409574068509
0 0.3789642407343938 0.8531160354614258 0.09647457416240986 0.09813279371995193
0 0.3355416517991286 0.033765316009521484 0.018826998197115384 0.018883549250089206
0 0.5624340864328238 0.08680372971754807 0.03300197307880108 0.03316339621177086
0 0.524384645315317 0.1593167598430927 0.13627301729642427 0.13522119705493635
0 0.68426513671875 0.636630498445951 0.030461678138146035 0.03047913771409255
0 0.6390044872577374 0.7085338005652795 0.07021889319786659 0.07016049898587741
0 0.4110400860126202 0.7551862276517428 0.02800611349252554 0.028371664193960335
0 0.30219719960139346 0.9527702331542969 0.02507642599252554 0.026720780592698317
0 0.34869850598848784 0.8079437842735877 0.022829349224384014 0.022630838247445915
0 0.3632377110994779 0.29999545904306263 0.029398037837101862 0.02927061227651743
0 0.6506514182457557 0.9876370063194861 0.0304873539851262 0.022162217360276442
0 0.3453217286330003 0.544991713303786 0.029316095205453727 0.02945430462176983
0 0.37985636637761044 0.34518638023963344 0.17174053192138672 0.19230490464430589
0 0.5167803764343262 0.041124857389009915 0.025719569279597357 0.025385132202735312
0 0.3501272935133714 0.4925232667189378 0.03901232205904447 0.038697316096379206
0 0.45766390286959135 0.39333622272198016 0.029646653395432692 0.02938226553109976
0 0.3924342668973483 0.08336931008559006 0.018346493060772236 0.01825547218322754
0 0.40472885278555065 0.8306684494018555 0.026649915255033053 0.026413110586313102
0 0.4678327487065242 0.7508709247295673 0.025215295644906852 0.025149418757512018
0 0.37233477372389573 0.7695086552546575 0.02867999443641076 0.02850209749661959
0 0.6105775833129883 0.5441745244539701 0.0547479482797476 0.05411478189321665
0 0.3992433181175819 0.6603441971998948 0.015466910142164964 0.015415191650390625
0 0.43062525529127854 0.9320845970740685 0.037417045006385215 0.03701430100661058
0 0.6071443924537072 0.9183568954467773 0.02151320530818059 0.021259014423076924
0 0.5603524721585788 0.9167595643263596 0.02303182161771334 0.023166949932391826
0 0.509945429288424 0.37401507450984073 0.027452835669884317 0.027054713322566107
0 0.4868481342609112 0.9782518973717322 0.019544674799992487 0.019681637103740986
0 0.6011351071871244 0.46776496447049654 0.028461603017953727 0.028023132911095254
0 0.5690261767460749 0.8604913858266977 0.02051852299616887 0.020508692814753607
0 0.509635118337778 0.9768535907451923 0.02729005080003005 0.027723312377929688
0 0.49162853681124175 0.32872750208928037 0.028868381793682393 0.02906637925368089
0 0.3953998272235577 0.9530476790208083 0.018003023587740384 0.017872737004206732
0 0.48764984424297625 0.9188733467688928 0.018839029165414665 0.01878841106708233
0 0.3972170169536884 0.9067572080172025 0.022770221416766826 0.02251610389122596
0 0.4363356370192308 0.14177088554088885 0.017897312457744893 0.017829014704777643
0 0.47465269382183367 0.8963887141301081 0.026467396662785456 0.02654691842886118
0 0.5428697145902194 0.8162225576547476 0.06470306103046124 0.06607378446138822
0 0.4833703407874474 0.3582060153667743 0.032319215627817005 0.03227365933931791
0 0.5174657014700083 0.154326292184683 0.015597856961763822 0.015855789184570312
0 0.5899927432720478 0.5412515860337478 0.20611132108248198 0.1968702903160682
0 0.6457121922419622 0.13703546157250038 0.016828390268179085 0.01689456059382512
0 0.6868402040921725 0.5983640964214618 0.04350134042593149 0.05689107454740084
0 0.6154609826894907 0.7599710317758414 0.04431431110088642 0.04378245427058293
0 0.4557388745821439 0.9038920035729041 0.01621106954721304 0.016257652869591348
0 0.5782432556152344 0.34687232971191406 0.01725035447340745 0.01770789806659405
0 0.32967934241661656 0.34233394035926235 0.02585146977351262 0.02577488238994892
0 0.5936450224656326 0.31051910840548 0.02185366703913762 0.02223631051870493
0 0.431790645305927 0.2205333709716797 0.019522446852463942 0.019502786489633415
0 0.5717383164625901 0.9584737190833459 0.027308830848106973 0.026932496290940505
0 0.34561325953556943 0.7502595461331881 0.10881401942326473 0.13667003925030047
0 0.41117077607374924 0.05093817527477558 0.015622432415301982 0.016016501646775465
0 0.638576654287485 0.1747282101557805 0.02437562208909255 0.024490869962252103
0 0.5216170824491061 0.5234983884371244 0.04128947624793419 0.041711000295785755
0 0.49785371927114636 0.09971514114966759 0.015427662776066707 0.016015272874098558
0 0.6256529001089243 0.28130536813002366 0.02762002211350661 0.027599151317889873
0 0.5988106360802283 0.2850220753596379 0.01852864485520583 0.018366593580979567
0 0.5194359559279221 0.6258740058312049 0.014564220721905049 0.014576104971078726
0 0.6717399450448843 0.216384429198045 0.018967555119441107 0.018849556262676533
0 0.43627262115478516 0.9030553377591647 0.020247972928560697 0.019904063298152044
0 0.6759078686053936 0.9374313354492188 0.07006014310396634 0.08845079862154447
0 0.6256198149461013 0.14937839141258827 0.02081885704627404 0.02071391619168795
0 0.3561909015362079 0.013010222178239089 0.03104063180776743 0.024520122087918796
0 0.5939017075758714 0.44041189780602086 0.014376273522010216 0.014274230370154748
0 0.582646369934082 0.23313214228703424 0.03733070080096905 0.03711861830491286
0 0.5145382514366736 0.9587539526132437 0.016969680786132812 0.017015603872445915
0 0.5061534734872671 0.05783991630260761 0.014754075270432692 0.014736689054048978
0 0.45960474014282227 0.1254336558855497 0.014792075523963341 0.014582285514244666
0 0.4630868985102727 0.986172602726863 0.03147741464468149 0.02732262244591346
0 0.6643214592566857 0.8246556795560397 0.08985563424917367 0.15228740985576922
0 0.48910680183997524 0.07512881664129403 0.036646476158728965 0.03726068826822134
0 0.5570551432096041 0.05664240855437059 0.01543426513671875 0.015284987596365122
0 0.4351249107947716 0.7952889662522536 0.015085073617788462 0.01519775390625
0 0.36444421914907604 0.89549864255465 0.016514117901141826 0.016698250403771035
0 0.42438345689039964 0.31727900871863735 0.038016245915339544 0.03914789053109976
0 0.5165227009699895 0.17038950553307167 0.01654529571533203 0.0165252685546875
0 0.4765705695519081 0.5351118307847244 0.014615132258488582 0.014740650470440205
0 0.3724218148451585 0.4245028495788574 0.015039150531475361 0.01516877687894381
0 0.5298449809734638 0.890319090623122 0.019690513610839844 0.01987325228177584
0 0.4428876363314115 0.9366135964026818 0.01842916928804838 0.017788520226111777
0 0.3605197392977201 0.9459033379187951 0.014055545513446514 0.01415722186748798
0 0.33018192878136265 0.7627669114332932 0.016997263981745794 0.016965132493239183
0 0.3335398894089919 0.01732444304686326 0.013724327087402344 0.013757779048039364
0 0.46729740729698765 0.21846954639141375 0.029277654794546273 0.029005124018742487
0 0.35152508662297177 0.9276586679311899 0.018711383526141826 0.018809391902043268
0 0.4133768081665039 0.007960455921980051 0.016445746788611777 0.014303053800876323
0 0.5316354311429538 0.2891389956841102 0.03234591850867638 0.03239246515127329
0 0.456117189847506 0.27702393898597133 0.016648072462815505 0.01702704796424279
0 0.5747124231778659 0.13121493046100324 0.05493002671461839 0.05486910159771259
0 0.5589893047626202 0.981589097243089 0.06685154254619892 0.03606620201697716
0 0.4323168167701134 0.8598748720609225 0.014299906217134915 0.014392852783203125
0 0.5782090700589694 0.7777770849374624 0.041872611412635215 0.04229662968562199
0 0.6589525662935697 0.7431474832388071 0.030545748197115384 0.0303189204289363
0 0.525748032789964 0.5286096059359037 0.030134054330679085 0.029397891117976263
0 0.5011659768911508 0.9458553607647235 0.01615597651554988 0.01603111853966346
0 0.41962000039907604 0.8142620966984675 0.019368098332331732 0.019432948185847357
0 0.49045419692993164 0.8424871884859525 0.015489724966195913 0.015490898719200721
0 0.3966089395376352 0.5157621457026556 0.018599290114182692 0.018546104431152344
0 0.5604611176710862 0.5267371397752029 0.01703056922325721 0.017269427959735576
0 0.6293709828303411 0.020012660668446466 0.060312711275540866 0.03857088547486525
0 0.6445093888502854 0.9478359956007737 0.02414674025315505 0.02401249225323017
0 0.6529891674335186 0.17006296377915603 0.015568072979266826 0.014802089104285607
0 0.4832587242126465 0.9404366566584661 0.014746592595027043 0.014702136699969951
0 0.379549686725323 0.7372794518103967 0.03365795428936298 0.0341487297644982
0 0.47292665334848255 0.4303540083078238 0.0475312746488131 0.047715187072753906
0 0.36050690137423 0.0101717458321498 0.0317845711341271 0.01952250187213604
0 0.3008276132436899 0.41437273759108323 0.013232744657076322 0.01486514164851262
0 0.38483392275296724 0.06694647440543541 0.015593308668870192 0.015800907061650202
0 0.4854277097261869 0.07787605432363656 0.046528009267953724 0.0453645266019381
0 0.3777241340050331 0.3293027877807617 0.017527947059044473 0.017222037682166465
