0 0.7408525760357196 0.07487662938924936 0.04151417658879207 0.041463191692645736
0 0.34534373650184047 0.28093578265263486 0.05321150559645433 0.05371933716994066
0 0.4263861362750714 0.8357008420504056 0.03393261249248798 0.03383137629582332
0 0.8031247945932242 0.3633769108698918 0.022289276123046875 0.022423524122971755
0 0.12029025187859169 0.32206461979792667 0.024541873198289137 0.0245361328125
0 0.9505660717303936 0.3103137749892015 0.02913636427659255 0.04041767120361328
0 0.5670826251690204 0.6966426555926983 0.018871013934795674 0.01878195542555589
0 0.8131429232083834 0.9446583527785081 0.019484446598933294 0.019444832435021035
0 0.7507257461547852 0.25264444717994106 0.04701027503380409 0.046936438633845404
0 0.31725424986619216 0.5940510676457331 0.03168421525221605 0.03155708312988281
0 0.16487602087167594 0.7883022014911358 0.031064767103928786 0.03096184363731971
0 0.650612317598783 0.7290389721210186 0.018095750075120192 0.018080784724308893
0 0.3741575021010179 0.3131733307471642 0.03229801471416767 0.03171722705547626
0 0.6149272918701172 0.6245321860680213 0.050103260920597956 0.04989271897536058
0 0.06321001052856445 0.34000433408297026 0.018048579876239482 0.018185835618239183
0 0.26840851857112 0.10076620028569148 0.025189839876615085 0.025274350092961237
0 0.6362090477576623 0.5590637280390813 0.022907843956580527 0.023245811462402344
0 0.8464386279766376 0.8350086212158203 0.018978999211237982 0.01875481238731971
0 0.0633314297749446 0.32181512392484224 0.0231167353116549 0.023211552546574518
0 0.5519910959097055 0.9284299703744742 0.0444177480844351 0.043783921461838946
0 0.9145611983079177 0.38116124960092396 0.07471025907076322 0.07398576002854568
0 0.7220826515784631 0.23790948207561785 0.025159248938927285 0.025020599365234375
0 0.48334312438964844 0.9217190375694861 0.042428823617788464 0.041875985952524036
0 0.3674173355102539 0.8508579547588642 0.015837889451246995 0.016060022207406852
0 0.22204323915334848 0.4173771784855769 0.015441344334528996 0.015357237595778245
0 0.3506418741666354 0.09949635542356051 0.01764656947209285 0.01760728542621319
0 0.5498765798715445 0.7879093610323392 0.018030606783353366 0.01819771986741286
0 0.9221778282752404 0.4515093289888822 0.019262020404522236 0.019494276780348558
0 0.7793323810283954 0.8487047782311072 0.08652290931114784 0.08685449453500602
0 0.3748672925508939 0.35469638384305513 0.017595437856820915 0.017577538123497598
0 0.9193215736976037 0.7818170694204477 0.015639231755183294 0.015668135422926683
0 0.8363699546227088 0.8545111142672025 0.019840827355018027 0.01987427931565505
0 0.5661451999957745 0.9034285912146935 0.024464900677020732 0.024468055138221152
0 0.23639965057373047 0.022684899660257194 0.017143616309532754 0.01722409289616805
0 0.5752057295579177 0.8143172630896935 0.01633790823129507 0.01620057912973257
0 0.619804308964656 0.8886106197650616 0.04922764117901142 0.049770501943734974
0 0.6922616225022536 0.2993270433866061 0.022663116455078125 0.0227358891413762
0 0.6659752772404597 0.29026139699495757 0.026702734140249398 0.027126422295203574
0 0.9536665402925931 0.8814496260422927 0.01721983689528245 0.018318763146033652
0 0.6024727454552283 0.7547192940345178 0.014370991633488582 0.013753744272085337
0 0.5638800400954026 0.9846247893113357 0.022008162278395433 0.021619503314678486
0 0.29528395946209246 0.8308805318979117 0.059498016650860124 0.05938867422250601
0 0.3098783493041992 0.873927483191857 0.015675691457895134 0.015796954815204326
0 0.8014055398794321 0.07626445018328153 0.013623457688551683 0.013592179004962627
0 0.7343281965989333 0.7484026688795823 0.023499562190129206 0.02319467984713041
0 0.34667466236994815 0.793641603910006 0.02327867654653696 0.023285645705003005
0 0.777496337890625 0.9856506494375376 0.016762660099909857 0.016779092641977165
0 0.31674286035391 0.4225257726816031 0.01428831540621244 0.01419984377347506
0 0.13182692344372088 0.543975463280311 0.01750951546889085 0.017494788536658652
0 0.9174684377817007 0.2820419164804312 0.017515035775991585 0.01781045473538912
0 0.8026574208186223 0.13685384163489708 0.016631346482496995 0.016824942368727464
0 0.7288278432992789 0.31540459852952224 0.030524473923903245 0.03089275726905236
0 0.838657966026893 0.6782889732947717 0.12603348952073318 0.1230775392972506
0 0.24983719679025504 0.05653965473175049 0.014305738302377554 0.014245968598585863
0 0.1288299560546875 0.06254833478194016 0.01922765144935021 0.019524079102736253
0 0.25774845710167515 0.25143828758826625 0.016843502338115986 0.017037318303034857
0 0.37487499530498797 0.26136189240675706 0.01921242934006911 0.019521713256835938
0 0.7205779002262995 0.34454345703125 0.015227978046123799 0.015225043663611779
0 0.3772109838632437 0.09972001956059383 0.015553987943209134 0.01580179654634916
0 0.814302004300631 0.022869277458924513 0.016134995680588942 0.016021123299231894
