0 0.14579418989328238 0.20313503192021296 0.12696350537813628 0.12686645067655122
0 0.6524536426250751 0.8558767758882962 0.05500235924353966 0.05472858135516827
0 0.8277263641357422 0.8547749886145959 0.03610537602351262 0.035733589759239785
0 0.8623135640070989 0.8718142142662635 0.02082648644080529 0.02089383051945613
0 0.7383531423715445 0.41219256474421573 0.03321691659780649 0.03321911738469051
0 0.1584915931408222 0.9836493272047776 0.026105990776648887 0.025984837458683893
0 0.3034786811241737 0.8118111537053034 0.03459952427790715 0.034468430739182696
0 0.5530113807091346 0.3964224595289964 0.02145077632023738 0.021663812490609977
0 0.250733889066256 0.5561320231511042 0.022774659670316257 0.02287439199594351
0 0.6808223724365234 0.8923379457913913 0.04539783184344952 0.0456396249624399
0 0.4876558597271259 0.48287479694073016 0.027178837702824518 0.027306630061222956
0 0.4779023757347694 0.27035109813396746 0.01918954115647536 0.019106278052696817
0 0.7530640822190505 0.4462657341590294 0.03529504629281851 0.03488841423621544
0 0.45208505483774036 0.6320066452026367 0.023877510657677285 0.023954391479492188
0 0.3592050258929913 0.014777260331007151 0.027333479661207933 0.026507971378473136
0 0.45557594299316406 0.48621416091918945 0.0204312251164363 0.02071490654578576
0 0.0849366096349863 0.7471294403076172 0.020070534486037035 0.019993708683894232
0 0.5522181804363544 0.834321535550631 0.021487969618577223 0.02162771958571214
0 0.9162118618304913 0.15067874468289888 0.02185190640963041 0.021870209620549128
0 0.05820298194885254 0.1371086102265578 0.02572634586921105 0.02581644058227539
0 0.07184085479149452 0.7082953819861779 0.01921220926138071 0.019432948185847357
0 0.27121206430288464 0.8578926966740534 0.03916527674748348 0.03947522090031551
0 0.29648197614229643 0.1744816119854267 0.0419004880464994 0.0419768186715933
0 0.3350392488332895 0.7501051976130559 0.0212404544536884 0.021327385535606973
0 0.19460687270531288 0.5505828123826247 0.021485071915846605 0.021438451913686898
0 0.18253032977764422 0.8638189755953275 0.01654368180495042 0.016536125769981973
0 0.35007733565110427 0.19102081885704628 0.0555273936345027 0.05578532585730919
0 0.49769192475538987 0.05236049340321468 0.022797584533691406 0.022818519518925592
0 0.5090607129610502 0.39242788461538464 0.018251859224759616 0.01816104008601262
0 0.11199531188377967 0.8039346108069787 0.03681003130399264 0.03668506328876202
0 0.43439197540283203 0.9641697223369892 0.03946054898775541 0.03912148108849159
0 0.6688301379864032 0.5359580700214093 0.016242540799654447 0.0164492680476262
0 0.27913333819462705 0.9637465110191932 0.03990954619187575 0.03970263554499699
0 0.7893333435058594 0.26427252476031965 0.023545338557316706 0.023682704338660605
0 0.625707406264085 0.7505506368783804 0.01679083017202524 0.016507075383112982
0 0.8087523533747747 0.2748155960669884 0.017429351806640625 0.017433973459097054
0 0.7865245525653546 0.45633646158071667 0.023047960721529447 0.023418719951923076
0 0.8082427244919997 0.8188117100642278 0.0161746098445012 0.015967735877403848
0 0.7292016836313101 0.938233522268442 0.021636376014122598 0.021744654728816107
0 0.4523643713731032 0.7073267423189603 0.06203952202430138 0.060712374173677884
0 0.7229153559758112 0.28270336297842175 0.014621734619140625 0.014573317307692308
0 0.5338514034564679 0.44498194181002104 0.030858700092022236 0.030803533700796273
0 0.33335278584406924 0.6758617254403921 0.02794478489802434 0.027564562284029447
0 0.8925223717322717 0.4047490633451022 0.018697298490084134 0.01889830369215745
0 0.08419168912447415 0.7755326491135818 0.019614238005418044 0.019614293025090143
0 0.08044125483586238 0.10750557826115535 0.04512236210016104 0.04485366894648625
0 0.5100266383244441 0.20203759120060846 0.030837499178372897 0.03136451427753155
0 0.6918778052696815 0.8520390437199519 0.016875633826622598 0.016797432532677285
0 0.8583099658672626 0.07875614899855393 0.023883232703575723 0.023929559267484225
0 0.6170774606557993 0.8317372248722956 0.02649380610539363 0.027179718017578125
0 0.29263729315537673 0.35152868124154896 0.014615939213679386 0.01455842531644381
0 0.6965968792255108 0.9214758506188025 0.018496293288010817 0.018586085392878607
0 0.7147207993727464 0.9915932875413161 0.021443880521334134 0.014624669001652645
0 0.8831803248478816 0.9877222501314603 0.015979473407451924 0.015879997840294473
0 0.8723263373741736 0.7315078882070688 0.02051573533278245 0.020726864154522236
0 0.6748931591327374 0.2654539988591121 0.02094694284292368 0.02101296644944411
0 0.7357284839336689 0.46740928063025844 0.016318541306715745 0.01636079641488882
0 0.3358925305880033 0.6766752829918494 0.022376574002779447 0.02292031508225661
0 0.714114262507512 0.09912982353797326 0.1512002211350661 0.150847655076247
0 0.8174571990966797 0.9831474010760968 0.016400263859675482 0.016017767099233773
0 0.7008046370286208 0.5754551887512207 0.016346564659705527 0.016289344200721152
0 0.6934453524076022 0.5450388468228854 0.014122742872971755 0.01415700178879958
0 0.07189239905430721 0.9476692493145282 0.04325448549710787 0.04430594811072716
0 0.4096950384286734 0.7837278659527118 0.016077481783353366 0.01630533658541166
0 0.8269263047438401 0.06881501124455379 0.023980360764723558 0.023819556603064902
0 0.3550280057466947 0.7019550616924579 0.016312379103440505 0.016200138972355768
0 0.7341245504525992 0.88365965623122 0.017368316650390625 0.017519143911508415
0 0.308868041405311 0.1830743276155912 0.015004249719473032 0.014939381526066707
0 0.5962106998150165 0.8182951120229868 0.021925706129807692 0.021975884070763223
0 0.38182515364426833 0.6037578215965858 0.02080198434682993 0.020964842576246995
0 0.6845042888934796 0.6704186659592849 0.017098060021033652 0.01722893348106971
0 0.34488938404963565 0.7705713418813852 0.023169664236215446 0.023281977726862982
0 0.12080431901491605 0.5465888977050781 0.014902628385103665 0.014945250291090745
0 0.7652301788330078 0.2723514483525203 0.02249453617976262 0.022481918334960938
0 0.6629331295306866 0.674341788658729 0.020575303297776442 0.020682554978590745
0 0.35672855377197266 0.34131600306584287 0.014815257145808293 0.01504223163311298
0 0.1691582202911377 0.59191527733436 0.014612454634446364 0.014763245215782752
0 0.7829101269061749 0.029405029920431282 0.016309004563551683 0.01607652810903696
0 0.6010085986210749 0.8963546752929688 0.019843174861027643 0.019903036264272835
0 0.48651423821082485 0.3175375278179462 0.014760237473707933 0.014857732332669772
0 0.9383399669940655 0.10640148933117206 0.015271700345552884 0.015217175850501427
0 0.5998182663550744 0.9187968327448919 0.02099895477294922 0.021157484788161058
0 0.23412576088538536 0.9827599158653846 0.03624886732835036 0.030884375939002402
0 0.8798886079054612 0.9753362215482272 0.07017766512357272 0.045892568734975964
0 0.7838640946608323 0.45530495276817906 0.027773637038010817 0.02881651658278245
0 0.6885213851928711 0.3068888187408447 0.025929084190955527 0.02582348310030424
0 0.7842405025775616 0.2314616350027231 0.03929050152118389 0.04045801896315355
0 0.49989953407874477 0.910378676194411 0.033098734342134915 0.03285540067232572
0 0.5260638090280386 0.5458413637601413 0.02413654327392578 0.023930182823768027
0 0.7956628065842849 0.18158494509183443 0.015272287222055288 0.015560296865609976
0 0.4283905762892503 0.041434255930093616 0.04089487515963041 0.04033615038945125
0 0.8319157820481521 0.5389518370995154 0.03771415123572716 0.0373992186326247
0 0.5138365305387057 0.2019933553842398 0.03829684624305138 0.036603560814490683
0 0.944516108586238 0.9854109837458684 0.01674505380483774 0.01911016610952524
0 0.553654670715332 0.278774408193735 0.016013365525465745 0.016121057363656852
0 0.05182586266444279 0.3483602817241962 0.015583258408766527 0.02057310251089243
0 0.9200762235201322 0.09939642135913555 0.07456588745117188 0.09966936478248009
0 0.05359658828148475 0.7782859068650466 0.01472335595350999 0.019301487849308893
0 0.5898232826819787 0.7575580890362079 0.04036433880145733 0.03923518841083233
