0 0.6632463748638446 0.9481978783240685 0.11882415184607872 0.10105455838716947
0 0.11561659666208121 0.7968435287475586 0.060669348790095404 0.06151918264535757
0 0.1829988956451416 0.38100125239445615 0.0589444820697491 0.058807666485126205
0 0.6713803364680364 0.575442387507512 0.047894844642052285 0.048052200904259317
0 0.022959363002043504 0.6245535337007962 0.04598647356033325 0.07619461646446815
0 0.7886699529794546 0.984692646906926 0.029671742365910456 0.026267418494591348
0 0.5426341937138484 0.9080153245192307 0.03617294018085186 0.03588544405423678
0 0.6002006897559533 0.8629259696373572 0.06492827488825871 0.0658721923828125
0 0.034229627022376426 0.26499685874352086 0.04908698338728685 0.04924854865440956
0 0.47510363505436826 0.9199764545147235 0.036151739267202526 0.036058866060697116
0 0.2783982570354755 0.6858351780818059 0.033880380483774036 0.03413083003117488
0 0.24769106278052697 0.5583016689007099 0.028083984668438252 0.028354424696702223
0 0.16221224344693697 0.1973872551551232 0.039464547083928034 0.03926438551682692
0 0.31759207065288836 0.8055462470421424 0.024896548344538763 0.0249789311335637
0 0.09197009526766263 0.0864882102379432 0.028092402678269606 0.028273894236637995
0 0.9393653136033279 0.6497013385479267 0.020626654991736777 0.0205841064453125
0 0.8962390606219952 0.6947508591871995 0.023442488450270433 0.02342048058143029
0 0.7938069563645583 0.5722161072951096 0.019068204439603366 0.01919269561767578
0 0.31543808716994065 0.3271014873798077 0.03189387688269982 0.03170438913198618
0 0.5860148209791917 0.11115717887878418 0.03104679401104267 0.03112657253558819
0 0.40293484467726487 0.5210177348210261 0.03093609443077674 0.031237088716947116
0 0.6720465146578275 0.3568077087402344 0.032014700082632214 0.03221533848689152
0 0.9213506258451022 0.752781501183143 0.02697929969200721 0.027030064509465143
0 0.7601213455200195 0.34485186063326323 0.03445243835449219 0.034487357506385215
0 0.4795102339524489 0.6751557130080003 0.0245053217961238 0.024375181931715745
0 0.6331373361440805 0.7578337742732122 0.03489831777719351 0.034915924072265625
0 0.6217984419602615 0.41737842559814453 0.02070467288677509 0.02071409959059495
0 0.5741025117727426 0.4062664692218487 0.021776492779071514 0.021988061758188102
0 0.5464264429532565 0.6065625777611365 0.022849596463716947 0.02260303497314453
0 0.515930909376878 0.7756963142981896 0.024874320397010215 0.024768682626577523
0 0.2815047777616061 0.33136697915884167 0.021856381342961237 0.02186129643366887
0 0.011256652382703928 0.7419457068810096 0.022530796436163094 0.02631862346942608
0 0.7204524553739108 0.38291333271906924 0.04365451519305889 0.04296999711256761
0 0.02826352073596074 0.3631457548875075 0.024946730870466966 0.02516658489520733
0 0.8896415417010968 0.32810614659236026 0.026485736553485576 0.02630439171424279
0 0.735908948458158 0.07358073729735154 0.019073339608999398 0.01912849683028001
0 0.44225237919734073 0.7904203855074369 0.02598116948054387 0.02587890625
0 0.6849822998046875 0.8299896533672626 0.02485832801231971 0.02483514639047476
0 0.9136493389423077 0.7166633605957031 0.020226698655348558 0.0200958251953125
0 0.5149069565993089 0.44060835471520055 0.02244993356557993 0.022698622483473558
0 0.575702007000263 0.15137877831092247 0.027938255896935098 0.028258690467247598
0 0.92895874610314 0.5452698927659255 0.019179417536808893 0.019191595224233773
0 0.8708171844482422 0.7932222806490384 0.01820197472205529 0.01819639939528245
0 0.9718528160682092 0.047485952193920426 0.020224351149338942 0.01993591968829815
0 0.30322797481830305 0.27164815022395206 0.018102645874023438 0.01802671872652494
0 0.5839129227858323 0.3635735878577599 0.029541675861065205 0.029883678142841045
0 0.6703271865844727 0.2305599726163424 0.023902012751652643 0.024139991173377402
0 0.97826231442965 0.7522183198195237 0.01873016357421875 0.01885810265174279
0 0.5140536381648138 0.5866701419536884 0.01688832503098708 0.017238030066856973
0 0.42909724895770734 0.6286011475783128 0.034927001366248496 0.034696725698617786
0 0.32924960209773135 0.9065822454599234 0.022194642287034255 0.022348697368915264
0 0.8028112558218149 0.28615718621474046 0.026581250704251803 0.02658231441791241
0 0.29380024396456206 0.3548916303194486 0.018432470468374398 0.01833768991323618
0 0.8159027833205003 0.13905081382164589 0.029168055607722357 0.028944657399104193
0 0.906528326181265 0.648415785569411 0.024372394268329326 0.024480379544771634
0 0.8228733356182392 0.7216513707087591 0.020641620342548076 0.020749752338115986
0 0.5239169047429011 0.7050980788010818 0.02541974874643179 0.025336338923527643
0 0.33887089215792143 0.7479317004864032 0.02591991424560547 0.025798797607421875
0 0.763185060941256 0.4007408068730281 0.027448507455679085 0.027469048133263223
0 0.6059710429264948 0.20210825479947603 0.053914583646334134 0.05446687111487755
0 0.5327228032625638 0.5695979778583233 0.01692617856539213 0.016966599684495192
0 0.6697478661170373 0.10207879543304443 0.021295694204477165 0.021417562778179463
0 0.4942614481999324 0.21133987720196062 0.04893801762507512 0.04826622742872972
0 0.8151173224815955 0.40077858704787034 0.021471463716947116 0.021515919612004206
0 0.5875016725980319 0.7570519814124475 0.02071996835561899 0.02084482633150541
0 0.06595263572839591 0.6218822919405423 0.03233910523928129 0.03235552861140324
0 0.35189005044790417 0.7221370110144982 0.030662903418907754 0.03064581064077524
0 0.9395426236666166 0.42554532564603365 0.019738417405348558 0.01994008284348708
0 0.532055561359112 0.8375117962176983 0.019962017352764424 0.019931206336388223
0 0.6223223759577825 0.8945466555081881 0.0703274653508113 0.06917924147385818
0 0.8313928750845102 0.7015708043025091 0.02174553504356971 0.021820215078500602
0 0.6713333129882812 0.6760578889113206 0.02908178476186899 0.029325191791240986
0 0.8701645777775691 0.4917080585773175 0.022801912747896634 0.02274461892934946
0 0.7649976290189303 0.1272277281834529 0.02190560560960036 0.022022045575655423
0 0.8618522790762094 0.5583941386296198 0.020235061645507812 0.020394251896784857
0 0.5997139123769907 0.49746344639704776 0.027058528019831732 0.02691488999586839
0 0.9121544911311223 0.4399402324969952 0.0243377685546875 0.024365791907677285
0 0.4783324461716872 0.1922309031853309 0.03734750014085036 0.03711913182185246
0 0.8315288837139423 0.5590703670795147 0.022370118361253005 0.022582641014685996
0 0.5977025398841271 0.5552987318772536 0.023335383488581732 0.023403387803297777
0 0.9683848160963792 0.14187739445612982 0.01685920128455529 0.016883409940279447
0 0.9711532592773438 0.09544774202200082 0.017173033494215745 0.017214078169602614
0 0.16055923241835374 0.2377187288724459 0.017121388362004206 0.017183890709510215
0 0.4472030492929312 0.8999199500450721 0.02226712153508113 0.02235588660606971
0 0.7018808951744666 0.025091338616151076 0.02166131826547476 0.021738244937016413
0 0.059130613620464616 0.7861329592191256 0.019597548704880934 0.01957878699669471
0 0.7717969600970929 0.1819158700796274 0.017559638390174277 0.017878899207481973
0 0.5233909900371845 0.39952773314255935 0.023495600773737982 0.02368626227745643
0 0.5115324167104868 0.651284437913161 0.01644721397986779 0.016424179077148438
0 0.723445305457482 0.6022476049569937 0.019964071420522835 0.0197293208195613
0 0.8479144023014948 0.14480828321897066 0.019572624793419473 0.01956042876610389
0 0.6398564852201022 0.012563661887095524 0.020388676570012018 0.020601290922898512
0 0.6377814366267278 0.28162930561945987 0.02180657019981971 0.02201997316800631
0 0.8361814205463116 0.3804900096012996 0.024398656991811898 0.02439088087815505
0 0.49567758120023286 0.8311152091393104 0.03228466327373798 0.03205959613506611
0 0.6529102325439453 0.07166271943312424 0.02079949012169471 0.02078390121459961
0 0.08013659257155198 0.5445494284996619 0.01724111116849459 0.017359513502854567
0 0.11692364399249737 0.6182810710026667 0.016498822432297926 0.016298880943885215
0 0.4914674758911133 0.7567151876596304 0.024688867422250602 0.02507752638596755
0 0.43041566702035755 0.7684213198148288 0.029314774733323317 0.029545710637019232
0 0.8805907322810247 0.42899524248563325 0.025601020226111777 0.025670565091646634
0 0.9154690962571365 0.5830029340890738 0.018880110520582933 0.01923392369196965
0 0.4357752433189979 0.8721957573523889 0.03474338238055889 0.034709930419921875
0 0.3581264936006986 0.1714776479280912 0.016399676983173076 0.016528533055232122
0 0.3764795156625601 0.03759168203060444 0.016085404616135817 0.016094602071321927
0 0.701511603135329 0.3458117338327261 0.018353682297926683 0.01841559776893029
0 0.6492554591252253 0.7857217055100661 0.025250948392427884 0.025515629695012018
0 0.9112108670748197 0.10369741916656494 0.015759981595552884 0.01583253420316256
0 0.32511542393611026 0.7636168553278997 0.01821283193734976 0.018504802997295674
0 0.5978827476501465 0.8288103250356821 0.018455358651968148 0.01847047072190505
0 0.33206008030818057 0.15446956341083234 0.020848714388333835 0.020197721628042366
0 0.9821557998657227 0.7859844794640174 0.017093805166391227 0.017184330866887018
0 0.4535669913658729 0.7595699750460111 0.018218113825871393 0.01828912588266226
0 0.5242104897132287 0.3403442089374249 0.015498748192420373 0.015582598172701322
0 0.33412060370812047 0.1388069482950064 0.018361458411583535 0.01852527031531701
0 0.09230655890244704 0.6093799884502704 0.021143253032977764 0.0210726811335637
0 0.25867095360389125 0.7917412977952224 0.01929305149958684 0.01919702383188101
0 0.5299150026761569 0.5248585847707895 0.017261211688701924 0.017536236689640924
0 0.8511365743783804 0.17308675325833833 0.01900203411395733 0.019124581263615534
0 0.45869775918813854 0.8308574969951923 0.021170542790339544 0.020966456486628607
0 0.6068714215205266 0.13455346914438102 0.023084713862492487 0.022837015298696663
0 0.13743191498976487 0.3434857955345741 0.01834410887498122 0.018506416907677285
0 0.616803242610051 0.03797034116891714 0.02504554161658654 0.02523148976839506
0 0.1780991554260254 0.2118671307196984 0.015193682450514574 0.01506959475003756
0 0.3732478068425105 0.7507030780498798 0.016546102670522835 0.016771903404822715
0 0.7415832372812124 0.9804499699519231 0.01708353482759916 0.017270601712740384
0 0.11456376772660476 0.3526354202857384 0.016455907088059645 0.016503187326284554
0 0.1407310962677002 0.3718147277832031 0.02461077616764949 0.024645291841947116
0 0.9328415210430439 0.44193209134615385 0.016994623037484977 0.01726642021766076
0 0.9575475546029898 0.6918450869046725 0.016940483680138223 0.016883263221153848
0 0.5820368620065542 0.6867471841665415 0.025427965017465446 0.02547586881197416
0 0.6598811516394982 0.8357951824481671 0.020128396841195915 0.020599365234375
0 0.5678404294527494 0.8017063140869141 0.017074731680063102 0.017064754779522236
0 0.9948136256291316 0.6281064840463492 0.009995680588942308 0.01736303476186899
0 0.018443572979706984 0.7544922461876502 0.016587702127603385 0.016891626211313102
0 0.5400610703688401 0.2838895504291241 0.01733508476844201 0.01736288804274339
0 0.9487568781926081 0.051400757752932034 0.015939859243539665 0.016034447229825534
0 0.43758616080650914 0.032596542285038874 0.018131182743952826 0.0180589327445397
0 0.4966395451472356 0.936291401202862 0.01685443291297326 0.016891626211313102
0 0.20395443989680365 0.987027094914363 0.015601524939903846 0.015623532808743991
0 0.12818838082827055 0.12058245218717135 0.015130299788254958 0.015299100142258864
0 0.9371073796198919 0.05986148118972778 0.016186640812800482 0.016046432348398063
0 0.3325727902925931 0.9363810465886042 0.01592078575721154 0.015974778395432692
0 0.7754040497999924 0.21098670592674842 0.01619294973520132 0.016537592961237982
0 0.7485262797429011 0.2980992610637958 0.02589695270244892 0.025934952955979567
0 0.7214029752291166 0.5224241109994742 0.018323458158052884 0.018458733191856973
0 0.2789550561171312 0.9843235015869141 0.016571411719689004 0.016330425555889424
0 0.17437665279094988 0.9443983664879432 0.02076611152062049 0.02106505173903245
0 0.1183007130256066 0.5198381864107572 0.016541664416973408 0.01684394249549279
0 0.30504714525662935 0.9491101778470553 0.015459427466759315 0.01548018822303185
0 0.3272449786846454 0.8443578573373648 0.015021984393780049 0.015122046837439904
0 0.10144307063176082 0.6849897824800931 0.027269583482008714 0.027390406681941107
0 0.9534755119910607 0.2663405675154466 0.01480395977313702 0.014753268315241886
0 0.854949217576247 0.30954808455247146 0.02368017343374399 0.023583118732158955
0 0.08020493617424598 0.7480248671311599 0.017957687377929688 0.017859532282902643
0 0.518074842599722 0.1727734345656175 0.01981192368727464 0.019992828369140625
0 0.5689764022827148 0.2778857671297513 0.01536406003511869 0.015429936922513522
0 0.6191449532142053 0.5073790183434119 0.01820975083571214 0.018535760732797477
0 0.3097173250638522 0.9832518650935247 0.01638647226186899 0.016688126784104567
0 0.10503129775707538 0.9929892466618464 0.019384072377131537 0.012866680438701924
0 0.9612640967735877 0.4458455672630897 0.017581059382512018 0.017528533935546875
0 0.5537966948289138 0.22916621428269607 0.02843328622671274 0.0286102294921875
0 0.4249106187086839 0.8978868631216196 0.019672540517953727 0.019647744985727165
0 0.30811808659480167 0.5675962154681866 0.021331420311560996 0.02136516571044922
0 0.4321005160991962 0.8480226810161884 0.045619964599609375 0.04577211233285757
0 0.31574285947359526 0.6204503866342398 0.01485743889441857 0.015195846557617188
0 0.8030796051025391 0.7427464998685397 0.014758476844200721 0.014969165508563701
0 0.6238470811110276 0.4644992168133075 0.019580547626201924 0.019448500413161058
0 0.8369577114398663 0.24703785089346078 0.021748469426081732 0.021782654982346755
0 0.9383387932410607 0.6293530097374549 0.015026679405799279 0.015002910907451924
0 0.7494569925161508 0.3819938072791466 0.019888657789963942 0.020416113046499398
0 0.29494399290818435 0.9926574413592999 0.01987317892221304 0.013615828294020433
0 0.8268241882324219 0.4175538649925819 0.016144238985501803 0.01639278118426983
0 0.7336427982036884 0.721688123849722 0.028591156005859375 0.02901121286245493
0 0.4913794810955341 0.3908821986271785 0.019805908203125 0.01984434861403245
0 0.9637899398803711 0.38760841809786284 0.01772337693434495 0.017757562490609977
0 0.6782657916729267 0.15944123268127441 0.015062772310697116 0.01510025904728816
0 0.1063848825601431 0.02752945514825674 0.018773684134850137 0.01845723046706273
0 0.19667744636535645 0.5540229357205905 0.018977862138014574 0.018735592181865986
0 0.38996175619272083 0.4953364592332106 0.015929148747370794 0.01598211435171274
0 0.38770316197321963 0.8983127887432392 0.016147466806265023 0.016109173114483174
0 0.8183743403508112 0.44473992861234224 0.014472667987530049 0.014487780057466947
0 0.7154648854182317 0.041483622330885664 0.018980026245117188 0.018653816901720487
0 0.35897320967454177 0.7382764082688552 0.02029903118426983 0.020785698523888223
0 0.7409753065842849 0.8859183971698468 0.05642289381760817 0.05708048893855168
0 0.4171604009775015 0.7430506486159104 0.020018650935246393 0.019933553842397835
0 0.2943866436298077 0.4823661217322716 0.029709595900315505 0.0301666259765625
0 0.6069844319270208 0.22460238750164324 0.029275160569411058 0.029738793006310098
0 0.31079538051898664 0.08929127913254958 0.022806387681227464 0.022591407482440654
0 0.3144176189716046 0.11046827756441556 0.02341153071476863 0.023201172168438252
0 0.3051197345440204 0.671897448026217 0.018886346083420973 0.018772418682391826
0 0.8445973029503455 0.9597318355853741 0.014477069561298076 0.014112765972430889
0 0.7468870603121244 0.8019532423753005 0.1411153353177584 0.138639156634991
0 0.6068621415358323 0.8031121767484225 0.015381299532376803 0.014875558706430288
0 0.3929049785320575 0.6447953444260818 0.01612707284780649 0.016183119553786058
0 0.2541627517113319 0.8371624579796424 0.05018432323749249 0.05014243492713341
0 0.09144965501931998 0.6509867448073167 0.02361262761629545 0.023075397198016826
0 0.8168962918795072 0.1895630543048565 0.0226287841796875 0.022415674649752103
0 0.9221979287954477 0.5959808643047626 0.015526991624098558 0.015354009775015024
0 0.09596771460313064 0.01869120506139902 0.022222225482647236 0.021623776509211615
0 0.2564332668597882 0.6646411602313702 0.01538386711707482 0.01537029559795673
0 0.5837261493389423 0.3225240707397461 0.01619881850022536 0.016374514653132513
0 0.768338130070613 0.4669018525343675 0.014847682072566105 0.014942022470327524
0 0.15276714471670297 0.650015977712778 0.016710538130540114 0.016626504751352165
0 0.8801546830397385 0.38135825670682466 0.03646498460036058 0.03623419541579027
0 0.678841810960036 0.6529187422532302 0.015058517456054688 0.014982957106370192
0 0.146964981005742 0.6785163145798904 0.01708527711721567 0.016917595496544473
0 0.9871194546039288 0.9897084602942834 0.026117764986478366 0.018643746009239785
0 0.5180703676663913 0.24518167055570161 0.02467478238619291 0.024892000051645134
0 0.48850635381845325 0.8019927098200872 0.014658341040978065 0.014959188608022837
0 0.4080245311443622 0.2353793474344107 0.017151685861440804 0.017017254462608926
0 0.7761348577646109 0.7586723474355844 0.021112442016601562 0.021176851712740384
0 0.5862618226271409 0.9732544238750751 0.02570489736703726 0.025681422306941107
0 0.7753043541541467 0.007411162440593426 0.022207993727463942 0.013631364473929772
0 0.35915374755859375 0.956360230079064 0.018103599548339844 0.018193758451021634
0 0.6948782847477839 0.5442421252910907 0.02604543245755709 0.02655454782339243
0 0.45750918755164516 0.23104199996361366 0.018062444833608773 0.01818286455594576
0 0.5483275560232309 0.5595112213721642 0.015775680541992188 0.015756607055664062
0 0.8094326899601862 0.6204910278320312 0.016490642841045674 0.016490092644324668
0 0.2212496170630822 0.9773167830247146 0.01537018555861253 0.01525101294884315
0 0.21492571097153884 0.5266631199763372 0.016065524174616888 0.015969056349534255
0 0.4308648109436035 0.4001596524165227 0.021680245032677285 0.02167848440317007
0 0.5116785856393667 0.8502357189471905 0.017597785362830527 0.01730170616736779
0 0.8342106158916767 0.035335811284872204 0.017763577974759616 0.017623121921832744
0 0.6193354679987981 0.4775109657874474 0.017979841965895433 0.017742743858924277
0 0.3056979179382324 0.2023611068725586 0.014225152822641226 0.014268875122070312
0 0.8531259390024039 0.9463286766639123 0.015978446373572715 0.016078362098106973
0 0.01439433372937716 0.7004057077261118 0.01865853713108943 0.018193758451021634
0 0.8069396385779748 0.5075082778930664 0.014663402850811299 0.014646236713115986
0 0.17827426470243013 0.1670555334824782 0.01391432835505559 0.013961205115685096
0 0.6099475713876578 0.7909178367027869 0.014890377338115986 0.015236927912785457
0 0.5930533775916467 0.01753115883240333 0.04326350872333233 0.03348684769410353
0 0.14918132928701547 0.08635114706479587 0.022556158212515023 0.02272316125723032
0 0.4351106056800255 0.4203384472773625 0.015436906080979567 0.015768124507023737
0 0.6912159552940955 0.28885969748863805 0.014328296367938701 0.014542726370004507
0 0.8773031234741211 0.1986830051128681 0.02305940481332632 0.02268519768348107
0 0.777295185969426 0.9275978528536283 0.015381739689753605 0.015358851506159855
0 0.9173483481773963 0.35315667665921724 0.016651740440955527 0.016905491168682393
0 0.7703025524432843 0.8379193819486178 0.03616626446063702 0.03669430659367488
0 0.9171188794649564 0.025870318596179668 0.07496833801269531 0.04978341322678786
0 0.9932135068453275 0.6794261198777419 0.013251964862530049 0.014985598050631009
0 0.7612513028658353 0.06553163895240197 0.014551016000600962 0.014565981351412259
0 0.033562543300481945 0.990761976975661 0.017161199679741494 0.015472412109375
0 0.8669392512394831 0.5793463633610652 0.014719742995042067 0.014411339393028846
0 0.0619509953718919 0.6898564558762771 0.022471519616933968 0.022976508507361777
0 0.21660120670612043 0.6620386563814603 0.01417248065655048 0.014293377216045674
0 0.729619392981896 0.591647221491887 0.042435866135817304 0.04247738764836238
0 0.4018240708571214 0.8554173983060397 0.02039058391864483 0.020360506497896634
0 0.8328854487492487 0.5334504934457632 0.021295547485351562 0.021166141216571514
0 0.9713168511023889 0.2610248052156888 0.022239098182091348 0.021792045006385215
0 0.33959062282855695 0.43086946927584135 0.014179229736328125 0.014055545513446514
0 0.033592173686394326 0.7057135655329778 0.0187761508501493 0.018551019521859977
0 0.5889567595261794 0.5842745854304388 0.014399308424729567 0.014487339900090145
0 0.33677123143122745 0.4510463567880484 0.017185064462515023 0.017331636868990384
0 0.9680457481971154 0.26271818234370303 0.017137967623197116 0.017351333911602315
0 0.30414676666259766 0.12688245223118708 0.01835287534273588 0.01784801483154297
0 0.6961358143733098 0.18228657429034895 0.014803813054011418 0.014698175283578726
0 0.8361275012676532 0.1798686797802265 0.017127110407902643 0.017284246591421273
0 0.10860444949223445 0.5361587817852314 0.014174167926494893 0.01392364501953125
0 0.12147757640251747 0.9819862659160907 0.01640009880065918 0.016337761512169473
0 0.8105529638437124 0.03992113241782555 0.032677870530348554 0.0325550207724938
0 0.8656253814697266 0.5373585040752704 0.014140936044546274 0.014062294593224159
0 0.3181763428908128 0.1653327208298903 0.016080856323242188 0.015900721916785605
0 0.775001232440655 0.11144230915949895 0.014063321627103366 0.014208096724290114
0 0.6288973001333383 0.5193085670471191 0.0142973386324369 0.01426381331223708
0 0.4124737886282114 0.8204039060152494 0.02040378863994892 0.02034334036020132
0 0.8021342937762921 0.3145110056950496 0.02226873544546274 0.02243627034700834
0 0.5053511766286997 0.8116104419414814 0.016959410447340745 0.01718315711388221
0 0.7744488349327674 0.29087284895089954 0.013874053955078125 0.013796219458946815
0 0.5189053462101862 0.8283097193791316 0.014139762291541466 0.014475015493539663
0 0.7903147477370042 0.48158154120812047 0.015206116896409255 0.015039884127103366
0 0.669094599210299 0.46446117987999547 0.024064137385441706 0.024061936598557692
0 0.4984606596139761 0.29460912484389085 0.018049313471867487 0.018085259657639723
0 0.1980284544137808 0.7269951747013972 0.014685410719651442 0.014920454758864183
0 0.41213600452129656 0.02797212738257188 0.013946973360501803 0.013980255677149845
0 0.1271954866556021 0.38840363575862 0.01583730257474459 0.015764236450195312
0 0.37383405978863055 0.8616949961735652 0.01507274921123798 0.01525115966796875
0 0.04393846713579618 0.7490725884070764 0.014104421322162334 0.014382289006159855
0 0.32470439030573917 0.24600559014540452 0.014239971454326924 0.014476482684795674
0 0.28118122540987456 0.36571590717022234 0.01638683905968299 0.01675260983980619
0 0.499272163097675 0.5547812535212591 0.01342604710505559 0.013683319091796875
0 0.5443154848538913 0.14728006032797006 0.016991468576284554 0.016883721718421348
0 0.8802700042724609 0.7188769120436448 0.013701512263371395 0.013652508075420674
0 0.529727422274076 0.807063469519982 0.02321199270395132 0.02356749314528245
0 0.7818552897526667 0.32769944117619443 0.025419968825120192 0.02586702200082632
0 0.47336512345534104 0.3097227536714994 0.027061315683218148 0.027495916073138896
0 0.9944157233605018 0.3386052205012395 0.010848558866060697 0.01562632047213041
0 0.645969610947829 0.7273152424738958 0.01396942138671875 0.014227647047776442
0 0.06853221929990329 0.8396188295804538 0.02726142223064716 0.027449681208683893
0 0.8929752936730018 0.6809109907883865 0.017247126652644232 0.017046121450570915
0 0.5142945876488318 0.4156603446373573 0.014590850243201623 0.014632298396183895
0 0.89171996483436 0.41034911229060245 0.015862391545222357 0.015988496633676384
0 0.5481016085698054 0.7819134638859675 0.01641368865966797 0.016747107872596152
0 0.5400443077087402 0.3712431834294246 0.01673999199500451 0.01677102309006911
0 0.5396153743450458 0.26014217963585484 0.022037726182204027 0.021966017209566556
0 0.7111859688392053 0.7121912149282602 0.026599003718449518 0.02675012441781851
0 0.08801660170921913 0.932154655456543 0.022004310901348408 0.021910887498121995
0 0.6198975489689753 0.48258245908297026 0.020264295431283805 0.021639897273137018
0 0.00403031362937047 0.7160641596867487 0.008036416310530443 0.017420255220853366
0 0.53396331346952 0.23441729178795448 0.025771948007436898 0.02602547865647536
0 0.10017429865323581 0.13386485209831825 0.014276999693650465 0.014074563980102539
0 0.9090119875394381 0.005342886998103215 0.01853179931640625 0.010261927659694966
0 0.6935633145845853 0.08652496337890625 0.06551962632399339 0.06463563900727493
0 0.8671446580153245 0.7356874025785006 0.01603860121506911 0.016280541053185098
0 0.8899476711566632 0.5793472436758188 0.01699990492600661 0.01716481722318209
0 0.1071920578296368 0.746665514432467 0.014050025206345778 0.014207399808443509
0 0.8410773644080529 0.4159388908973107 0.013430962195763221 0.013554059542142428
0 0.4084909145648663 0.7178864112267127 0.014967698317307692 0.015419886662409855
0 0.07683921318787795 0.5998011368971604 0.016837037526644193 0.017311683067908652
0 0.37358357356144833 0.23322314482468826 0.017038638775165264 0.016902813544640176
0 0.6606249442467322 0.14065188627976638 0.013964579655573918 0.013971768892728366
0 0.9427539385282077 0.6687812805175781 0.015101212721604567 0.015193645770733174
0 0.7281471399160532 0.2813413326556866 0.014998656052809495 0.015029687147874098
0 0.27273908028235805 0.8844840709979718 0.02201050978440505 0.02190369826096755
0 0.8853143545297476 0.5732643787677472 0.01656209505521334 0.016092593853290264
0 0.4050339185274564 0.4075770378112793 0.01400448725773738 0.013925992525540866
0 0.49858489403357875 0.026064072663967427 0.015279476459209736 0.015435828612400936
