0 0.7439608940711389 0.2200501148517315 0.08291420569786659 0.08393324338472806
0 0.6195167394784781 0.34024898822490984 0.04613157419057993 0.04586586585411659
0 0.5771987621600811 0.086434373488793 0.027015832754281852 0.027133061335637018
0 0.6425823798546424 0.13426105792705828 0.05143312307504507 0.05174805567814754
0 0.9693467066838191 0.47580601618840146 0.04132652282714844 0.04108436291034405
0 0.6527175903320312 0.40913911966177136 0.024463653564453125 0.024561001704289362
0 0.6363755739652194 0.77954468360314 0.12305655846228966 0.12311612642728366
0 0.5329446059006911 0.4167793714083158 0.034420160146859974 0.03428987356332632
0 0.4892936119666466 0.6640156965989333 0.06188539358285757 0.06180528494027945
0 0.5708514727078952 0.40235339678250825 0.01930390871488131 0.019361349252554085
0 0.6218233108520508 0.795409422654372 0.030586976271409255 0.030659015362079326
0 0.5685120362501878 0.35637297997107875 0.03243739788348858 0.032613900991586536
0 0.48856768241295445 0.35251312989455 0.038290170522836536 0.03847444974459135
0 0.4531429730928861 0.40027713775634766 0.03493022918701172 0.03506675133338341
0 0.24749346879812387 0.8335800170898438 0.04773246324979342 0.04862565260667067
0 0.5019644223726712 0.9345844708956205 0.059333507831280045 0.059195445134089544
0 0.7318327977107122 0.7883057227501502 0.0337976308969351 0.033962249755859375
0 0.21830382713904747 0.17244342657235953 0.0521242435161884 0.05225232931283804
0 0.39547494741586536 0.7289047974806565 0.04299618647648738 0.0428167489858774
0 0.38747413341815656 0.38588868654691255 0.03412334735576923 0.034392356872558594
0 0.8884654411902795 0.9002516819880559 0.01804351806640625 0.018119958730844352
0 0.5139106603769156 0.6334012838510367 0.06321965731107272 0.06483191710252029
0 0.5421696442824143 0.4486549817598783 0.04574042100172777 0.04567366379957933
0 0.5369474704448993 0.06242018479567308 0.01747762239896334 0.01777019867530236
0 0.8017729979294997 0.1975881136380709 0.031102547278771035 0.0307312745314378
0 0.7091676271878756 0.12350931534400353 0.05263724693885216 0.05247336167555589
0 0.6024608978858361 0.007947505093537845 0.016288904043344352 0.014620690391613888
0 0.6382334048931415 0.4348064936124362 0.015446296105018029 0.015390982994666466
0 0.3141084084144005 0.7957655099722055 0.03435178903432993 0.03424615126389723
0 0.16994061836829552 0.11043152442345253 0.025728885944073018 0.025930423002976637
0 0.6055017618032602 0.04869543589078463 0.040093642014723554 0.04029473891625038
0 0.36412110695472133 0.7430560772235577 0.025052217336801384 0.02511743398813101
0 0.23307554538433367 0.36733851066002476 0.06917307927058293 0.06884266779972957
0 0.8863020676832932 0.4153022766113281 0.018795600304236777 0.018695831298828125
0 0.8329183138333834 0.8278553302471454 0.04986308171198918 0.04812416663536659
0 0.34647024594820464 0.36719799041748047 0.0363313234769381 0.03579007662259615
0 0.04987280643903292 0.08894795637864333 0.05058861695803129 0.05035316485625047
0 0.6198756878192608 0.377047245319073 0.029767696674053486 0.030360588660606973
0 0.6820154923659104 0.718439689049354 0.015153738168569712 0.015379685621995192
0 0.565488155071552 0.04997930618432852 0.03760748643141527 0.037498795069181
0 0.481715935927171 0.387270817389855 0.02410301795372596 0.02395292428823618
0 0.3998854710505559 0.41083343212421125 0.02867441910963792 0.028330509479229268
0 0.9219196026141827 0.7606945037841797 0.019434708815354567 0.019277425912710335
0 0.42432616307185245 0.16938114166259766 0.02390568072979267 0.023914924034705527
0 0.5528823412381686 0.17067575454711914 0.027636307936448317 0.02790091587946965
0 0.5322358058049128 0.3862880560067984 0.015473879300631009 0.015377631554236779
0 0.673863410949707 0.01108359144284175 0.029579602755033053 0.020645577173966628
0 0.5787333708543044 0.4250335693359375 0.02068350865290715 0.020235648522010215
0 0.2761687498826247 0.7666700803316556 0.02063897939828726 0.020610809326171875
0 0.38338653857891375 0.3484849196213942 0.029755518986628607 0.030321854811448317
0 0.23228858067439154 0.854161262512207 0.03125139383169321 0.030724011934720553
0 0.530092716217041 0.34824191606961763 0.02166014451246995 0.02146493471585787
0 0.6015426195584811 0.40922964536226714 0.017504765437199518 0.01755494337815505
0 0.9833485529972956 0.8366794586181641 0.019402430607722357 0.019962164071890023
0 0.38202986350426305 0.2424943447113037 0.01874967721792368 0.018888106712928183
0 0.8626294502845178 0.907574726985051 0.023211845984825723 0.023423121525691107
0 0.34685465005727917 0.8687775685237005 0.02543302682729868 0.02543038588303786
0 0.8541592818040115 0.23277935614952674 0.018589019775390625 0.018675584059495192
0 0.4378852110642653 0.2320592586810772 0.055299612192007214 0.05612663122323843
0 0.03868804986660297 0.12836713057297927 0.016271453637343187 0.016111410581148587
0 0.5576890798715445 0.8279836361224835 0.017958567692683294 0.017983363224909857
0 0.8095877720759466 0.8599670116717999 0.019982411311222956 0.019977569580078125
0 0.41912203568678635 0.31249027985792893 0.021815373347355768 0.021777813251201924
0 0.3567363665654109 0.4790540108313927 0.045422847454364486 0.04505311525785006
0 0.5168147453894982 0.16945578501774713 0.028872563288762018 0.02870629383967473
0 0.4590663176316481 0.6277165046105018 0.021715164184570312 0.022173954890324518
0 0.6089330086341271 0.488950069134052 0.03155209467961238 0.031148323645958535
0 0.632388188288762 0.29286756882300746 0.017201350285456732 0.017603690807635967
0 0.7710087115948017 0.8565158843994141 0.04332879873422476 0.04250805194561298
0 0.19030184012192947 0.759269274198092 0.030706405639648438 0.03060296865609976
0 0.6868811387282151 0.6071690779465896 0.01777062049278846 0.017762257502629206
0 0.8204441070556641 0.05487309052393986 0.03136135981633113 0.03159205730144794
0 0.37779030433067906 0.6934290665846604 0.03434269244854267 0.033249194805438705
0 0.09903382338010348 0.9523189984835111 0.04473803593562199 0.044541432307316706
0 0.329807134775015 0.6423982473520132 0.03728338388296274 0.03790136483999399
0 0.8242965111365685 0.8195041509775015 0.03089112501878005 0.03145247239332933
0 0.5479261691753681 0.29166590250455415 0.018880697397085335 0.0190731928898738
0 0.37953354762150693 0.33895312822782075 0.05339959951547476 0.05228900909423828
0 0.7295359097994291 0.8374620584341196 0.028935359074519232 0.029006371131310098
0 0.26865333777207595 0.8656229606041541 0.022594782022329476 0.022649178138146035
0 0.633698243361253 0.26675954231849086 0.017610990084134616 0.017818744365985576
0 0.48833707662729114 0.4509344467749962 0.05890640845665565 0.059726861807016224
0 0.9053055689885066 0.8805707784799429 0.029161746685321514 0.029683626615084134
0 0.9453955430250901 0.3879280090332031 0.09592261681189904 0.09948246295635517
0 0.6933169731727014 0.8418100797213041 0.04202681321364183 0.04155775216909555
0 0.8903269400963416 0.9683344914362981 0.03323217538686899 0.033134753887469955
0 0.968066508953388 0.418125372666579 0.05887192946213942 0.07218155494103065
0 0.24860062965979943 0.7856539212740384 0.029241525209867038 0.028845566969651442
0 0.4550961347726675 0.6226965097280649 0.030480091388408955 0.030781635871300332
0 0.44384398827186 0.4523621339064378 0.025372431828425482 0.025305821345402643
0 0.4805114452655499 0.9337977629441482 0.018688201904296875 0.01850304236778846
0 0.5035269077007587 0.39017824026254505 0.01686991178072416 0.017260624812199518
0 0.29601683983436 0.5701685318580041 0.037186769338754505 0.03651883051945613
0 0.07451536105229305 0.021861321651018582 0.048904125507061295 0.042054859491494984
0 0.8922930497389573 0.6139313991253192 0.017217195951021634 0.017178828899676982
0 0.9434739626370944 0.882113530085637 0.02040716317983774 0.020359039306640625
0 0.36931639451246995 0.431085256429819 0.03671675461989183 0.03650797330416166
0 0.35910144219031703 0.7731768534733698 0.024257073035606973 0.024409954364483174
0 0.08027135408841647 0.19057633326603815 0.04773162419979389 0.04788618821364183
0 0.8465662736159104 0.8257199800931491 0.024891486534705527 0.024582496056189902
0 0.9440768315241888 0.8254729784451998 0.015927241398737982 0.01621877230130709
0 0.1858388093801645 0.3401380685659555 0.03922213040865385 0.039449838491586536
0 0.07668392474834736 0.1392161204264714 0.04837943957402156 0.047828105779794544
0 0.28807906004098743 0.2052473288315993 0.02719288605910081 0.026888150435227614
0 0.8349666595458984 0.18068441977867714 0.018393589900090143 0.018306842217078574
0 0.44064595149113583 0.1002871898504404 0.09081957890437199 0.09314852494459885
0 0.24089274039635292 0.7419904562143179 0.02146141345684345 0.02125402597280649
