0 0.5534951136662409 0.8802761664757361 0.10618297870342548 0.10738900991586539
0 0.45184073081383336 0.6549125818105844 0.03259013249323918 0.03271939204289363
0 0.748325201181265 0.2571060840900128 0.13196519704965445 0.2176378690279447
0 0.655769788301908 0.08624070424299973 0.04388691828801082 0.043648719787597656
0 0.30483449422396147 0.28142466911902797 0.02478940670306866 0.024794798630934495
0 0.3283523412851187 0.6927462357741135 0.03796225327711839 0.0380243154672476
0 0.2280550736647386 0.2819606340848483 0.04247614053579477 0.04293896601750301
0 0.748357185950646 0.9259215134840745 0.1600670447716346 0.1462839566744291
0 0.30281923367426944 0.6503471961388221 0.06636630571805514 0.06594232412484977
0 0.23160806069007286 0.3139139688931979 0.024560268108661357 0.024642797616811898
0 0.30133841587946963 0.2139305334824782 0.0269473149226262 0.02710379087007963
0 0.36385220747727615 0.29361416743351865 0.018179820134089544 0.01810792776254507
0 0.34807733389047474 0.8306575188269982 0.0656126462496244 0.06664188091571514
0 0.6423625946044922 0.11072987776536208 0.02475738525390625 0.02483052473801833
0 0.2614230742821327 0.17015336110041693 0.04481352292574369 0.045537517620966986
0 0.2447200555067796 0.20418488062345064 0.08174331371600811 0.08232545852661133
0 0.3583511205819937 0.7759823432335486 0.020668469942533053 0.020678887000450723
0 0.3761424651512733 0.3440732955932617 0.027725366445688102 0.028002225435697116
0 0.3330535155076247 0.3114085564246544 0.017853956956129808 0.017553256108210638
0 0.26476199810321516 0.8015843171339768 0.019287842970628005 0.019550910362830527
0 0.2528386482825646 0.29595486934368426 0.01623117006742037 0.016101323641263522
0 0.3634782571059007 0.7115210753220779 0.03783123309795673 0.03872959430401142
0 0.7960601219764123 0.7879800062913161 0.05322676438551683 0.052555084228515625
0 0.7557519766000601 0.3893725321843074 0.04956758939302885 0.04761013617882362
0 0.4139402829683744 0.9578877962552584 0.015302658081054688 0.01529678931603065
0 0.49112771107600284 0.7465604635385367 0.019706065838153545 0.01979519770695613
0 0.3762644987839919 0.6568079728346604 0.025027055006760817 0.02520135732797476
0 0.48521027198204625 0.9520369309645432 0.01803163381723257 0.01820094768817608
0 0.2729792594909668 0.8308672538170447 0.015152270977313701 0.015189244196965145
0 0.40334448447594273 0.6407125913179837 0.03306286151592548 0.03282312246469351
0 0.34183278450599086 0.2979513681851901 0.01883088625394381 0.018598263080303486
0 0.2904652265401987 0.6046262887807993 0.030113807091346152 0.030109698955829326
0 0.6018272546621469 0.7056295688335712 0.02976652292104868 0.02979425283578726
0 0.31366289578951323 0.9870316432072566 0.017158068143404447 0.01708089388333834
0 0.20942915402925932 0.7750964531531701 0.01447765643780048 0.014271369347205529
0 0.6413838313176081 0.7827602533193735 0.09069556456345779 0.09336310166579026
0 0.805237916799692 0.8459441845233624 0.02135599576509916 0.021282782921424277
0 0.7898510419405423 0.721148050748385 0.018399898822490986 0.018553660466120794
0 0.30075326332679164 0.24004235634436974 0.017763724693885215 0.01769880148080679
0 0.7020659813514123 0.7769621335543119 0.01656370896559495 0.016396155724158652
0 0.3224128576425406 0.1924448196704571 0.015275808481069712 0.015553877903864933
0 0.33115827120267427 0.033453136682510376 0.014468119694636418 0.014255143128908597
0 0.36878578479473406 0.9512724509605994 0.015146842369666466 0.01527111346905048
0 0.5184187522301307 0.727578383225661 0.018775573143592246 0.0186614990234375
0 0.36377473977895886 0.32731250616220325 0.016332626342773438 0.016364904550405648
0 0.33547159341665417 0.14501023292541504 0.014607943021334134 0.014977235060471755
0 0.5136297666109525 0.6602828686053936 0.018482354971078727 0.018749383779672477
0 0.23259727771465594 0.7766951047457181 0.0391087898841271 0.03913967426006611
0 0.7090202478262094 0.34061585939847505 0.10960534902719352 0.10951577700101413
0 0.45319285759559047 0.7334528702955979 0.015187263488769531 0.015242796677809495
0 0.7204855405367337 0.758719590994028 0.017760203434870794 0.01798380338228666
0 0.2770543465247521 0.12675126699300912 0.02521360837496244 0.025162898577176608
0 0.38110700020423305 0.3080006379347581 0.032585510840782754 0.03254839090200571
0 0.3281368108896109 0.7428318903996394 0.05009944622333233 0.048722487229567304
0 0.720337647658128 0.721410164466271 0.033530895526592545 0.03334720318134014
0 0.2299331151522123 0.8218693366417518 0.01422588641826923 0.014535463773287259
0 0.44598249288705677 0.9020497248722956 0.021694183349609375 0.02174230722280649
0 0.649205574622521 0.9791942743154672 0.08844713064340445 0.04079349224384014
0 0.41289542271540713 0.8732842665452224 0.05758872398963341 0.05698834932767428
0 0.7352892802311823 0.8463628475482647 0.015047366802509014 0.014939234806941105
