0 0.352024665245643 0.19944027753976676 0.04967087965745192 0.04986271491417518
0 0.6326921903170072 0.2145994993356558 0.037834460918719955 0.03769698509803185
0 0.6089569238516 0.898656258216271 0.04494182880108173 0.044836777907151446
0 0.3811504657451923 0.28752627739539516 0.059163460364708535 0.05928303645207332
0 0.30640706649193394 0.15156186543978178 0.032405889951265775 0.03269866796640249
0 0.41587121670062727 0.04885489207047682 0.03160249269925631 0.03136423917917105
0 0.4928616743821364 0.36556034821730393 0.11636411226712741 0.11563748579758865
0 0.5915083518395057 0.6292833181527945 0.028330289400540866 0.028194977686955378
0 0.5544600853553185 0.5876592489389273 0.035317641038161054 0.03532673762394832
0 0.4782430942241962 0.9029812446007361 0.04887683574969952 0.049254197340745196
0 0.6144914627075195 0.5871201295119065 0.0327600332406851 0.032651534447303183
0 0.6139163604149451 0.6994888599102314 0.03157755044790415 0.03148357684795673
0 0.408109921675462 0.7694884813748873 0.04968562492957482 0.05010032653808594
0 0.4850052320040189 0.5821866989135742 0.027397595919095553 0.02733157231257512
0 0.329227850987361 0.5693520766038161 0.04320716857910156 0.042885927053598255
0 0.6649335714486929 0.6725416917067307 0.022259932297926683 0.022181584284855768
0 0.44893767283513 0.7671156663161057 0.05452434833233173 0.05407509436974159
0 0.5919139568622296 0.7236027350792518 0.03317480820875902 0.03284102219801683
0 0.4607409697312575 0.6450196046095628 0.020390143761268027 0.020534221942608174
0 0.3807839613694411 0.23153497622563288 0.039569708017202526 0.03908333411583534
0 0.3535864536578839 0.9820084205040565 0.03165509150578426 0.03161767812875601
0 0.6460781097412109 0.24067475245549128 0.017225118783804085 0.017359586862417366
0 0.560851500584529 0.7392877432016226 0.04201463552621695 0.0421295166015625
0 0.5046821374159592 0.662178479708158 0.026177259591909554 0.026492485633263223
0 0.4948736337515024 0.6093725057748648 0.018617923443134014 0.018695684579702523
0 0.3550821817838229 0.6580663827749399 0.03303212385911208 0.0330657958984375
0 0.49151185842660755 0.15453622891352728 0.03524633554311899 0.034989503713754505
0 0.6200432410606971 0.3925676712623009 0.017484224759615384 0.01736296140230619
0 0.6139412659865159 0.24640318063589242 0.025453860943134014 0.02558583479661208
0 0.5101919174194336 0.9254628694974459 0.0361333993765024 0.03565069345327524
0 0.6200967935415415 0.9537275754488431 0.01900027348445012 0.019034165602463942
0 0.6405923549945538 0.7628903755774865 0.035474923940805286 0.035371046799879804
0 0.3677485539362981 0.9554044283353366 0.0218350337101863 0.02173277047964243
0 0.41715126771193284 0.15134726120875433 0.06852575448843148 0.06894993782043457
0 0.31964478125939 0.3633869978097769 0.0623480723454402 0.08126405569223258
0 0.5174475449782151 0.5926700005164514 0.03531338618351863 0.03552583547738882
0 0.4845678989703839 0.19874734144944411 0.05133460118220402 0.05181209857647236
0 0.3460005246675931 0.10665748669550969 0.02425069075364333 0.024286490220289964
0 0.5248430692232572 0.6137268359844501 0.04094696044921875 0.041700509878305286
0 0.4109338613656851 0.5189861884483924 0.023219181941105768 0.023260850172776442
0 0.5621235920832708 0.2862888482900766 0.04873569195087139 0.04832113706148588
0 0.3686841084406926 0.05317619213691124 0.01589488983154297 0.015891460271982048
0 0.5219401579636794 0.6328893074622521 0.017676573533278245 0.017153226412259616
0 0.5996128228994516 0.5582382128788874 0.024202933678260215 0.02424775637113131
0 0.5596303939819336 0.41414568974421573 0.016687393188476562 0.01674043215238131
0 0.37615482623760516 0.9877964900090144 0.02730721693772536 0.02279809805063101
0 0.6041972820575421 0.11740442422720102 0.018019456129807692 0.018270199115459736
0 0.4550828200120192 0.17750850090613732 0.0303652836726262 0.03040775885948768
0 0.34361875974214995 0.7721830514761118 0.02006251995380108 0.019919175368088942
0 0.31009787779587966 0.8922592309805063 0.01703225649320162 0.017244485708383415
0 0.5477639711820163 0.9439782362717849 0.11002584604116586 0.10601557218111478
0 0.4326771956223708 0.9248809814453125 0.03845530289870042 0.03890903179462139
0 0.3300914030808669 0.4752696110652043 0.01991609426645132 0.01986268850473257
0 0.6550276829646184 0.6915285403911884 0.01963219275841346 0.019454222459059495
0 0.4961844224196214 0.2887724362886869 0.0435179196871244 0.04445596841665415
0 0.507778681241549 0.31759320772611177 0.06920609107384315 0.0682051548591027
0 0.681610107421875 0.9689120512742263 0.04558123075045072 0.056473805354191706
0 0.3026260596055251 0.9368325746976413 0.017301632807804987 0.023994299081655648
0 0.61634034376878 0.9822152211115911 0.024225711822509766 0.02431150583120493
0 0.35066017737755406 0.17323033626262957 0.018027819119966947 0.017978521493765023
0 0.6160270250760592 0.4304955555842473 0.023625300480769232 0.02385880396916316
0 0.3968048829298753 0.24306818155141977 0.02649226555457482 0.02592020768385667
0 0.3068395761343149 0.42897723271296573 0.027695875901442308 0.02782440185546875
0 0.6888223794790415 0.6404630220853366 0.022914299598106973 0.023406982421875
0 0.43787978245661807 0.08340730116917537 0.04940341069148137 0.04972987908583421
0 0.302710092984713 0.08541942559755765 0.014799118041992188 0.014288590504572941
0 0.6376003852257361 0.48337650299072266 0.017143836388221152 0.017122855553260215
0 0.3171279980586125 0.9329912479107196 0.01629528632530799 0.015985929048978366
0 0.40502269451434797 0.3795951696542593 0.04058206998384916 0.040893261249248795
0 0.3230207883394681 0.6612981649545523 0.026481481698843148 0.026976512028620794
0 0.6162704321054312 0.46643205789419323 0.018317442673903245 0.017942061791053183
0 0.6478696236243615 0.5497931700486404 0.035295926607572116 0.03521251678466797
0 0.3942746015695425 0.9195973322941706 0.01604014176588792 0.016275405883789062
0 0.3099084267249474 0.8945186321551983 0.019399496225210335 0.018895369309645433
0 0.3681289232694186 0.6090507507324219 0.014502818767841045 0.014959628765399639
0 0.38498581372774565 0.6479489986713116 0.027417476360614482 0.027536538931039665
0 0.30847615462083083 0.9051661858191857 0.016292003484872673 0.016651153564453125
0 0.38441731379582333 0.5640787711510291 0.02784861051119291 0.028390150803786058
0 0.34732473813570464 0.5286045808058518 0.029039382934570312 0.02956052926870493
0 0.5863012167123648 0.590637573829064 0.03191016270564152 0.03322799389178936
0 0.32521504622239333 0.1694348041827862 0.014698615440955529 0.014526954064002404
0 0.6228017073411208 0.6542717126699594 0.022638210883507363 0.02279824476975661
0 0.41509826366718 0.5001153212327224 0.01777025369497446 0.017650897686298076
0 0.38849834295419544 0.5576645777775691 0.018036548907940205 0.01805452200082632
0 0.49260564950796276 0.9907772357647235 0.04315757751464844 0.017527360182542067
0 0.630218872657189 0.02200194964042077 0.06313705444335938 0.04287940722245436
0 0.6357059478759766 0.4815400196955754 0.018947014441856973 0.019182938795823317
0 0.5823913720937876 0.9923582810621995 0.02298765916090745 0.014230287992037259
0 0.6334473536564753 0.4798977558429425 0.018635676457331732 0.019128946157602165
0 0.2961907753577599 0.22852435478797326 0.01672979501577524 0.023089262155386116
0 0.4084945091834435 0.8871806218073919 0.021433463463416465 0.021955049954927884
