0 0.6854485731858474 0.31710015810452974 0.05466197087214543 0.05529425694392277
0 0.463924187880296 0.613495973440317 0.0372010010939378 0.0370326408973107
0 0.5043973189133865 0.7509336471557617 0.028279231144831732 0.028127376849834736
0 0.3654451370239258 0.24668565163245568 0.025903701782226562 0.025664329528808594
0 0.41082998422475964 0.46334189635056716 0.02650906489445613 0.02657662905179537
0 0.05093332895865807 0.4755099369929387 0.032797969304598294 0.03339165907639723
0 0.3256234389085036 0.5903025407057542 0.03347631601186899 0.03346942021296574
0 0.08994878255403958 0.7693412487323468 0.03345043842609112 0.03314883892352764
0 0.33263426560621995 0.5150313744178185 0.026630401611328125 0.02650789114145132
0 0.5903060986445501 0.3925578777606671 0.02458931849553035 0.024695616502028245
0 0.13186265872075006 0.9245292223416842 0.023575709416316107 0.023600211510291465
0 0.5823981211735652 0.8303633469801682 0.029478073120117188 0.029612027681790866
0 0.5451293725233811 0.7832283606896033 0.032529464134803183 0.032206021822415866
0 0.972132316002479 0.8671977703387921 0.019528755774864785 0.019500732421875
0 0.37920185235830456 0.7666314198420598 0.02279068873478816 0.02301201453575721
0 0.17813653212327224 0.7743848653940054 0.02076233350313627 0.020660253671499398
0 0.2751884643848126 0.5547632804283729 0.017494018261249248 0.017424950232872598
0 0.5261696668771597 0.6940521827110877 0.026195746201735277 0.026569073016826924
0 0.768115337078388 0.5522152460538424 0.019211842463566706 0.018829345703125
0 0.555111261514517 0.7361542628361628 0.018037722660945013 0.018101031963641826
0 0.3456997871398926 0.6230470950786884 0.01920208564171424 0.019312638502854567
0 0.5419647510235126 0.7652339201707107 0.020442669208233174 0.02075063265286959
0 0.21248481823847845 0.44234396861149716 0.018020079686091497 0.01813822526198167
0 0.5746525617746207 0.7521436397845929 0.015938758850097656 0.01589232224684495
0 0.23007257168109602 0.5343970152047964 0.01685795417198768 0.016771609966571514
0 0.6062137163602389 0.7862387437086839 0.01954034658578726 0.01954474815955529
0 0.9081440705519456 0.2706523308387169 0.016001481276292067 0.015924380375788763
0 0.21364340415367714 0.7731307103083684 0.018158765939565804 0.018054081843449518
0 0.5709737630990835 0.30652950360224795 0.01567869919996995 0.01559598629291241
0 0.2322398882645827 0.7816740182729868 0.01733673535860502 0.017781184269831732
0 0.5053429236778846 0.7194502903864934 0.016768602224496696 0.016614180344801683
0 0.6478231870211087 0.6520379139826848 0.016838660606971152 0.016622249896709736
0 0.9642248887282151 0.38992709379929763 0.015333909254807692 0.015438153193547176
0 0.34841104654165417 0.5733158771808331 0.0180816650390625 0.01820967747614934
0 0.6271874354435847 0.8099863345806415 0.01497943584735577 0.014911945049579326
0 0.7668417417086087 0.9556865692138672 0.23981138376089242 0.08712034959059495
0 0.7362616612361028 0.2538196306962233 0.015366480900691105 0.0154876342186561
0 0.16832586435171273 0.13128518141233003 0.016028697674091045 0.015989065170288086
0 0.6912516080416166 0.07045410229609562 0.01525585467998798 0.015157204407912035
0 0.5889390798715445 0.49474987616905797 0.024491530198317308 0.024354934692382812
0 0.015258667560724111 0.5675782423753005 0.013345544154827412 0.016032879169170674
0 0.5674850023709811 0.6233441279484675 0.016226841853215143 0.016100369966947116
0 0.7443172748272235 0.5264564660879282 0.016732142521784857 0.016588577857384317
0 0.38303030454195464 0.48260974884033203 0.014795963580791768 0.0147551023043119
0 0.23833227157592773 0.49024273799015927 0.014912678645207332 0.015057563781738281
0 0.5489966319157527 0.6778771327092097 0.015552960909329928 0.01527874286358173
0 0.5502243041992188 0.22613160426800066 0.017232087942270134 0.017750960129957933
0 0.16329699296217698 0.787106440617488 0.01574112818791316 0.015362959641676683
0 0.22184258240919846 0.8204777057354267 0.015912422767052285 0.01582937974196214
0 0.6769585242638221 0.5940075287452111 0.013927166278545674 0.013902590825007511
0 0.6162847372201773 0.5077763337355393 0.017634465144230768 0.018056429349459134
0 0.11342044060046856 0.7745268895075872 0.016617334806002103 0.017061673677884616
0 0.16367501478928786 0.3181139139028696 0.014949945303109976 0.015018903292142428
0 0.5503377180833083 0.8324873264019306 0.01629462608924279 0.016596133892352764
0 0.5720915427574744 0.5852222442626953 0.01838537362905649 0.018850179818960335
0 0.1467658281326294 0.7760133009690505 0.015459996003371019 0.015639378474308893
0 0.9741356189434345 0.3525571089524489 0.015021837674654447 0.01504824711726262
0 0.9702166043795072 0.7929882636437049 0.015286078819861779 0.015539902907151442
0 0.546965819138747 0.6546715956467849 0.014402242807241587 0.014338860144981971
0 0.5662173491257888 0.605155871464656 0.015522149892953726 0.015692490797776442
0 0.5122271317702073 0.5293471263005183 0.014367176936222957 0.0144197023831881
0 0.44551577934852016 0.601113906273475 0.014295431283804087 0.014860446636493389
0 0.5831105158879206 0.7294072371262771 0.015430450439453125 0.0153199709378756
0 0.5885906219482422 0.5137775127704327 0.014596498929537259 0.014459756704477163
0 0.17110057977529672 0.6548316662128155 0.015254460848294772 0.01582204378568209
0 0.5835679861215445 0.6827477675217849 0.014662522536057692 0.014547201303335337
0 0.5518121719360352 0.4968896278968224 0.014691939720740685 0.014912972083458534
0 0.5975726567781888 0.47178224416879505 0.01970210442176232 0.01998563913198618
0 0.5916591057410607 0.49694163982684797 0.022718136127178486 0.02267147944523738
0 0.39209343836857724 0.5239174182598407 0.01440899188701923 0.014588135939378005
0 0.6100818927471454 0.2836640798128568 0.013559047992412861 0.013674699343167819
0 0.8679658449613131 0.02353995809188256 0.014426598182091346 0.014438046858860897
0 0.017846457087076627 0.35543397756723255 0.015022729451839741 0.015008632953350361
0 0.37398488704974836 0.608458739060622 0.014899620643028846 0.014828755305363582
0 0.2256195178398719 0.9625140703641452 0.014713910909799429 0.014725024883563701
0 0.5341158280005822 0.6722629987276517 0.015476446885329027 0.014986625084510216
0 0.2684479860159067 0.5670621578509991 0.014174681443434495 0.014194635244516226
0 0.5146084198584924 0.550739911886362 0.01551518073448768 0.015126741849459134
0 0.6131899907038763 0.21718696447519156 0.015017289381760817 0.014967698317307692
0 0.29614686965942383 0.8584717970628005 0.014822446382962741 0.015245877779447116
0 0.5406926962045523 0.5145462476290189 0.017645835876464844 0.01803273421067458
0 0.5251367275531476 0.49638689481295073 0.013738192044771634 0.014043661264272837
0 0.19959064630361703 0.7602681380051833 0.015344583071195163 0.01537322998046875
