0 0.17276756580059344 0.9422921400803786 0.07850324190579928 0.07738788311298077
0 0.8416629204383264 0.5212629758394681 0.05124811025766226 0.05115347642164964
0 0.7990925128643329 0.33307889791635364 0.07444616464468148 0.07629924554091233
0 0.49706121591421276 0.012123178977232713 0.028467398423414964 0.022832599970010612
0 0.5088680340693548 0.08283041073725773 0.048352608313927285 0.04787173637977013
0 0.5977591734666091 0.9132432204026443 0.06526565551757812 0.06541501558743991
0 0.3004757257608267 0.42142559931828427 0.02118231700016902 0.021423780001126803
0 0.21274309891920823 0.12464018968435434 0.024857080899752103 0.024941260998065654
0 0.5380335954519418 0.9678540596595178 0.07181116250845102 0.060674080481896035
0 0.4299776370708759 0.10018128615159255 0.022024081303523138 0.02184746815608098
0 0.34577156947209287 0.5050981228168194 0.021694770226111777 0.021613341111403245
0 0.6668551518366888 0.4695001748891977 0.05637829120342548 0.05677920121413011
0 0.7179139944223257 0.7691628382756159 0.03976909930889423 0.03984774076021635
0 0.5302870823786809 0.45618688143216646 0.07573494544396034 0.07514014610877404
0 0.6277033732487605 0.6074625161977915 0.05721899179311899 0.05719830439640926
0 0.3200983634361854 0.7792207277738131 0.02152244861309345 0.021532205434945915
0 0.2097308085514949 0.6146952188931979 0.01986404565664438 0.01978588104248047
0 0.4932735883272611 0.4281330842238206 0.023040037888746995 0.023295769324669473
0 0.4424373186551608 0.7725597528310922 0.03890661092904898 0.039153025700495794
0 0.598536124596229 0.20811961247370794 0.024973502525916465 0.024997564462515023
0 0.8785903637225811 0.3522836978618915 0.02850488516000601 0.03194500849797176
0 0.48596976353571963 0.6393234546367939 0.03459886404184195 0.03473193828876202
0 0.4977120252755972 0.15799718636732835 0.035676149221567005 0.036019325256347656
0 0.5394423558161809 0.10154353655301608 0.028187678410456732 0.02831437037541316
0 0.2663089678837703 0.39009937873253453 0.023512656872089092 0.023288433368389424
0 0.31617072912362904 0.26398524871239293 0.023726903475247897 0.023907954876239482
0 0.8085092397836539 0.5370717415442834 0.025173333974984977 0.025319906381460335
0 0.3621377211350661 0.03367173213225145 0.02134073697603666 0.02119013896355262
0 0.12356305122375488 0.8519225487342248 0.02402951167179988 0.02381310096153846
0 0.4896812438964844 0.902491202721229 0.02960381141075721 0.0294802739070012
0 0.49417825845571667 0.830421154315655 0.043913621168870196 0.04345028217022236
0 0.19423083158639762 0.47986489075880784 0.023624236767108623 0.023330174959622897
0 0.7211134983943059 0.7966654850886419 0.025478949913611777 0.025749793419471152
0 0.6283947137685922 0.44191279778113735 0.053404734684870794 0.054027410653921276
0 0.3727234693673941 0.3712766353900616 0.026404967674842246 0.02684299762432392
0 0.4661238743708684 0.5208459634047288 0.03053445082444411 0.030274097736065205
0 0.24068568303034857 0.7609799458430364 0.036035904517540567 0.03661067669208233
0 0.8442275707538311 0.374755309178279 0.02955011221078726 0.029004023625300482
0 0.8093428978553185 0.4345287543076735 0.020823258620042067 0.021074808560884915
0 0.11925565279447116 0.5877267030569223 0.0176547123835637 0.018131842980018027
0 0.48389874971829927 0.11426245249234714 0.029760360717773438 0.029595008263221152
0 0.37129636911245495 0.6434157444880559 0.022227360652043268 0.021962092472956732
0 0.37512500469501203 0.46398265545184797 0.017151465782752402 0.017303466796875
0 0.3526795460627629 0.2741686747624324 0.020556523249699518 0.020656365614670973
0 0.4901713591355544 0.33066243391770583 0.060042307927058294 0.060433534475473255
0 0.6170658698448768 0.073589210326855 0.021875821627103366 0.021778042499835674
0 0.132603984612685 0.953804456270658 0.032116944973285384 0.03273714505709135
0 0.520358892587515 0.32797494301429164 0.05515421353853666 0.05326205033522386
0 0.13950401086073655 0.35988741654616135 0.019876553462101862 0.019604022686298076
0 0.6698386852557843 0.6165103912353516 0.039382641132061295 0.03833462641789363
0 0.7670176579402044 0.44657230377197266 0.02111963125375601 0.021125206580528848
0 0.5334400397080642 0.14710186077998236 0.021912501408503607 0.022112589616041917
0 0.3403800817636343 0.8277524801400992 0.02397742638221154 0.024174910325270433
0 0.3972190710214468 0.07147385982366708 0.05935815664438101 0.05888433639819805
0 0.5896692276000977 0.5471266233004056 0.03291731614332933 0.033153680654672474
0 0.18062919836777908 0.025028691842005804 0.01848591290987455 0.01844493242410513
0 0.46091211759127104 0.15559893388014573 0.017131218543419473 0.017299954707805928
0 0.23620895239023063 0.6363160060002253 0.0284426028911884 0.027617821326622598
0 0.1424326438170213 0.4680798603938176 0.01880983205942007 0.018653136033278245
0 0.3662868646474985 0.5818207814143255 0.021886238685021035 0.021376683161808893
0 0.29942076022808367 0.1401692903958834 0.01781016129713792 0.017341246971717246
0 0.5137600531944861 0.6647050564105694 0.03581501887394832 0.035933274489182696
0 0.8574890723595252 0.3948973142183744 0.018522115854116585 0.01859444838303786
0 0.47772961396437424 0.9240710185124323 0.030344156118539665 0.030298819908728965
0 0.6448560861440805 0.3767689558175894 0.025234075692983773 0.025382628807654746
0 0.6698316427377554 0.16163096061119667 0.0360113290640024 0.0365149057828463
0 0.20471616891714242 0.46668514838585484 0.018160526569073018 0.018233666053185098
0 0.7119152362530048 0.47153040078970104 0.02683081993689904 0.027209942157451924
0 0.6127390494713416 0.26109607403094953 0.02239080575796274 0.02290483621450571
0 0.7404917937058669 0.4512923314021184 0.01948708754319411 0.01977876516488882
0 0.2595125161684476 0.3602737280038687 0.02981284948495718 0.02948731642503005
0 0.1450284169270442 0.1255267308308528 0.018785898502056416 0.018765963040865384
0 0.8321454708392804 0.35533585915198695 0.02300717280461238 0.023503450246957634
0 0.6796792103694036 0.4173926573533278 0.015758514404296875 0.016066624568058893
0 0.6788811316856971 0.5906421221219577 0.024287884051983174 0.025134159968449518
0 0.5670785903930664 0.40384652064396787 0.02888972942645733 0.028951718257023737
0 0.3777446746826172 0.4090080994826097 0.019587003267728366 0.019646571232722357
0 0.8071543620182917 0.9340300193199744 0.026611474844125602 0.02687556927020733
0 0.1217430096406203 0.7119360703688401 0.018120618966909554 0.018573174109825723
0 0.7594469510591947 0.7795813633845403 0.018438192514272835 0.018472671508789062
0 0.2289576897254357 0.6556254166823167 0.019560960622934196 0.019388932448167067
0 0.2985695692209097 0.31783037919264573 0.018032367412860576 0.017982629629281852
0 0.5141466580904447 0.14398351999429557 0.020517495962289665 0.021216154098510742
0 0.30352988609900844 0.19898075323838454 0.015431037315955529 0.015281017010028545
0 0.32478625957782453 0.2815539470085731 0.020767358633188102 0.021226002619816706
0 0.5780771695650541 0.5754467157217172 0.02844414344200721 0.028225825383112982
0 0.36706117483285755 0.9043397169846755 0.041403550368088946 0.04105245150052584
0 0.7948372914240911 0.37051560328556943 0.0240020751953125 0.023485477154071514
0 0.7764046742365911 0.8246508378248948 0.03392160855806791 0.03368377685546875
0 0.41146960625281703 0.7471893017108624 0.01688869182880108 0.016978043776292067
0 0.30293877308185285 0.2284069061279297 0.023510236006516676 0.02310312711275541
0 0.11353802680969238 0.6281144068791316 0.012930063100961538 0.016614767221304085
0 0.7614079988919772 0.5155626443716196 0.028741983266977165 0.028681388268103965
0 0.5036428158099835 0.3690344737126277 0.021933995760404147 0.02218173100398137
0 0.4005739505474384 0.40728209568903995 0.023163795471191406 0.022476049569936898
0 0.7035554739145132 0.43698729001558745 0.04286692692683293 0.043234091538649336
0 0.1548297772040734 0.14681627200200006 0.017804035773644082 0.018124910501333382
0 0.6202424856332632 0.886662850013146 0.04464589632474459 0.0450586172250601
0 0.7124271392822266 0.9424219131469727 0.02614740224984976 0.02646504915677584
0 0.1836523826305683 0.052070594750917874 0.02261638641357422 0.02290044381068303
0 0.6907543769249549 0.43543375455416167 0.019022574791541465 0.019280140216533955
0 0.3856326983525203 0.5753224813021146 0.02019610771766076 0.020440321702223558
0 0.3573934848491962 0.856531730064979 0.024537966801570013 0.02506124056302584
0 0.37947739087618315 0.1396302993480976 0.02085223564734826 0.020860818716195915
0 0.5971823472243089 0.594331667973445 0.025805106529822715 0.025691912724421576
0 0.40680936666635364 0.9728411160982572 0.018920164841871995 0.019231062669020433
0 0.6083544584421011 0.08881493715139535 0.02164745330810547 0.021333914536696214
0 0.28450419352604794 0.33474562718318057 0.019754703228290264 0.019702031062199518
0 0.7501315336961013 0.5111272885249212 0.017696527334359977 0.018194932204026442
0 0.40244014446551984 0.5636252623337966 0.01958803030160757 0.01912403106689453
0 0.7701614086444561 0.09643937074221097 0.024673315194936898 0.02431930028475248
0 0.503048823429988 0.053999909987816445 0.021842222947340745 0.022001908375666693
0 0.5822252493638259 0.4842370840219351 0.016515585092397835 0.016764127291165866
0 0.23433617445138785 0.18141640149630034 0.047323997204120345 0.04722727262056791
0 0.18501866780794585 0.07228078750463632 0.02331080803504357 0.02340992597433237
0 0.6592715336726263 0.8340129852294922 0.05974784264197716 0.058998401348407455
0 0.44701609244713414 0.5169777503380408 0.017374405494103067 0.017911617572490986
0 0.7723474502563477 0.8536186218261719 0.044647216796875 0.04383541987492488
0 0.537274434016301 0.6409129362839919 0.033348376934344955 0.033384469839242786
0 0.47757698939396787 0.7749472398024339 0.021809211144080527 0.021952995887169473
0 0.7380475997924805 0.48034385534433216 0.031024932861328125 0.032513985267052285
0 0.38249998826246995 0.3897235576923077 0.015114857600285457 0.01533977801983173
0 0.2264584211202768 0.8130048605111929 0.029625745920034554 0.02976402869591346
0 0.38677215576171875 0.5096927422743577 0.015204062828650841 0.015311974745530348
0 0.2767520317664513 0.35184401732224685 0.01615755374615009 0.01629983461820162
0 0.27449994820814866 0.26946361248309797 0.021491014040433444 0.02157247983492338
0 0.5149877621577337 0.811221196101262 0.018966308006873496 0.018706835233248197
0 0.5192546110886794 0.20391145119300255 0.019177363469050482 0.018732657799353965
0 0.1599573538853572 0.10300652797405536 0.01970470868624174 0.01906413298386794
0 0.2183398466843825 0.45033990419827974 0.016096041752741888 0.01603867457463191
0 0.8787853534405048 0.44787238194392276 0.02937947786771334 0.034455446096567005
0 0.7488539769099309 0.8000025382408729 0.034020643967848554 0.03472137451171875
0 0.49136924743652344 0.6121444702148438 0.01863685021033654 0.01881129925067608
0 0.6843690138596755 0.5584752009465144 0.01938599806565505 0.019894526554987982
0 0.7670685694767878 0.498110294342041 0.0180966303898738 0.018511845515324518
0 0.7323759519136869 0.8389566861666166 0.05197290273813101 0.053466796875
0 0.8688350090613732 0.3797875184279222 0.018115116999699518 0.017923941979041465
0 0.8795801309438852 0.7548880943885217 0.019526848426231973 0.03175265972430889
0 0.8283383296086237 0.44191279778113735 0.019315279447115384 0.01964539747971755
0 0.3092538026662973 0.06124720206627479 0.02199715834397536 0.022732156973618727
0 0.8359917860764724 0.11982552821819599 0.11664889408991887 0.20081413709200346
0 0.11435417028573844 0.29450401893028844 0.018320230337289665 0.019152201139009915
0 0.8508466573861929 0.47428028400127703 0.05430324261005108 0.05343268467829777
0 0.49528085268460786 0.040409321968372054 0.014437602116511418 0.01429891586303711
0 0.4546403151292067 0.19836013133709246 0.020424916194035456 0.020244855147141676
0 0.4653171025789701 0.17791199684143066 0.01951877887432392 0.01995574511014498
0 0.5248779516953689 0.19310782505915716 0.016760899470402643 0.017102975111741286
0 0.28666089131281924 0.33183996493999773 0.020770953251765326 0.020842258746807393
0 0.5254908341627854 0.1718892134152926 0.02548041710486779 0.02604330503023588
0 0.879544184758113 0.4021061383760892 0.022965064415564902 0.02300746624286358
0 0.2298422226539025 0.9545154571533203 0.0399469962486854 0.03995807354266827
0 0.6483604724590595 0.18710026374230018 0.020377232478215143 0.020331602830153245
0 0.4342975616455078 0.5278235215407151 0.01840356680063101 0.018484775836651143
0 0.5250631479116586 0.1905385530911959 0.018189503596379206 0.018288465646597054
0 0.23743255321796125 0.7819040738619291 0.018627460186298076 0.019255711482121393
0 0.35152262907761794 0.7914710411658654 0.03350830078125 0.033390045166015625
0 0.8261946164644681 0.4442786436814528 0.019202305720402643 0.01899895301231971
0 0.4527807602515587 0.20150577105008638 0.02184581756591797 0.021087499765249398
0 0.44922557243934047 0.2082527050605187 0.017966270446777344 0.018152603736290567
0 0.20067325005164513 0.4726234582754282 0.020607801584097054 0.021781334510216348
0 0.65173523242657 0.1716437156383808 0.020544785719651442 0.021166618053729717
0 0.4104948410621056 0.3384403448838454 0.015131216782789964 0.014749380258413462
0 0.254025936126709 0.7350121278029221 0.0159150270315317 0.016193096454326924
0 0.24548835020798904 0.6217217078575721 0.01987736041729267 0.020008637354924128
0 0.12122042362506573 0.22240077532254732 0.01618818136361929 0.016141818119929388
0 0.634674805861253 0.025997707476982705 0.017397660475510817 0.01767300757078024
0 0.42600349279550404 0.11951809663038987 0.018628854017991286 0.01875928732065054
0 0.7832509554349459 0.7920551300048828 0.036273956298828125 0.03585360600398137
0 0.4733728995689979 0.1676813822526198 0.017601893498347357 0.018269868997427132
0 0.6187379543597882 0.8516694582425631 0.02200654836801382 0.022060100848858174
0 0.5910408313457782 0.08583564024705154 0.017453707181490384 0.01837228353206928
0 0.4664047681368314 0.7553146068866436 0.017615685096153848 0.017638133122370794
0 0.26714532191936785 0.3341136345496544 0.014053528125469502 0.014179523174579326
0 0.16876675532414362 0.09206687487088717 0.017186751732459433 0.017479713146503154
0 0.39568365537203276 0.575281730064979 0.02512961167555589 0.02404330326960637
0 0.471494931441087 0.039433965316185586 0.017315497765174277 0.01732456684112549
0 0.1761932373046875 0.07969789321605976 0.017323860755333535 0.017598482278677132
0 0.8174189054048978 0.5553801609919622 0.016741825984074518 0.01707883981557993
0 0.40281816629263073 0.3610091209411621 0.017573136549729567 0.017843980055588942
0 0.13238633595980132 0.1713091776921199 0.01519604829641489 0.015022864708533654
0 0.5305623274583083 0.06260754511906551 0.031550040611853965 0.030903999622051533
0 0.8343738409189078 0.28879778201763445 0.03926570598895733 0.04069739121657152
0 0.7594136458176833 0.485620168539194 0.016611245962289665 0.01637576176570012
0 0.6951336493858924 0.8735990524291992 0.018097510704627402 0.017898412851186898
0 0.7569593282846304 0.36393444354717547 0.017277644230769232 0.01778067075289213
0 0.5821638474097619 0.4451746940612793 0.016106825608473558 0.01630430955153245
0 0.4478918955876277 0.21020925962007964 0.017181983360877402 0.017350050119253304
0 0.7703084212083083 0.7301252805269681 0.02014893751878005 0.019936781663161058
0 0.11356936051295353 0.4460396399864784 0.016032659090482272 0.017711492685171273
0 0.6201111720158503 0.8309465555044321 0.018370665036714993 0.019010103665865384
0 0.5886863561776968 0.45962847196138823 0.016684898963341348 0.016070439265324518
0 0.8044290542602539 0.9715754435612605 0.03417425889235277 0.03476788447453426
0 0.2331997431241549 0.7832480210524339 0.0263518553513747 0.027050018310546875
0 0.6785706006563627 0.7796198037954477 0.02449666536771334 0.025081341083233174
0 0.30218971692598784 0.23257882778461164 0.026370855478140023 0.02702441582312951
