0 0.35620583020723784 0.6994157937856821 0.06108790177565355 0.060685964731069714
0 0.33189964294433594 0.1053484769967886 0.03993767958420973 0.040186478541447565
0 0.39874436305119443 0.31197789999154896 0.04413164578951322 0.04401223476116474
0 0.8686571854811448 0.44707863147442156 0.0418249276968149 0.04191303253173828
0 0.9309795086200421 0.01502187091570634 0.034759228046123795 0.028319351948224582
0 0.600212940802941 0.6222826884343073 0.033475215618426986 0.033267974853515625
0 0.06285698597247784 0.5460719695458045 0.12688625775850737 0.21315405919001654
0 0.2977115190946139 0.5537880384005033 0.03585888789250301 0.03614264268141527
0 0.15286348416255072 0.9065121137178861 0.05240322993351863 0.05194370563213642
0 0.3723732141348032 0.7628904489370493 0.03909873962402344 0.039470672607421875
0 0.26426032873300404 0.4377027658315805 0.03280346210186298 0.03265219468336839
0 0.2800747798039363 0.09256775562579815 0.021682299100435697 0.0215911131638747
0 0.7786342180692233 0.6007177646343524 0.03269327603853666 0.03264192434457632
0 0.3365350869985727 0.7407690194936899 0.025770187377929688 0.025903848501352165
0 0.9444869114802434 0.3391554905818059 0.024615361140324518 0.024772203885591947
0 0.43781214493971604 0.3099484443664551 0.01970804654634916 0.019675181462214544
0 0.44121544177715594 0.551077622633714 0.021632047799917366 0.02167811760535607
0 0.8509575770451472 0.48592020915104794 0.016875780545748197 0.017085515535794772
0 0.6638739659236028 0.12168583503136268 0.03190319354717548 0.03209044383122371
0 0.9845730708195612 0.6216178307166467 0.030695401705228366 0.07298656610342172
0 0.18119613940899187 0.8231880481426532 0.0217129633976863 0.02160189701960637
0 0.008756766525598673 0.8612786072951096 0.017438713174599867 0.018342971801757812
0 0.06897907990675706 0.25623624141399676 0.02295204309316782 0.022705554962158203
0 0.006847683053750258 0.06402041361882137 0.013759688689158512 0.023724922767052285
0 0.3189943020160382 0.2278475027817946 0.01986870398888221 0.019660216111403245
0 0.6034215780404898 0.7474447397085336 0.021953876201923076 0.022054525522085335
0 0.7690639495849609 0.6659082266000601 0.06084794264573317 0.06054115295410156
0 0.33593889383169323 0.022603965722597562 0.019211842463566706 0.019178078724787787
0 0.18070158591637245 0.2693952413705679 0.01791968712439904 0.01824048849252554
0 0.6198100310105544 0.5488360478327825 0.020017037024864785 0.02012795668381911
0 0.005865534910788903 0.921028944162222 0.011731732350129347 0.02142333984375
0 0.9610434312086839 0.36886736062856823 0.017538804274338942 0.017489800086388223
0 0.2938075799208421 0.07030181701366718 0.016934028038611777 0.017172721716073844
0 0.9436547205998347 0.9277500739464393 0.019985198974609375 0.0201260493351863
0 0.7229562172522912 0.8371017896212064 0.022583447969876803 0.02268527104304387
0 0.9711186335637019 0.4889332697941707 0.018996312068058893 0.018978118896484375
0 0.10310225303356464 0.9646965907170222 0.024004771159245417 0.024033766526442308
0 0.430846801170936 0.08616367670205924 0.017462510329026442 0.017587973521305963
0 0.4872426619896522 0.8960650517390325 0.02189005338228666 0.021768716665414665
0 0.39682747767521787 0.8147028409517728 0.03474895770733173 0.03510269751915565
0 0.5751544879033015 0.03667743389423077 0.015966488764836237 0.0159377409861638
0 0.8351073631873498 0.0665242075920105 0.017383282001201924 0.01759018347813533
0 0.9864294345562274 0.6991652708787185 0.026699212881234977 0.034015655517578125
0 0.43813456021822417 0.33031148176926833 0.01837334266075721 0.018315535325270433
0 0.31859434567964995 0.296323482806866 0.021993655424851637 0.022120329049917366
0 0.03491653845860408 0.6882466536301833 0.017673455751859225 0.017794975867638223
0 0.01552830865749946 0.8997100683359 0.017544881655619696 0.017546580387995794
0 0.015731865396866433 0.8854314363919772 0.016211718320846558 0.0164187504695012
0 0.4501483990595891 0.5273374777573806 0.016517052283653848 0.016544268681452826
0 0.18100481766920823 0.30416173201340896 0.015877136817345254 0.015891588651216947
0 0.08755029164827786 0.9491179539607122 0.02401025937153743 0.02380957970252404
0 0.8829797598031851 0.6507132603571966 0.015270086435171274 0.015347113976111779
0 0.7717610872708834 0.7954655427199143 0.017799817598783053 0.01777062049278846
0 0.36284714478712815 0.8041020906888522 0.018434744614821214 0.018558502197265625
0 0.22696623435387245 0.6439588253314679 0.015269939716045674 0.015359585101787861
0 0.9830540877122146 0.0331282180089217 0.020954718956580527 0.021084093130551852
0 0.18671811543978178 0.2836345159090482 0.015233369973989634 0.015337760631854717
0 0.5800802157475398 0.5990790587205154 0.017678334162785456 0.017638206481933594
0 0.20609397154587966 0.40645720408513 0.015998326815091647 0.015945948087252103
0 0.863742681650015 0.14909705748924842 0.01904443594125601 0.019286375779371995
0 0.8851008782019982 0.380583983201247 0.017630650446965143 0.017613777747521035
0 0.34604468712439906 0.8158919994647686 0.01914053696852464 0.019095787635216348
0 0.7393242029043344 0.5825332861680251 0.017593237069936898 0.017525526193472054
0 0.05867247398083027 0.2849754003378061 0.015342015486497145 0.015459574185884915
0 0.3551899836613582 0.8503985038170447 0.018688348623422477 0.01872708247258113
0 0.9720542614276593 0.7321743598351111 0.016520573542668268 0.016447800856370192
0 0.8532408200777494 0.41964428241436297 0.024002662071814902 0.024464974036583535
0 0.9771364652193509 0.9021833126361554 0.016089806189903848 0.015996346106896035
0 0.2727100115555983 0.05149681751544659 0.015975108513465293 0.01605563897352952
0 0.48739084830650914 0.7668178998506986 0.015568366417518029 0.015664174006535456
0 0.7545003157395583 0.5643681746262771 0.017998915452223558 0.01808900099534255
0 0.21457936213566706 0.159393677344689 0.016731115487905648 0.016576290130615234
0 0.735838376558744 0.7764338713425857 0.018312747661884014 0.018136978149414062
0 0.8375951326810397 0.3682860594529372 0.021793952355018027 0.021493031428410456
0 0.4605793586144081 0.07490052168185894 0.014942609346829928 0.014920408909137432
0 0.37355899810791016 0.20783184124873236 0.017262825599083535 0.017026901245117188
0 0.9600419264573318 0.687960698054387 0.042442615215594955 0.04089267437274639
0 0.28640217047471267 0.03860167356637808 0.01610139700082632 0.015991082558265098
0 0.8317568118755634 0.025429152525388278 0.015026092529296875 0.015171807545882005
0 0.06181179560147799 0.6699569408710186 0.017111448141244743 0.01700738760141226
0 0.225692473925077 0.2268372682424692 0.015516171088585487 0.015567852900578426
0 0.5689229598412147 0.5672077399033767 0.020049535311185397 0.019946758563701924
0 0.0300522125684298 0.4984423564030574 0.014983012126042293 0.014992787287785457
0 0.2594524897061862 0.16494110914377066 0.014824720529409556 0.014885939084566556
0 0.9670294248140775 0.9785260420579177 0.018691283005934495 0.018813500037560098
0 0.20349465883695161 0.6616781674898587 0.014982150151179386 0.015247931847205529
0 0.35551111514751726 0.4859619874220628 0.022724151611328125 0.022700383112980768
0 0.787999519935021 0.010542069490139302 0.022359114426832933 0.01953655481338501
0 0.7071046095628005 0.5041687305157001 0.014908423790564904 0.014992127051720252
0 0.40474612896259016 0.9853382110595703 0.017816837017352764 0.01770503704364483
0 0.751609362088717 0.9716974405141977 0.0271298335148738 0.027411827674278848
0 0.5611080756554236 0.9900314624492939 0.01567811232346755 0.014849149263822116
0 0.9166525327242337 0.8932082836444561 0.01737183790940505 0.017164083627554085
0 0.31220098642202526 0.31471611903263974 0.024980618403508112 0.025315082990206204
0 0.26837695561922514 0.24691440508915827 0.02895505611713116 0.029102875636174128
0 0.7519830557016226 0.10313844680786133 0.036968084482046276 0.03690176743727464
0 0.19954497997577375 0.3931676424466647 0.01501010014460637 0.015055289635291466
0 0.08452916145324707 0.9315634507399339 0.014884875370905949 0.01467587397648738
0 0.5653639206519494 0.8883952360886794 0.014689225416917067 0.014825527484600361
0 0.5140541883615347 0.9302120208740234 0.014629730811485877 0.014778724083533654
0 0.8368251507098858 0.3513198999258188 0.016347738412710335 0.016501646775465745
0 0.9794293917142428 0.834515278155987 0.02364525428185096 0.023993858924278848
0 0.11269351152273324 0.21966310647817758 0.015155902275672326 0.015143027672400841
0 0.6988972883958083 0.5803459607637845 0.015034895676832933 0.015078031099759616
0 0.6660080689650315 0.4630881456228403 0.018107487605168268 0.018025031456580527
0 0.3292539303119366 0.7676423879770132 0.023691764244666465 0.023897317739633415
0 0.9353989821213943 0.5967987133906438 0.01559903071476863 0.01577296623816857
0 0.21170232846186712 0.4988450270432692 0.030714145073523887 0.030915333674504206
0 0.652666972233699 0.5728673934936523 0.0188906742976262 0.018412223229041465
0 0.004533110902859614 0.017433929901856642 0.008880647329183726 0.029330322375664346
0 0.5209181125347431 0.9067822969876803 0.013811698326697716 0.014023560744065505
0 0.8434530404897836 0.38520020705003005 0.02516511770395132 0.024703392615685098
0 0.6264836237980769 0.8307201678936298 0.024076021634615384 0.0242465092585637
0 0.7530126571655273 0.16107880152188814 0.016216278076171875 0.0161133546095628
0 0.4448996690603403 0.6626851008488581 0.016303649315467246 0.016039188091571514
0 0.08247568057133602 0.16280442017775315 0.015650309049166165 0.015548522655780498
0 0.6669008548443134 0.315152461712177 0.015201568603515625 0.01511087784400353
0 0.6217422485351562 0.8109291516817533 0.02250216557429387 0.02260252145620493
0 0.04026290086599497 0.5314306112436148 0.015409852449710552 0.015573428227351261
0 0.8442885325505183 0.39046698350172776 0.029850006103515625 0.031017156747671273
0 0.9218353858360877 0.40822447263277495 0.0985565185546875 0.0995026368361253
0 0.7116011106050931 0.7248243918785682 0.017628302940955527 0.017293783334585335
0 0.10154531552241398 0.10646743040818435 0.016092300415039062 0.016064973977895882
0 0.4761493389423077 0.6838563772348257 0.014445011432354268 0.014411486112154447
0 0.7613793153029221 0.06687826835192166 0.058213307307316706 0.05740392208099365
0 0.8462462058434119 0.40089086385873646 0.026129502516526442 0.026244236872746393
0 0.6824643061711237 0.5525146631094126 0.013712076040414663 0.014027815598707933
0 0.46019532130314755 0.04978814491858849 0.03269327603853666 0.0332188056065486
0 0.8903854076678936 0.014134833445915809 0.03870890690730168 0.027375478010911208
0 0.2719586445735051 0.37940208728496844 0.017343814556415264 0.01727294921875
0 0.4872477604792668 0.3059555934025691 0.01446071037879357 0.014447285578801082
0 0.9475292059091421 0.6797747978797326 0.02575830312875601 0.025730719933143027
0 0.6446125323955829 0.22323390153738168 0.013965019812950721 0.013995207273043118
0 0.273618954878587 0.850430415226863 0.01721352797288161 0.017500657301682692
0 0.13546519096081072 0.5665888786315918 0.04864045289846567 0.04926153329702524
0 0.04539322394591112 0.7556927020733173 0.019660124411949746 0.01976174574631911
0 0.5864428006685697 0.808623533982497 0.015146548931415264 0.015437786395733174
0 0.9953919190626878 0.45693078407874477 0.009038338294396034 0.01451558333176833
0 0.2940341876103328 0.1794272386110746 0.014629217294546274 0.014730600210336538
0 0.6003719109755296 0.46774988908034104 0.01587955768291767 0.015937951894906852
0 0.6610110356257513 0.8540243002084585 0.014434227576622596 0.014230874868539663
0 0.5742644530076247 0.8422637352576623 0.04041715768667368 0.04082195575420673
0 0.5048521482027494 0.5476753895099347 0.01497041262113131 0.014840272756723257
0 0.861511964064378 0.08644518485436073 0.015058957613431491 0.015123110551100511
0 0.6297096105722281 0.5106235650869516 0.015144641582782451 0.0150145017183744
0 0.38979519330538237 0.2459112680875338 0.013694029587965745 0.013889312744140625
0 0.27045369148254395 0.2837627117450421 0.03954887390136719 0.04304372347318209
0 0.42227990810687727 0.7857447404127854 0.01722871340238131 0.01715674767127404
0 0.12531427236703727 0.14443789078639105 0.01452341446509728 0.014601579079261193
0 0.5074143776526818 0.0708962816458482 0.01494598388671875 0.014925158940828763
0 0.6617848322941706 0.49382319817176235 0.039429884690504804 0.03933451725886418
0 0.2761337940509503 0.6213576243473933 0.01644024482140174 0.01642447251539964
0 0.9725834773137019 0.8072549379788913 0.054009657639723554 0.0589147714468149
0 0.44785202466524565 0.9697620685283954 0.0227507811326247 0.022884075458233174
0 0.6730939424954928 0.8396812585683969 0.01838097205528846 0.018338423508864183
0 0.34628721383901745 0.5570378670325646 0.017008854792668268 0.01717831538273738
0 0.2909548832820012 0.6826940683218149 0.014271736145019531 0.014277824988731971
0 0.9810310510488657 0.8318361135629507 0.02839998098520132 0.028798323411207933
0 0.6901256854717548 0.9742584228515625 0.018062004676231973 0.01818700937124399
0 0.25775410578801083 0.22788181671729454 0.015143137711745042 0.015339227823110728
0 0.8915706047644982 0.48461679311899036 0.01347644512469952 0.013585677513709435
0 0.5729185251089243 0.46065022395207333 0.013748389024000902 0.01385806157038762
0 0.9050048681405874 0.15037665917323187 0.01765720660869892 0.017805851422823392
0 0.10205887831174411 0.45990907228910005 0.013736504774827223 0.013667766864483174
0 0.5470950053288386 0.4143541776216947 0.013795119065504808 0.013865397526667668
0 0.008976140274451328 0.5260646893427923 0.017972461306131803 0.0474848380455604
0 0.39925747651320237 0.28020851428692156 0.013560808621920072 0.013481580294095553
0 0.3002445147587703 0.5002379417419434 0.03369771517240084 0.03339672088623047
0 0.41712504166823167 0.05350338495694674 0.013517819918118991 0.013451631252582256
0 0.8525324601393479 0.019749251695779655 0.020477294921875 0.01998893114236685
0 0.1986527809729943 0.44831187908466047 0.01376658219557542 0.013701512263371395
0 0.21483102211585411 0.1150364142197829 0.013956069946289062 0.014036802145150991
0 0.27020758848923904 0.29184884291428786 0.031260123619666465 0.03145592029278095
0 0.2693848426525409 0.27579384583693284 0.034859877366286054 0.03426016294039213
0 0.7418983166034405 0.39624687341543346 0.02406164316030649 0.02394720224233774
0 0.8651674710787259 0.3105206856360802 0.026544717641977165 0.02709680337172288
0 0.5058977420513446 0.9176191916832557 0.016541114220252402 0.016500326303335335
0 0.6530069204477164 0.2834773797255296 0.016879448523888223 0.01688274970421424
0 0.9510913262000451 0.4345538432781513 0.014328883244441105 0.01440260960505559
0 0.8578254993145282 0.5448282681978666 0.014599433312049279 0.014606769268329326
0 0.3548084772550143 0.3749863551213191 0.013744207528921274 0.01372542748084435
0 0.6077476281386155 0.5976168559147761 0.015154838562011719 0.015008046076847957
0 0.04210090178709764 0.7606840133666992 0.014734424077547513 0.01479794428898738
0 0.9434336882371169 0.8907675376305213 0.017277057354266826 0.017393845778245192
0 0.365020751953125 0.5037161753727839 0.013564549959622897 0.014107117286095252
0 0.364508188687838 0.44100123185377854 0.013008411114032451 0.013048025277944712
0 0.8110763843242939 0.07124814620384803 0.014072418212890625 0.014281199528620793
0 0.8689535581148587 0.6822848686805139 0.014037058903620793 0.014042194073016826
0 0.4915519127478966 0.856925890995906 0.015067467322716346 0.015351368830754207
0 0.30950681979839617 0.3082550855783316 0.018558722275954027 0.018730016855093148
0 0.3115998048048753 0.6503236477191632 0.013191828360924354 0.013266196617713341
0 0.6569857964148889 0.7865976186899039 0.027689713698167067 0.02742591271033654
0 0.9376857464130108 0.5620969258821927 0.019173695490910456 0.01974905454195463
0 0.04737382668715257 0.7530136108398438 0.017905196318259604 0.017828721266526442
0 0.6319093704223633 0.873078126173753 0.014397841233473558 0.014377593994140625
0 0.5706853866577148 0.5831005389873798 0.012594956618088942 0.012763903691218449
