0 0.4717997771043044 0.5196937414316031 0.15376179034893328 0.15397350604717547
0 0.11619376219235934 0.8834017240084134 0.17264859492962176 0.20254413898174578
0 0.4811071249154898 0.7708622125478891 0.22021821828988883 0.22012167710524339
0 0.13071230741647574 0.5128441590529221 0.19545639478243315 0.2029589139498197
0 0.7992522899921124 0.7617616653442383 0.06036171546349159 0.06090560326209435
0 0.9298629760742188 0.6602422274076022 0.07579715435321514 0.10529077970064603
0 0.22302752274733323 0.3729802645169772 0.0763552739070012 0.07581666799692008
0 0.06717722691022433 0.2922702936025766 0.0477215968645536 0.047292049114520736
0 0.9102576329157903 0.742958142207219 0.07545148409329928 0.07421024029071514
0 0.31455054649939906 0.598869800567627 0.05266791123610277 0.05242428412804237
0 0.6016601415780874 0.5761107298044058 0.07037118765024039 0.06972657717191257
0 0.8840296818659856 0.9128990173339844 0.027587303748497598 0.027729327862079326
0 0.40793367532583386 0.5753689545851487 0.0346075938298152 0.034484496483435996
0 0.9145390437199519 0.9231505760779748 0.024547870342548076 0.024563716008112982
0 0.5542978873619666 0.8643411489633414 0.03409371009239784 0.033826387845552884
0 0.1966088735140287 0.40546784034142125 0.048704880934495196 0.04879423288198618
0 0.13929141484774077 0.10962124971243051 0.022040697244497445 0.022239538339468148
0 0.5189564411456769 0.8924780625563401 0.04194281651423527 0.041887723482572116
0 0.6028561225304236 0.37523181621844953 0.02272958021897536 0.022663263174203727
0 0.1535794551555927 0.35816449385422927 0.021793365478515625 0.02189049353966346
0 0.8232709444486178 0.3436923393836388 0.020272034865159255 0.020261764526367188
0 0.28058765484736514 0.3747678536635179 0.02875966292161208 0.02883771749643179
0 0.6859309856708233 0.7208228478064904 0.022826561560997598 0.02275232168344351
0 0.41346124502328724 0.4384202223557692 0.11652080829326923 0.11773270827073318
0 0.6083633716289814 0.18472024110647348 0.022606923029972956 0.022826414841871995
0 0.30138059762807995 0.9398086254413311 0.08551538907564603 0.08494978684645432
0 0.5621747970581055 0.9631583140446589 0.05335873823899489 0.05245883648212139
0 0.8049681736872747 0.6754239889291617 0.04959385211651142 0.0499578622671274
0 0.9279978825495794 0.7909833467923678 0.020314436692457933 0.02008790236253005
0 0.6128589189969577 0.6619673508864182 0.018956844623272236 0.019005995530348558
0 0.39368075590867263 0.8603710027841421 0.018298002389761116 0.018222221961388223
0 0.27519757931049055 0.28632193345289964 0.020868228032038763 0.020762076744666465
0 0.852325072655311 0.7676632954524114 0.07884759169358474 0.07899827223557693
0 0.20865387182969314 0.019468926466428317 0.020303065960223857 0.02049005490082961
0 0.7199301352867713 0.37090044755202073 0.0221554682804988 0.02200918931227464
0 0.2726460420168363 0.30794429779052734 0.024990962101862982 0.024923177865835335
0 0.32280932939969575 0.6884136199951172 0.029846851642315205 0.030242919921875
0 0.7297198955829327 0.021293167884533223 0.01977362999549279 0.01989290347466102
0 0.6955984555757962 0.8079294057992789 0.029689788818359375 0.029529864971454326
0 0.8528083654550406 0.9101622654841497 0.017608789297250602 0.017696527334359977
0 0.695551505455604 0.1328125183398907 0.022808955265925482 0.022791715768667366
0 0.3517181689922626 0.5743447083693284 0.019202159001277044 0.01939978966346154
0 0.5834649892953726 0.9812814272367038 0.04645376939039964 0.033563467172475964
0 0.22965665963979867 0.8590513376089243 0.016980978158804085 0.017080160287710335
0 0.36960521111121547 0.5800679280207708 0.019153594970703125 0.018866539001464844
0 0.07983829424931453 0.2563356619614821 0.018157372107872598 0.018420879657451924
0 0.6653858331533579 0.20239897874685434 0.024085411658653848 0.024147180410531852
0 0.05011570912141066 0.74463257422814 0.016086761768047627 0.016082176795372598
0 0.8008203506469727 0.22484878393319938 0.021337068997896634 0.021387100219726562
0 0.40969181060791016 0.6228282635028546 0.02519541520338792 0.025458409236027643
0 0.4650666897113507 0.6601085662841797 0.016269977276141826 0.0162814213679387
0 0.7909617790809045 0.026770504621359017 0.016783494215745192 0.016601240405669578
0 0.28679194817176235 0.32666298059316784 0.02268820542555589 0.02279523702768179
0 0.7392363181480994 0.27209802774282604 0.02103424072265625 0.02106497837946965
0 0.5235662093529334 0.06417365257556622 0.01822346907395583 0.018336039323073167
0 0.08703509660867545 0.32904470883882964 0.04582858085632324 0.046708913949819714
0 0.9282509730412409 0.3391580214867225 0.01788960970365084 0.01761913299560547
0 0.6354977534367487 0.15799837846022385 0.02231011023888221 0.021911070897028997
0 0.32989949446458083 0.5624740307147686 0.025435814490685098 0.02548833993765024
0 0.04517360375477718 0.2683284832881047 0.021238253666804388 0.02361319615290715
0 0.5696248274583083 0.2578262182382437 0.016504727877103366 0.016362850482647236
0 0.6785439711350661 0.24799849436833307 0.037432157076322116 0.03720848376934345
0 0.559374735905574 0.2816020892216609 0.018880697397085335 0.019064976618840143
0 0.5550157840435321 0.6448094294621394 0.025395906888521634 0.025229527400090143
0 0.6346281491793119 0.21966780149019682 0.017452826866736777 0.017698067885178786
0 0.1877292119539701 0.2643435918367826 0.02434957944429838 0.024878281813401442
0 0.2578601837158203 0.8936259196354792 0.030284808232234076 0.030129065880408652
0 0.7274478032038763 0.6161683889535757 0.024686373197115384 0.02426734337439904
0 0.3806131069476788 0.5348207033597506 0.01885824937086839 0.01887233440692608
0 0.26940672214214617 0.2178803590627817 0.015172628255990835 0.01529070047231821
0 0.777745613685021 0.21111919329716608 0.02042359572190505 0.020200729370117188
0 0.6757539602426382 0.8177749927227314 0.01571508554311899 0.015843024620643027
0 0.7895639859713041 0.09974122047424316 0.019735336303710938 0.019794317392202523
0 0.5340607716487005 0.02336128858419565 0.017235535841721755 0.017498727028186504
0 0.49680431072528547 0.09958835748525766 0.02307730454664964 0.022769634540264424
0 0.6056947708129883 0.7950675670917218 0.0188446044921875 0.0187069819523738
0 0.7156528326181265 0.24521616789010856 0.026214012732872598 0.026322548206035908
0 0.6691156534048227 0.9488197473379282 0.1878789755014273 0.10014563340407151
0 0.7808196728046124 0.9424702570988581 0.0630654555100661 0.06286547734187199
0 0.7295530025775616 0.13155480531545785 0.017873764038085938 0.01774002955510066
0 0.6969176072340745 0.5897493362426758 0.016210115872896634 0.016124798701359674
0 0.06819037749217106 0.7036166557898889 0.028433387096111592 0.02839381878192608
0 0.5540226422823392 0.1613468390244704 0.020983329186072715 0.02121420090015118
0 0.44878090344942534 0.09950339794158936 0.02022383763239934 0.02012914877671462
0 0.2990557780632606 0.45664493854229266 0.018566608428955078 0.018620711106520433
0 0.19801447941706732 0.21440715056199294 0.05276401226337139 0.05273224757267879
0 0.6162454164945163 0.0715516943197984 0.1674191401554988 0.13907413299267107
0 0.26940426459679234 0.35492625603309047 0.018840899834266074 0.01892265906700721
0 0.8740791174081656 0.896267083974985 0.015079645010141226 0.015143174391526442
0 0.4560587956355168 0.20838172619159406 0.015632042518028848 0.01537029559795673
0 0.7365637559157151 0.6758133814885066 0.020340552696814902 0.02006706824669471
0 0.9224706796499399 0.7390347260695237 0.01704260019155649 0.016513677743765023
0 0.3384674879220816 0.47765343005840594 0.023827626154972956 0.024175203763521634
0 0.8320949994600736 0.14520387466137225 0.056961353008563705 0.056874330227191634
0 0.7939671736497146 0.36313409071702224 0.014993814321664663 0.015039150531475361
0 0.060030295298649713 0.12989698923551118 0.051012974518996015 0.07749858269324669
0 0.42951444479135364 0.3129142614511343 0.015706722552959736 0.016211564724261943
0 0.16218621914203352 0.07452830901512733 0.027490826753469613 0.02724146842956543
0 0.36006953166081357 0.3089961272019606 0.016370259798490085 0.01611491350027231
0 0.15109786620506874 0.01885973146328559 0.015211692223182091 0.015211735780422505
0 0.7065039414625901 0.17088090456449068 0.033490694486177884 0.033578689281757064
0 0.4412312140831581 0.9802653972919171 0.014861767108623799 0.015132904052734375
0 0.6931093656099759 0.08496930049015926 0.017731593205378607 0.01766179158137395
0 0.8477489764873798 0.9622986133282001 0.014874971829927884 0.014704190767728366
0 0.44710518763615537 0.9079665404099685 0.015298256507286659 0.01546933100773738
0 0.3446485079251803 0.07415226331123939 0.021160712608924277 0.02171058838184063
0 0.3769819186283992 0.4009881019592285 0.014456602243276743 0.014516316927396335
0 0.5431210444523737 0.593267404116117 0.016236598675067607 0.016139910771296576
0 0.4628748526939979 0.11189335126143235 0.015408736008864183 0.01523896364065317
0 0.7267742156982422 0.1583094963660607 0.015966415405273438 0.015975071833683893
0 0.35358638029832107 0.06214681038489708 0.01733097663292518 0.01752647986778846
0 0.0700065539433406 0.7645165370060847 0.031131267547607422 0.031102693997896634
0 0.5873719362112192 0.8779926300048828 0.019704451927771933 0.019789915818434495
0 0.14680897272550142 0.22739212329571062 0.016518776233379658 0.017084488501915567
0 0.23453068733215332 0.44187692495492786 0.03247525141789363 0.03250430180476262
0 0.8684232418353741 0.8259644875159631 0.019384237436147835 0.019370299119215745
0 0.5407865964449369 0.29133307016812837 0.015758661123422477 0.015849516941950872
0 0.4320256159855769 0.6455442722027118 0.01398159907414363 0.014396080603966346
0 0.1601258424612192 0.07331974689777081 0.03301429748535156 0.03337441957913912
0 0.8921969487116888 0.8672196314885066 0.013553032508263221 0.013619202833909255
0 0.8664588194627029 0.5989293685326209 0.1995981656588041 0.2446760764488807
0 0.6422286400428185 0.9026869260347806 0.015468303973858174 0.015464489276592549
0 0.8756534869854267 0.8613589360163763 0.024520140427809495 0.024744767409104567
0 0.3277419897226187 0.12933989671560434 0.018993084247295674 0.018784376291128304
0 0.4625960129957933 0.9760596935565655 0.014294110811673678 0.014304527869591346
0 0.36684667147122896 0.4470661970285269 0.05988223736102764 0.05929088592529297
0 0.8560359661395733 0.2902926481687106 0.01409442608173077 0.01434480226956881
0 0.5192123193007249 0.6095919609069824 0.016884730412409857 0.01678928962120643
0 0.7969122666579026 0.7262150691105769 0.014529008131760817 0.014401949368990384
0 0.42824114285982573 0.11082088030301608 0.014767720149113582 0.014994107759915866
0 0.28563400415273815 0.09378589116610013 0.014209820674015926 0.014212388258713942
0 0.6408783839299128 0.49454534970797026 0.01802825927734375 0.017907069279597357
0 0.35820887638972354 0.9798262669489934 0.01481180924635667 0.01497650146484375
0 0.4250072699326735 0.02748915323844323 0.023508365337665264 0.02389519948225755
0 0.3287340310903696 0.10299990727351262 0.013818153968224159 0.013903104341947116
0 0.6467855893648587 0.22098620121295637 0.0279083251953125 0.026789408463698167
0 0.26891337908231294 0.8902747080876277 0.017735114464393027 0.01902609605055589
0 0.1484412413377028 0.049653282532325156 0.013844966888427734 0.01374363899230957
0 0.6271690955528846 0.2232957619887132 0.06813845267662635 0.06271531031681941
0 0.3514256110558143 0.9917802077073318 0.017957393939678486 0.0145722902738131
0 0.8818068137535682 0.3502966073843149 0.013550391564002404 0.01353146479679988
0 0.04042937205387996 0.6897857372577374 0.014501152130273672 0.02027159470778245
0 0.7397042787992038 0.6726627349853516 0.020683875450721152 0.02109982417179988
0 0.40421258486234224 0.9847764235276443 0.016109980069673978 0.015720367431640625
0 0.9081381284273587 0.7482803051288311 0.06275118314302884 0.06119596041165865
0 0.4407710295457106 0.49872281001164365 0.01664418440598708 0.01727456312913161
