0 0.432072272667518 0.8686134631817157 0.04104262131911058 0.04115383441631611
0 0.6912852067213792 0.7425324366642878 0.041530609130859375 0.04210721529447115
0 0.7710748819204477 0.6879765437199519 0.03318346463716947 0.03333957378680889
0 0.47518157958984375 0.2587133004115178 0.028724083533653848 0.028775398547832783
0 0.49964640690730167 0.4102624012873723 0.031310008122370794 0.031392464270958535
0 0.3545055389404297 0.5978648845966046 0.03132335956280048 0.031543584970327526
0 0.5673226576585036 0.08839349563305195 0.03288723872258113 0.033117202612069935
0 0.21784078157865083 0.5948979304387019 0.027962207794189453 0.028000758244441107
0 0.5593043840848483 0.42598408919114333 0.03229185251089243 0.032456618088942304
0 0.41654905906090367 0.3914243991558368 0.029732337364783652 0.029390481802133415
0 0.5777985499455378 0.4985168163592999 0.02838002718411959 0.02824709965632512
0 0.32162680992713344 0.8881543966440054 0.04106387725243202 0.041050103994516224
0 0.7249419872577374 0.4002638596754808 0.03400069016676683 0.0337223639855018
0 0.7797343914325421 0.3056665017054631 0.033634332510141224 0.033756439502422624
0 0.2454701570364145 0.05063876738915077 0.019126745370718148 0.01921569384061373
0 0.6266036400428185 0.1752457985511193 0.021636376014122598 0.021807267115666315
0 0.5936687176044171 0.12081531377939078 0.022290890033428486 0.0221403928903433
0 0.3495078453650841 0.22098768674410307 0.023515041057880107 0.023908028235802285
0 0.51800353710468 0.5181373449472281 0.02051206735464243 0.02057647705078125
0 0.3468721096332257 0.2568622919229361 0.019931866572453424 0.020200289212740384
0 0.5200008612412673 0.2462470531463623 0.023696385897122897 0.0236507929288424
0 0.4103703132042518 0.3017139985011174 0.020343707158015326 0.02075022917527419
0 0.7909655937781701 0.21871089935302734 0.02606025108924279 0.02612194648155799
0 0.3253193635206956 0.13744262548593375 0.01745752187875601 0.01751081760113056
0 0.7604879966148963 0.8534695551945612 0.026763329139122598 0.02686588580791767
0 0.28173138545109677 0.869549457843487 0.036020755767822266 0.0359648191011869
0 0.36991002009465146 0.27614927291870117 0.024719825157752402 0.024675846099853516
0 0.4832884348355807 0.12926534505990836 0.02393348400409405 0.023781739748441257
0 0.3834528556236854 0.12483064944927509 0.017938613891601562 0.017992826608511116
0 0.34211206436157227 0.33437490463256836 0.01968831282395583 0.019658455481896035
0 0.39577799576979417 0.27241761867816633 0.020467538100022536 0.020419560945951022
0 0.5898276108961839 0.034695529020749606 0.01754914797269381 0.017962153141315166
0 0.6566134232741135 0.7513787196232722 0.022560706505408652 0.022633479191706732
0 0.42157694009634167 0.2163112713740422 0.018641545222355768 0.018396377563476562
0 0.47037542783297026 0.011824881801238427 0.018218994140625 0.018221215559886053
0 0.6883972608126127 0.04527053924707266 0.02095310504619892 0.021006318239065316
0 0.5136070251464844 0.04595781289614164 0.019800626314603366 0.020063372758718636
0 0.7413836259108323 0.4382324952345628 0.018901238074669473 0.019048470717210036
0 0.41838550567626953 0.13072089965526873 0.02332614018366887 0.02345580321091872
0 0.7009099813608023 0.9897047189565805 0.019391279954176683 0.016354780930739183
0 0.6239747267503005 0.05308572145608755 0.017885684967041016 0.01811527288877047
0 0.45800421788142276 0.5537256094125601 0.016101543719951924 0.01611746274507963
0 0.872347905085637 0.04495025598085844 0.016128686758188102 0.018901944160461426
0 0.40155407098623425 0.20924179370586687 0.017715967618502103 0.01762500176062951
0 0.5429500433114859 0.2409369028531588 0.017905308650090143 0.017943895780123197
0 0.6009040245643029 0.09662055969238281 0.01983041029710036 0.020021401918851413
0 0.30902352699866664 0.28006428938645583 0.025304867671086237 0.025714580829326924
0 0.5383594219501202 0.05758026930002066 0.019812950721153848 0.019743992732121393
0 0.182190858400785 0.835044053884653 0.01618825472318209 0.01617431640625
0 0.16155253923856294 0.9193619214571439 0.017801880836486816 0.017801284790039062
0 0.7917446723351111 0.4813668177678035 0.018048213078425482 0.018220167893629808
0 0.8077455667349008 0.2431306655590351 0.02329078087439904 0.023069051595834587
0 0.16041696988619292 0.7772357647235577 0.018267622360816367 0.018512579110952523
0 0.13685134740976188 0.5632792252760667 0.014970229222224308 0.015032694889948918
0 0.4464451716496394 0.6447549966665415 0.015719487116887018 0.015787711510291465
0 0.15941922481243426 0.6890882345346304 0.016736213977520283 0.016745493962214544
0 0.2186110936678373 0.8836455711951623 0.015356797438401442 0.015173985407902645
0 0.6262094057523288 0.31508717170128453 0.015102973351111779 0.014944516695462741
0 0.395540347466102 0.010707298150429359 0.015628594618577223 0.015452880125779372
0 0.5106158990126389 0.8706809557401217 0.016438044034517728 0.016518812913161058
0 0.3922396439772386 0.057144375947805554 0.02174802926870493 0.0218200866992657
0 0.4204121369581956 0.19640260476332444 0.015269792996920072 0.01529073715209961
0 0.5912943253150353 0.04926978624784029 0.01730177952693059 0.017835332797123835
0 0.3484831223121056 0.40700619037334734 0.03429632920485277 0.03402159764216496
0 0.21937740766085112 0.8243845426119291 0.01662782522348257 0.0165255619929387
0 0.5056160413301908 0.5029066525972806 0.015469624445988582 0.01532283196082482
0 0.5914170925433819 0.2597501094524677 0.025484085083007812 0.025578058682955228
0 0.26947681720440203 0.9384275583120493 0.053632882925180286 0.05338302025428185
0 0.4696475542508639 0.14623275169959435 0.016623863807091348 0.017290848952073317
0 0.17661083661592925 0.4108107640193059 0.020045060377854567 0.020372977623572715
0 0.407469969529372 0.19093021979698768 0.016238579383263223 0.016292865459735576
0 0.8243560791015625 0.9512973198523889 0.02368310781625601 0.023503817044771634
0 0.7220985706035907 0.35748888896061826 0.016533484825721152 0.016498345595139723
0 0.1895601566021259 0.3807683357825646 0.13772413363823524 0.14006732060359076
0 0.1658616065979004 0.26566837384150577 0.01673471010648287 0.01645972178532527
0 0.4021903551541842 0.14348160303556 0.017386656541090745 0.017313443697415866
0 0.45070215371938854 0.093925613623399 0.016124872060922477 0.01600812031672551
0 0.7668558267446665 0.24709589664752668 0.01736934368426983 0.016974852635310247
0 0.6674933800330529 0.8533822573148288 0.022654019869290866 0.022992647611177884
0 0.5296388772817758 0.9294173900897686 0.0304412841796875 0.030087837806114785
0 0.44981553004338193 0.06747435606442966 0.017238470224233773 0.01752053774320162
0 0.2247618161714994 0.16053086060744065 0.02551856407752404 0.025568879567659818
0 0.4356120182917668 0.15452401454632098 0.01406552241398738 0.01397396967961238
0 0.7662241275493915 0.10065482212946965 0.015031374417818509 0.01493993172278771
0 0.8594570159912109 0.5994074894831731 0.0352630615234375 0.04636427072378305
0 0.7598075866699219 0.5458184755765475 0.018028846153846152 0.01813983917236328
0 0.4763882343585675 0.07980994077829215 0.01684885758620042 0.01678675413131714
0 0.8264966377845178 0.4458781022291917 0.014357640193058895 0.01489551250751202
0 0.556475565983699 0.023153057465186484 0.016690621009239785 0.016576206454863913
0 0.45174092512864333 0.21579984518197867 0.021007684560922477 0.021086436051588792
0 0.2551600749676044 0.8759456047644982 0.018288245567908652 0.018542069655198317
0 0.6226470653827374 0.01181610501729525 0.01613440880408654 0.016017221487485446
0 0.6395360506497897 0.21215224266052246 0.01426227276141827 0.014181577242337741
0 0.5679311752319336 0.7723720990694486 0.018417211679311898 0.018560262826772835
0 0.4608555573683519 0.16343287321237418 0.023607547466571514 0.02312297087449294
0 0.14471773917858416 0.24863752951988807 0.01831995523892916 0.01820094768817608
0 0.6294133112980769 0.2579347720512977 0.018656363854041465 0.018700012793907754
0 0.3686691430898813 0.8964740313016452 0.018175932077261116 0.018204762385441706
0 0.7685155134934646 0.1350423372708834 0.013948587270883413 0.014063541705791768
0 0.7380257386427659 0.29510131249061 0.022174248328575723 0.022384203397310697
0 0.13125501229212835 0.06345689296722412 0.021529142673198994 0.022095166719876803
0 0.8140649795532227 0.5653319358825684 0.01482699467585637 0.014597232525165264
0 0.6074536396906927 0.019949855712743905 0.016114455003004808 0.01611534907267644
0 0.40637914951031023 0.07682457337012658 0.014990293062650241 0.014800328474778395
0 0.8527585543118991 0.02210147105730497 0.01818084716796875 0.018134109102762662
0 0.4608634802011343 0.1050573128920335 0.014843573937049279 0.014877722813532902
0 0.39527467580942005 0.22438104336078352 0.016637068528395433 0.01631780771108774
0 0.4168000588050255 0.03497370848288903 0.01931131803072416 0.01964746988736666
0 0.8172400547907903 0.728053459754357 0.031090369591346152 0.03155444218562199
0 0.14510809458219087 0.6265326279860276 0.015347590813269982 0.015499408428485576
0 0.8263416290283203 0.0713085257090055 0.10725461519681491 0.12759647919581488
0 0.41960620880126953 0.03604273154185368 0.020718501164362982 0.020789247292738695
0 0.31001046987680286 0.2474831984593318 0.014755670840923604 0.014823473416841947
0 0.5913599454439603 0.1476599619938777 0.014205639178936299 0.01431725575373723
0 0.16310308529780462 0.2922251774714543 0.014343481797438402 0.014780337993915264
0 0.6840650118314303 0.21738415497999924 0.018671182485727165 0.018915323110727165
0 0.7769647744985727 0.07037287033521213 0.024630913367638223 0.024503368597764235
