0 0.6610358311579778 0.6186555715707632 0.022859720083383415 0.02268086946927584
0 0.37862528287447417 0.7608236166147085 0.02210661081167368 0.02243951650766226
0 0.2738382082719069 0.6492679302509015 0.0315706179692195 0.03158701383150541
0 0.5795406194833609 0.48892879486083984 0.02175448491023137 0.021765855642465446
0 0.6988996359018179 0.5898865186251127 0.023005852332481973 0.022954133840707634
0 0.32033714881310094 0.4242089344904973 0.025512181795560397 0.025591336763822116
0 0.615564933189979 0.3954777350792518 0.020638685960036058 0.02077660193810096
0 0.22739810210007888 0.04207181013547457 0.018370921795184795 0.018433460822472207
0 0.2661720789395846 0.42296376595130336 0.023659926194411058 0.02353015312781701
0 0.4867111352773813 0.4510058623093825 0.01926568838266226 0.019198197584885817
0 0.6223823840801532 0.28827381134033203 0.01950223629291241 0.019442631648137018
0 0.3351359734168419 0.4561857810387245 0.022151433504544772 0.022205206064077523
0 0.7832629864032452 0.5251487585214468 0.03312771136944111 0.03322953444260817
0 0.39937063363882214 0.12481394180884728 0.017212500939002402 0.01732613490178035
0 0.20084285736083984 0.45195212730994594 0.016112400935246393 0.018187889685997598
0 0.3778203083918645 0.426812612093412 0.01847560589130108 0.018560262826772835
0 0.4201032565190242 0.28209611085745007 0.019504473759577826 0.01980249698345478
0 0.21714085798997146 0.5853096155019907 0.027001234201284554 0.026703394376314603
0 0.538931626539964 0.2396108370560866 0.01709769322321965 0.01707117374126728
0 0.6046516711895282 0.9116586538461539 0.018516980684720553 0.018588726337139424
0 0.5916146498460036 0.16876648022578314 0.018031780536358174 0.018015934870793268
0 0.7192872854379507 0.22782087326049805 0.017291729266826924 0.017409618084247295
0 0.7566132178673377 0.1343927108324491 0.017162909874549277 0.017244999225323018
0 0.34489147479717547 0.6171002021202674 0.016985966609074518 0.016787308913010817
0 0.5602794793935922 0.5164832335252029 0.020845706646259014 0.02107099386361929
0 0.6231078367966872 0.11864275198716384 0.01696146451509916 0.016646531911996696
0 0.734091538649339 0.36086273193359375 0.017067542442908652 0.01716481722318209
0 0.20303043952355018 0.23173816387469953 0.01859393486609826 0.02430127217219426
0 0.4884148377638597 0.25414279791025013 0.017034530639648438 0.01730794173020583
0 0.4528645735520583 0.6056612454927884 0.027570137610802285 0.027121617243840143
0 0.39812700565044695 0.45735711317795974 0.020700381352351263 0.020832942082331732
0 0.5991348853478065 0.7975447728083684 0.03378427945650541 0.033369211050180286
0 0.7752971649169922 0.27724585166344273 0.017057272104116585 0.016739771916316107
0 0.5291809302109939 0.5843694760249212 0.019212942857008714 0.019530296325683594
0 0.2941447037916917 0.2009107883159931 0.015906003805307243 0.01585997067964994
0 0.3146832172687237 0.6335411071777344 0.015517014723557692 0.015416952279897837
0 0.5956180279071515 0.05627473501058725 0.01809244889479417 0.01834526428809533
0 0.4365977507371169 0.048116051233731784 0.015405654907226562 0.01549978439624493
0 0.24207720389732948 0.4891630686246432 0.018008598914513223 0.017757635850172777
0 0.26933979988098145 0.7241437618549054 0.0171202512887808 0.016860815194936898
0 0.5207151266244742 0.24107903700608474 0.016508102416992188 0.01632976531982422
0 0.4412234379695012 0.08519623829768254 0.015598517197829027 0.015439932162945088
0 0.5711928147536057 0.5808252554673415 0.01837950486403245 0.018438412592961237
0 0.36210933098426235 0.5826199971712552 0.026113216693584736 0.026475246136005107
0 0.6618568713848407 0.01841727816141569 0.01582189706655649 0.015485658095433162
0 0.4168559954716609 0.41295381692739636 0.01601725358229417 0.01601263192983774
0 0.4931481434748723 0.8099402647752029 0.021845597487229567 0.022263453556941107
0 0.2848180624154898 0.21415281295776367 0.01903511927678035 0.019022428072415866
0 0.3149582055898813 0.09528745137728177 0.015323932354266826 0.015398759108323317
0 0.4942452357365535 0.2749831493084247 0.016108879676231973 0.01609208033635066
0 0.7936297930203952 0.10436966786017784 0.015746336716871995 0.016555327635544997
0 0.50677857032189 0.25345571224506086 0.016051659217247598 0.016135289118840143
0 0.26300569681020886 0.9673978365384616 0.14519955561711237 0.06336593627929688
0 0.3054024806389442 0.15577396979698768 0.015242686638465295 0.015124761141263522
0 0.45897645216721755 0.261290770310622 0.014924049377441406 0.014980536240797777
0 0.6010690102210412 0.6723386324368991 0.022821573110727165 0.022754375751201924
0 0.575976298405574 0.18674327776982233 0.015260696411132812 0.015273827772874098
0 0.4158011949979342 0.18915561529306266 0.015816248380220853 0.015832864321195163
0 0.5750079154968262 0.3379871661846454 0.019327090336726263 0.01939810239351713
0 0.7047781577477088 0.5345211029052734 0.02056459280160757 0.020816949697641227
0 0.30266737937927246 0.05719413207127498 0.014727115631103516 0.014613023171058068
0 0.28055330423208386 0.08137338895064133 0.014724034529465895 0.014751746104313778
0 0.37678791926457333 0.9042103107158954 0.01588263878455529 0.015850360576923076
0 0.37404038355900693 0.38091432131253755 0.015994145320012018 0.015856816218449518
0 0.49568880521334135 0.3538972047659067 0.015278889582707332 0.01529524876521184
0 0.5434428728543795 0.9035298274113581 0.01953550485464243 0.019533744225135215
0 0.48944774040809047 0.294038332425631 0.015658158522385817 0.01579453394963191
0 0.6551324404202975 0.3817521608792819 0.014411339393028846 0.014579186072716346
0 0.4653837497417743 0.6603697263277494 0.03117825434758113 0.031210679274338942
0 0.5017556777367225 0.30642098646897536 0.014710279611440806 0.014865728525015024
0 0.5645192219660833 0.29621248978834885 0.015278889582707332 0.015091235821063701
0 0.632197380065918 0.23866807497464693 0.014885535606971154 0.014821272629957933
0 0.24642203404353216 0.32196705157940203 0.015922693105844352 0.015966268686147835
0 0.22803746736966646 0.318695618556096 0.015302511361929087 0.015028806833120493
0 0.7034696432260367 0.15802856592031625 0.016272911658653848 0.016117242666391227
0 0.6205040858342097 0.483333184168889 0.019835692185621995 0.019442264850323018
0 0.2518501831935002 0.08649879235487717 0.015441124255840596 0.015450624319223257
0 0.36577349442702073 0.4342205341045673 0.016599068274864785 0.016583369328425482
0 0.6400233782254733 0.36971363654503453 0.01459195063664363 0.014687831585223857
0 0.22531586426955003 0.20549550423255333 0.015020003685584435 0.015018683213454027
0 0.6386073919442984 0.2605736805842473 0.014649171095628005 0.0146940671480619
0 0.3300470939049354 0.5958278362567608 0.014695387620192308 0.014494382418118991
0 0.5906269366924579 0.1401986525608943 0.01509387676532452 0.015334789569561299
0 0.25264230141272914 0.5218334197998047 0.015819622920109674 0.015819549560546875
0 0.22464187328632063 0.44743581918569714 0.01743448697603666 0.017947857196514424
0 0.3870870883648212 0.4969321397634653 0.018992203932542067 0.01942165081317608
0 0.34441837897667515 0.501197888300969 0.017414973332331732 0.01769227247971755
0 0.5303356464092548 0.6865551288311298 0.046608998225285456 0.04679547823392428
0 0.4007144341102013 0.5939898124107947 0.015800916231595553 0.015944700974684495
0 0.3326727793766902 0.18765684274526742 0.014396153963529147 0.014464451716496395
0 0.6737271088820237 0.704994641817533 0.0428314208984375 0.04243117112379808
0 0.26149478325477016 0.12508777471689078 0.016046524047851562 0.015933990478515625
0 0.702110583965595 0.007797166132009947 0.015405801626352163 0.013826410357768718
0 0.7652299587543194 0.5239435709439791 0.013721319345327524 0.014035371633676382
0 0.7861863649808444 0.08015073262728177 0.03305141742412861 0.04761670644466694
0 0.2165372555072491 0.8764286041259766 0.015974118159367487 0.016309738159179688
0 0.7958836188683143 0.9767372424785907 0.014790755051832933 0.014518444354717549
0 0.48553837262667143 0.6502807323749249 0.032040962806114785 0.03229229266826923
0 0.5389176882230319 0.574546007009653 0.01656348888690655 0.01651147695688101
0 0.23053182088411772 0.7281555762657752 0.014636076413668118 0.014748206505408654
0 0.47704659975492036 0.7886285048264724 0.02485025846041166 0.024834412794846755
0 0.2567755992595966 0.10754739321195163 0.015300163855919471 0.01492933126596304
0 0.648067987882174 0.7749027839073768 0.02079039353590745 0.02049886263333834
0 0.4116767736581656 0.44632625579833984 0.016012925368088942 0.015872368445763223
