0 0.40529999366173375 0.8089273892916166 0.08192634582519531 0.08259259737454928
0 0.37450243876530576 0.25861197251539964 0.04066342573899489 0.04090045048640324
0 0.7575949155367337 0.9155948345477765 0.038854745718149036 0.038537245530348554
0 0.1569519409766564 0.32477672283466047 0.02819365721482497 0.028206458458533652
0 0.7090838505671575 0.6858458885779748 0.04349796588604267 0.04318677462064303
0 0.7270346421461839 0.6295010493351862 0.053374070387620196 0.052997442392202526
0 0.5869304216825045 0.9100735737727239 0.03390165475698618 0.034026806171123795
0 0.12525492448073167 0.31780895820030797 0.020123041593111478 0.020289274362417366
0 0.8542122474083533 0.31120945857121396 0.03581091073843149 0.035730637036837064
0 0.6989534818209134 0.18468772448026216 0.042054983285757214 0.041939735412597656
0 0.7209336207463191 0.23424265934870794 0.027401263897235576 0.02765802236703726
0 0.6949253815871018 0.6092012111957257 0.02190545889047476 0.02202004652756911
0 0.9079793783334585 0.9653565333439753 0.025067256047175482 0.02506432166466346
0 0.1331396194604727 0.9267855424147385 0.01914699261005108 0.019084636981670674
0 0.8892383575439453 0.053234755992889404 0.03166976341834435 0.031876022999103255
0 0.7183415339543269 0.9350500840407151 0.024605677678034857 0.024546109713040866
0 0.2260704774122972 0.6469227717472956 0.025941115159254808 0.025725144606370192
0 0.298700002523569 0.374875178703895 0.0223390872661884 0.022302847642164964
0 0.3547020692091722 0.05960169663796058 0.02283316392164964 0.023030556165255033
0 0.5466477320744441 0.8120266841008112 0.021054928119365986 0.021016047551081732
0 0.7662540582510141 0.48152626477755034 0.026640965388371393 0.02670625539926382
0 0.6006835790780874 0.956059455871582 0.018059363731971152 0.018109981830303486
0 0.1921826325930082 0.40619916182297927 0.03324196888850285 0.03366661071777344
0 0.27989833171551043 0.9146033066969651 0.01813503412099985 0.01820960411658654
0 0.7617514683650091 0.6279255793644831 0.052838839017427884 0.051336435171274036
0 0.1286921134361854 0.3757596015930176 0.015540893261249248 0.015661973219651442
0 0.18384691385122445 0.9385106746967022 0.029358790471003607 0.028924942016601562
0 0.41295671463012695 0.9191275376539964 0.02102198967566857 0.02093505859375
0 0.12153377899756798 0.8638328405526968 0.016176388813899115 0.016210556030273438
0 0.809690915621244 0.4905993388249324 0.0282290532038762 0.02844656430757963
0 0.5187360323392428 0.9911021452683669 0.016023635864257812 0.01446078373835637
0 0.5503155268155612 0.8958189304058368 0.01649783207820012 0.016692968515249398
0 0.2906527335827167 0.7660319988544171 0.03787976044874925 0.038547369150015026
0 0.40861958723801833 0.18698820701012245 0.018831693209134616 0.01870445104745718
0 0.5142527360182542 0.2954573631286621 0.026135811438927285 0.02653980255126953
0 0.8695756472074069 0.5930185684790978 0.024993016169621393 0.0251924808208759
0 0.556736579308143 0.0915822249192458 0.016025616572453424 0.016265172224778395
0 0.8572776500995343 0.6193378155048077 0.030791796170748197 0.03139833303598257
0 0.6816249260535607 0.5289804752056415 0.04153530414287861 0.04127018268291767
0 0.5405296912560096 0.8635899470402644 0.01867499718299279 0.018590780404897835
0 0.854309815626878 0.4403546406672551 0.17276822603665865 0.23325113149789664
0 0.472445194537823 0.26975000821627104 0.02123568608210637 0.02132254380446214
0 0.34972113829392654 0.022607413622049186 0.07199954986572266 0.04396909016829271
0 0.32709448154156023 0.5107498168945312 0.019321661729079027 0.01939260042630709
0 0.5041679235605093 0.8067128108097956 0.01632059537447416 0.01606471721942608
0 0.44797053703894985 0.262813164637639 0.02738805917593149 0.026787391075721152
0 0.7319246438833383 0.27381156041071963 0.016682258019080527 0.016514117901141826
0 0.6798903391911433 0.5023289460402268 0.01978610112116887 0.019537852360652044
0 0.7639604715200571 0.9793033599853516 0.04118009713979868 0.03762259850135216
0 0.693150887122521 0.8865334437443659 0.02359155508188101 0.02438970712515024
0 0.42278249447162336 0.4898102833674504 0.014663036052997295 0.014609556931715745
0 0.875640135544997 0.8419384589562049 0.018665460439828727 0.018883631779597357
0 0.287723761338454 0.8273435005774865 0.021292686462402344 0.021514305701622598
0 0.37156959680410534 0.6789101820725661 0.016015052795410156 0.015996199387770433
0 0.1492419151159433 0.8663919155414288 0.01420129262484037 0.014164557823768029
0 0.171003139936007 0.3885969015268179 0.013636222252478966 0.013787049513596755
0 0.17614384797903207 0.4419705317570613 0.015298880063570462 0.01537792499248798
0 0.8292295015775241 0.9618970430814303 0.06937613854041466 0.06708145141601562
0 0.10588886187626766 0.37890390249399036 0.016479088709904596 0.0169830322265625
0 0.6703084065363958 0.5306348433861365 0.021926293006310098 0.02174538832444411
0 0.5968641868004432 0.060370601140535794 0.014570676363431491 0.014989889585054837
0 0.8299721937913161 0.7998045407808744 0.0392913818359375 0.03902347271259014
0 0.8854912977952224 0.9548430809607873 0.01804014352651743 0.017924088698167067
0 0.38112082848182094 0.04889536820925199 0.02737089303823618 0.027919888496398926
0 0.2359611437870906 0.877317868746244 0.0146028078519381 0.014469146728515625
0 0.9083134577824519 0.6288084617027869 0.06178899911733774 0.09260148268479568
0 0.42271687434269833 0.34741027538593 0.014304014352651743 0.014583661006047176
0 0.22951558920053336 0.47052515470064604 0.014605192037729116 0.014720843388484074
0 0.08831705496861385 0.436614256638747 0.017856561220609225 0.017824906569260817
0 0.9091603205754206 0.31415660564716047 0.029363485483022835 0.029438018798828125
0 0.8235441354604868 0.9485881511981671 0.014228233924278846 0.014696267934945913
0 0.5944532247690054 0.8061156639685998 0.02140954824594351 0.020801837627704326
0 0.3159960233248197 0.21413373947143555 0.01951298346886268 0.019678262563852165
0 0.6818981170654297 0.7727039043719952 0.10758796105018029 0.11050723149226262
0 0.32669588235708386 0.23961373475881723 0.03644774510310246 0.03644855205829327
0 0.48088627595167893 0.9440885690542368 0.023888661311222956 0.02391639122596154
0 0.7640143174391526 0.9607824912438025 0.039581298828125 0.03946832510141226
0 0.43151019169734073 0.3226764385516827 0.014709912813626803 0.014580506544846755
0 0.29418490483210635 0.7601621334369366 0.03061023125281701 0.03121185302734375
0 0.4013685446519118 0.9829849096444937 0.014938281132624699 0.015054115882286659
