0 0.36632259075458234 0.3902717370253343 0.06403174767127404 0.0638889166025015
0 0.5376523091242864 0.1936625884129451 0.1800528306227464 0.1822818976182204
0 0.4690023935758151 0.5810631972092849 0.038541427025428183 0.038519052358774036
0 0.41578168135422927 0.9033913979163537 0.06039135272686298 0.06083972637469952
0 0.45142922034630406 0.6828027871938852 0.020031268780048076 0.020018944373497598
0 0.4137763243455153 0.6717403118426983 0.020017330463115986 0.02008335406963642
0 0.43343217556293195 0.7075343498816857 0.02165522942176232 0.021878169133112982
0 0.516656545492319 0.07379734974641067 0.026799568763146035 0.026711509777949408
0 0.43833717933067906 0.07746709310091458 0.05670004624586839 0.05615725884070763
0 0.4009495515089769 0.23586236513577974 0.020466144268329326 0.020438781151404746
0 0.456941531254695 0.9675861505361704 0.022803820096529447 0.022898013775165264
0 0.48121206577007586 0.3370191133939303 0.05782780280480018 0.057576693021334134
0 0.48972676350520206 0.9452743530273438 0.022989493149977464 0.023102833674504206
0 0.3822444035456731 0.23762873502878043 0.01783591050368089 0.017859495603121243
0 0.49412301870492786 0.48780338580791766 0.027495457575871393 0.027774517352764424
0 0.3190270203810472 0.768803963294396 0.019131220304048978 0.01912513146033654
0 0.44920840630164516 0.5565272844754733 0.02100709768442007 0.020919433006873496
0 0.3235003398014949 0.48534529025738055 0.02205936725323017 0.022181070767916165
0 0.6036740816556491 0.09290478779719426 0.018972396850585938 0.018993414365328275
0 0.43404637850247896 0.6898636451134315 0.016558720515324518 0.016368719247671273
0 0.27675705689650315 0.6738087580754206 0.015171197744516226 0.019511296198918268
0 0.5747141471275916 0.37810648404634917 0.017923941979041465 0.01790340130145733
0 0.6885461073655349 0.5746752665593073 0.015354449932391826 0.015418932988093449
0 0.32923243596003604 0.4153877038222093 0.02230204068697416 0.022508914654071514
0 0.6899864490215595 0.853549810556265 0.01965816204364483 0.01972345205453726
0 0.4489366091214694 0.8560022207406851 0.06734085083007812 0.06712649418757512
0 0.34977304018460786 0.19295542056743914 0.02380195030799279 0.023597057049091045
0 0.4150538077721229 0.34004570887638974 0.0227969242976262 0.022841820350060098
0 0.39319265805757964 0.6290042583759015 0.01729613084059495 0.017210887028620794
0 0.44272642869215745 0.6166786047128531 0.01642887408916767 0.01630709721491887
0 0.3130240807166466 0.18212268902705267 0.050685460750873275 0.05051114008976863
0 0.2989675815288837 0.18390369415283203 0.08616462120643029 0.13656982091756967
0 0.4963070429288424 0.8105611801147461 0.07265824538010818 0.07202295156625602
0 0.31514461223895734 0.4234164311335637 0.015657993463369515 0.015549879807692308
0 0.3320358716524564 0.4438200363746056 0.018379724942720853 0.018108221200796273
0 0.3299402090219351 0.36403490946843076 0.02765039297250601 0.027413368225097656
0 0.350100223834698 0.32541770201462966 0.014699495755709134 0.014488953810471755
0 0.4127942231985239 0.6129558269794171 0.016106825608473558 0.016083643986628607
0 0.58825316795936 0.038290670284858115 0.06721936739408053 0.06693644707019512
0 0.6705271647526667 0.6455078125 0.016964252178485576 0.01685303908128005
0 0.32454314598670375 0.01431761567409222 0.04668903350830078 0.027596886341388408
0 0.5074707177969126 0.4490708571213942 0.015271700345552884 0.015089915348933293
0 0.355133790236253 0.3080005645751953 0.018198086665226862 0.017856817979079027
0 0.44249439239501953 0.28628191581139195 0.0170291020320012 0.01677703857421875
0 0.39043514545147234 0.3450645300058218 0.03149956923264723 0.03277147733248197
0 0.5084558633657602 0.1082908557011531 0.015063212468073918 0.015037866739126353
0 0.42053428063025844 0.8520312676062951 0.016413321861853965 0.016713362473707933
0 0.47816250874445987 0.44979498936579776 0.014557178203876201 0.014456088726337139
0 0.29392759616558367 0.16020925228412336 0.019847979912391074 0.019788595346304085
0 0.4413931919978215 0.8597293266883264 0.08257323044996995 0.08113685021033654
0 0.3382316736074594 0.059451790956350475 0.023324086115910456 0.02400076389312744
0 0.6237332270695612 0.8548994797926682 0.018942759587214544 0.018863091102013223
0 0.4341573715209961 0.3604460862966684 0.02360424628624549 0.024187381450946514
0 0.38901439079871547 0.3487044114332933 0.026606926551231973 0.02679267296424279
0 0.36546608117910534 0.3158908257117638 0.016631493201622598 0.01654925713172326
0 0.41410112380981445 0.10085679934575008 0.016286923335148737 0.016368334109966572
0 0.2871885299682617 0.9774500039907602 0.027719497680664062 0.03830454899714543
0 0.645210706270658 0.6850283696101263 0.017331049992487982 0.017255342923677884
0 0.6542057624230018 0.6074515856229342 0.015451284555288462 0.015693077674278848
0 0.6550712585449219 0.07687980395097 0.015732691838191107 0.01552275510934683
0 0.39007238241342396 0.6877332834097055 0.015186016376201924 0.015010833740234375
0 0.6596843279325045 0.09798192977905273 0.015569833608774038 0.015530586242675781
0 0.35343192173884463 0.15543222427368164 0.02974099379319411 0.030191944195674017
0 0.3424833737886869 0.4753448779766376 0.016428800729604866 0.016342603243314303
0 0.32374913875873274 0.5165755198552058 0.017590742844801683 0.017225118783804085
0 0.6469218914325421 0.7151322731604943 0.015103560227614183 0.015277569110576924
