0 0.043383543307964616 0.5712171701284555 0.060105782288771406 0.06515877063457783
0 0.22835518763615534 0.39532140585092396 0.0565192516033466 0.056169950045072116
0 0.6809915395883414 0.9690170288085938 0.06465911865234375 0.05701446533203125
0 0.6139904168935922 0.3973535391000601 0.028486105111929085 0.028481703538161058
0 0.6734823080209585 0.5906091469984788 0.027686485877403848 0.027489955608661357
0 0.3623037338256836 0.36040445474477917 0.019478724553034857 0.01955839303823618
0 0.15387399380023664 0.04617061064793514 0.026378860840430625 0.026276625119722806
0 0.3115665362431453 0.10311108369093674 0.01920450650728666 0.019129056196946364
0 0.5726576585036057 0.015274070776425876 0.03306997739351713 0.029206739022181585
0 0.5102553000816932 0.5339614794804499 0.031771293053260215 0.031904954176682696
0 0.8830702855036809 0.31058953358576846 0.023024338942307692 0.02314648261437049
0 0.5398674011230469 0.04998260277968187 0.03508978623610277 0.03504807903216435
0 0.41710941608135516 0.031000190056287326 0.033528841458834134 0.033468159345480114
0 0.4001502257127028 0.3624347173250638 0.01996333782489483 0.019918295053335335
0 0.8991399911733774 0.06263030950839703 0.020579117995042067 0.02073938112992507
0 0.28640981820913464 0.25622158784132737 0.03443211775559645 0.034550960247333236
0 0.9152670640211839 0.8301908052884616 0.03593122042142428 0.035697643573467545
0 0.11707922128530648 0.11021669094379132 0.02136085583613469 0.0213775634765625
0 0.1250008252950815 0.5270042786231408 0.025073821728046123 0.02526554694542518
0 0.07120184714977558 0.5300326347351074 0.03550494634188139 0.03499383192795973
0 0.38188406137319714 0.20054380710308367 0.022155028123121995 0.02228414095365084
0 0.9191648043118991 0.10739234777597281 0.03885445227989784 0.03876330302311824
0 0.3507339037381686 0.3919526980473445 0.0210416500384991 0.021247203533466045
0 0.7529896956223708 0.5900487166184646 0.02292486337515024 0.023099752572866585
0 0.45566749572753906 0.6471925882192758 0.02788690420297476 0.027997530423677884
0 0.8555038892305814 0.19720205893883339 0.02043019808255709 0.02031553708589994
0 0.6486909572894757 0.627832999596229 0.023702621459960938 0.024075728196364183
0 0.7276310553917518 0.7580421154315655 0.030682490422175482 0.030828182513897236
0 0.47090699122502255 0.19370269775390625 0.01949002192570613 0.019663077134352464
0 0.13512448164132926 0.01665503015884986 0.024722832899827223 0.024463291351611797
0 0.9289535375741812 0.5800797389103816 0.021687140831580527 0.02209325937124399
0 0.45865697127122146 0.560545591207651 0.026906233567457933 0.027065203740046576
0 0.7054067024817834 0.5148702034583459 0.017104222224308893 0.016989414508526143
0 0.9227626507098858 0.0698624482521644 0.032079256497896634 0.03188951198871319
0 0.9174540593073919 0.9539601986224835 0.01929019047663762 0.019191155066856973
0 0.8158834897554837 0.1290058264365563 0.21182837853064904 0.2131789097419152
0 0.753079341008113 0.33562007317176235 0.016116802509014424 0.01601439255934495
0 0.7714846684382513 0.42747992735642654 0.017261505126953125 0.017410131601186898
0 0.8253041047316331 0.6544949458195612 0.18693102323091948 0.19615353070772612
0 0.4631946270282452 0.03240652267749493 0.016317294194148138 0.0160523194533128
0 0.2404517393845778 0.027374881964463454 0.020107012528639574 0.020154063518230732
0 0.9525192700899564 0.05836251148810753 0.026196699876051683 0.02664668743426983
0 0.31927061080932617 0.3246437219473032 0.06201641376201923 0.06296321061941293
0 0.34664124708909255 0.5217495331397424 0.027913240286020134 0.028098326462965745
0 0.513371650989239 0.12436105654789852 0.02149831331693209 0.021156127636249248
0 0.8162209437443659 0.2836308479309082 0.02464573199932392 0.025164164029634915
0 0.41904346759502703 0.09354822452251728 0.02093051030085637 0.020972765409029447
0 0.743874036348783 0.8117043421818659 0.02131065955528846 0.021399571345402643
0 0.6406535368699294 0.18403317378117487 0.01589334928072416 0.01570276113656851
0 0.1761926137484037 0.04252861096308781 0.015649942251352165 0.015709860966755793
0 0.9293058835543119 0.4685840606689453 0.019237224872295674 0.019143031193659857
0 0.1173567588512714 0.8428827432485727 0.21477182094867414 0.305419921875
0 0.22347655663123497 0.7137832641601562 0.02225637435913086 0.022300133338341348
0 0.7799132420466497 0.27175455826979417 0.025647676908052884 0.025761971106896035
0 0.9177397214449369 0.9102824284480169 0.020519256591796875 0.02079186072716346
0 0.25725916715768665 0.7384713979867789 0.1651170803950383 0.16644712594839242
0 0.4754760448749249 0.33194560271043044 0.01705470451941857 0.017118233900803786
0 0.0849927938901461 0.14263560221745417 0.019754593188946065 0.01963362326988807
0 0.9768816140981821 0.28803106454702526 0.014260512131911058 0.015328187208909255
0 0.18424309217012846 0.7421152408306415 0.026035455557016227 0.0260769770695613
0 0.9259611276479868 0.18234918667719915 0.02879612262432392 0.028974129603459284
0 0.6195240020751953 0.8338807912973257 0.01566138634314904 0.01538379375751202
0 0.1742726839505709 0.008380296138616709 0.01909043238713191 0.015375678355877217
0 0.5207279278681829 0.5603458697979267 0.018229337838979866 0.01851822779728816
0 0.5389927717355582 0.2608204621535081 0.01674791482778696 0.016762440021221455
0 0.713654298048753 0.20854678520789513 0.018848125751201924 0.018715271582970254
0 0.8549594879150391 0.2176243525284987 0.017368903526893027 0.017458328833946817
0 0.13158554297227126 0.5591737307035006 0.015804327451265775 0.015690730168269232
0 0.259156924027663 0.06451316980215219 0.024293239300067607 0.02429661383995643
0 0.03874027729034424 0.6145638685960036 0.022234348150400016 0.022535324096679688
0 0.5245767006507287 0.09820529130788949 0.015218147864708534 0.01526638177724985
0 0.257623342367319 0.15947606013371393 0.01965031257042518 0.01998483217679537
0 0.8525854257436899 0.344172844519982 0.029812152569110576 0.029487463144155648
0 0.33776496006892276 0.05264128171480619 0.01812568077674279 0.01792735319871169
0 0.8271014873798077 0.24285342143132135 0.017029688908503607 0.017198489262507513
0 0.7312560448279748 0.3750455562884991 0.015268179086538462 0.015214479886568509
0 0.8147957141582782 0.4518426748422476 0.01743316650390625 0.017458402193509616
0 0.5179352393517127 0.5891858614408053 0.021430088923527643 0.02123267834003155
0 0.891690547649677 0.34278194720928484 0.03020139840932993 0.030598567082331732
0 0.8026335789607122 0.537139525780311 0.026930588942307692 0.026891561654897835
0 0.576555765592135 0.7426914801964393 0.020096852229191706 0.020326761099008415
0 0.07001417416792649 0.47913639362041766 0.04146199959975023 0.04130348792442909
0 0.8285465240478516 0.3982305893531212 0.015892909123347357 0.015863491938664362
0 0.8448317601130559 0.41858464020949143 0.014937474177433895 0.014904168935922476
0 0.5345135101905236 0.5694592182452862 0.01494290278508113 0.014875705425555889
0 0.8557681303757888 0.46889407818134016 0.030628791222205527 0.030896847064678486
0 0.8333321351271409 0.2072307696709266 0.02359610337477464 0.023517571962796725
0 0.15490513581496018 0.531916985144982 0.014783281546372633 0.01492603008563702
0 0.5857161008394681 0.654847291799692 0.027966646047738884 0.02787164541391226
0 0.525386223426232 0.1332011497937716 0.02400823739858774 0.02359300393324632
0 0.2740787726182204 0.5472090060894306 0.015125127939077524 0.015128355759840745
0 0.3836811139033391 0.17698034873375526 0.014794056232158955 0.01487431159386268
0 0.3526228391207181 0.7415605691763071 0.026060984684870794 0.025730426494891826
0 0.1216662388581496 0.5892431552593524 0.02010939671443059 0.020415086012620192
0 0.47481258098895734 0.5374513039222131 0.01897459763746995 0.019103123591496393
0 0.20639687318068284 0.07721268213712253 0.014670372009277344 0.01458677420249352
0 0.9740216181828425 0.05295795660752516 0.0216214106633113 0.03836923608413109
0 0.4542845212496244 0.5352015128502479 0.01891664358285757 0.019042822030874398
0 0.20876521330613357 0.706341816828801 0.06141978043776292 0.06271978525015023
0 0.06793519166799691 0.4963154425987831 0.05046657415536734 0.04951638441819411
0 0.5396439478947566 0.4916285734910231 0.022760391235351562 0.02289097125713642
0 0.5708345266488882 0.6667534754826472 0.016405692467322715 0.01580663827749399
0 0.9025680835430439 0.8092648432804987 0.01549823467548077 0.015398465670072116
0 0.878905149606558 0.1908723757817195 0.02348665090707632 0.023781262911283053
0 0.7859322474553034 0.5896664032569299 0.0384057851938101 0.03848831470196064
0 0.13572078484755296 0.227110716012808 0.01426260287945087 0.014477803156926082
0 0.8551274813138522 0.1722872807429387 0.02438046382023738 0.024695763221153848
0 0.09276330471038818 0.5760003970219538 0.036140698653001055 0.03585477975698618
0 0.8415691669170673 0.5463463709904597 0.042478708120492786 0.043777759258563705
0 0.9174247154822717 0.48174139169546276 0.014489980844350962 0.01461498553936298
0 0.7135165287898138 0.604652478144719 0.01484225346491887 0.014583807725172777
0 0.3051931674663837 0.2848469294034518 0.06331891279954177 0.06282366239107572
0 0.6807459317720853 0.19658283086923453 0.0138092041015625 0.013906625600961538
0 0.19225391974815956 0.09120502838721642 0.018227687248816855 0.018469627086932842
0 0.2663105817941519 0.1038510065812331 0.022669425377478965 0.02269594485943134
0 0.9414477715125451 0.08864501806405875 0.021799527681790866 0.02237811455359826
0 0.6068404271052434 0.8700190324049729 0.014519471388596755 0.014443324162409855
0 0.37590771455031174 0.4285745253929725 0.017937953655536357 0.017732913677509014
0 0.835877198439378 0.5188252375676081 0.015271993783804087 0.015158873337965745
0 0.27896517973679763 0.6110759881826547 0.021475791931152344 0.021678337684044473
0 0.6797642341026893 0.3252659577589769 0.013810084416316105 0.013956069946289062
0 0.8647036919227014 0.8608873807466947 0.07627457838792068 0.07512474060058594
0 0.9348928744976337 0.05590378321134127 0.01829704871544471 0.01934473331157978
0 0.22454995375413161 0.4867841280423678 0.045435612018291764 0.04572105407714844
0 0.5430369743934045 0.7322996579683744 0.01612545893742488 0.01604593717134916
0 0.4496782743013822 0.4593363541823167 0.013353787935697116 0.013418784508338341
0 0.5303433491633489 0.11355097477252667 0.013445267310509315 0.013490126683161808
0 0.9105570866511419 0.08538891718937801 0.015473879300631009 0.015484002920297476
0 0.8526787391075721 0.4747738471397987 0.022797804612379808 0.02283022953913762
0 0.45029383439284104 0.6298192831186148 0.013882270226111779 0.01384735107421875
0 0.28269373453580415 0.450016241807204 0.015639561873215895 0.015832901000976562
0 0.7401526524470403 0.43976160196157604 0.015048980712890625 0.01530148432804988
0 0.7169875365037185 0.46085915198692906 0.04786197955791767 0.047881786639873795
0 0.13634954966031587 0.6913510836087741 0.07921589337862454 0.07879081139197716
0 0.4371888820941632 0.12498798737159142 0.013907579275277944 0.013944112337552585
0 0.30226744138277495 0.4771074881920448 0.23363186762883112 0.23879462022047776
0 0.9544364489041842 0.10999138538654034 0.02372580308180589 0.02401454632098858
0 0.3173222908606896 0.8760992196890024 0.01732298044057993 0.017368903526893027
0 0.35346346635084885 0.6484483572152945 0.017866134643554688 0.017718095045823317
0 0.6251658659714919 0.800998541025015 0.01922123248760517 0.019544454721304085
0 0.6498016944298377 0.07233217129340538 0.015048393836388221 0.014940646978525015
0 0.7618359785813552 0.7447006519024189 0.021578275240384616 0.021645472599909857
0 0.8499695704533503 0.5729166911198542 0.06191268334021935 0.060460384075458236
0 0.2584350292499249 0.6490905468280499 0.06700838529146634 0.06661723210261418
