0 0.28524384131798375 0.8351910664485052 0.06978269723745492 0.06911938007061298
0 0.7974952551034781 0.8932922803438627 0.09414320725661057 0.09322782663198617
0 0.5212991787837102 0.26311859717735875 0.3237033990713266 0.31955814361572266
0 0.9285262181208684 0.049272509721609264 0.027262761042668268 0.027068174802339993
0 0.7358482067401593 0.1546482122861422 0.025468973013070915 0.025571566361647386
0 0.5320250804607685 0.06835597295027512 0.03407082190880409 0.033902186613816485
0 0.30066978014432466 0.722565430861253 0.03071733621450571 0.030699949998121995
0 0.05606637551234318 0.8804252331073468 0.031154183241037223 0.031003511868990384
0 0.5794551555926983 0.05994420785170335 0.02265328627366286 0.022692460280198317
0 0.25937333473792445 0.4837631078866812 0.01895009554349459 0.019105251018817607
0 0.18228666598980242 0.6935256077693059 0.260742554297814 0.28540658950805664
0 0.8275406910822942 0.5859491641704853 0.02885598402756911 0.028919073251577523
0 0.47728135035588193 0.41609621047973633 0.030311144315279447 0.03035728748028095
0 0.6773118239182693 0.6796820713923528 0.018199040339543268 0.018169403076171875
0 0.75464233985314 0.022117335062760573 0.04193936861478365 0.040384879479041465
0 0.29102362119234526 0.40044190333439755 0.02221261537992037 0.022254577049842246
0 0.06770238051047692 0.0621567414357112 0.05070841312408447 0.0615540467775785
0 0.0587465396294227 0.2420337016765888 0.017074016424325798 0.0174561280470628
0 0.4885909373943622 0.5165681838989258 0.017980428842397835 0.01790442833533654
0 0.7942871680626502 0.1766545955951397 0.01786070603590745 0.017817057096041165
0 0.9116161052997296 0.9481998590322641 0.029212218064528245 0.029097777146559495
0 0.7843516423152044 0.6949109297532302 0.020720555232121393 0.021174210768479567
0 0.7655202425443209 0.07622899458958553 0.016875633826622598 0.01674210108243502
0 0.500651322878324 0.41922261164738583 0.0169373292189378 0.01698919442983774
0 0.8527628091665415 0.030790819571568415 0.016804328331580527 0.016554071353032038
0 0.7368671710674579 0.20749656970684344 0.01655402550330529 0.016581388620229866
0 0.6257167962881235 0.1561772089738112 0.020584986760066107 0.020743443415715143
0 0.4329803173358624 0.6121782889732947 0.016545955951397236 0.016668172983022835
0 0.18813364322368914 0.43915807283841646 0.01839425013615535 0.018462988046499398
0 0.6634590442364032 0.6300503657414362 0.11478570791391227 0.11718460229726937
0 0.6757038556612455 0.7193759037898138 0.02111229529747596 0.021158951979417067
0 0.7329461024357722 0.5530139116140512 0.08568514310396634 0.08429541954627404
0 0.8639342968280499 0.6182103523841271 0.030393160306490384 0.030211522028996393
0 0.8394596393291767 0.7384197528545673 0.10299389178936298 0.10213705209585336
0 0.4732206051166241 0.6936579484205979 0.015072455772986779 0.015253800612229567
0 0.7121170484102689 0.7827391991248498 0.01992343022273137 0.01993531447190505
0 0.5526993824885442 0.10441606778364915 0.02114728780893179 0.02117444918705867
0 0.8881422189565805 0.12533838932330793 0.01617578359750601 0.016458951509915866
0 0.5275405003474309 0.5442018875708947 0.014581386859600361 0.014490787799541768
0 0.6661376219529372 0.43084980891301083 0.020609635573167067 0.020609195415790264
0 0.7428082686204177 0.6730754558856671 0.020087315486027643 0.020284212552584134
0 0.8964975063617413 0.4298383272611178 0.014545587392953726 0.014616012573242188
0 0.6867291377140925 0.9906343313363882 0.031849054189828724 0.017660874586838942
0 0.3720943010770358 0.6295067713810847 0.07679601816030648 0.07763906625600961
0 0.3144520979661208 0.39902551357562727 0.12925135172330415 0.12433829674353966
0 0.8896020742563101 0.6051712036132812 0.02801366952749399 0.027897027822641227
0 0.5986912067119892 0.10381430845994216 0.01715366656963642 0.016670630528376654
0 0.3062728918515719 0.5325628427358774 0.014939564924973708 0.015052501971905049
0 0.8886247781606821 0.9864744773277869 0.05414581298828125 0.025884481576772835
0 0.06804442405700684 0.46077691591702974 0.055638863490178034 0.0659495133620042
0 0.9284384800837591 0.1374448721225445 0.016003535344050482 0.01567240861745981
0 0.8342431141779973 0.2531808339632474 0.04727084820087139 0.04777108705960787
0 0.5334555552555964 0.4767263119037335 0.01988638364351713 0.019900101881760817
0 0.898170177753155 0.8856165959284856 0.03096917959359976 0.03222157404972957
0 0.9031021411602314 0.12083704654987042 0.018711676964393027 0.019179857694185697
0 0.8955458127535306 0.8603415855994592 0.04227036696213942 0.04120489267202524
0 0.24355132763202375 0.3916986905611478 0.10740074744591346 0.10877932035006009
0 0.7507993257962741 0.2371671566596398 0.015526404747596154 0.01581148000863882
0 0.935487307035006 0.2971029831812932 0.015531686636117788 0.015816981975848857
0 0.05463498372298021 0.9887765737680289 0.03167480688828688 0.021197685828575723
0 0.7494219266451322 0.3377106739924504 0.01517780010516827 0.015297889709472656
0 0.8961887359619141 0.02266553732065054 0.015333322378305288 0.015016822860791134
0 0.8732100266676682 0.9604164270254282 0.022419562706580527 0.02262291541466346
0 0.08843356829423171 0.3119052006648137 0.014771113028893104 0.01496747823861929
0 0.3378466092623197 0.2210536736708421 0.01624019329364483 0.016090833223783053
0 0.7047716287466196 0.07364795758174016 0.018275627723106973 0.01846874677217924
0 0.14759491957150972 0.14154237967271072 0.014152141717764048 0.014036912184495192
0 0.5781644674447867 0.08735255094674918 0.014165658217210036 0.014354375692514272
0 0.8164112384502704 0.1747903457054725 0.02664008507361779 0.026513393108661357
0 0.6203063818124624 0.5227707349337064 0.01998299818772536 0.019915654109074518
0 0.13595870824960563 0.9539642333984375 0.013750039614163913 0.01375873272235577
0 0.6323478405292218 0.04532496745769794 0.014006394606370192 0.014210079724972065
0 0.10677777803861178 0.12600055107703576 0.013425130110520583 0.013563926403339092
0 0.08270187561328594 0.12255446727459247 0.013337447093083309 0.013712699596698467
0 0.8961078203641452 0.8519646571232722 0.028129724355844352 0.027825282170222357
