0 0.442353762113131 0.719211798447829 0.06706795325646034 0.0674128899207482
0 0.8544829441950872 0.7015983141385592 0.0330358651968149 0.0329893552339994
0 0.8132145221416767 0.5734982857337365 0.04236456064077524 0.04202563946063702
0 0.35355457892784703 0.35323476791381836 0.04053497314453125 0.04057942903958834
0 0.1234519756757296 0.07858525789701022 0.02642059326171875 0.030522676614614632
0 0.6638184327345628 0.9056808031522311 0.028115052443284255 0.028254875769981973
0 0.7385717538686899 0.44055843353271484 0.06229048508864183 0.06216885493351863
0 0.8103080162635217 0.6748414406409631 0.036676847017728366 0.03650621267465445
0 0.7027240166297326 0.5586260282076322 0.04372728787935697 0.04382162827711839
0 0.3481008823101337 0.4015304492070125 0.044883434589092545 0.04480068500225361
0 0.6919165391188401 0.4457772695101224 0.0587005615234375 0.058362520658052884
0 0.8635047032282903 0.5814905900221604 0.026118058424729567 0.026534447303185098
0 0.4555851129385141 0.07228410243988037 0.14756422776442307 0.13893721653864935
0 0.43026469304011417 0.13188380461472732 0.026782696063701924 0.026852167569673978
0 0.5180694139920748 0.7114435342641977 0.026513173029972956 0.026323758638822116
0 0.4641433862539438 0.5595419223491962 0.0367280519925631 0.03673560802753155
0 0.1619428854722243 0.6959014305701623 0.02424482198861929 0.024070299588716947
0 0.4078887425936185 0.5546446580153245 0.03459431574894832 0.0348364023061899
0 0.8684743000910833 0.9291122876680814 0.020226551936222956 0.020451765794020433
0 0.438167351942796 0.8736419677734375 0.026526524470402643 0.026535621056189902
0 0.5956485454852765 0.47725369380070615 0.034150343674879804 0.03392601013183594
0 0.2648305159348708 0.23407488602858323 0.02214967287503756 0.022235870361328125
0 0.3076663017272949 0.43633343623234677 0.03500586289625902 0.034547072190504804
0 0.8524538186880258 0.33145618438720703 0.018961099477914665 0.01907187241774339
0 0.3018474212059608 0.08256430809314434 0.026967635521521933 0.02696084976196289
0 0.3722234872671274 0.13242039313683143 0.01844171377328726 0.018433589201707106
0 0.3882107367882362 0.33537794993473935 0.025997308584359977 0.026340557978703424
0 0.3888808030348558 0.22498655319213867 0.023166656494140625 0.023518855755145732
0 0.18051116283123309 0.08278143405914307 0.03053742188673753 0.02998509773841271
0 0.39025170986468977 0.11190607914557824 0.01858857961801382 0.018717399010291465
0 0.2178507217994103 0.15381300449371338 0.025528944455660306 0.025486524288470928
0 0.3912613575275128 0.43153704129732573 0.04248721782977764 0.042509959294245794
0 0.7264339740459735 0.7083190771249624 0.023407569298377402 0.023677679208608773
0 0.5453489010150616 0.9479556450477014 0.034134277930626504 0.03368230966421274
0 0.1323099319751446 0.7448712862454928 0.02303482935978816 0.022986778846153848
0 0.41106502826397234 0.15056950312394363 0.02133046663724459 0.02150904215299166
0 0.4045465909517728 0.2336275760944073 0.030677355252779447 0.03002335475041316
0 0.5878275357759916 0.32242122063269985 0.34934704120342547 0.3213966076190655
0 0.3096086061917819 0.6454659975492038 0.034944809400118314 0.03484344482421875
0 0.39276827298677885 0.5816889909597543 0.020935425391564004 0.021092781653771035
0 0.8066636599027194 0.11609037105853741 0.05566552969125601 0.05605044731727013
0 0.32068410286536586 0.32328657003549427 0.019282047565166768 0.019379615783691406
0 0.17559214738699105 0.3835134139427772 0.038321458376370944 0.03847320263202374
0 0.2033676000741812 0.19754569347088152 0.025705997760479268 0.025688831622783955
0 0.387265315422645 0.3728389006394606 0.019606883709247295 0.019563014690692607
0 0.19210265232966497 0.8655944237342248 0.14974429057194635 0.15730696458082932
0 0.13328540325164795 0.3434782028198242 0.021572608214158278 0.021735558143028848
0 0.2478304276099572 0.16149330139160156 0.017395166250375602 0.017208255254305325
0 0.13751970804654634 0.13285255432128906 0.029995001279390775 0.030241782848651592
0 0.32435765633216274 0.37784693791316104 0.022411639873798076 0.022391025836651143
0 0.4267762257502629 0.5452322593102088 0.01713840778057392 0.0170285151554988
0 0.6226562353280874 0.35608335641714245 0.01700724088228666 0.017224825345552884
0 0.3620762091416579 0.4762548299936148 0.01847230471097506 0.01859283447265625
0 0.7051703379704402 0.5340844301077036 0.15442422720102164 0.15096708444448617
0 0.8246506911057693 0.6280797811654898 0.07462604229266827 0.07392501831054688
0 0.7390447029700646 0.6415613614595853 0.08493599524864784 0.08547254709097055
0 0.40364786294790417 0.20356163611778846 0.019697042611929085 0.02012795668381911
0 0.8514071244459885 0.47634223791269154 0.01621114290677584 0.01635632148155799
0 0.2272183344914363 0.009258831922824565 0.02810074732853816 0.01718487647863535
0 0.3697702701275165 0.32723525854257435 0.018433790940504808 0.018513019268329326
0 0.5695676803588867 0.16312162692730242 0.05194502610426683 0.05420805857731746
0 0.35405635833740234 0.028040390748244066 0.06450168903057392 0.05366941598745493
0 0.7446173887986404 0.8272597973163311 0.026894496037409857 0.026785923884465143
0 0.37036800384521484 0.30133812244121844 0.023285498985877402 0.02360710730919471
0 0.3341520749605619 0.5972572106581467 0.022128912118765023 0.02259342487041767
0 0.7236926739032452 0.8648797548734225 0.016387352576622598 0.01618620065542368
0 0.34845740978534406 0.5243515968322754 0.02612128624549279 0.026033401489257812
0 0.8619523415198693 0.3542648462148813 0.017352911142202523 0.01708074716421274
0 0.19218591543344352 0.16414649669940656 0.02149207775409405 0.021465301513671875
0 0.8402818533090445 0.5452660780686599 0.02574759263258714 0.025566981388972357
0 0.45537405747633714 0.178770688863901 0.015178973858173076 0.015030237344595103
0 0.318973761338454 0.5708198547363281 0.026993384728064902 0.026978566096379206
0 0.4905297572796161 0.19402115161602312 0.015270820030799279 0.01513532491830679
0 0.14817381822145903 0.9579563140869141 0.06433554796072152 0.0783069317157452
0 0.5901733545156626 0.09917503136854905 0.06336226830115685 0.062914999631735
0 0.7682935274564303 0.6468734741210938 0.01532451923076923 0.015198340782752404
0 0.525208253126878 0.8558782430795523 0.189607913677509 0.19336495032677284
0 0.7290502694936899 0.9107451072105994 0.015176919790414663 0.015160633967472957
0 0.3697231732881986 0.2167816528907189 0.018155244680551384 0.01788040307851938
0 0.1806327379666842 0.18027628385103667 0.01803750258225661 0.018153850848858174
0 0.6421315119816706 0.8801762507512019 0.021271338829627402 0.02163534898024339
0 0.47153318845308745 0.4345669379601112 0.023470951960637018 0.02346200209397536
0 0.3324411465571477 0.5068865555983323 0.06635871300330529 0.06565504807692307
0 0.25497172429011417 0.24809899696936974 0.11770072350135216 0.11668814145601712
0 0.3813081154456505 0.5291971793541541 0.03186886127178486 0.031662280742938705
0 0.34231813137347883 0.5572789999154898 0.02853980431189904 0.0278317378117488
0 0.1664900779724121 0.007513786737735455 0.01742707766019381 0.013880832837178158
0 0.4681667914757362 0.06553210661961482 0.01693886976975661 0.016913597400371846
0 0.3377545796907865 0.46549723698542667 0.02106585869422326 0.021328559288611777
0 0.21460791734548715 0.088379456446721 0.020779169522798978 0.020595495517437275
0 0.5704743678753192 0.5924148559570312 0.14592412801889273 0.1472024184006911
0 0.6813829128558819 0.7078255873460036 0.04824520991398738 0.04836948101337139
0 0.8624445108266977 0.18476183597858137 0.04662234966571514 0.0723132720360389
0 0.8197185809795673 0.7652471248920147 0.013876401461087741 0.013975436870868389
0 0.5077791213989258 0.1493981434748723 0.017019125131460335 0.017198929419884317
0 0.6598427845881536 0.8699582173274114 0.01512600825383113 0.015149189875676082
0 0.5317435631385217 0.9917526245117188 0.01881687457744892 0.013564329880934495
0 0.7581153282752404 0.7114872565636268 0.016359475942758415 0.016307830810546875
0 0.3389887809753418 0.5553315602816068 0.03233946286714994 0.032498799837552585
0 0.17896432142991286 0.26963059718792254 0.017972909487210788 0.018067176525409404
0 0.7878511135394757 0.7382200681246244 0.08599530733548678 0.08292799729567307
0 0.2056886416215163 0.4108109107384315 0.031175870161790114 0.031012608454777643
