0 0.7706694969764123 0.5159165675823505 0.1252728975736178 0.12447716639592098
0 0.31026671482966495 0.7419272202711839 0.06727059070880596 0.06800270080566406
0 0.8243873302753155 0.29050474900465745 0.07145045353816105 0.10889918987567608
0 0.4215739323542668 0.777013191810021 0.061867934006911054 0.061611175537109375
0 0.4353771209716797 0.6611727201021634 0.11151636563814603 0.11115675706129807
0 0.3551850685706505 0.872149027310885 0.03965289776141827 0.03972977858323317
0 0.8227739334106445 0.07544207572937012 0.045114957369290866 0.04468529040996845
0 0.33936617924616885 0.09240939066960262 0.03428180401141827 0.034269828062791094
0 0.819177847642165 0.18663710814255935 0.07779414837176983 0.09702190986046424
0 0.31142165110661435 0.21650934219360352 0.06066601092998798 0.060291363642765924
0 0.29985904693603516 0.2910932760972243 0.05174343402569111 0.05222239861121544
0 0.5275033804086539 0.5033512849074143 0.051932261540339544 0.0518951416015625
0 0.6132548405573919 0.15204778084388146 0.022415014413686898 0.02209780766413762
0 0.5681822850153997 0.7384132972130408 0.03426566490760216 0.03421460665189303
0 0.5287030293391302 0.3958320617675781 0.18558472853440505 0.1937707754281851
0 0.6211192057682917 0.09145141564882718 0.0370487800011268 0.036991009345421426
0 0.3740506905775804 0.675390023451585 0.1239178730891301 0.12381788400503305
0 0.6503649491530198 0.9714937943678635 0.025499930748572715 0.025500370905949518
0 0.2100207622234638 0.11667508345383865 0.02756977081298828 0.027658976041353665
0 0.35738314115084135 0.9528617125291091 0.028041252723106973 0.028310042161207933
0 0.6924712107731745 0.16431900171133187 0.04471250680776743 0.04510714457585262
0 0.6041538531963642 0.32191078479473406 0.02934573246882512 0.029243304179264948
0 0.6622095841627854 0.9039914791400616 0.026198460505558893 0.02629544184758113
0 0.23293742766747108 0.5812264955960788 0.028447811420147236 0.028479796189528245
0 0.2820413296039288 0.5875074680034931 0.03604250687819261 0.0361321522639348
0 0.2503958848806528 0.15093709872319147 0.02308544745812049 0.023108409001277044
0 0.8404852060171274 0.3553710717421312 0.02864984365609976 0.02879949716421274
0 0.599728510929988 0.8956833619337815 0.024487128624549277 0.024614774263822116
0 0.5035501993619479 0.8684809024517353 0.0651537821843074 0.06604796189528245
0 0.22337550383347732 0.39523983001708984 0.04964659764216496 0.049931892981896035
0 0.6543473463792068 0.13242567502535307 0.034271240234375 0.0343324221097506
0 0.26369296587430513 0.26969278775728667 0.03149003248948317 0.03187135549692007
0 0.15052972390101507 0.9599805978628305 0.029121820743267354 0.046183072603665866
0 0.2497094227717473 0.05066282932574932 0.021077889662522536 0.02117501772367037
0 0.19492417115431565 0.0843807000380296 0.018105066739595853 0.018220355877509482
0 0.4188661208519569 0.29090433854323167 0.0785679450401893 0.07847397144024189
0 0.48822160867544323 0.7209961230938251 0.03555107116699219 0.03568179790790264
0 0.7601123222937951 0.9714582149799054 0.021783095139723558 0.021652074960561898
0 0.7406544318565955 0.03832185956148001 0.022417802077073317 0.02210153524692242
0 0.6928143134483924 0.5077719321617713 0.019940596360426683 0.020175346961388223
0 0.30801978478064906 0.6639515803410456 0.048776791645930365 0.04793108426607572
0 0.6253592417790339 0.2794793202326848 0.023242363562950723 0.023395538330078125
0 0.6158026181734525 0.795841803917518 0.048749226790208086 0.048459566556490384
0 0.6385908126831055 0.5524396896362305 0.02209325937124399 0.022412666907677285
0 0.8491902718177209 0.23280638914841872 0.0206601069523738 0.024367845975435697
0 0.30797232114351714 0.5299720397362342 0.027495475915762093 0.027548496539776143
0 0.215041288962731 0.43830042618971604 0.01733845930833083 0.017250207754281852
0 0.37073076688326323 0.024954220423331626 0.019527215224045973 0.01946014165878296
0 0.39972477692824143 0.18562166507427508 0.01902345510629507 0.019068571237417366
0 0.5839474017803485 0.6928929548997146 0.016942244309645433 0.016902923583984375
0 0.1881444637592022 0.36842456230750453 0.044036681835468 0.04429054260253906
0 0.7705275462223933 0.09890103340148926 0.03765296936035156 0.03701243033775917
0 0.5580388582669772 0.09874360377971943 0.05269578786996695 0.05373562299288236
0 0.15141654014587402 0.09152467434222882 0.019474212939922627 0.029787246997539815
0 0.1601549111879789 0.8391412588266226 0.016668062943678636 0.016402317927433893
0 0.26435052431546724 0.5628116314227765 0.024660697350135215 0.02460787846491887
0 0.17165121665367714 0.24982500076293945 0.015546578627366286 0.01564499048086313
0 0.16005453696617714 0.025169069950397197 0.020220536452073317 0.019992727499741774
0 0.7299599280724158 0.9021222041203425 0.015234433687650241 0.015079938448392428
0 0.5322434351994441 0.2616790991563063 0.01797595390906701 0.01777935028076172
0 0.30816386296198917 0.17439792706416204 0.029023170471191406 0.029025774735670824
0 0.4611916175255409 0.9613042978140024 0.019221085768479567 0.018893021803635817
0 0.4181940738971417 0.9028574870182917 0.018508397615872897 0.01848470247708834
0 0.718594844524677 0.419793752523569 0.0353389153113732 0.03487418248103215
0 0.1734773562504695 0.492098148052509 0.024562542255108174 0.0245360594529372
0 0.34904417624840367 0.13397561586820161 0.06107543064997746 0.05960218723003681
0 0.702940794137808 0.045091720727773815 0.038888784555288464 0.039019960623521074
0 0.4061338718120868 0.3854676760160006 0.1581294719989483 0.15135339590219352
0 0.7169321500338041 0.07575370715214656 0.03364915114182692 0.03346388156597431
0 0.4825248718261719 0.0949387733752911 0.05099223210261418 0.050667597697331354
0 0.6336537874661959 0.9877477792593149 0.017079279972956732 0.016799193162184495
0 0.27934754811800444 0.39115414252647984 0.023037103506234977 0.022957288301908053
0 0.4223163678095891 0.40929988714364857 0.19556845151461089 0.19730076423058143
0 0.6215151273287259 0.5239936388455905 0.015867049877460185 0.015423114483173076
0 0.4860673684340257 0.28388546063349795 0.0673520748431866 0.06599862758929913
0 0.24317114169781023 0.315090142763578 0.018930948697603665 0.018950975858248197
0 0.2229909530052772 0.686160160945012 0.04823460945716271 0.047092437744140625
0 0.7293977737426758 0.9784057323749249 0.023745170006385215 0.023802537184495192
0 0.3076972227830153 0.6068687438964844 0.02574942662165715 0.02620550302358774
0 0.8397453014667218 0.5266064130342923 0.014229407677283654 0.014371138352614183
0 0.4110692831186148 0.08312586637643668 0.10025640634390023 0.10173753591684195
0 0.7353569177480844 0.6173302577092097 0.0446020273061899 0.04510971216055063
0 0.6367690746600811 0.8716683754554162 0.016185760498046875 0.01605679438664363
0 0.49973616233238805 0.4155713594876803 0.01809978485107422 0.01838082533616286
0 0.6820845970740685 0.380892460162823 0.024622256939227764 0.02611879202035757
0 0.3979784892155574 0.8882069220909705 0.02687204801119291 0.02705867473895733
0 0.19820073934701773 0.04166716795701247 0.039764037499060996 0.041041475075941816
0 0.7691811781663161 0.4359197983374962 0.039802257831280045 0.04003091958852915
0 0.41020752833439755 0.8314302884615384 0.019182938795823317 0.01908713120680589
0 0.35438398214486927 0.8462656461275541 0.014185685377854567 0.014155754676231971
0 0.2678221555856558 0.19058821751521185 0.02357182135948768 0.023938399094801683
0 0.3251142135033241 0.19660606751075158 0.01471878932072566 0.01481331311739408
0 0.40063740656926083 0.6116846524752103 0.013716184175931491 0.013771350567157451
0 0.6270746084359976 0.010523650508660536 0.020337618314302884 0.019054373869529136
0 0.6403908362755408 0.2491900003873385 0.04323841975285457 0.043175844045785755
0 0.1908750167259803 0.973966671870305 0.025487899780273438 0.025843253502478965
0 0.4652668879582332 0.21006552989666277 0.2598119882436899 0.23338769032404974
0 0.6146696897653433 0.41977904393122745 0.015734379108135518 0.015618397639347957
0 0.4497783367450421 0.538695372067965 0.015467130220853366 0.01519181178166316
0 0.5391979217529297 0.8440851064828726 0.021292466383713942 0.021563603327824518
0 0.5059432616600623 0.3205728530883789 0.014622688293457031 0.014820245596078726
0 0.16577570254986101 0.1456462603348952 0.02312183380126953 0.02323018587552584
0 0.23043274879455566 0.21661010155310997 0.01482563752394456 0.015045606173001803
0 0.6517948737511268 0.5388750296372634 0.01400287334735577 0.013574306781475361
0 0.5230289605947641 0.4214313213641827 0.014290442833533654 0.01447464869572566
0 0.4894090799184946 0.2831379817082332 0.06221448458158053 0.04956208742581881
0 0.3977741828331581 0.9353011938241812 0.015274561368502103 0.015176773071289062
0 0.5056130335881159 0.4023224390470065 0.22858472970815805 0.22225401951716497
0 0.603795051574707 0.5520122234637921 0.014377447275015024 0.014187886164738582
0 0.2520102537595309 0.5881198002741888 0.016467717977670524 0.016682258019080527
0 0.503161723797138 0.2844551893380972 0.0323638182419997 0.032646509317251354
0 0.45394574678861177 0.02681403664442209 0.030081528883713942 0.030875118879171517
