0 0.2674519098722018 0.1249996882218581 0.044171700110802285 0.04434985380906325
0 0.5733215625469501 0.09204648091242863 0.0492552977341872 0.04915428620118361
0 0.549464592566857 0.5715419695927546 0.041864761939415567 0.041500091552734375
0 0.6595325469970703 0.4501554782573993 0.03416354839618389 0.033964890700120196
0 0.4574095285855807 0.8465834397536057 0.02830021197979267 0.028399834266075723
0 0.48371366354135364 0.019926793300188504 0.025340740497295674 0.02570955569927509
0 0.371948975783128 0.4078683853149414 0.025317045358511116 0.025429358849158652
0 0.7582354912391076 0.38195279928354114 0.023654937744140625 0.023616937490609977
0 0.3378726519071139 0.616473491375263 0.020462623009314902 0.020574276263897236
0 0.4278228466327374 0.5063618146456205 0.06178503770094652 0.06100016373854417
0 0.6681641798753005 0.24642075025118315 0.01975866464468149 0.01972356209388146
0 0.26411738762488735 0.18674637721135065 0.016840347876915567 0.016713802631084736
0 0.39983375255878156 0.23271806423480695 0.027615767258864183 0.02762178274301382
0 0.6907782921424279 0.18555444937485915 0.01788330078125 0.017755875220665567
0 0.6431814340444711 0.7260785469642053 0.023829826941856973 0.023848753709059495
0 0.3069598124577449 0.28551127360417294 0.12010919130765475 0.12378692626953125
0 0.5392728952261118 0.8026454632098858 0.016965132493239183 0.017063140869140625
0 0.46096442295954776 0.02891004544038039 0.023498975313626803 0.02328792902139517
0 0.26186899038461536 0.6369281181922326 0.015700780428372897 0.01577905508188101
0 0.27264943489661586 0.4137563705444336 0.019074476682222806 0.019437496478740986
0 0.735323979304387 0.15567330213693473 0.019552964430588942 0.01974028807419997
0 0.28729955966656023 0.6207288595346304 0.019124324505145732 0.01922886188213642
0 0.4535659643319937 0.23697073643024152 0.06995611924391526 0.06999657704279973
0 0.667712505047138 0.4973209821260892 0.018106460571289062 0.018267998328575723
0 0.4352445602416992 0.7647919288048377 0.017082361074594352 0.01733574500450721
0 0.6298677004300631 0.349116692176232 0.02721405029296875 0.027120443490835335
0 0.4888877868652344 0.559665349813608 0.01979673825777494 0.0196382816021259
0 0.5916931078984187 0.7898767911470853 0.01687761453481821 0.016803888174203727
0 0.3211829845721905 0.6046155782846304 0.020223177396334134 0.02047245319073017
0 0.23465332618126503 0.2392893387721135 0.017737535329965446 0.01811053202702449
0 0.6257683680607722 0.9571158335759089 0.016768822303185098 0.01684849078838642
0 0.39690736623910755 0.4307768161480243 0.016348765446589544 0.016372533944936898
0 0.4367442497840294 0.04437589645385742 0.018435184772198018 0.018894908519891594
0 0.3068741284883939 0.544032830458421 0.021259821378267728 0.021575340857872598
0 0.44623257563664365 0.5483562029325045 0.022862947904146634 0.02329738323505108
0 0.3451388432429387 0.5231994482187124 0.020911730252779447 0.020823331979604866
0 0.42910194396972656 0.5990294676560622 0.021921451275165264 0.021921304556039665
0 0.4669623008141151 0.531713265639085 0.02739715576171875 0.027277506314791165
0 0.40927648544311523 0.3791625683124249 0.01887086721567007 0.01876552288348858
0 0.7097645539503831 0.6425308080819937 0.017148237961989183 0.017146477332481973
0 0.4981809396010179 0.32018932929405797 0.015596463130070614 0.015828059269831732
0 0.6642533815824069 0.6685212942270132 0.029077970064603366 0.029200187096228965
0 0.2652451441838191 0.010477829437989455 0.021681932302621696 0.020781998450939473
0 0.48015590814443737 0.8184801981999323 0.015537408682016226 0.015491925753079928
0 0.7473559746375451 0.0283274925672091 0.015834221473106973 0.01586025494795579
0 0.2246394340808575 0.8980151689969577 0.015556042010967549 0.02177707965557392
0 0.4883137482863206 0.6751072223369892 0.017750666691706732 0.017946976881760817
0 0.45063183857844424 0.45009297590989333 0.01549669412466196 0.015535648052509014
0 0.6949844360351562 0.9511143611027644 0.01609655526968149 0.016201312725360576
0 0.6253868983342097 0.6697271787203275 0.014654893141526442 0.014723851130558895
0 0.2756215425638052 0.07248950004577637 0.01495207273043119 0.015138791157649113
0 0.3974371323218712 0.28344014974740833 0.016911726731520433 0.01691854917086088
0 0.2326220732468825 0.47208426548884463 0.02248525619506836 0.025269581721379206
0 0.7458610534667969 0.4195090073805589 0.01611181405874399 0.01614203819861779
0 0.3677528454707219 0.32843809861403245 0.015106274531437801 0.015116324791541466
0 0.6491189369788537 0.6358931614802434 0.014751434326171875 0.014951559213491587
0 0.29154500594505894 0.41051259407630336 0.01501006346482497 0.015296715956467848
0 0.6853415415837214 0.15325733331533578 0.017255489642803486 0.01728057861328125
0 0.36796151674710786 0.43265372056227464 0.015477253840519832 0.01556858649620643
0 0.6038800753079928 0.5746484536391038 0.021312860342172477 0.021449749286358174
0 0.5544049923236554 0.49352198380690354 0.01623960641714243 0.016211583064152643
0 0.7546802667471079 0.7588814955491286 0.020250907311072715 0.020465850830078125
0 0.31303985302264875 0.4938976581280048 0.01457977294921875 0.014925883366511418
0 0.23615437287550706 0.6232913090632513 0.01580986609825721 0.01579431387094351
0 0.6584956829364483 0.3243155846228966 0.014624375563401442 0.01476302513709435
0 0.6458505483774039 0.8247231703538161 0.015874422513521634 0.015879117525540866
0 0.7599541590763972 0.005422425384704883 0.020910996657151442 0.010872977284284739
0 0.7068001673771784 0.4794956353994516 0.0165707514836238 0.016849371103140023
0 0.4830754353449895 0.3413105010986328 0.0199279051560622 0.020082620474008415
0 0.42885839022122896 0.030295165685506966 0.0145263671875 0.014730425981374888
0 0.4121297322786771 0.028819217131688044 0.015235314002403846 0.015133848557105431
0 0.41534093710092396 0.06452619112454928 0.015399419344388522 0.015347554133488582
0 0.4630815065824069 0.19170108208289513 0.018578749436598558 0.018589019775390625
0 0.3342717977670523 0.4987482657799354 0.014087236844576322 0.013993630042442909
0 0.5476179856520432 0.4017035410954402 0.02902361062856821 0.029535880455603965
0 0.6199756769033579 0.2773571747999925 0.014236890352689303 0.014154140765850361
0 0.2588009467491737 0.0486825887973492 0.018364832951472357 0.018578373468839206
0 0.6259114192082331 0.7006687017587515 0.016556666447566107 0.016660250150240384
0 0.36569382594181943 0.8014090611384466 0.01836674030010517 0.018340477576622598
0 0.25988586132343 0.050791144371032715 0.016666485713078424 0.016372167147122897
0 0.2867990273695726 0.3675565719604492 0.016518079317533053 0.01647641108586238
0 0.7168978177584134 0.33608304537259615 0.013888725867638221 0.014090611384465145
0 0.3593491040743314 0.4826167913583609 0.013742740337665264 0.013930100661057692
0 0.4095868697533241 0.9140513493464544 0.014571043161245493 0.014552776630108174
0 0.2820577621459961 0.05718068434641911 0.015105981093186598 0.015337613912729116
0 0.5245627990135779 0.07495980079357441 0.05353406759408804 0.05352425575256348
0 0.2310182131253756 0.2602934470543495 0.013974263117863582 0.022541229541485127
0 0.6215945757352389 0.2869839668273926 0.01595585162823017 0.015523837162898136
0 0.48915382531973034 0.8413658875685471 0.014693626990685096 0.014732654278094951
0 0.40776901978712815 0.32675933837890625 0.016727300790640023 0.016541260939378005
0 0.4795982654278095 0.3210773468017578 0.023065933814415567 0.0232086181640625
0 0.613973984351525 0.32297094051654524 0.022752908559945915 0.0233154296875
0 0.38965525993934047 0.3242660669180063 0.014370111318734976 0.014452274029071514
0 0.6016403344961313 0.5730670782235953 0.025472347552959736 0.026202275202824518
0 0.5577857677753155 0.062009994800274186 0.0147705078125 0.015218377113342285
0 0.34986459291898286 0.14490111057574934 0.024682265061598558 0.024519590231088493
0 0.3820048112135667 0.7339726227980393 0.015254680926983174 0.01528637225811298
