0 0.5692395430344802 0.9021571232722356 0.10517193720890926 0.10639161330003005
0 0.8794618753286508 0.1261702409157386 0.04973338200495793 0.04986276993384728
0 0.7904340303861178 0.06708293236218967 0.023979773888221152 0.024060937074514534
0 0.835899646465595 0.8468387310321515 0.0276034428523137 0.027745173527644232
0 0.06330671677222618 0.3334385798527644 0.027166128158569336 0.027063956627478965
0 0.5529818901648889 0.31059910700871396 0.02219412877009465 0.02235689530005822
0 0.5495290756225586 0.23056906920212966 0.027801073514498197 0.027843622060922477
0 0.12942655269916242 0.970189828139085 0.019778655125544622 0.01990787799541767
0 0.819084094120906 0.16740683408883902 0.019028883713942308 0.019108002002422627
0 0.12643092412215012 0.9275668951181265 0.02642644368685209 0.026468570415790264
0 0.0835891320155217 0.7678714165320764 0.02395151211665227 0.023974785437950723
0 0.246520262498122 0.8330687742966872 0.027444912837101862 0.027484893798828125
0 0.45534199934739333 0.795170050400954 0.019858580369215745 0.01995248060960036
0 0.13501320435450628 0.07375564483495858 0.0351259341606727 0.035088089796213
0 0.7771207369290866 0.0479276180267334 0.01907979525052584 0.018969150689932015
0 0.17600332773648775 0.704242046062763 0.017620380108173076 0.0176849365234375
0 0.37210897298959583 0.3199882140526405 0.018810125497671273 0.018860303438626803
0 0.8548190043522761 0.6914626635037936 0.1182551750769982 0.12401052621694711
0 0.7319881732647235 0.010581862467985887 0.018902411827674277 0.018234450083512526
0 0.4095924084003155 0.9067024817833533 0.05352225670447716 0.05325581477238582
0 0.6714182633620042 0.14974665641784668 0.0178225590632512 0.017841852628267728
0 0.08912953046651986 0.4726553696852464 0.017014191700862005 0.016876367422250602
0 0.7760260655329778 0.14642767722790057 0.015642606295072116 0.015445874287531925
0 0.26098885902991664 0.4255986213684082 0.016126229212834284 0.01603530003474309
0 0.16075530418982872 0.9773562504695013 0.017403666789715107 0.01748349116398738
0 0.3896309779240535 0.3549882448636569 0.017817570612980768 0.01784375997690054
0 0.8024605237520658 0.4029835921067458 0.23073152395395133 0.26839430515582746
0 0.694151364839994 0.6913281954251803 0.017165697537935697 0.017178168663611777
0 0.09915460990025447 0.27273959379929763 0.015979179969200723 0.016048358036921576
0 0.23264595178457406 0.9858383031991812 0.016276212838979866 0.01613778334397536
0 0.2710828414330116 0.26137957206139195 0.021549811730018027 0.02157108600323017
0 0.2649682668539194 0.3901495933532715 0.020033836364746094 0.019398982708270732
0 0.7090274370633639 0.0538785457611084 0.019568516657902643 0.019433058225191556
0 0.4344608967120831 0.3088990358205942 0.01902484893798828 0.019179490896371696
0 0.14703190326690674 0.9654238774226263 0.016138388560368463 0.016426966740534857
0 0.66547364455003 0.2648517351884108 0.015596243051382212 0.01569674565241887
0 0.8921667979313777 0.9073533278245193 0.02295053922213041 0.023284912109375
0 0.2521273906414325 0.637408549969013 0.1802233916062575 0.187654788677509
0 0.5224304566016564 0.23142264439509466 0.027783907376802884 0.028194904327392578
0 0.6909836255587064 0.1141198781820444 0.03615892850435697 0.03644125278179462
0 0.5832698161785419 0.3807342235858624 0.014692966754619893 0.01499036642221304
0 0.6103575046245868 0.994716791006235 0.017066221970778245 0.009936992938701924
0 0.5650846041165866 0.7429590958815354 0.028391177837665264 0.02808967003455529
0 0.40758521740253156 0.770049315232497 0.020451692434457634 0.020758408766526442
0 0.9267922914945163 0.12927803626427284 0.07465655987079327 0.09690805581899789
0 0.7770199408897986 0.7336827058058518 0.014482938326322116 0.014553216787484976
0 0.8263390614436223 0.79113402733436 0.021799234243539665 0.021997598501352165
0 0.8964719772338867 0.18662940538846529 0.014444938072791466 0.014320666973407451
0 0.8280583895169772 0.7648148169884315 0.03085811321551983 0.031185443584735576
0 0.7934322357177734 0.9794063568115234 0.014280759371243991 0.014387570894681491
0 0.16630176397470328 0.26162418952355015 0.11753548108614408 0.1180722896869366
0 0.602814454298753 0.5332588049081656 0.043010711669921875 0.04308876624474159
0 0.6969402019794171 0.033879564358637884 0.016162872314453125 0.01611448251284086
0 0.6302255483774039 0.6820317048292893 0.015282557560847355 0.015112069936899038
0 0.8842513011052058 0.2564371182368352 0.013879922720102163 0.014300052936260518
0 0.926858168381911 0.9908034984882061 0.04665448115422176 0.017398540790264424
0 0.46363691183236927 0.6218633651733398 0.014464158278245192 0.014459463266225962
0 0.26781349915724534 0.31962754176213193 0.013775458702674279 0.01380450908954327
0 0.7949256163377029 0.7360095977783203 0.015044725858248197 0.01502227783203125
0 0.9572014441856971 0.44260472517747146 0.017011495736929085 0.01714295607346755
0 0.8897064649141752 0.9082703223595252 0.028530120849609375 0.028241964486929085
0 0.9424407665546124 0.24641007643479568 0.020445897028996393 0.020621519822340745
0 0.7850170135498047 0.5502202327434833 0.018237774188701924 0.017890123220590446
0 0.7932712848369892 0.5668165500347431 0.020993159367487982 0.020497982318584736
0 0.038082306201641374 0.36963308774507964 0.011098329837505635 0.018141819880558893
0 0.9317705447857196 0.22275601900540865 0.020123408390925482 0.0203096683208759
0 0.24724377118624175 0.500601915212778 0.013642311096191406 0.013494785015399639
0 0.25968093138474685 0.9377334301288311 0.01434784669142503 0.014500251183143029
0 0.3827658433180589 0.4651200221135066 0.058016410240760215 0.05817251939039964
0 0.26951441398033726 0.41050390096811146 0.01482097919170673 0.015182201678936299
0 0.6124861056988056 0.7506085909329928 0.026825097891000602 0.02686911362868089
0 0.47301611533531773 0.5784639578599197 0.024177184471717246 0.024178431584284857
0 0.8522900067842923 0.4279499420752892 0.06022556011493389 0.06062764387864333
