0 0.5388761667104868 0.6287049513596755 0.04175156813401442 0.04157730249258188
0 0.4409634516789363 0.2059630430661715 0.040542309100811295 0.04022972400371845
0 0.22096058038564828 0.8905452581552359 0.0501702382014348 0.05074794475848858
0 0.08047201083256648 0.4685236857487605 0.046960459305689886 0.04722917996920072
0 0.15917123281038725 0.4147783059340257 0.057902079362135664 0.05754177386944111
0 0.09478515845078689 0.8282448695256159 0.021244269150954027 0.02111024122971755
0 0.03636058018757747 0.3567523956298828 0.029778177921588603 0.029947794400728665
0 0.6133419917179987 0.8706079629751352 0.037546011117788464 0.03772735595703125
0 0.40051812392014724 0.16405057907104492 0.03217227642352764 0.03247891939603365
0 0.9814934363731971 0.820526489844689 0.022350457998422477 0.022537084726186898
0 0.6769536825326773 0.4603719344505897 0.02535394521859976 0.025446378267728366
0 0.9383795811579778 0.4115612690265362 0.11071630624624398 0.11505574446458083
0 0.3893720186673678 0.6300711998572717 0.03610706329345703 0.03569294856144832
0 0.28032783361581654 0.03289695198719318 0.02308232967670147 0.0230518625332759
0 0.45462711040790266 0.06155519302074726 0.04578076876126803 0.045359061314509466
0 0.11846300271841195 0.6049685478210449 0.04788688512948843 0.048041343688964844
0 0.019303959149580736 0.15482904360844538 0.0357931164594797 0.041255804208608776
0 0.10780176749596229 0.8127541175255408 0.024051812978891227 0.02411798330453726
0 0.03395173870600187 0.13494341190044695 0.026928722858428955 0.02710692699138935
0 0.84643371288593 0.4923650301419772 0.024009264432466947 0.024175350482647236
0 0.07334229579338661 0.3172018344585712 0.022364322955791768 0.02229736401484563
0 0.8050748384915866 0.2780019686772273 0.07245019766000602 0.07300919752854568
0 0.8576177450326773 0.3163564388568585 0.06849054189828727 0.06964729382441594
0 0.06688124399918777 0.41957510434664214 0.029496504710270807 0.029558475200946514
0 0.5770326027503381 0.1607052179483267 0.035564275888296276 0.03525275450486403
0 0.6156069682194636 0.6395787459153396 0.018921338594876803 0.01882758507361779
0 0.32318775470440203 0.44451717229989857 0.025303107041579027 0.02556448716383714
0 0.8941842592679538 0.5461424314058744 0.024887231680063102 0.02480448209322416
0 0.5238321377680852 0.46898984909057617 0.03742129986102764 0.03731206747201773
0 0.3076589107513428 0.7015187190129206 0.030505657196044922 0.030469747690054085
0 0.31879010567298305 0.18342938789954552 0.04397663703331581 0.04410244868351863
0 0.9729753640981821 0.2580405382009653 0.0254366948054387 0.025298045231745794
0 0.9269797985370343 0.18671167813814604 0.05152805034930889 0.051839461693396933
0 0.165543794631958 0.011473355384973379 0.02404055228600135 0.02158279143846952
0 0.39493590134840745 0.7315058341393104 0.022462184612567607 0.022392859825721152
0 0.06626369402958797 0.028800333921725933 0.018655740297757663 0.018433387462909404
0 0.7753722851092999 0.1007616061430711 0.0191342280461238 0.01929921370286208
0 0.6630788949819711 0.13754178927494928 0.018749530498798076 0.01869513438298152
0 0.09216916561126709 0.6161920107327975 0.022440671920776367 0.02260908713707557
0 0.7040334848257211 0.39333105087280273 0.018573614267202523 0.018639124356783353
0 0.18445946620060846 0.45301158611591047 0.019590377807617188 0.019476670485276442
0 0.6868461462167593 0.42731549189640927 0.024770149817833535 0.02478306110088642
0 0.915465574998122 0.2353672247666579 0.04110453679011418 0.04110416999230018
0 0.5296114774850699 0.27199495755709135 0.03117055159348708 0.03148731818565956
0 0.952953998859112 0.1666564574608436 0.04954044635479267 0.05000217144305889
0 0.10048873607928936 0.01672568917274475 0.030184195591853216 0.029665988225203294
0 0.25549818919255185 0.09229143766256478 0.01635632148155799 0.016309499740600586
0 0.5113438826340896 0.37752789717454177 0.02992850083571214 0.030341368455153245
0 0.5244708428016076 0.6715390132023737 0.04132754986102764 0.040683746337890625
0 0.10796704659095177 0.9566603440504807 0.015567559462327223 0.015596243051382212
0 0.5200686454772949 0.09866455885080191 0.018606112553523138 0.01849060792189378
0 0.9427415407620944 0.8396012232853816 0.022205352783203125 0.022368504450871393
0 0.9698930887075571 0.8659409743088943 0.018173804649939902 0.018351921668419473
0 0.06352569506718563 0.1691746711730957 0.027518180700448844 0.02780283414400541
0 0.44504220669086164 0.17850787823016828 0.023093296931340143 0.022690442892221305
0 0.07155387218181904 0.259336178119366 0.024996133951040413 0.025158515343299277
0 0.570269144498385 0.325441470512977 0.029970609224759616 0.030001420241135817
0 0.6397848862868089 0.6154143260075495 0.022786360520582933 0.022844608013446514
0 0.6753057333139273 0.2340556658231295 0.03001550527719351 0.029857672177828275
0 0.8618489778958834 0.5008891912607046 0.017021325918344352 0.017149044917179987
0 0.035671587173755355 0.2954582434434157 0.026004928808945876 0.026106981130746696
0 0.7594754879291241 0.076020387502817 0.02125696035531851 0.021719969235933743
0 0.486635501568134 0.12117417959066537 0.041591497567983776 0.04143001483036922
0 0.4538081976083609 0.27106593205378604 0.02090175335223858 0.02113951169527494
0 0.43770885467529297 0.6715011596679688 0.05936153118426983 0.05854944082406851
0 0.9446115493774414 0.24530194355891302 0.018082105196439303 0.018409142127403848
0 0.15484842887291542 0.5425600638756385 0.019871051494891826 0.019768641545222357
0 0.6695188375619742 0.19158145097585824 0.030003180870643027 0.029273143181434043
0 0.28882496173565203 0.6907884157620944 0.018121059124286357 0.018244523268479567
0 0.8020266752976638 0.7305415960458609 0.017609082735501803 0.017657353327824518
0 0.47935903989351714 0.8743478334867038 0.028035383958082933 0.02770057091346154
0 0.9257196279672476 0.5613996799175556 0.018462547889122598 0.01876060779278095
0 0.2931373669550969 0.31798824897179234 0.04009158794696514 0.04030787027799166
0 0.8087645310621995 0.07017102608313927 0.0789345961350661 0.07934935276324932
0 0.09030793263362004 0.7369031172532302 0.01655120116013747 0.0164944575383113
0 0.5055340986985427 0.14708996736086333 0.028555649977463942 0.028745119388286885
0 0.22826838493347168 0.5369283235990084 0.04755086165208083 0.046453035794771634
0 0.6763751690204327 0.12675872215857872 0.01592078575721154 0.01583376297583947
0 0.21897442524249738 0.8241064365093524 0.01628263180072491 0.016216131357046273
0 0.9321150412926307 0.7539529066819411 0.018553953904371995 0.01860985389122596
0 0.9602024371807392 0.7226542692918044 0.020022465632512018 0.02006354698768029
0 0.5846897271963266 0.6903181809645432 0.04014462691086989 0.041067270132211536
0 0.2922137700594388 0.15935923502995417 0.032283929678109974 0.032343424283541165
0 0.04904708954004141 0.250492499424861 0.023227709990281325 0.023354456974909857
0 0.6666721930870643 0.42016154069166917 0.01620659461388221 0.016013658963716947
0 0.5932843134953425 0.34675113971416766 0.023264371431790866 0.023065713735727165
0 0.6039651357210599 0.9052305221557617 0.020404962392953727 0.020522337693434495
0 0.5456328025230994 0.2936216867887057 0.03445786696213942 0.034447009746844955
0 0.47412421153141904 0.9397151653583233 0.016371433551494893 0.016425499549278848
0 0.588152445279635 0.802155274611253 0.014713580791766826 0.01492617680476262
0 0.4867697495680589 0.2295352862431453 0.02335210946890024 0.02262717026930589
0 0.5349432505094088 0.11960017681121826 0.046454356266902044 0.046346040872427136
0 0.5922485498281626 0.31773897317739636 0.02361136216383714 0.023506678067720853
0 0.9600265209491436 0.5518006544846755 0.01755523681640625 0.018010799701397236
0 0.9314859830416166 0.537470450768104 0.015894669752854567 0.015781255868765023
0 0.7514683650090144 0.5071747119610126 0.017826373760516826 0.01807711674616887
0 0.9436243497408353 0.2683228896214412 0.029781341552734375 0.02995788134061373
0 0.18589370067302996 0.43617769388052136 0.019539612990159255 0.019466400146484375
0 0.4157249010526217 0.3013419004587027 0.040682425865760215 0.041065142704890326
0 0.6169326488788311 0.9109519078181341 0.01912685541006235 0.01885370107797476
0 0.4859137168297401 0.19137023045466497 0.01806156451885517 0.01807865729698768
0 0.5564566392164964 0.14379288600041315 0.022951126098632812 0.023528209099402793
0 0.03550130587357741 0.31099891662597656 0.02100029358497033 0.02101450700026292
0 0.5513109794029822 0.18713683348435622 0.017472340510441706 0.01762258089505709
0 0.6973420656644381 0.11702262438260592 0.016955155592698317 0.017094942239614632
0 0.16747669073251578 0.8194302778977615 0.018204542306753304 0.01804381150465745
0 0.9328824556790866 0.048499382459200345 0.027309124286358174 0.027477484482985277
0 0.8702231187086839 0.5188993307260367 0.019244560828575723 0.019589350773737982
0 0.1294137697953444 0.2725846217228816 0.037168722886305586 0.03738872821514423
0 0.7373535449688251 0.06764037792499249 0.019231062669020433 0.018962695048405573
0 0.7715286108163687 0.45303674844595104 0.017717361450195312 0.017522665170522835
0 0.4734502939077524 0.16225680938133827 0.014904242295485277 0.014760347513052134
0 0.3807905637300931 0.31942107127263 0.04881594731257512 0.05057239532470703
0 0.029045359446452215 0.5821741544283353 0.015490233898162842 0.015379685621995192
0 0.8671822914710412 0.19219138072087213 0.01751254155085637 0.017614364624023438
0 0.08336869569925162 0.8426025097186749 0.01578694123488206 0.015783016498272236
0 0.8535865636972281 0.0967479027234591 0.015559563269981971 0.015609411092904897
0 0.5010441266573392 0.09341184909527118 0.01766366225022536 0.017725394322321966
0 0.2107976766733023 0.5038389792809119 0.018256260798527643 0.018130669227013223
0 0.2726404666900635 0.15009579291710487 0.0389409432044396 0.03857128436748798
0 0.7336917290320764 0.4321843660794772 0.018579629751352165 0.018630247849684495
0 0.31525296431321365 0.7203523195706881 0.021581484721257135 0.021479386549729567
0 0.7973693700937124 0.893577502324031 0.018354122455303486 0.018336662879356973
0 0.5925451425405649 0.8932520059438852 0.022244086632361777 0.02172059279221755
0 0.8831881743211013 0.7823209028977615 0.026233819814828727 0.026170877309945915
0 0.6060531322772686 0.1101241661952092 0.021495965810922477 0.02146603510929988
0 0.7890648475060096 0.29579846675579363 0.014840932992788462 0.015084670140193058
0 0.20671884830181414 0.08694356221419114 0.01756902841421274 0.016786226859459512
0 0.5129456886878381 0.718965090238131 0.02982506385216346 0.029750530536358174
0 0.3768185468820425 0.37128389798677885 0.014140495887169471 0.014364682711087741
0 0.8558235168457031 0.9332785973182092 0.018013587364783652 0.017900466918945312
0 0.49185767540564906 0.17404754345233625 0.019066370450533353 0.019366080944354717
0 0.7160198505108173 0.42184921411367565 0.01605400672325721 0.016459244948167067
0 0.6034425588754507 0.6462911459115835 0.016627971942608174 0.016408186692457933
0 0.5134927309476413 0.8907734797551081 0.021398397592397835 0.021639163677509014
0 0.15453463334303635 0.777432368351863 0.014200797447791466 0.014319786658653846
0 0.478361386519212 0.5733593427217923 0.015064239501953125 0.01537770491379958
0 0.4892179782573993 0.2539359789628249 0.025800558236929085 0.0251158567575308
0 0.2198311732365535 0.07553229882166936 0.017381998208852913 0.016932212389432467
0 0.5139307242173415 0.6547873570368841 0.021326285142164964 0.021967961237980768
0 0.6617563687838041 0.7290244469275842 0.017413946298452523 0.017743624173677884
0 0.5090158169086163 0.34784746170043945 0.016916568462665264 0.01691612830528846
0 0.5884716694171612 0.27375162564791167 0.021744728088378906 0.021564557002140924
0 0.3690783427311824 0.7065226481511042 0.0400854257436899 0.0400846921480619
0 0.6736403245192307 0.21381414853609526 0.027299000666691706 0.029123856471135065
0 0.1393397587996263 0.3089464627779447 0.03739456030038687 0.03778340266301082
0 0.9268955817589393 0.01706537833580604 0.02338233360877404 0.023750190551464375
0 0.8081470636221079 0.45013611133282 0.015659332275390625 0.015900905315692607
0 0.726632338303786 0.6126196934626653 0.02150902381310096 0.021843396700345553
0 0.14015512283031756 0.3868541350731483 0.042126087042001575 0.04295789278470553
0 0.026570446216143094 0.7590374579796424 0.03556301502081064 0.035859914926382214
0 0.9656402147733248 0.06505734186906081 0.015270233154296875 0.015488982200622559
0 0.21302259885347807 0.4726742964524489 0.01587787041297326 0.015950569739708535
0 0.6658474115224985 0.6840807841374323 0.0191653325007512 0.018759507399338942
0 0.11536526679992676 0.073738143994258 0.02184776159433218 0.02154713410597581
0 0.38192983774038464 0.986412341778095 0.04069372323843149 0.02338688190166767
0 0.9855612241304837 0.5305880766648513 0.015477400559645433 0.015665641197791465
0 0.8430852156419021 0.5423454871544471 0.023359151986929085 0.023513647226186898
0 0.12235476420475887 0.46802440056434047 0.015781512627234824 0.015571887676532451
0 0.7762144528902494 0.7592287063598633 0.03284777127779447 0.03288474449744591
0 0.18060486133282 0.0707983924792363 0.015395311208871694 0.015497125112093411
0 0.6793242968045748 0.051156424559079684 0.18970797612116888 0.10091114961183988
0 0.8736717517559345 0.4906829320467435 0.015858576847956732 0.015787491431603067
0 0.7388204427865835 0.4965024728041429 0.014875558706430288 0.01524976583627554
0 0.3500549609844501 0.018617155460210946 0.025292176466721755 0.024922219606546257
0 0.49432981931246245 0.2590455091916598 0.041971866901104264 0.04242420196533203
0 0.47398314109215367 0.30753326416015625 0.013379610501802884 0.013249397277832031
0 0.579896303323599 0.5787233205942007 0.02756331517146184 0.027485480675330527
0 0.5441540204561673 0.7451357474693885 0.052998909583458535 0.051491077129657455
0 0.6580342512864333 0.7049424098088191 0.020655705378605768 0.020756354698768027
0 0.4947363780095027 0.06587416392106277 0.02713188758263221 0.02734971046447754
0 0.48784732818603516 0.40674781799316406 0.01832888676570012 0.01845066363994892
0 0.11492644823514499 0.06857951329304622 0.030078667860764723 0.02994692325592041
0 0.36780096934391904 0.7020920239962064 0.03379675058218149 0.03243461022010216
0 0.27522120108971226 0.09057382436899039 0.025798944326547477 0.025852716886080228
0 0.12031386448786809 0.3717036614051232 0.014647740584153395 0.014729573176457332
0 0.37972127474271333 0.3066733800447904 0.03363257188063402 0.034056663513183594
0 0.8467614100529597 0.921069071843074 0.014458289513221154 0.014827141394981971
0 0.47097638937143177 0.7269290043757513 0.01497818873478816 0.014908130352313701
0 0.02361163726219764 0.9365061980027419 0.03338515758514404 0.03407551692082332
0 0.220642823439378 0.8043490189772385 0.016791637127216045 0.016638682438777044
0 0.006027221106565916 0.40135959478525013 0.011344223068310665 0.0202023432804988
0 0.9454178443321815 0.22866183060866135 0.015978886530949518 0.01629954117995042
0 0.38268837561974156 0.3324376619779147 0.03565348111666166 0.03558657719538762
0 0.9503814990703876 0.08786815863389236 0.03483874981219952 0.03533330788979164
0 0.01776209817482875 0.8322923366840069 0.01480214183147137 0.015053529005784255
0 0.744712389432467 0.6220228488628681 0.020682701697716348 0.020873289841871995
0 0.394284908588116 0.05476899330432598 0.019707899827223558 0.01978918222280649
0 0.8750384404109075 0.7019776564378005 0.019398909348707933 0.01944703322190505
0 0.9271040696364182 0.021956356672140267 0.02431341317983774 0.02562841085287241
0 0.929076414841872 0.1486043013059176 0.0148619138277494 0.015060828282282902
0 0.8723552410419171 0.08205910829397348 0.023265985342172477 0.023595851201277513
0 0.511286735534668 0.8892740102914664 0.02594456305870643 0.02563329843374399
0 0.6252093681922326 0.9361312572772686 0.014909597543569712 0.015313075138972355
