0 0.8306956657996545 0.10756225769336407 0.05395419781024639 0.05366877409128042
0 0.7886714201707107 0.3665618896484375 0.02102323678823618 0.02098508981557993
0 0.2262403048001803 0.2000877673809345 0.025220504173865683 0.025095279400165264
0 0.23841263697697565 0.8208830906794622 0.035741365872896634 0.03598286555363582
0 0.33297619452843297 0.6153337772075946 0.03242698082557091 0.03223360501802885
0 0.38412941419161284 0.9043301802415115 0.032738025371844955 0.03287007258488582
0 0.8677824460543119 0.015784382820129395 0.02984795203575721 0.02897805434006911
0 0.1811805505018968 0.6688469373262845 0.028719021723820612 0.028751960167518027
0 0.32857876557570237 0.5733139331524189 0.020575670095590446 0.020607434786283053
0 0.6182695535513071 0.8192750490628756 0.02366076982938326 0.023868854229266826
0 0.15965613952049842 0.26242744005643404 0.027261770688570462 0.027476677527794473
0 0.83606507227971 0.4788630558894231 0.016497685359074518 0.01641420217660757
0 0.29979254649235654 0.21628735615656927 0.04031240023099459 0.0404658317565918
0 0.6551996377798227 0.7086266737717849 0.018495559692382812 0.018721653864933893
0 0.3906010114229642 0.7352633843055139 0.017350270197941706 0.017439915583683893
0 0.6044703997098483 0.9526676764855018 0.04113006591796875 0.040775445791391224
0 0.28906580118032604 0.9085407257080078 0.022571637080265924 0.022616459773137018
0 0.24429816466111404 0.8645120767446665 0.02563032737145057 0.02572485116811899
0 0.24317460793715256 0.6515742815457858 0.01811838150024414 0.018011826735276442
0 0.5980147948631873 0.25036070897028995 0.03416589590219351 0.03430399527916542
0 0.6164213327261118 0.7026245410625751 0.017042270073523887 0.01697114797738882
0 0.0995025451366718 0.6526790032019982 0.017390911395733174 0.017360687255859375
0 0.49501873896672177 0.8986037327693059 0.04512977600097656 0.04494065504807692
0 0.1775816403902494 0.97108217386099 0.02414534642146184 0.023698953481820915
0 0.7080108202420748 0.4272714394789476 0.016614180344801683 0.016629659212552585
0 0.20818352699279785 0.8621614162738507 0.015087421123798076 0.015375577486478366
0 0.3938579559326172 0.8185166579026443 0.022194055410531852 0.022368797889122598
0 0.4736798359797551 0.8783608950101413 0.027343163123497598 0.027257772592397835
0 0.70714415036715 0.7710329936100886 0.016167714045597956 0.015871047973632812
0 0.8492518204909104 0.22390006138728216 0.017415853647085335 0.01765104440542368
0 0.23058839944692758 0.38830383007343 0.028262505164513223 0.028548020582932692
0 0.12635319049541766 0.8346080046433669 0.01991715798011193 0.01963527386005108
0 0.42236878321721005 0.18787160286536583 0.014830222496619591 0.015097214625431942
0 0.2156841204716609 0.6438038165752704 0.018466839423546426 0.0184478759765625
0 0.4525940968440129 0.6357980141272912 0.02141270270714393 0.021682152381310098
0 0.23235133978036734 0.6706052926870493 0.01869370387150691 0.018741901104266826
0 0.5170624072735126 0.35725696270282453 0.1286468505859375 0.1282969071314885
0 0.35208636063795823 0.15120489780719465 0.019472122192382812 0.019486537346473105
0 0.625855225783128 0.06503722300896278 0.015019930326021634 0.015239385458139272
0 0.9270921120276818 0.9533094993004432 0.021449749286358174 0.024394402137169473
0 0.26288621242229754 0.6076554151681753 0.017058812654935397 0.017029615548940804
0 0.6468234428992639 0.5983719092149001 0.044725858248197116 0.044356199411245495
0 0.6871478740985577 0.1727576072399433 0.018527397742638223 0.01880792471078726
0 0.27952120854304385 0.8633661270141602 0.018358450669508714 0.01809839101938101
0 0.18276735452505258 0.9816481516911433 0.014992090371938853 0.015265831580528846
0 0.3579318340008075 0.9868968816903921 0.027027130126953125 0.023528906015249398
0 0.2561607544238751 0.8973419482891376 0.016969644106351413 0.01723788334773137
0 0.37673260615422177 0.23926533185518706 0.015084633460411659 0.015032694889948918
0 0.09481017406170185 0.22787079444298378 0.014251433886014499 0.014314358051006611
0 0.5807101176335261 0.12085842169248141 0.015476520244891826 0.015563066189105693
0 0.81145873436561 0.1588615087362436 0.015741935143103965 0.01602734052217924
0 0.2127990172459529 0.29825382966261643 0.018187816326434795 0.018299396221454326
0 0.7636567629300631 0.8899631500244141 0.014407818134014424 0.014487926776592549
0 0.6578885591947116 0.4337465579693134 0.015020810640775241 0.014450513399564303
0 0.32558345794677734 0.9341729971078726 0.014299539419320913 0.014613811786358174
0 0.39007946161123425 0.9380311232346755 0.02406032268817608 0.024182833158052884
0 0.6462764739990234 0.7391529083251953 0.015059544489933895 0.014913118802584134
