0 0.6248298791738657 0.5902663744412936 0.055023193359375 0.05498724717360277
0 0.39747997430654675 0.5619159845205454 0.05123299818772536 0.051115769606370196
0 0.816040405860314 0.05572448326991154 0.10316408597506009 0.10163426399230957
0 0.32528748879065883 0.9288596373337966 0.144927978515625 0.13931773259089544
0 0.3133591138399564 0.43274248563326323 0.0765364536872277 0.07781014075646034
0 0.1591493349808913 0.9562204801119291 0.039586580716646634 0.039564866286057696
0 0.2733664879432091 0.6387838216928335 0.035308471092810996 0.03503682063176082
0 0.8612069350022536 0.2570867905249962 0.04884206331693209 0.059661865234375
0 0.807825675377479 0.6978893280029297 0.027785814725435697 0.028043600229116585
0 0.15893787604111892 0.24906147443331206 0.03232622146606445 0.03201763446514423
0 0.14519061492039606 0.5063754595243014 0.030693989533644456 0.03063656733586238
0 0.7425989004281851 0.3865707837618314 0.06827662541316105 0.06916574331430289
0 0.4385199180016151 0.9518877176138071 0.02205313169039213 0.021831365732046273
0 0.14712694975046012 0.025342751007813673 0.035744887131911054 0.03572131578738873
0 0.6790552872877854 0.22914416973407453 0.03440768902118389 0.034087767967810996
0 0.26267187411968523 0.1687316344334529 0.027794911311222956 0.027736113621638372
0 0.4619968854464017 0.5306553473839393 0.05579977769118089 0.05586462754469652
0 0.12262553435105544 0.4137907394996056 0.021268661205585185 0.027172161982609674
0 0.7243480682373047 0.49152381603534406 0.06610606266902043 0.0672916999230018
0 0.5307374367347131 0.01787235874396104 0.01965669485238882 0.019398363736959603
0 0.24738377791184646 0.7445371334369366 0.017822852501502402 0.017993046687199518
0 0.37667135091928333 0.2171480839069073 0.029900624201847956 0.03009818150446965
0 0.4541941422682542 0.06454571852317223 0.026044111985426683 0.026178222436171312
0 0.12131557097801796 0.5135632294874924 0.016904390775240384 0.027128953200120192
0 0.6842180398794321 0.7870427645169772 0.0524743887094351 0.05170734112079327
0 0.5457064555241511 0.12952817403353178 0.026239688579852764 0.02611860862145057
0 0.25977160380436826 0.2829141616821289 0.09036093491774339 0.09036834423358624
0 0.14218770540677583 0.287319146669828 0.02258436496441181 0.022603621849646933
0 0.7030757023737981 0.569882319523738 0.0832052964430589 0.08221435546875
0 0.409607667189378 0.3672464077289288 0.07578615041879508 0.07830150310809796
0 0.11915764441856971 0.10444204623882587 0.01631054511437049 0.022339747502253607
0 0.6731361976036658 0.7596529447115384 0.03192212031437801 0.0323486328125
0 0.23348298439612755 0.20687536092904898 0.023266718937800482 0.02295200641338642
0 0.6466839130108173 0.21702095178457406 0.01860809326171875 0.018405914306640625
0 0.611699471106896 0.9092782827524039 0.024267930250901442 0.024363004244290866
0 0.468928703894982 0.7686934837928185 0.06922179002028245 0.06966957679161659
0 0.45238773639385516 0.40452964489276594 0.054796805748572715 0.05461384699894832
0 0.5790521915142353 0.08626271211183988 0.020027894240159255 0.020149707794189453
0 0.15653179242060736 0.27268130962665266 0.018272950099064753 0.01831230750450721
0 0.49442606705885667 0.48170926020695615 0.07675229586087741 0.07594666114220253
0 0.8388294806847205 0.8125335253201998 0.07556885939378005 0.07401451697716346
0 0.558631603534405 0.37407493591308594 0.031772540165827826 0.032640897310697116
0 0.6811396525456355 0.9576866443340595 0.018900211040790264 0.018755105825570915
0 0.16724720368018517 0.49149219806377703 0.01654478219839243 0.016240046574519232
0 0.7112533862774189 0.19197739087618315 0.054606070885291465 0.05583975865290715
0 0.1292574222271259 0.04681579883282001 0.02125376921433669 0.022161431037462674
0 0.7011840526874249 0.4279682452862079 0.04255969707782452 0.042561971224271335
0 0.7394494276780349 0.060556622651907116 0.026162367600661058 0.026227932709913988
0 0.7197553194486178 0.2562081263615535 0.05691088162935697 0.05605528904841496
0 0.47709824488713193 0.9913887610802283 0.0164645268366887 0.013838254488431491
0 0.3582158455481896 0.19826657955463117 0.02842866457425631 0.02832508087158203
0 0.13227387575002816 0.06201921976529635 0.04129882959219126 0.04375013938316932
0 0.4387479562025804 0.8459126399113581 0.07924454028789814 0.07789318378155048
0 0.7226930765005258 0.2602256628183218 0.04581656822791466 0.04738804010244516
0 0.5344689442561223 0.41886193935687727 0.018856121943547174 0.018927354079026442
0 0.7971253028282752 0.8857041872464694 0.05983293973482572 0.059929921076847956
0 0.6549260066105769 0.47758909372182995 0.022986338688777044 0.0238037109375
0 0.5029761974628155 0.07172654225276066 0.015957392179048978 0.01584826982938326
0 0.37817712930532604 0.34228941110464245 0.015183595510629507 0.014868222750150241
0 0.1537202504964975 0.7621008066030649 0.07439749057476337 0.0847634535569411
0 0.8034299703744742 0.6078575941232535 0.1563893831693209 0.17784360738900992
0 0.21281124995304987 0.33123163076547474 0.0374449949998122 0.037785970247708835
0 0.5871071081895095 0.4171568430387057 0.05152739011324369 0.051384265606219955
0 0.4411732600285457 0.8781085381141076 0.11714612520658053 0.12244943472055289
0 0.41376554048978365 0.4448142418494591 0.06284684401292068 0.06207084655761719
0 0.6898058377779447 0.344084959763747 0.061958019550030045 0.06286973219651443
0 0.6826490255502554 0.3428353162912222 0.01996788611778846 0.019672100360576924
0 0.7632189530592698 0.30671878961416393 0.09217159564678486 0.09476404923659104
0 0.12854250577779916 0.08796979830815242 0.020942559609046348 0.020547903501070462
0 0.13296873752887434 0.15549837625943697 0.014289635878342848 0.014380051539494442
0 0.7001951657808744 0.10969959772550143 0.02334007850060096 0.023574095505934495
0 0.31758935634906477 0.3764503552363469 0.048188282893254206 0.04839031512920673
0 0.8145716740534856 0.47159759814922625 0.09868504450871395 0.09866729149451622
0 0.6563654679518479 0.5096584466787485 0.06287677471454327 0.06385854574350211
0 0.8620326702411358 0.4126179034893329 0.014499370868389424 0.014714827904334435
0 0.7561019017146184 0.29115724563598633 0.10720385037935697 0.10803868220402645
0 0.22563985677865836 0.6657170515794021 0.0136260619530311 0.013759906475360576
0 0.6243498875544622 0.9777801220233624 0.06808060866135818 0.03954990093524639
0 0.72833618750939 0.7433373377873347 0.06524364764873798 0.065948486328125
0 0.8768294407771184 0.9088622606717623 0.011316446157602163 0.0149076901949369
0 0.6095713468698355 0.2002386496617244 0.09419991419865535 0.09249239701491135
0 0.7746186623206506 0.9691232534555289 0.05969575735238882 0.0578001462496244
0 0.6380092180692233 0.6939240969144381 0.07758228595440204 0.07725788996769832
0 0.3019121610201322 0.8164348602294922 0.08155081822321965 0.0815438490647536
0 0.12322549636547382 0.8249238821176382 0.013198320682232197 0.01834267836350661
0 0.24417594762948844 0.4701142677894005 0.015102826631986178 0.015030714181753306
