0 0.5441199082594651 0.10645560117868277 0.16518372755784255 0.16676987134493315
0 0.46930745931772083 0.24738313601567194 0.14852171677809495 0.14820506022526667
0 0.6492677835317758 0.8073520660400391 0.0544286874624399 0.054621182955228366
0 0.6729239683884841 0.08012751432565543 0.05974138700045072 0.05924786054171049
0 0.5987290602463943 0.24006977448096642 0.06185839726374699 0.0627896602337177
0 0.5557388158944937 0.5065340262192947 0.05008858900803786 0.0502165280855619
0 0.4365984843327449 0.3562187048105093 0.23829240065354568 0.23165308512174165
0 0.28099430524385893 0.674411626962515 0.022591774280254658 0.0226437495304988
0 0.7139609410212591 0.829802366403433 0.03799291757436899 0.03775479243351863
0 0.5897817611694336 0.8604777409480169 0.04525903555063101 0.045341785137469955
0 0.27656927475562465 0.49547848334679234 0.03384094971876878 0.033758310171274036
0 0.7250807835505559 0.4965654519888071 0.0195770263671875 0.019614366384652946
0 0.3460597258347731 0.9240042613102839 0.02796173095703125 0.027898495013897236
0 0.7119429661677434 0.37909313348623425 0.05418043870192308 0.05357823005089393
0 0.4930637799776517 0.9681035555326022 0.0719897930438702 0.06367712754469651
0 0.6181594408475436 0.3500879727877103 0.017162176278921273 0.017219910254845254
0 0.512063613304725 0.759417460514949 0.046024395869328424 0.0466760488656851
0 0.412656123821552 0.5423869353074294 0.017501244178185098 0.01748041006234976
0 0.3852025545560397 0.6634555963369516 0.026593575110802285 0.026826858520507812
0 0.5406770706176758 0.5702047348022461 0.030639061560997598 0.03044729966383714
0 0.6428071535550631 0.6408258584829477 0.021839728722205527 0.0220791743351863
0 0.6951653407170222 0.1456903127523569 0.04772200951209435 0.047442142780010514
0 0.6501618165236253 0.4182766034052922 0.09030914306640625 0.09022910778339092
0 0.5733996904813327 0.63086304297814 0.017335965083195612 0.01726385263296274
0 0.32990052149846005 0.1636183995466966 0.02059459686279297 0.020624417525071364
0 0.6546215644249549 0.2529459733229417 0.030954947838416465 0.03127307158250075
0 0.4996455999521109 0.5317261035625751 0.022183711712176982 0.02209810110238882
0 0.4666340167705829 0.49910449981689453 0.01798585745004507 0.017953872680664062
0 0.5466633576613206 0.5921732829167292 0.021679071279672477 0.021602337176983174
0 0.5356644116915189 0.6443598087017353 0.015901858990009014 0.015842584463266227
0 0.369504268352802 0.48089181459867036 0.018709182739257812 0.018766403198242188
0 0.6807958162747897 0.41466808319091797 0.01737829355093149 0.017402208768404447
0 0.7030016092153696 0.6742596259483924 0.018013587364783652 0.018176152155949518
0 0.3495015364426833 0.789059198819674 0.11949287928067721 0.11989446786733773
0 0.5640795047466571 0.09104405916654147 0.017884474534254808 0.017833196199857272
0 0.687928713285006 0.9266021435077374 0.048591907207782455 0.04894667405348558
0 0.3396273392897386 0.6870174407958984 0.03052344689002404 0.030420890221228965
0 0.7358225308931791 0.7070962465726413 0.026755112868088942 0.026862951425405648
0 0.5892310509314904 0.8045826691847581 0.019186019897460938 0.019185726459209736
0 0.31921140964214617 0.1379385728102464 0.020539063673753005 0.02064833274254432
0 0.47937855353722203 0.5163634006793683 0.021439625666691706 0.021591626680814303
0 0.5362441723163311 0.5482175533588116 0.016488148615910456 0.016456457284780648
0 0.2515806234799899 0.3508645204397348 0.015621772179236779 0.016292792100172777
0 0.29374084105858433 0.877296154315655 0.04221978554358849 0.04255265455979567
0 0.6719090388371394 0.1941372064443735 0.041753182044396035 0.04156912290132963
0 0.639063468346229 0.28112231768094575 0.04246022151066707 0.041993948129507214
0 0.2566523368542011 0.6297611823448768 0.023717806889460638 0.02376072223369892
0 0.584439754486084 0.7077297797569861 0.01708243443415715 0.01706108680138221
0 0.6126205004178561 0.875546382023738 0.025733214158278245 0.02622252244215745
0 0.27266929699824405 0.6975551751943735 0.017290592193603516 0.01722233112041767
0 0.584409603705773 0.9293171809269831 0.05783631251408504 0.05815594012920673
0 0.5071535110473633 0.501679933988131 0.02453481234036959 0.02481504587026743
0 0.7061218848595252 0.8056932596059946 0.014842693622295674 0.014720329871544471
0 0.3266317660991962 0.7039097272432767 0.03655917827899639 0.03659204336313101
0 0.3319921860328087 0.5733211957491361 0.0798960465651292 0.07972365159254807
0 0.41704320907592773 0.751547593336839 0.0190277833205003 0.019094320443960335
0 0.25319825685941255 0.29297786492567796 0.020383247962364785 0.024770663334773138
0 0.7046937942504883 0.19254728463979867 0.01839270958533654 0.018466069148137018
0 0.42490474994365984 0.8528129137479342 0.014173360971304087 0.014219430776742788
0 0.5865793961745042 0.5349791233356183 0.014323601355919471 0.014543900123009315
0 0.4592745854304387 0.7507366767296424 0.024757898770845853 0.02494078416090745
0 0.3887885900644156 0.565569804264949 0.03644283001239483 0.03606737576998197
0 0.40017179342416614 0.14949787580049956 0.016403785118689902 0.016601709219125602
0 0.7379305912898138 0.1252667445402879 0.015622799213115986 0.015369617022000827
0 0.41321648084200346 0.5975971955519456 0.014504432678222656 0.014693480271559495
0 0.48788734582754284 0.5671381583580604 0.015168483440692607 0.015125641456017127
0 0.6886694247906024 0.6349229079026443 0.019075980553260215 0.019239278940054085
0 0.32499929574819714 0.788819092970628 0.016689814054048978 0.016770582932692308
0 0.519687505868765 0.7955188751220703 0.031218602107121393 0.031307073739858776
0 0.43546456557053786 0.029673686394324668 0.11452322739821214 0.057538472689115085
0 0.6142481290377103 0.6086165721599872 0.04654752291165865 0.046948726360614486
0 0.4375850237332858 0.10654995991633488 0.017165990976186898 0.017352214226355918
0 0.2999117007622352 0.2757439613342285 0.02091044646043044 0.021010618943434495
0 0.6340678288386419 0.8948324643648587 0.016813131479116585 0.01692654536320613
0 0.5924376707810622 0.4299580133878268 0.10492764986478366 0.10528718508206882
0 0.4583602318396935 0.646977791419396 0.0162966801570012 0.015941473153921273
0 0.7279296288123498 0.7729836243849534 0.013947266798753005 0.014095453115609976
0 0.39096351770254284 0.5616157971895658 0.02067866692176232 0.02054434556227464
0 0.40948376288780797 0.46218109130859375 0.032292732825646035 0.03226617666391226
0 0.2870159149169922 0.03484569604580219 0.056562643784743086 0.05609869956970215
0 0.3895603326650766 0.5645768825824444 0.027304869431715745 0.026666861314039964
0 0.5260736758892353 0.9222225776085486 0.014557765080378605 0.014594444861778846
0 0.5062905458303598 0.649309671842135 0.014531722435584435 0.014555124136117788
0 0.30135418818547177 0.6254303271953876 0.0585170158973107 0.05794261052058293
0 0.4426704553457407 0.9514507146982046 0.03932908865121695 0.03933378366323618
0 0.24688031123234674 0.8785334367018479 0.015214039729191707 0.015204502986027645
0 0.585417600778433 0.3990064767690805 0.05783535883976863 0.05976647597092848
0 0.5710116899930514 0.5197844138512244 0.1340334965632512 0.13207171513484076
0 0.6880575326772836 0.7654385199913611 0.013669234055739183 0.013727628267728366
0 0.3569479722243089 0.6345734229454627 0.04915340130145733 0.04857987623948317
0 0.3825659385094276 0.9079349957979642 0.016716737013596755 0.017227759728064902
0 0.4107327094444862 0.5166973700890174 0.014013877281775841 0.014000232403094951
0 0.515968029315655 0.8380906031681941 0.014198890099158654 0.013987907996544471
0 0.40777822641225964 0.6274038461538461 0.014062734750600962 0.014143723707932692
0 0.7066704676701472 0.9283488346980169 0.0140228271484375 0.013907212477463942
0 0.4955103947566106 0.6122575173011193 0.01386855198786809 0.013887552114633413
0 0.5291031323946439 0.6596052463238056 0.013584577120267428 0.013737311730018029
0 0.7542535341702975 0.8880082643949069 0.013368753286508413 0.015758220966045674
0 0.7399899409367487 0.6258486234224759 0.03623287494365986 0.04094989483173077
0 0.5447787504929763 0.9876485237708459 0.020089222834660456 0.020038017859825723
0 0.6266023195706881 0.57892579298753 0.013487742497370793 0.01353146479679988
0 0.37900814643272984 0.051377291862781234 0.016782760620117188 0.017037263283362754
0 0.7467786348783053 0.8352022904616135 0.026622185340294473 0.03263502854567308
0 0.5066372064443735 0.01383128876869495 0.026735745943509616 0.02527948755484361
0 0.4383548223055326 0.8642888435950646 0.01822691697340745 0.017822118905874398
0 0.5317997565636268 0.6083799508901743 0.014161916879507212 0.014207106370192308
