0 0.28252623631403995 0.07165763011345497 0.10917194073016827 0.10956600996164176
0 0.5400107457087591 0.7096829047569861 0.025046421931340143 0.024830744816706732
0 0.6399821501511794 0.29552199290348935 0.06720851017878605 0.06808222257173978
0 0.6915126213660607 0.08403849601745605 0.030990160428560697 0.03100732656625601
0 0.5816307067871094 0.30356133901155913 0.020441715533916768 0.02054797686063326
0 0.5036770380460299 0.5076995262732873 0.1385060823880709 0.1365507566011869
0 0.652066524212177 0.19509198115422174 0.03592549837552584 0.03623199462890625
0 0.7692042864285983 0.06469938846734855 0.0234829829289363 0.02356109252342811
0 0.5752984560452975 0.8907938737135667 0.021854694073016826 0.021883451021634616
0 0.9102783203125 0.8594314868633564 0.021382845365084134 0.027766301081730768
0 0.4209609031677246 0.6997811244084284 0.019223873431865986 0.019425318791316107
0 0.18733919583834135 0.3550906548133263 0.018453708061805137 0.0187075688288762
0 0.12466104214008038 0.12573913427499625 0.019092413095327523 0.019180114452655498
0 0.5294380921583909 0.5860889141376202 0.01620314671443059 0.01634817857008714
0 0.7141799926757812 0.6976286814762995 0.07806044358473557 0.08077445397010216
0 0.848780265221229 0.330075557415302 0.019676795372596152 0.01975529010479267
0 0.27527614740224987 0.7698145646315354 0.01793538607083834 0.0179443359375
0 0.615359379695012 0.0782030912546011 0.018875268789438102 0.018595108619103067
0 0.5935171567476712 0.6203255286583533 0.016028624314528245 0.01640609594491812
0 0.5203269078181341 0.3805691645695613 0.06339043837327224 0.06461818401630108
0 0.1324937893794133 0.07219350337982178 0.023565292358398438 0.02341879331148588
0 0.6121476246760442 0.6111774077782264 0.015633216271033652 0.015605853154109074
0 0.9091609808114859 0.3341507911682129 0.01566490760216346 0.015930836017315205
0 0.10919547997988187 0.19175217701838568 0.055275715314424954 0.05665867145244892
0 0.16090703010559082 0.7461934456458459 0.017734527587890625 0.01785146273099459
0 0.8933423115656927 0.9028060619647686 0.015602405254657451 0.015414898212139424
0 0.6476853444026067 0.9872184900137094 0.018297929030198317 0.01812259967510517
0 0.3380274405846229 0.18394616933969352 0.016213637131911058 0.01627657963679387
0 0.19599248812748835 0.4334565676175631 0.016527946178729717 0.01638001662034255
0 0.6611440365131085 0.45572247871985805 0.05924532963679387 0.05848767207219051
0 0.27551639997042143 0.2535364077641414 0.016615574176494893 0.01670698019174429
0 0.4024772644042969 0.5780232869661771 0.10392115666316105 0.10417255988487831
0 0.7269253363976111 0.6078449395986704 0.016178424541766826 0.015934870793269232
0 0.08754128676194411 0.12444829940795898 0.012177449006300706 0.019416442284217246
0 0.16265265758220965 0.9255918356088492 0.0244906865633451 0.024849818303034857
0 0.11354272182171161 0.4516802200904259 0.015837889451246995 0.01610389122596154
0 0.9054486201359675 0.9854899186354417 0.03247979971078726 0.027060875525841348
0 0.22825947174659142 0.18316125869750977 0.06349325180053711 0.06250260426447941
0 0.7741824663602389 0.9568747740525466 0.07638813899113582 0.0758206294133113
0 0.16993408936720628 0.30216530653146595 0.014838512127216045 0.014973970559927134
0 0.40528931984534633 0.3091313288762019 0.059294480543870196 0.059369454017052285
0 0.30570635428795445 0.8123053037203275 0.016350819514347956 0.016692234919621393
0 0.12029694593869723 0.9882780221792368 0.01640468377333421 0.016150694627028245
0 0.5473183118380033 0.18918527089632475 0.017769006582406852 0.018015678112323467
0 0.6723119295560397 0.9394927391639123 0.013991429255558895 0.014158689058743991
0 0.7813156568087064 0.8012786278357873 0.016430194561298076 0.016561068021334134
0 0.34723223172701323 0.45764317879310024 0.014449192927433895 0.014687684866098257
0 0.4208835455087515 0.67089476952186 0.014445304870605469 0.014385810265174279
0 0.25586190590491664 0.29427449519817644 0.01748312436617338 0.017441859612098105
0 0.08324780830970177 0.3702748738802396 0.009937378076406626 0.01685634026160607
0 0.10371684111081637 0.32648908174954927 0.014580011367797852 0.014334752009465145
0 0.2792084767268254 0.6792912116417518 0.014538251436673678 0.014744245089017428
0 0.4619465607863206 0.7366067446195163 0.0844424321101262 0.0881186265211839
0 0.11449668957636906 0.19370493522057167 0.04555562826303335 0.04655940716083233
0 0.6943036592923678 0.05789743019984318 0.01683807373046875 0.016766456457284782
0 0.09964319375845102 0.3217590405390813 0.03920153471139761 0.05838819650503305
0 0.23784021230844352 0.29138025870689976 0.01422273195706881 0.01443620828481821
