0 0.41028741689828724 0.18165969848632812 0.0860608907846304 0.08649407900296725
0 0.4255189895629883 0.9235343933105469 0.03001125042255108 0.03005189162034255
0 0.35963579324575573 0.46858970935528094 0.025177735548753005 0.025048182560847357
0 0.6696147918701172 0.015260459138796879 0.028643388014573317 0.02796757908967825
0 0.2838553281930777 0.5746897550729605 0.0190731928898738 0.0190125245314378
0 0.2617221245398888 0.03477690770075871 0.019636924450214092 0.019560777224027194
0 0.3053541366870587 0.32218082134540266 0.07532578248244065 0.07652412928067721
0 0.6502000368558444 0.8002237173227164 0.028792748084435098 0.028962061955378607
0 0.7502601330096905 0.03357047071823707 0.020282158484825723 0.020176635338709906
0 0.6667999120859 0.25377761400662935 0.07398355924166165 0.07358176891620342
0 0.7043867844801682 0.48238141720111555 0.047381034264197715 0.04711341857910156
0 0.4748798883878268 0.03631452642954313 0.07297237102801983 0.07077561433498676
0 0.2871090448819674 0.44118309020996094 0.022529161893404447 0.022333438579852764
0 0.5945407427274264 0.7158385790311373 0.02349853515625 0.02353242727426382
0 0.641471055837778 0.7694383767934946 0.03355847872220553 0.03386893639197716
0 0.29942800448491025 0.2450867066016564 0.16796944691584662 0.2379148923433744
0 0.664878405057467 0.5022658568162185 0.0330047607421875 0.03296162531926082
0 0.7135601043701172 0.2720027703505296 0.020449418288010817 0.02049145331749549
0 0.584709094120906 0.6305672572209284 0.021604097806490384 0.0212249755859375
0 0.2522135514479417 0.5397491088280311 0.024784968449519232 0.025275523845966045
0 0.770146003136268 0.3463850754957933 0.01903387216421274 0.019296939556415264
0 0.6754738734318659 0.4348269242506761 0.055921701284555286 0.05627705500676082
0 0.7727612715501052 0.28768418385432315 0.022294264573317308 0.030637814448429987
0 0.766663331251878 0.9416630084698017 0.02378082275390625 0.0303341792179988
0 0.6260983393742487 0.47681353642390323 0.015773773193359375 0.01602040804349459
0 0.7198031498835638 0.2302418855520395 0.046825408935546875 0.04707659207857572
0 0.760162353515625 0.1874416057880108 0.048758286696213946 0.06526631575364333
0 0.7560320634108323 0.4963937539320726 0.027544461763822116 0.027295332688551683
0 0.6466768704927884 0.8652066450852615 0.021456791804387018 0.021446814903846152
0 0.7127510217519907 0.5826951540433444 0.045436859130859375 0.04636383056640625
0 0.5359347783602201 0.48412392689631534 0.017680828387920674 0.01748825953556941
0 0.5291435901935284 0.8815724299504206 0.03235149383544922 0.031732412484975964
0 0.4700298309326172 0.988425768338717 0.025841492872971755 0.019177070030799277
0 0.7432881868802584 0.2971921700697679 0.06679124098557693 0.07028873150165264
0 0.26088945682232195 0.07455175656538743 0.015137378986065205 0.015422784365140475
0 0.7443892405583308 0.5539599198561448 0.02170870854304387 0.021817427415114183
0 0.6829475989708533 0.3782656742976262 0.014996748704176683 0.015245584341195913
0 0.45462747720571667 0.9399169775155874 0.025634912344125602 0.025440216064453125
0 0.35294782198392427 0.0333670606979957 0.07301734044001652 0.06710605437938984
0 0.6026690923250638 0.9863565885103666 0.028912984407865085 0.023063072791466348
0 0.5498645122234638 0.9381710932804987 0.13614163031944862 0.1199047382061298
0 0.7374496459960938 0.46527583782489484 0.032462780292217545 0.032381424537071817
0 0.6747624323918269 0.5586647987365723 0.04686678372896635 0.04777086698091947
0 0.6877558781550481 0.6141932560847356 0.046996776874248795 0.04721509493314303
0 0.4270499669588529 0.23124162967388445 0.051703453063964844 0.05187577467698317
0 0.7486152648925781 0.6230049866896409 0.06756591796875 0.0754398932823768
0 0.5042379452632024 0.13992802913372332 0.014330130357008714 0.014385791925283579
0 0.47482409844031703 0.3057562754704402 0.019809136023888223 0.01995365436260517
0 0.7413557492769681 0.3052388521341177 0.058768052321213946 0.057935311244084284
0 0.7081528443556565 0.695222414456881 0.07177088810847355 0.07180536710298978
0 0.651249518761268 0.4670623999375563 0.031014075646033652 0.0313264406644381
0 0.2683214774498573 0.9796600341796875 0.021227103013258714 0.020907475398137018
0 0.31943963124201846 0.727568112886869 0.015212572537935697 0.015282410841721755
0 0.4853515258202186 0.2604322066673866 0.06736322549673227 0.06759166717529297
0 0.48694130090566784 0.9274434309739333 0.039571101848895736 0.03873179509089543
0 0.7645149230957031 0.5111838120680589 0.02218774648813101 0.02211732130784255
0 0.4335764004633977 0.5371295855595515 0.013986954322228065 0.014038819533128005
0 0.2694763403672438 0.41571749173677885 0.014950092022235576 0.014901087834284855
