0 0.4598392706650954 0.3498951838566707 0.18524720118596003 0.18872772730313814
0 0.24054697843698356 0.12498813409071702 0.10038093420175406 0.10207719069260818
0 0.2850796626164363 0.9396516359769381 0.07443677462064303 0.07510918837327224
0 0.4631339586698092 0.7130725567157452 0.03781039898212139 0.037469717172475964
0 0.7148025219257061 0.5317401885986328 0.04787738506610577 0.047384995680588946
0 0.7360295515794021 0.3150912064772386 0.06510397104116586 0.06459779005784255
0 0.7527939723088191 0.4027560307429387 0.07128407404972957 0.07149124145507812
0 0.6960642887995794 0.3335281518789438 0.07190616314227764 0.07144737243652344
0 0.6475948920616736 0.7968579805814303 0.08104357352623573 0.08174837552584134
0 0.813988025371845 0.7439974271334134 0.04047804612379808 0.04056196946364183
0 0.363734978895921 0.7135967107919546 0.03217051579402043 0.03217887878417969
0 0.1984731234036959 0.6071277031531701 0.01973691353431115 0.019768641545222357
0 0.6206162526057317 0.23725076822134164 0.029115970318134014 0.028973799485426683
0 0.4135868732745831 0.5276839916522686 0.0459288817185622 0.04577020498422476
0 0.4392279845017653 0.9739222893348107 0.028028488159179688 0.028029808631310098
0 0.7192406287560096 0.7122741112342248 0.03586138211763822 0.035981985238882214
0 0.26591238608727086 0.9757173978365384 0.019160344050480768 0.019165625939002402
0 0.30095962377694935 0.38926047545212966 0.019856673020582933 0.01983341803917518
0 0.1698463146503155 0.7800945868858924 0.02086610060471755 0.020840278038611777
0 0.49199463770939755 0.8570965253389798 0.03215232262244591 0.03234511155348558
0 0.7498320799607497 0.022625441734607402 0.01955721928523137 0.019412737626295824
0 0.7524103017953726 0.3022615726177509 0.025124183067908652 0.02537257854755108
0 0.7491930448091947 0.709231450007512 0.021438011756310098 0.021406026986929085
0 0.23657930814302885 0.37765238835261417 0.028559758112980768 0.02875408759483924
0 0.7085734147291917 0.4979464824383075 0.01997038034292368 0.020145709698016826
0 0.499820929307204 0.6575877849872296 0.20256497309758112 0.21120280485886794
0 0.7398096231313852 0.7749962439903846 0.03828136737530048 0.038277846116286054
0 0.2537806584284856 0.28276920318603516 0.019787971790020283 0.019811630249023438
0 0.3256682616013747 0.7820532872126653 0.017077225905198317 0.017206632173978366
0 0.30589873974139875 0.8513687573946439 0.01989159217247596 0.01970496544471154
0 0.3730297088623047 0.2757571660555326 0.030570250291090745 0.030116154597355768
0 0.36721247893113357 0.5077357658973107 0.036249674283541165 0.03627351614145132
0 0.5245139782245343 0.10603383871225211 0.04678021944486178 0.047141772050123945
0 0.3523060725285457 0.9572579310490534 0.015614729661207933 0.01562676062950721
0 0.8427299352792593 0.33725298368013823 0.014761851384089543 0.01698134495661809
0 0.3415625278766339 0.6893022977388822 0.015138772817758413 0.015162981473482572
0 0.3583966768704928 0.4005274405846229 0.016904830932617188 0.0169674799992488
0 0.24870524039635292 0.2491615735567533 0.037016868591308594 0.036995961115910456
0 0.5226180736835186 0.829954587496244 0.029647680429311898 0.030016532311072715
0 0.2852560556851901 0.7124029306265024 0.015445855947641226 0.015315422644981971
0 0.7573023576002854 0.9710128490741436 0.06557273864746094 0.05497448260967548
0 0.7473088777982272 0.08139933072603665 0.014934539794921875 0.015283988072321964
0 0.3973424984858586 0.26863718032836914 0.017486058748685397 0.0178219721867488
0 0.29565017039959246 0.654726688678448 0.014995171473576473 0.015026679405799279
0 0.47810195042536807 0.6660683705256536 0.014218623821551982 0.014196689312274639
0 0.1538281532434317 0.6767471020038311 0.015460692919217624 0.0161135746882512
0 0.2918205444629376 0.3469752531785231 0.019048544076772835 0.01929297814002404
0 0.7128386864295373 0.23468366036048302 0.03626720721905048 0.036004103147066556
0 0.37836052821232724 0.9816460242638221 0.02123099107008714 0.021247276893028848
0 0.25047085835383487 0.8607783684363732 0.01909050574669471 0.018929114708533652
0 0.6699179135836087 0.24215402969947228 0.040413196270282455 0.040513075315035306
0 0.380700551546537 0.11992468283726619 0.014677341167743389 0.014736377275907077
0 0.6822441541231595 0.8289806659405048 0.01742274944598858 0.017624781681941107
0 0.19728354307321402 0.5267593677227314 0.020503667684701774 0.020062373234675482
0 0.18939407055194563 0.20854817903958833 0.08218673559335563 0.1509853142958421
0 0.7620167365440955 0.6193065643310547 0.04553941579965445 0.04529369794405424
