0 0.6709738511305589 0.7798585158128005 0.030520512507512018 0.03035882803109976
0 0.4806714424720177 0.983441426203801 0.026025038499098558 0.026135664719801683
0 0.47687904651348406 0.9050743396465595 0.023304865910456732 0.023457160362830527
0 0.4966044792762169 0.21209863516000602 0.02445220947265625 0.024145786578838643
0 0.30672408984257626 0.14460382094750038 0.01670635663546049 0.01682288830096905
0 0.6521310806274414 0.9199275970458984 0.05176734924316406 0.051009838397686295
0 0.5173727915837214 0.25367406698373646 0.020540677584134616 0.020441752213698167
0 0.5423493752112756 0.794342407813439 0.02135922358586238 0.02155729440542368
0 0.5935968252328726 0.9480922405536358 0.015016702505258413 0.014803372896634616
0 0.563537414257343 0.7696944750272311 0.03678446549635667 0.0367578359750601
0 0.28650522232055664 0.08510285157423753 0.015160560607910156 0.015107118166410007
0 0.47377689068134016 0.8817519408005935 0.035196744478665866 0.034917244544396035
0 0.33682544414813703 0.5213219936077411 0.017135033240685098 0.017298478346604567
0 0.522093992966872 0.9448427787193885 0.020253768334021933 0.020380313579852764
0 0.5704101415780874 0.4779048699599046 0.09738437946026142 0.10319702441875751
