0 0.3585350330059345 0.6654228797325721 0.07287744375375602 0.07267203697791466
0 0.9042188204251803 0.6403620793269231 0.08909342839167668 0.09086550199068509
0 0.7848165952242337 0.7968284900371845 0.0228115962101863 0.02296271690955529
0 0.04852471901820256 0.5502839822035569 0.021362121288592998 0.021684866685133714
0 0.7298448269183819 0.7089961125300481 0.02396818307729868 0.02370320833646334
0 0.4691116993243878 0.7479327275202825 0.02090916266808143 0.02054625291090745
0 0.9593080373910757 0.4624776106614333 0.040529691256009616 0.04086465101975661
0 0.66961303124061 0.9386943670419546 0.023986229529747598 0.024010291466346152
0 0.11320175574376033 0.8878481938288763 0.06672358512878418 0.06645965576171875
0 0.1413354231761052 0.21861659563504732 0.016984095940223105 0.016994769756610576
0 0.8058236929086539 0.4634826366717999 0.018092815692608174 0.018104993380033053
0 0.9630807729867789 0.9307864262507513 0.03763521634615385 0.0371856689453125
0 0.537912918971135 0.5518558208759015 0.017239790696364183 0.01729451693021334
0 0.056979165627406195 0.9610237708458533 0.020868548980126016 0.02083440927358774
0 0.8115777969360352 0.9126214247483474 0.01562206561748798 0.015787271352914665
0 0.12708138502561128 0.8373250227708083 0.021080640646127555 0.021384605994591348
0 0.51861388866718 0.4644779792198768 0.02660545935997596 0.02674689659705529
0 0.12628483772277832 0.5309397624089167 0.022979149451622598 0.023149637075570915
0 0.16572895416846642 0.7843674879807693 0.02685865989098182 0.026876302865835335
0 0.19545494593106782 0.6949649223914514 0.042308990771953874 0.041883028470552884
0 0.11201363343458909 0.7671650373018705 0.0392754628108098 0.038818652813251205
0 0.049545806187849775 0.6292111323429987 0.02749032240647536 0.02757850060096154
0 0.07597168592306283 0.5452927442697378 0.06767476522005521 0.06891888838547927
0 0.8592995863694411 0.8983500554011419 0.05663431607759916 0.057684678297776446
0 0.7753285628098708 0.2527003104870136 0.053532967200646035 0.05303804691021259
0 0.8956178518442007 0.38892151759221005 0.03201015178973858 0.03193224393404447
0 0.45133546682504505 0.8470662923959585 0.03934801541841947 0.04017507112943209
0 0.9284144181471604 0.4117586062504695 0.01551525409405048 0.01538239992581881
0 0.1838218615605281 0.6684815333439753 0.028329078967754658 0.028126349815955527
0 0.20182495850783128 0.6400020305926983 0.022989749908447266 0.022885542649489183
0 0.9429654341477615 0.49966617730947643 0.026719313401442308 0.026900291442871094
0 0.6365364514864408 0.4790339836707482 0.05311789879432091 0.05261069077711839
0 0.5671462279099685 0.4545745116013747 0.02257699232835036 0.023068354679987982
0 0.013462875898067769 0.2660363820882944 0.01469813401882465 0.014696231255164513
0 0.2530505840594952 0.748260131249061 0.02666447712824895 0.02688906742976262
0 0.03799712887177101 0.9661733187161959 0.015440844572507419 0.015523470365084134
0 0.005501355116183941 0.950782482440655 0.010890460931337796 0.05727166395920973
0 0.02100270986557007 0.6321562253511869 0.04190363333775447 0.05018766109759991
0 0.5299813197209284 0.6229378626896784 0.08418039175180289 0.08538510249211238
0 0.9157593066875751 0.8170014894925631 0.05643873948317308 0.05657694889948918
0 0.108717863376324 0.9670816568227915 0.024966716766357422 0.025013850285456732
0 0.03670397630104652 0.3892995760991023 0.06769277499272273 0.06483921637901893
0 0.2014471200796274 0.7375384844266452 0.018772712120643027 0.018964180579552285
0 0.18057817679185134 0.772717549250676 0.01636369411761944 0.016646458552433893
0 0.9801717171302209 0.9753985771766076 0.014576545128455529 0.01464080810546875
0 0.4499187469482422 0.9680546247042142 0.02764100294846755 0.02751790560208834
0 0.9795549832857572 0.27153655198904186 0.024029658390925482 0.023775760944073018
0 0.9330519162691556 0.08670884829301101 0.028241377610426683 0.028181076049804688
0 0.029060716812427227 0.7434999759380634 0.05844986438751221 0.07374954223632812
0 0.9614385458139273 0.3315596947303185 0.03633249722994291 0.03574694119966947
0 0.26557883849510777 0.14322952123788688 0.06629125888531025 0.06458264130812424
0 0.2989817032447228 0.7185018979586087 0.030457716721754808 0.03076318594125601
0 0.6967001694899339 0.39676072047306943 0.015121753399188701 0.014935126671424279
0 0.33431001809927136 0.6560431260329026 0.020440981938288763 0.019838773287259616
0 0.01864736355268038 0.6239998157207782 0.035795702384068415 0.036389607649583086
0 0.2182642129751352 0.7891663771409255 0.035337044642521784 0.03602306659405048
0 0.13250472912421593 0.8071607443002554 0.021065161778376654 0.021182720477764424
0 0.7125402597280649 0.2858307178203876 0.059485215407151446 0.05930687830998348
0 0.9449966137225811 0.9160436483529898 0.05194649329552284 0.04935161884014423
0 0.3771250064556415 0.39026392423189604 0.02297826913686899 0.023287846491887018
0 0.07615988071148212 0.5708083372849685 0.032540046251737155 0.03352796114408053
0 0.08022415637969971 0.5375253237210788 0.05568990340599647 0.053751505338228665
0 0.948237785926232 0.7282564456646259 0.10009120060847355 0.15589772737943208
0 0.00632923268354856 0.9479374518761268 0.01249043528850262 0.07270050048828125
0 0.7503940875713642 0.20508241653442383 0.04212628878079928 0.04266518812913161
0 0.45790841029240537 0.8351554137009841 0.021469556368314303 0.02190399169921875
0 0.40918834392841047 0.27023751919086164 0.02332437955416166 0.023412190950833835
0 0.11535228215731107 0.7014022240271935 0.02594788257892315 0.02623778123121995
0 0.18677568435668945 0.6913914313683143 0.05760405613825871 0.05456190842848558
0 0.9837753589336689 0.8948186727670523 0.0321345696082482 0.05181268545297476
