0 0.10513160778925969 0.53140900685237 0.11182069778442383 0.1121685321514423
0 0.7226013770470252 0.36407866844764125 0.23203985507671648 0.24338773580697867
0 0.5605822709890512 0.173037785750169 0.04310923356276292 0.04325212882115291
0 0.320742130279541 0.15505610979520357 0.07825535994309646 0.07947299113640419
0 0.7168717017540565 0.16867780685424805 0.04283816997821514 0.042748442062964805
0 0.15488367814284104 0.13151266024662897 0.05736181369194618 0.0569463876577524
0 0.5739253851083609 0.4679105465228741 0.15485763549804688 0.15682822007399339
0 0.4104022979736328 0.5772537818321815 0.029605718759390023 0.02965824420635517
0 0.6056564037616436 0.09995759450472318 0.03829530569223257 0.03876003852257362
0 0.872619995704064 0.5561185616713303 0.027445132915790264 0.0276795167189378
0 0.6816770113431491 0.12141795341785137 0.019736363337590143 0.019938028775728665
0 0.6827935438889724 0.9347517306988056 0.022359407865084134 0.022367330697866585
0 0.8158391805795523 0.7070243542010968 0.027846556443434495 0.027728740985576924
0 0.8313776162954477 0.6152365757868841 0.028533935546875 0.02843049856332632
0 0.9433045020470252 0.4855389961829552 0.0414117666391226 0.04151755112868089
0 0.7697189037616436 0.5237444364107572 0.025467505821814902 0.025529201214130107
0 0.8326672774094802 0.4194395358745868 0.021807450514573317 0.0219571773822491
0 0.4568009376525879 0.8060654860276443 0.0280915040236253 0.02812811044546274
0 0.7709999818068284 0.4888995610750638 0.03038450387807993 0.030305202190692607
0 0.7431313441349909 0.8189651049100436 0.02390142587515024 0.024019534771259014
0 0.7232406322772686 0.38487104269174427 0.02081122765174279 0.020776015061598558
0 0.6851291656494141 0.8395755474384015 0.024382958045372598 0.024463947002704326
0 0.9148685748760517 0.4714749042804425 0.02723547128530649 0.027255718524639424
0 0.8163519639235276 0.4567561883192796 0.029324164757361777 0.029254986689640924
0 0.30520288760845476 0.08683718167818509 0.032970355107234076 0.03300420596049382
0 0.6194646541888897 0.9626114185039814 0.027945445134089544 0.028053870567908652
0 0.8411852029653696 0.5617285875173715 0.028658059927133415 0.02859629117525541
0 0.46356384570782 0.6297132785503681 0.016980391282301683 0.016954715435321514
0 0.24742898574242225 0.0790874591240516 0.035207344935490534 0.03525869204447819
0 0.6170209004328802 0.9263407633854792 0.027732262244591348 0.027946618887094352
0 0.6612383035513071 0.8782306084266076 0.01902037400465745 0.01901978712815505
0 0.688682849590595 0.883456303523137 0.018993084247295674 0.018915909987229567
0 0.8484291663536658 0.4858864270723783 0.026664587167593148 0.026542076697716348
0 0.05193217901083139 0.36954824741070086 0.032417771907953113 0.03207111358642578
0 0.6120226566608136 0.6541727506197416 0.01755809783935547 0.01763329139122596
0 0.6681062991802509 0.03929464633648212 0.015496033888596755 0.015266620195828952
0 0.47518080931443435 0.22055631417494553 0.02594625032865084 0.025850882897010215
0 0.6862065241887019 0.07170254450577956 0.02888033940241887 0.029025169519277718
0 0.9549053632296048 0.8723566348736103 0.02084042475773738 0.021003576425405648
0 0.3872833251953125 0.3320324237530048 0.016741825984074518 0.01659422654371995
0 0.8106756943922776 0.7578148475060096 0.01666993361253005 0.0166470454289363
0 0.8951355127187876 0.4998680261465219 0.01861088092510517 0.018642718975360576
0 0.9581869565523587 0.11530901835514949 0.023355924166165866 0.023299198884230394
0 0.3398452905508188 0.24356897060687727 0.11944059225229117 0.11630384738628681
0 0.36058939420259917 0.35874227377084583 0.01755105532132662 0.01748833289513221
0 0.42935947271493763 0.4904674016512357 0.13798640324519232 0.14119485708383414
0 0.7085076845609225 0.8028315030611478 0.017515916090745192 0.01749082712026743
0 0.1222370587862455 0.6655503786527194 0.018201314485990085 0.018390948955829326
0 0.6834658109224759 0.9078565010657678 0.028744917649489183 0.02859775836651142
0 0.5923284383920523 0.6051573753356934 0.1488502209003155 0.15047022012563852
0 0.8042074350210336 0.6854887008666992 0.023090362548828125 0.023261583768404447
0 0.717324110177847 0.8403568267822266 0.016318247868464544 0.01634040245643029
0 0.2654450856722318 0.985465563260592 0.02601799598106971 0.024460425743689902
0 0.4543950374309833 0.44033101888803333 0.019146259014423076 0.018964474017803486
0 0.9645288907564603 0.14068917127755973 0.02854787386380709 0.02965747393094576
0 0.09134193567129281 0.09883003968458909 0.017890104880699746 0.017765595362736628
0 0.7088529146634616 0.8723974961500901 0.022761711707481973 0.023076864389272835
0 0.675671650813176 0.5047830434945914 0.019225487342247598 0.01938519111046424
0 0.7689517094538763 0.7983344151423528 0.028488746056189902 0.028727604792668268
0 0.5411382088294396 0.20738577842712402 0.020660987267127402 0.020531287560096152
0 0.5478182572584885 0.5626596670884353 0.01691920940692608 0.016736177297738884
0 0.27174100509056676 0.9606131040132962 0.024172122661884014 0.02439293494591346
0 0.32208945200993466 0.20029467802781326 0.023387688856858473 0.023468897892878607
0 0.8783669104942908 0.47785186767578125 0.017988938551682692 0.018053054809570312
0 0.3145315096928523 0.6514689372136042 0.025591263404259317 0.02579322228064904
0 0.44934632227971005 0.48179072600144607 0.018517714280348558 0.018365933344914362
0 0.1790001392364502 0.8381099700927734 0.015399822821983924 0.015175746037409855
0 0.7931289672851562 0.7049982364361103 0.017810234656700723 0.01775976327749399
0 0.9251104501577524 0.8082766899695764 0.015686622032752402 0.01561282231257512
0 0.04109541269449087 0.6622856580294095 0.022581542913730327 0.021970748901367188
0 0.6278049762432392 0.9411015143761268 0.024521754338191107 0.024700458233173076
0 0.0992416051717905 0.9136320994450495 0.03077525358933669 0.03136444091796875
0 0.16011194082406852 0.07172875679456271 0.01668857611142672 0.016675628148592435
0 0.06462671206547664 0.08509347989008977 0.021211981773376465 0.021016299724578857
0 0.9168272018432617 0.6658329596886268 0.023133204533503607 0.023220942570612982
0 0.43282508850097656 0.29874548545250523 0.1447762709397536 0.14581071413480318
0 0.4281257482675406 0.8678684968214768 0.015735626220703125 0.015902299147385817
0 0.8383084810697116 0.3230898196880634 0.03507775526780348 0.034894814858069785
0 0.9087809049166166 0.53898862692026 0.015181614802433895 0.015380565936748799
0 0.740971198448768 0.6482408963716947 0.026729877178485576 0.026842557466947116
0 0.08661770820617676 0.8595545842097356 0.017512101393479567 0.01729099567119892
0 0.4420669995821439 0.9453530678382287 0.015867966871995192 0.016069558950570915
0 0.16724447103647086 0.2942618223337027 0.024155910198505107 0.024395209092360277
0 0.5092219572800857 0.7180313697228065 0.01630093501164363 0.01614834712101863
0 0.34273800483116734 0.7538127165574294 0.0163266108586238 0.01664425776554988
0 0.3175450838529147 0.62267516209529 0.014551309438852163 0.014687024630033053
0 0.5169197962834284 0.6724699460543119 0.08393507737379807 0.08476932232196514
0 0.817656737107497 0.7955799102783203 0.020396305964543268 0.02049988966721755
0 0.776730830852802 0.7861686119666467 0.019756904015174277 0.01972051767202524
0 0.4992009676419772 0.18082251915564904 0.0201571537898137 0.020424622755784255
0 0.22656855216393104 0.7521440065824069 0.015517674959622897 0.015363546518179087
0 0.16853769008929914 0.4847854467538687 0.014418381911057692 0.01443928938645583
0 0.8107117872971755 0.7347424580500677 0.016663771409254808 0.016487855177659255
0 0.8581003042367789 0.2077808380126953 0.019167680006760817 0.01944285172682542
0 0.813267707824707 0.5161808087275579 0.01883565462552584 0.018655703617976263
0 0.5593457221984863 0.4624447822570801 0.01523758814885066 0.015232232900766226
0 0.7057102643526517 0.04391011366477379 0.01963072556715745 0.019343917186443623
0 0.5335584787222055 0.9272845341609075 0.015277275672325721 0.015514080341045674
0 0.4034800896277794 0.9420844591580905 0.013879115764911357 0.013848818265474759
0 0.6128442470843976 0.903714106633113 0.019167239849384014 0.019863128662109375
0 0.14722914879138654 0.4028166257418119 0.014476611064030575 0.014327122614933895
0 0.5108263675983136 0.9360065460205078 0.015721981342022236 0.01570892333984375
0 0.09164197628314678 0.4425695492671086 0.1379395998441256 0.15067137204683745
0 0.6848514997042142 0.7687608278714694 0.01497356708233173 0.014684090247521034
0 0.7385171743539664 0.23226030056293195 0.01645631056565505 0.016370516556959886
0 0.4389624228844276 0.9724391790536734 0.0150602780855619 0.014977675217848558
0 0.6076918015113244 0.37026225603543794 0.01483616462120643 0.014927350557767428
0 0.937203627366286 0.2476335305434007 0.01631751427283654 0.016825089087853067
0 0.9709544548621545 0.7103410867544321 0.013104071983924279 0.017426123985877402
0 0.8978379322932317 0.2018580803504357 0.01969777620755709 0.019750191615178034
0 0.040094393950242266 0.722380124605619 0.02002255733196552 0.020159794734074518
0 0.9678550133338342 0.4447799462538499 0.019506014310396634 0.028455294095552884
0 0.7440294119027945 0.64947693164532 0.018915323110727165 0.01998739976149339
0 0.8181532346285306 0.798632548405574 0.017497429480919473 0.017177581787109375
0 0.35631311856783354 0.3262111223660983 0.18241229424109826 0.19968179556039664
0 0.6008881055391752 0.278685789841872 0.16709533104529747 0.16411326481745794
0 0.8077983122605544 0.168533416894766 0.014723851130558895 0.014682879814734826
0 0.7053114084097055 0.8697955791766827 0.025944929856520433 0.024961031400240384
0 0.6909575095543494 0.788108385526217 0.014730746929462139 0.014942462627704326
0 0.5067096123328576 0.6990871429443359 0.015395384568434495 0.015256148118239183
0 0.14966004628401536 0.9721364974975586 0.01716157106252817 0.016555345975435697
0 0.35958081025343674 0.9629631042480469 0.015142000638521634 0.014907250037560096
0 0.37035274505615234 0.6240893143873948 0.016243861271784857 0.016407599815955527
0 0.7443017225999099 0.7080210172213041 0.015931349534254808 0.015770545372596152
0 0.8000357701228216 0.7788279606745794 0.014335045447716346 0.014141669640174279
0 0.4431308599618765 0.2851841633136456 0.11922689584585336 0.11719432243934044
0 0.03115646426494305 0.49630473210261417 0.01714414358139038 0.02852623279278095
0 0.569363520695613 0.11639558351956882 0.022373346182016227 0.02181874788724459
