0 0.27893391022315395 0.47045531639686 0.10409931036142203 0.10444010221041165
0 0.4970802894005409 0.2760957204378568 0.058660653921274036 0.05855971116286058
0 0.6289089643038236 0.971169691819411 0.06472176771897536 0.05319712712214543
0 0.33399347158578724 0.2887107408963717 0.05103522080641527 0.050901559682992786
0 0.17646250357994667 0.41695499420166016 0.03888621697059044 0.06352571340707633
0 0.39511629251333386 0.652796011704665 0.04821513249323918 0.0479121574988732
0 0.34264813936673677 0.4479150405296913 0.030283561119666465 0.030230155357947715
0 0.20408212221585786 0.09533373209146354 0.019951526935283955 0.019963869681725137
0 0.19215002426734337 0.3006560252262996 0.018686477954571065 0.018695831298828125
0 0.42585864433875453 0.24603667626014122 0.022165445181039665 0.0221408330477201
0 0.1710365735567533 0.3568282860975999 0.022168673001802884 0.0221560551570012
0 0.6918402451735276 0.6593975654015174 0.05112251868614784 0.05083260169396034
0 0.23902078775259164 0.26816430458655727 0.02077828920804537 0.020955599271334134
0 0.7321193401630108 0.8071740223811223 0.03143457266000601 0.0314784416785607
0 0.38614614193256086 0.413329711327186 0.017031302818885215 0.01706724900465745
0 0.37366243509145886 0.7055971439068134 0.03587825481708233 0.035762786865234375
0 0.7147149306077224 0.09289444409883939 0.022331971388596755 0.022435408372145433
0 0.21505443866436297 0.5219461000882663 0.020114678602952223 0.01987317892221304
0 0.4273058084341196 0.6234169006347656 0.01753865755521334 0.017373341780442458
0 0.5539934451763446 0.4043620182917668 0.021038202139047477 0.021140465369591348
0 0.8247265448937049 0.892596171452449 0.043909513033353366 0.06666344862717849
0 0.35827900813176083 0.2781785818246695 0.01758149953988882 0.017359366783728965
0 0.8081238086407001 0.9303828752957858 0.05347442626953125 0.053277235764723554
0 0.8007617363562951 0.7694480602557843 0.028659820556640625 0.028698847844050482
0 0.7481252230130709 0.13017830481896034 0.02548379164475661 0.025553409869854268
0 0.46265360025259167 0.06763574710259071 0.024432549109825723 0.024408633892352764
0 0.701682604276217 0.8726872664231521 0.06120505699744591 0.060149119450495794
0 0.5982228425832895 0.8462914686936599 0.07926067939171424 0.07947598970853366
0 0.2731453822209285 0.5730488116924579 0.09044163043682392 0.09176122225247897
0 0.6272483972402719 0.3902919109051044 0.0519403310922476 0.0518186275775616
0 0.7360412891094501 0.006427064538002014 0.0169979975773738 0.011937771852199849
0 0.3571874178372897 0.7996345666738657 0.016933147723858174 0.01678158686711238
0 0.48235570467435396 0.5337807581974909 0.030257151677058294 0.030377754798302285
0 0.5527326143704928 0.2433337431687575 0.019210962148813102 0.019217931307279147
0 0.7106467026930589 0.8240808340219351 0.016923904418945312 0.016963958740234375
0 0.4026594895582933 0.46551836453951323 0.024188408484825723 0.024363004244290866
0 0.6516559307391827 0.09164089422959548 0.016027303842397835 0.016131162643432617
0 0.6345118742722732 0.6322296582735502 0.06009674072265625 0.059497979971078724
0 0.38583865532508266 0.2747950920691857 0.015843318058894232 0.016029504629281852
0 0.4503794083228478 0.07535264125237098 0.022052691533015326 0.021790816233708307
0 0.7081370720496545 0.12379980087280273 0.015887920673076924 0.015948148874136116
0 0.35792094010573167 0.08752751350402832 0.014911358173076924 0.015044249021089993
0 0.6516617261446439 0.04968614761645977 0.015376751239483174 0.015517840018639198
0 0.4542041558485765 0.29525052584134615 0.014937914334810697 0.015086027292104868
0 0.5742541826688327 0.13578382822183463 0.015999500568096455 0.01596514995281513
0 0.5663067010732797 0.7134688450739934 0.015291727506197415 0.015375577486478366
0 0.4252736018254207 0.6918308551494892 0.015203035794771634 0.0152130126953125
0 0.7138409247765174 0.9684852453378531 0.015653170072115384 0.015725209162785456
0 0.551341020143949 0.3356954868023212 0.01803288092980018 0.018263816833496094
0 0.5007827098552997 0.016519498366575975 0.01688722463754507 0.01695849345280574
0 0.5406530086810772 0.9032760033240685 0.05077494107759916 0.050530653733473554
0 0.5050243964562049 0.941214341383714 0.015516868004432091 0.01577142568734976
0 0.7775266353900616 0.35058087569016677 0.016354927649864785 0.01644266568697416
0 0.5605813539945163 0.16903040959284857 0.014506706824669471 0.014397914593036357
0 0.25661772948045 0.18904731823847845 0.014865838564359225 0.014907250037560096
0 0.18932712995089018 0.8015337723952073 0.015294735248272236 0.015299576979417067
0 0.25815640963040865 0.12513845700484055 0.015947268559382513 0.015903766338641826
0 0.3669735835148738 0.49296709207388073 0.022590197049654447 0.02226404043344351
0 0.3255878962003268 0.23657813439002404 0.021476598886343148 0.02162959025456355
0 0.35573526529165417 0.21106389852670523 0.01633284642146184 0.016422491807204027
0 0.5816574830275315 0.06423040536733773 0.013855420626126803 0.014041588856623722
0 0.5916933279771072 0.6103101510267991 0.030798838688777044 0.030095540560208835
0 0.2567132803109976 0.36907848945030797 0.013484661395733174 0.013505495511568509
0 0.4552825414217435 0.07252582219930795 0.027496851407564603 0.025823501440194938
0 0.22800790346585786 0.35622182259192836 0.017475164853609525 0.01765610621525691
0 0.42042728570791393 0.0178761390539316 0.01416624509371244 0.013985661359933706
0 0.36411263392521787 0.4916401643019456 0.01730764829195463 0.017864227294921875
0 0.656224617591271 0.9229026207557092 0.048150282639723554 0.04735565185546875
0 0.5943871278029221 0.6688198676476111 0.014960068922776442 0.015484149639423076
0 0.3818172308114859 0.786888415996845 0.06988378671499398 0.06945448655348557
0 0.45002108353834885 0.10802650451660156 0.014391825749323918 0.014238797701322116
0 0.41055895731999326 0.05250773063072792 0.01555479489839994 0.015427846174973708
0 0.3995786446791429 0.4449491500854492 0.018638464120718148 0.018614548903245192
0 0.34267740983229417 0.3802903982309195 0.013296274038461538 0.013398317190317007
0 0.6561486904437726 0.8204238598163311 0.044196789081280045 0.04441363994891827
