0 0.5829288776104267 0.4852325732891376 0.22878720210148737 0.23086093022273138
0 0.2154228137089656 0.3567050053523137 0.07483328305757962 0.07459185673640324
0 0.2812852676098163 0.7538171181311975 0.03627212230975811 0.03649271451509916
0 0.14061006215902475 0.1167301214658297 0.05927172073951134 0.09091571661142203
0 0.8658655606783353 0.10878704144404484 0.04141499445988582 0.050310299946711615
0 0.18751250780545747 0.6103217418377216 0.02016140864445613 0.020138006943922777
0 0.15982957986684945 0.7058244851919321 0.0889132206256573 0.09498332096980168
0 0.13527133831611046 0.5725551018348107 0.03262998507573055 0.03259079272930439
0 0.37739137502817005 0.9438794943002554 0.04602622985839844 0.04558005699744591
0 0.17729700528658354 0.8127533839299128 0.02749809852013221 0.027264815110426683
0 0.2558322319617638 0.6283378601074219 0.11375639988825871 0.11361488929161659
0 0.725886711707482 0.3790447161747859 0.0286251948429988 0.028379293588491585
0 0.8583071048443134 0.7854597385113056 0.02090145991398738 0.020848200871394232
0 0.29982343086829555 0.6148256888756385 0.03096184363731971 0.03101524939903846
0 0.3217812684866098 0.016226877386753377 0.031874583317683294 0.03032872539300185
0 0.8732566833496094 0.4727312234731821 0.02553103520320012 0.030974168043870192
0 0.22263699311476487 0.8000398782583383 0.08661570915809044 0.08444477961613582
0 0.7968526253333459 0.7009809934175931 0.0270846440241887 0.0269772456242488
0 0.18655498211200422 0.6590031843919021 0.018616162813626803 0.018537374643179085
0 0.5128495143010066 0.04664037777827336 0.07282814612755409 0.07274910119863656
0 0.13149246802696815 0.2291436745570256 0.018316012162428636 0.018048616556020882
0 0.5720002834613507 0.1586139752314641 0.07355323204627404 0.07478813024667594
0 0.33282206608698917 0.7154885805570163 0.01939854255089393 0.01980458773099459
0 0.8024022762592022 0.3538967279287485 0.017362154447115384 0.017279771658090446
0 0.2236615144289457 0.28348779678344727 0.06483565844022311 0.0648205830500676
0 0.2364200812119704 0.7725932781512921 0.030973507807804987 0.031248826246995192
0 0.16018137565025917 0.01484462389579186 0.03735183752500094 0.02816767875964825
0 0.8744776799128606 0.5619012759282038 0.019663003774789665 0.024689967815692607
0 0.7231769561767578 0.009492973868663494 0.017650604248046875 0.017017052723811224
0 0.7015225337101862 0.43301002795879656 0.01654991736778846 0.016470982478215143
0 0.34982112737802357 0.281062309558575 0.020638245802659255 0.02074586428128756
0 0.8414613283597506 0.979983403132512 0.029683479895958535 0.029506976787860576
0 0.7732822711651142 0.6837570483867939 0.024368873009314902 0.024524688720703125
0 0.14704060554504395 0.8352666267981896 0.017481143657977764 0.017386949979341947
0 0.3431878089904785 0.6377931741567758 0.023050748384915866 0.023395538330078125
0 0.1291499504676232 0.9702072143554688 0.018966528085561898 0.0188601567195012
0 0.16323562768789437 0.7232858217679538 0.01552750514103816 0.015487377460186299
0 0.8179416656494141 0.6169361701378455 0.0163421630859375 0.01641420217660757
0 0.22598598553584173 0.9140965388371394 0.015399859501765324 0.015409909761868991
0 0.2008235637958233 0.17210824672992414 0.018924566415640023 0.019351885868952826
0 0.8612329776470478 0.45398807525634766 0.01828134976900541 0.018257727989783652
0 0.3354984430166391 0.6610431671142578 0.01899865957406851 0.019054119403545674
0 0.16987285247215858 0.980669901921199 0.018927757556621846 0.019191448505108174
0 0.23686651083139273 0.7090338927048904 0.016855606665978067 0.016825749323918268
0 0.37815380096435547 0.6174255517812876 0.017301412729116585 0.01773995619553786
0 0.3759923348060021 0.6167149176964393 0.020666122436523438 0.02068930405836839
0 0.8337628291203425 0.16082369364224947 0.057312305157001205 0.05729466218214769
0 0.4541785166813777 0.3379795734698956 0.014951999370868389 0.014961169316218449
0 0.23362427491408128 0.6703522021953876 0.056359511155348554 0.05735015869140625
0 0.622892453120305 0.66552367577186 0.024101404043344352 0.024035527155949518
0 0.8241872053879958 0.4163348858173077 0.05966509305513822 0.06101388197678786
0 0.5494646659264197 0.0907137027153602 0.036545093242938705 0.036516230839949385
0 0.24816201283381537 0.9125175476074219 0.01875022741464468 0.018819662240835335
0 0.7051657163179837 0.3020802644582895 0.3280666424677922 0.3109593758216271
0 0.1567228390620305 0.0661077407690195 0.07926394389225887 0.07854628562927246
0 0.20831368519709662 0.02449838243998014 0.07053221189058743 0.047323955939366266
0 0.7246432671180139 0.48598047403188854 0.08506452120267428 0.08586370027982272
0 0.15994752370394194 0.7839898329514724 0.01560669678908128 0.015772599440354567
0 0.5362522418682392 0.02517898495380695 0.030479871309720553 0.03062530205799983
0 0.6404615548940805 0.13153818937448356 0.014225152822641226 0.014599983508770283
0 0.16114132220928484 0.725349499629094 0.02461444414578951 0.023142887995793268
0 0.15627259474534255 0.32114304029024565 0.08999160619882438 0.12606217310978815
0 0.2045269012451172 0.5832185745239258 0.015527725219726562 0.015695571899414062
0 0.1788667898911696 0.5024888698871319 0.016102937551645134 0.01602480961726262
0 0.23323400203998274 0.8404866732083834 0.015094610360952524 0.015101066002478966
0 0.7281409043532151 0.6472162099984976 0.022700089674729567 0.022461084219125602
0 0.788871324979342 0.31579116674569935 0.1973293011005108 0.2530308503371019
0 0.16444642727191633 0.857147950392503 0.014087897080641527 0.014285454383263221
0 0.28038646624638486 0.7915467482346755 0.01797041526207557 0.01753851083608774
