0 0.09731171681330754 0.40631837111253005 0.1306272286635179 0.20844129415658805
0 0.8628534170297476 0.852020263671875 0.05613796527569111 0.056724841778094955
0 0.293181822850154 0.08380711995638333 0.0570377936730018 0.05710179989154522
0 0.8027892479529748 0.8310518998366135 0.042891282301682696 0.042756300706129804
0 0.713960207425631 0.9173262669489934 0.04019986666165865 0.04019517164963942
0 0.2789228879488431 0.9696606856126052 0.027075804196871243 0.026965801532451924
0 0.4149013666006235 0.861537346473107 0.03725169255183293 0.03737376286433293
0 0.6804293118990384 0.32664379706749547 0.050184396597055286 0.050644287696251504
0 0.34520127223088193 0.42149983919583833 0.02070955129770132 0.020846000084510215
0 0.31502657670241135 0.5171018380385178 0.02244905325082632 0.022380902216984674
0 0.38150713993952823 0.1530175392444317 0.025397520798903245 0.02553551013653095
0 0.21632997806255633 0.7045321831336389 0.022570389967698317 0.022860600398137018
0 0.8135628333458533 0.6314500661996695 0.02596869835486779 0.025922335111177884
0 0.7651945260854868 0.24494515932523286 0.018645653357872598 0.01856858913715069
0 0.38199421075674206 0.10457294720869797 0.0835864727313702 0.08470107958867
0 0.09641739038320687 0.08810622875507061 0.021402615767258864 0.021655852978046123
0 0.9570938990666316 0.7458168176504282 0.02078100351186899 0.021085445697490986
0 0.3792131864107572 0.7136397728553185 0.01756565387432392 0.017827547513521634
0 0.2987091357891376 0.533163804274339 0.02043489309457632 0.020381780771108773
0 0.3514376420241136 0.5662682606623723 0.04063995067889874 0.041098374586838946
0 0.4000156842745267 0.17247851078326887 0.028793775118314303 0.029011102823110726
0 0.17403345841627854 0.2939742161677434 0.021521715017465446 0.021595588097205527
0 0.7574929457444411 0.8507829079261193 0.023500882662259616 0.023511886596679688
0 0.09455726696894719 0.1601277864896334 0.051738046682797946 0.05204648237961989
0 0.7499125554011419 0.9031622960017278 0.04308744577261118 0.04377541175255409
0 0.8478028957660382 0.9398987109844501 0.02656892629770132 0.026692023644080527
0 0.48612059079683745 0.9480825570913461 0.024392127990722656 0.024333073542668268
0 0.5088594143207257 0.8134626241830679 0.029410288884089544 0.02986321082481971
0 0.48203747089092547 0.23775320786696214 0.029412049513596755 0.029372582068810098
0 0.9216491992657001 0.32999581557053786 0.03130340576171875 0.03115558624267578
0 0.6237248640794021 0.9096929110013522 0.0246579096867488 0.024808150071364183
0 0.2343606948852539 0.9709223233736478 0.02065145052396334 0.020715713500976562
0 0.8036828407874475 0.4812269944411058 0.018055255596454326 0.01820527590238131
0 0.7732315063476562 0.4264340033897987 0.04129996666541466 0.041131239670973554
0 0.7925168550931491 0.28073958250192493 0.018535027137169473 0.01881698461679312
0 0.6868586907019982 0.6486175243671124 0.02284416785606971 0.022730020376352165
0 0.8697903706477239 0.9223439876849835 0.018026351928710938 0.018120252169095553
0 0.5411017124469464 0.703364005455604 0.0220639155461238 0.02228575486403245
0 0.8360924353966346 0.3946054165179913 0.017850875854492188 0.017817277174729567
0 0.808161368736854 0.8779052587655874 0.0171511723445012 0.017108917236328125
0 0.5697033221905048 0.3616940424992488 0.02035346397986779 0.020456607525165264
0 0.37231834118182844 0.60739777638362 0.049064929668719955 0.048743101266714245
0 0.05807073299701397 0.9525967377882737 0.028508864916287936 0.028158187866210938
0 0.09503560799818772 0.2709943147806021 0.017691758962777946 0.017786649557260368
0 0.9338870415320764 0.6406851548414964 0.03486486581655649 0.03471682621882512
0 0.12230333915123573 0.597930541405311 0.0195615474994366 0.019650385929987982
0 0.7619832845834585 0.48351317185621995 0.020261617807241585 0.0202334477351262
0 0.5871660892780011 0.7308801504281851 0.025549008296086237 0.025398841271033652
0 0.3262451978830191 0.5782378636873685 0.016040948721078727 0.016226841853215143
0 0.5679162098811223 0.9292906981248122 0.017429058368389424 0.017321659968449518
0 0.3620148438673753 0.8441668290358323 0.01647332998422476 0.016296973595252402
0 0.22479730386000413 0.05657328092134916 0.023531656998854417 0.02338563478910006
0 0.82141846876878 0.2603952701275165 0.024397629957932692 0.024377749516413763
0 0.7264914879432092 0.6984703357403095 0.030709486741286058 0.030673393836388223
0 0.15021163683671218 0.7411342767568735 0.016082598612858698 0.01614247835599459
0 0.7054579808161809 0.7395404668954703 0.02693792489858774 0.02696389418381911
0 0.6703761907724234 0.44483316861666167 0.036667163555438705 0.03675240736741286
0 0.5207658547621506 0.919465578519381 0.01742091545691857 0.017374772291917067
0 0.867187133202186 0.21308319385235125 0.09718498816856971 0.09779145167424129
0 0.09209752082824707 0.7430524092454177 0.0200194945702186 0.019858286930964544
0 0.438260738666241 0.9700076763446515 0.019943970900315505 0.020198528583233174
0 0.7823411501370944 0.38654184341430664 0.028583233173076924 0.028892003572904147
0 0.11523897831256573 0.20450364626370943 0.015237147991473857 0.0154420045705942
0 0.26093185864962065 0.3807092813345102 0.01555307094867413 0.01585534902719351
0 0.5880855413583609 0.8059823696429913 0.027470515324519232 0.027377201960637018
0 0.22536673912635216 0.9394867236797626 0.0322880378136268 0.032960158128004804
0 0.7012349642240084 0.8135255666879507 0.0194705082820012 0.019391573392427884
0 0.8164196014404297 0.2879336430476262 0.024119743934044473 0.02415011479304387
0 0.04473544084108793 0.8549704918494592 0.017160124503649198 0.01687167241023137
0 0.17418593626755935 0.9614042135385367 0.028393672062800482 0.02893242469200721
0 0.46440880115215594 0.9687186021071214 0.014581093421349159 0.014648730938251201
0 0.9022926917442908 0.40285943104670596 0.05033669104942909 0.05018307612492488
0 0.05723053216934204 0.0391813195668734 0.018038630485534668 0.018297461362985466
0 0.22581830391517052 0.9911079406738281 0.039951324462890625 0.017120361328125
0 0.7490477195152869 0.3320799240699181 0.03005805382361779 0.029923439025878906
0 0.9207310309776893 0.9834239666278546 0.038788135235126205 0.02897497323843149
0 0.24945503014784592 0.9269325549785907 0.029560089111328125 0.030140803410456732
0 0.519950426541842 0.8795503469613882 0.022519625150240384 0.02273735633263221
0 0.31963253021240234 0.73572510939378 0.01643518301156851 0.01649328378530649
0 0.1990211926973783 0.3377378903902494 0.01468357673058143 0.014601634098933293
0 0.8605896876408503 0.5180566494281476 0.015620011549729567 0.015481288616473857
0 0.7642655739417443 0.2940181585458609 0.014723264254056491 0.014787747309758114
0 0.16141880475557768 0.941733140211839 0.01942139405470628 0.019493983342097357
0 0.26665493158193737 0.11772854511554424 0.017574787139892578 0.017704193408672627
0 0.69145444723276 0.6992488274207482 0.015999573927659255 0.01593633798452524
0 0.3190416922936073 0.2960321353032039 0.02059334975022536 0.020760169396033652
0 0.6716748751126803 0.97820861522968 0.018767136793870192 0.018966234647310697
0 0.8250486667339618 0.3422134839571439 0.017772087684044473 0.017831802368164062
0 0.6158238924466647 0.6319757608266977 0.10824170479407677 0.10817428735586312
0 0.07821345329284668 0.13067480233999398 0.045012290661151595 0.044147454775296725
0 0.8758643223689153 0.340907830458421 0.016291691706730768 0.01642271188589243
0 0.5100231170654297 0.7997998457688552 0.015576656048114482 0.01553814227764423
0 0.6372825915996845 0.8300996927114633 0.0635236593393179 0.064727783203125
0 0.28500810036292445 0.5891058995173528 0.01418913327730619 0.014228087205153245
0 0.44838945682232195 0.5981723712040827 0.0240017817570613 0.02397632598876953
0 0.5220010097210224 0.854157227736253 0.024356915400578424 0.024077195387620192
0 0.37472328772911656 0.5959434509277344 0.014242318960336538 0.015176479633037861
0 0.5792023585392878 0.7114278353177584 0.015324079073392428 0.01531219482421875
0 0.5133840854351337 0.3333742435161884 0.018379651583158053 0.01837891798753005
0 0.3838655031644381 0.22461397831256574 0.01514904315655048 0.01554401104266827
0 0.19956698784461388 0.9619695223294772 0.015717139610877402 0.0156707763671875
0 0.758627671461839 0.8064253880427434 0.015044872577373799 0.014977821936974159
0 0.5538936028113732 0.605139842400184 0.015039297250600962 0.01488509544959435
0 0.07816963929396409 0.1080640646127554 0.02326426597741934 0.02332139015197754
0 0.9120078453650842 0.8251656752366286 0.014546907865084134 0.014765225923978366
0 0.13705002344571626 0.5194781376765325 0.016200450750497673 0.016434742854191706
0 0.22608148134671724 0.16223885462834284 0.019845962524414062 0.02008207027728741
0 0.5787902245154748 0.7522349724402795 0.015970230102539062 0.016161991999699518
0 0.774925525371845 0.818539546086238 0.01757988562950721 0.017573429987980768
0 0.7946972480187049 0.25425954965444714 0.013886084923377404 0.014155754676231971
0 0.17334585923414964 0.19484332891610953 0.016266235938439004 0.016316340519831732
0 0.8694730905386118 0.9647133166973407 0.03260098970853365 0.03203861530010517
0 0.8807594592754657 0.9387490199162409 0.02139766399676983 0.021412189190204326
0 0.28313376353337216 0.5390111483060397 0.015290627112755409 0.015222256000225361
0 0.09486633080702561 0.28572841791006237 0.01359726832463191 0.01389327416053185
0 0.948346211360051 0.7010980752798227 0.03805263225848858 0.05683414752666767
0 0.7041634779710036 0.7115462376521184 0.022663703331580527 0.02304869431715745
0 0.7310364062969501 0.8313942689162034 0.014809535099909855 0.014516096848707933
0 0.3527706586397611 0.6736811124361478 0.05154917790339543 0.05093662555401142
0 0.8255144999577448 0.23977496073796198 0.019304862389197715 0.019281974205603965
0 0.7180860959566556 0.33466313435481143 0.024952228252704326 0.024922664348895732
0 0.8683077005239633 0.804404038649339 0.01764855018028846 0.017741863544170674
0 0.06522994775038499 0.6686421907865084 0.021288303228525016 0.021645179161658652
0 0.047802017285273626 0.37475868371816784 0.015505075454711914 0.015588100139911357
0 0.1537336569565993 0.9019072606013372 0.044006751133845404 0.04310314471905048
0 0.5862099574162409 0.8096617185152494 0.021084418663611777 0.022176595834585335
0 0.2843922284933237 0.659208737886869 0.013754881345308743 0.013722052940955529
0 0.855036368736854 0.2630648612976074 0.018049973707932692 0.01801754878117488
0 0.29898524284362793 0.00821438145179015 0.025357796595646784 0.015416804414529067
0 0.39504480361938477 0.9041347503662109 0.01582167698786809 0.015599764310396634
0 0.5530462265014648 0.7360239028930664 0.015422821044921875 0.015324079073392428
0 0.8366248791034405 0.8777263347919171 0.01864770742563101 0.018855901864858773
0 0.4667934271005484 0.892151612501878 0.013610252967247596 0.013892540564903846
0 0.265163018153264 0.6067503782419058 0.014145704416128306 0.014162870553823618
0 0.8401054969200721 0.3105930181650015 0.027590238131009616 0.027490542485163763
0 0.345917481642503 0.707070570725661 0.024243648235614482 0.02427042447603666
0 0.08454388838547927 0.5944502170269306 0.024861707137181208 0.024757531973031852
0 0.7870277258066031 0.9126039651724008 0.03434415963979868 0.034976959228515625
0 0.3005473797137921 0.19292317903958833 0.07527498098520133 0.07631980455838717
0 0.1841439650608943 0.3641562828650841 0.014234579526461087 0.01422412578876202
0 0.2541227157299335 0.9234630878155048 0.024965653052696817 0.02558106642503005
0 0.7864171541654147 0.2435289162855882 0.014327709491436299 0.014243345994215745
0 0.25778759442842925 0.75916260939378 0.026067697084867038 0.026304978590745192
0 0.47969587032611555 0.8361892700195312 0.013557947598970853 0.013510777400090145
0 0.26122151888333833 0.6413412827711839 0.022429796365591195 0.022328303410456732
0 0.48522589756892276 0.40635292346660906 0.014885388887845553 0.015227684607872596
0 0.49216758287869966 0.5905568783099835 0.014070804302509014 0.014147685124323918
0 0.09531683188218337 0.9811129936805139 0.03384700188269982 0.0330352783203125
0 0.7272233963012695 0.3490330622746394 0.015941473153921273 0.015876916738656852
0 0.2564219328073355 0.9218533589289739 0.019753309396597054 0.020768092228816107
0 0.12974446553450364 0.22682830003591684 0.014524514858539287 0.014634315784160908
