0 0.22646698584923378 0.028362618042872503 0.06744722219613883 0.05578316175020658
0 0.9460242344782903 0.8093718015230619 0.07970017653245193 0.08234405517578125
0 0.9103733943058894 0.6078964746915377 0.05745374239408053 0.05703126467191256
0 0.5661771480853741 0.048976320486802324 0.05120372772216797 0.05093104105729323
0 0.5835018891554612 0.32141894560593826 0.05937678997333233 0.05951734689565805
0 0.9119805556077224 0.027267009019851685 0.03870098407451923 0.0383332921908452
0 0.6534577883206881 0.21896686920752892 0.047530834491436295 0.04695870326115535
0 0.7266682844895583 0.027908902901869554 0.03804353567270132 0.03781382854168232
0 0.9392154400165265 0.34292712578406703 0.04722169729379507 0.047707631037785456
0 0.8939118018517127 0.14529985647935134 0.030426025390625 0.030423787923959587
0 0.7775008128239558 0.09652423858642578 0.027079215416541465 0.027317597315861628
0 0.09817083982320932 0.7017332223745493 0.03225577794588529 0.032733770517202526
0 0.27259331483107346 0.14820043857281023 0.03428862645075871 0.034179394061748795
0 0.9694552788367639 0.3999536954439603 0.03473795377291166 0.03728617154634916
0 0.2013869835780217 0.8538594612708459 0.022966751685509317 0.023089482234074518
0 0.9332562960111178 0.06246504416832557 0.030056293194110576 0.03027004462022048
0 0.7691612243652344 0.508818846482497 0.02364173302283654 0.023758081289438102
0 0.20617246627807617 0.2884358259347769 0.024094654963566706 0.024341876690204326
0 0.8611120077279898 0.1427049728540274 0.025484525240384616 0.025462242273183968
0 0.9233892880953275 0.3134319232060359 0.027677095853365384 0.027516291691706732
0 0.0978070405813364 0.7991395363440881 0.030124187469482422 0.03039242671086238
0 0.5591168036827674 0.2522420883178711 0.03230564410869892 0.0324554810157189
0 0.47693854111891526 0.9439422900860126 0.03685452387883113 0.03666070791391226
0 0.9450844984788161 0.16141031338618353 0.020573249230018027 0.02065134048461914
0 0.8730636743398813 0.2831570551945613 0.0194241450383113 0.019460678100585938
0 0.6597143319936899 0.3260807624230018 0.018224569467397835 0.01824012169471154
0 0.8974217634934646 0.663858046898475 0.023296356201171875 0.023328047532301683
0 0.6052169799804688 0.15513873100280762 0.03384868915264423 0.03417051755464994
0 0.6852728036733774 0.8317733177771935 0.024615654578575723 0.024871826171875
0 0.6379040938157302 0.11573531077458309 0.02129950890174279 0.021361717810997598
0 0.6771543942964994 0.9350254352276142 0.023906707763671875 0.023856236384465143
0 0.8663710814255935 0.36538028717041016 0.02218965383676382 0.022128765399639424
0 0.9227328667273889 0.43038492936354417 0.019828062791090745 0.019860487717848558
0 0.7799669412466196 0.30747019327603853 0.027691767765925482 0.02755286143376277
0 0.7951737917386569 0.2523304499112643 0.017392085148737982 0.017369490403395433
0 0.0765154636823214 0.19929339335514948 0.06704376294062687 0.06859045762282151
0 0.7262447063739483 0.945709962111253 0.018260075495793268 0.018031780536358174
0 0.4467350152822641 0.11544944689824031 0.026274901169996995 0.026210858271672174
0 0.09732666382422814 0.07646011389218844 0.01812428694504958 0.01814099458547739
0 0.8510343845073993 0.08160836880023663 0.02693044222318209 0.026552782608912542
0 0.44647847689115083 0.13831885961385873 0.022744252131535456 0.022722556040837213
0 0.8250261453481821 0.19298582810621995 0.019953507643479567 0.019751475407527044
0 0.9708609947791467 0.4747012211726262 0.026173224815955527 0.02628810589130108
0 0.7918265416071966 0.393585755274846 0.01875921396108774 0.018866685720590446
0 0.6397907550518329 0.3644145085261418 0.0686940413254958 0.06855326432448167
0 0.9785779806283804 0.11157558514521672 0.021491417518028848 0.02642037318303035
0 0.6172039325420673 0.16951408753028283 0.03815504220815805 0.03791508307823768
0 0.10062146186828613 0.8433083754319411 0.02087677442110502 0.020934471717247598
0 0.8112933819110577 0.17987926189716047 0.028165083665114183 0.028077418987567607
0 0.9618148803710938 0.5455456513624924 0.049248915452223554 0.05836053994985727
0 0.7829867142897385 0.17516856927138108 0.018387427696814902 0.018091972057635967
0 0.17143102792593148 0.29849956585810733 0.02247201479398287 0.022166875692514274
0 0.02977754519535945 0.10727704488314115 0.021088875257051908 0.02104531801663912
0 0.7483225602370042 0.6919084695669321 0.031957773061899036 0.03200619037334736
0 0.7064648408156174 0.21814225270197943 0.02262291541466346 0.02257820276113657
0 0.9684483454777644 0.4327357365534856 0.0222323491023137 0.022408412053034857
0 0.8860119306124173 0.20365238189697266 0.03298333974984976 0.033317309159498945
0 0.7433376312255859 0.214524140724769 0.022170286912184495 0.022226627056415264
0 0.7299503913292518 0.1474680992273184 0.020969977745643027 0.020848732728224535
0 0.5415393389188327 0.17818350058335525 0.02014460930457482 0.020348072052001953
0 0.9481650865994967 0.6725271665132962 0.030711834247295674 0.030397855318509616
0 0.6359099608201247 0.5877788250262921 0.022005668053260215 0.021692862877478965
0 0.025762404386813823 0.8521055808434119 0.02492668078495906 0.02518301743727464
0 0.8762659659752479 0.40529793959397536 0.02024107712965745 0.02024386479304387
0 0.302552553323599 0.9102919651911809 0.2893684827364408 0.17995570256159857
0 0.6379624880277194 0.3061371583205003 0.04764142403235802 0.04813693119929387
0 0.0991060366997352 0.890307353093074 0.025762356244600736 0.025982783390925482
0 0.7001413198617789 0.2615809990809514 0.02919901334322416 0.028510203728309043
0 0.6635306431696966 0.6156162848839393 0.020001044640174277 0.02001615671011118
0 0.4017632557795598 0.12337053739107572 0.01682618948129507 0.01671877274146447
0 0.6913462418776292 0.8006432606623723 0.017581792978140023 0.01773218008188101
0 0.9295786344088041 0.1888111921457144 0.019893059363731973 0.019837452815129206
0 0.468778683589055 0.03861063260298509 0.01635434077336238 0.016305694213280313
0 0.7901438199556791 0.5177502998938928 0.01628288855919471 0.016174903282752402
0 0.8702760843130258 0.18561359552236703 0.015781402587890625 0.0157470703125
0 0.431860300210806 0.7551942238440881 0.029883824861966647 0.02978647672213041
0 0.4262869908259465 0.09833587132967435 0.029472204355093148 0.029627323150634766
0 0.6017004893376277 0.1940902563241812 0.021753898033728965 0.021659484276404746
0 0.791784066420335 0.19771308165330154 0.02232668950007512 0.022567162146935098
0 0.7369732489952674 0.26802539825439453 0.017132098858173076 0.017252555260291465
0 0.46791722224308896 0.10146568371699406 0.0254061772273137 0.025710289294903096
0 0.025124050103701077 0.7703404059776893 0.030416241058936484 0.050862825833834134
0 0.5804987687330979 0.18607422021719125 0.024220833411583535 0.02432845189021184
0 0.6807697002704327 0.3309637216421274 0.03689883305476262 0.03680111811711238
0 0.8822603959303635 0.5079842714162973 0.01505279541015625 0.015281897324782152
0 0.07158899307250977 0.2665252685546875 0.01768359771141639 0.017662781935471755
0 0.8142113318810096 0.11666588599865253 0.02271270751953125 0.022449310009296123
0 0.6607856750488281 0.808866941011869 0.023633810190054085 0.023655231182391826
0 0.5383391747107873 0.06912349737607516 0.025694553668682393 0.02590036392211914
0 0.5528063407311072 0.29544498370243955 0.03287960932804988 0.032718695127047025
0 0.8227541996882513 0.4396256666917067 0.01657412602351262 0.016260220454289362
0 0.06257535402591412 0.7697965181790866 0.022765223796551045 0.02274161118727464
0 0.6487931471604568 0.4760747322669396 0.025474401620718148 0.02573248056265024
0 0.307462765620305 0.09544840225806603 0.05792808532714844 0.059366267461043135
0 0.059727842991168685 0.8213650630070612 0.02139872771043044 0.0211941645695613
0 0.7218590516310471 0.20342129927415115 0.020024519700270433 0.020110056950495794
0 0.7121170484102689 0.2981535838200496 0.033788827749399036 0.033599486717810996
0 0.10318433321439303 0.81579406444843 0.016306987175574668 0.015960253201998197
0 0.04755823428814228 0.7090627963726337 0.01978021401625413 0.01983363811786358
0 0.6838202843299279 0.4637913337120643 0.015886746920072116 0.015829086303710938
0 0.36136759244478667 0.2039948793557974 0.018167715806227464 0.017909856942983773
0 0.09430078359750602 0.9811812180739182 0.021717328291672926 0.02190369826096755
0 0.8156151404747596 0.5390472778907189 0.025997015146108773 0.02649718064528245
0 0.9687865330622747 0.6135389621441181 0.03265997079702524 0.03346853989821214
0 0.7736734977135291 0.2192675883953388 0.01629213186410757 0.015972064091609076
0 0.8861634181096003 0.249297728905311 0.016827950110802285 0.016501756814809945
0 0.5402101003206693 0.20348446185772234 0.022359627943772536 0.02231906010554387
0 0.6797875624436599 0.2941085375272311 0.033779144287109375 0.03358195378230168
0 0.8564104667076697 0.6281200555654672 0.018828612107496995 0.019045903132512018
0 0.11067527991074783 0.9824072030874399 0.016570017887995794 0.016632520235501803
0 0.6213320952195388 0.987887455866887 0.016806529118464544 0.0162506103515625
0 0.7003046916081355 0.9520818270169772 0.024451769315279447 0.02434569138746995
0 0.959667866046612 0.21820860642653245 0.05944604140061598 0.07206366612361027
0 0.23981967339148888 0.8138910440298227 0.025703063377967246 0.02533853971041166
0 0.7996865786038913 0.229797546680157 0.032008978036733776 0.031230779794546273
0 0.7577407543475811 0.4154574687664325 0.0164486811711238 0.016312305743877705
0 0.7482044513408954 0.1618777605203482 0.016748721782977764 0.01692045651949369
0 0.8979579485379733 0.37697498614971453 0.018738673283503607 0.018485582791841947
0 0.09420603972214919 0.9087508274958684 0.019686075357290413 0.01962148226224459
0 0.7924842100877029 0.802888430081881 0.015296642596905049 0.015228271484375
0 0.4458161867581881 0.7161391331599309 0.015381299532376803 0.015405801626352163
0 0.9624536220843976 0.5786100534292368 0.024842482346754808 0.025729252741887018
0 0.31556841043325573 0.134759416946998 0.01931162980886606 0.019356672580425557
0 0.7494949927696815 0.17716290400578424 0.016996236947866585 0.016968543712909404
0 0.15871077317457932 0.022945633301368125 0.0761181666300847 0.04450269845815805
0 0.49651776827298677 0.28991292073176456 0.016032585730919473 0.015976098867563102
0 0.7679077295156626 0.7423136784480169 0.02445558401254507 0.024670527531550482
0 0.977151137131911 0.8372982465303861 0.018137124868539665 0.018940265362079326
0 0.03331078474338238 0.24680255009577826 0.02070755224961501 0.02046794157761794
0 0.7924769474909856 0.43571083362285906 0.017240230853740986 0.017062260554387018
0 0.03097688234769381 0.21094421239999625 0.022203234525827262 0.02194045140193059
0 0.8597084925724909 0.3162159552940956 0.018071981576772835 0.018040803762582634
0 0.6673201047457181 0.27559452790480393 0.030604435847355768 0.03009194594163161
0 0.8826987926776593 0.3692103899442233 0.017071944016676683 0.016821641188401442
0 0.7748396213238056 0.7997096135066106 0.017095419076772835 0.017155867356520433
0 0.567074335538424 0.21681913962730995 0.017478502713716947 0.01749757620004507
0 0.7070638216458834 0.2776482288654034 0.022200364332932692 0.023556635929987982
0 0.906180161696214 0.22673273086547852 0.0225521967961238 0.022559606111966647
0 0.5402404344998873 0.22144691760723406 0.032975196838378906 0.032459112314077526
0 0.4859495162963867 0.08830871948829064 0.022087537325345553 0.022248378166785605
0 0.5030720784113958 0.10579306345719558 0.01563130892240084 0.015323198758638822
0 0.7190557626577524 0.0928795704474816 0.019692347599909857 0.020609085376446065
0 0.7415645305926983 0.4222261722271259 0.024934915395883415 0.024815192589393027
0 0.8142375946044922 0.354308715233436 0.018057603102463942 0.018162360558143027
0 0.8771880223200872 0.9628689839289739 0.016054300161508415 0.01623696547288161
0 0.4613319543691782 0.6527139223538913 0.020096705510066107 0.02056151169996995
0 0.1356028043306791 0.08544494555546688 0.016432432027963493 0.016370846674992487
0 0.7688623575063852 0.40572228798499477 0.015919612004206732 0.01552875225360577
0 0.5064802169799805 0.08333780215336727 0.018496146568885215 0.018380275139441855
0 0.1769418166233943 0.03209171845362736 0.019418753110445462 0.01905973141009991
0 0.02838594179887038 0.2130448451408973 0.026382198700538047 0.025913128486046426
0 0.5351674740131085 0.993533574617826 0.019479751586914062 0.011781399066631611
0 0.9784348561213567 0.07525945626772367 0.021538954514723558 0.03703053180988018
0 0.736327758202186 0.8600306877723107 0.019279920137845553 0.019270970271183893
0 0.8936979587261493 0.389953980079064 0.014888616708608774 0.015096370990459736
0 0.7726920201228216 0.39359122056227464 0.014514923095703125 0.014312744140625
0 0.36067903958834135 0.318391543168288 0.014323748075045072 0.014228233924278846
0 0.8811869254479041 0.6761854611910306 0.014510228083683895 0.014622908372145433
0 0.8895824872530423 0.27862812922551083 0.0144805908203125 0.014720916748046875
0 0.5350437897902268 0.7456854306734525 0.015248812161959134 0.01535797119140625
0 0.5797353157630334 0.23190736770629883 0.015360538776104268 0.015159827012282152
0 0.9363208917471079 0.5838142908536471 0.03795814514160156 0.038365877591646634
0 0.07919019002180833 0.15432143211364746 0.021042401974017803 0.020476561326246995
0 0.6011175008920523 0.6443236424372747 0.02058234581580529 0.02013426560621995
0 0.5006160002488357 0.18074413446279672 0.014597672682542067 0.014731407165527344
0 0.026851589863116924 0.23425742296072152 0.017206696363595817 0.017383098602294922
0 0.7672032576340896 0.17533241785489595 0.018290299635667067 0.018880147200364333
0 0.29776668548583984 0.2512584099402794 0.030474002544696514 0.03029463841364934
0 0.6641738598163311 0.2736028524545523 0.024587191068209134 0.025342354407677285
0 0.7079683450552133 0.7479911217322717 0.04858075655423678 0.048295828012319714
0 0.5514587989220252 0.43486756544846755 0.015138039222130409 0.015328920804537259
0 0.4188666343688965 0.3435099675105168 0.26563336299015927 0.2774823995736929
0 0.2926942018362192 0.22681082212007964 0.020040071927584134 0.019983364985539362
0 0.7319632310133714 0.6397028702955979 0.02053216787484976 0.020785405085637018
0 0.12641141964839056 0.060884328988882214 0.01470492436335637 0.014707125150240384
0 0.596298988048847 0.6383196023794321 0.050683168264535755 0.053383900569035456
0 0.07924520052396335 0.9864965585561899 0.01626514012996967 0.016646165114182692
0 0.0741823544869056 0.7508421677809495 0.01526177846468412 0.015173838688777043
0 0.09513672498556283 0.946318846482497 0.015177580026479868 0.015228271484375
0 0.9097818227914664 0.19173040756812462 0.023067767803485576 0.022783829615666315
0 0.6867165198692908 0.9752684373121995 0.022159869854266826 0.02222618689903846
0 0.9219426375169021 0.16855412263136643 0.019259232741135817 0.019498531634990986
0 0.9532671708327073 0.6385395343487079 0.0182498051570012 0.018368941086989183
0 0.9395628709059495 0.5853582528921274 0.02977327200082632 0.029754051795372598
0 0.11748337745666504 0.35129228005042445 0.036686090322641224 0.03680882087120643
0 0.9554166060227615 0.07420196441503671 0.016132648174579326 0.016221018937917855
0 0.7918965266301081 0.5528514568622296 0.016289931077223558 0.01605532719538762
0 0.9727442814753606 0.25148751185490537 0.015090355506310096 0.01507568359375
0 0.9685997596153846 0.9635917223416842 0.03531147883488582 0.038004508385291465
0 0.1320958687708928 0.5556193131666917 0.04807131107036884 0.04726483271672176
0 0.20193947278536284 0.2037339944105882 0.01642454587496244 0.016933221083420973
0 0.7387400407057542 0.616704353919396 0.020421248215895433 0.020610662607046273
0 0.5435146918663611 0.4535643504216121 0.02452997060922476 0.024436803964468148
0 0.6064498607928936 0.6824245452880859 0.01575293907752404 0.015588026780348558
0 0.8354109250582181 0.948707287128155 0.015382033128004808 0.015339191143329326
0 0.8245016244741586 0.1439972474024846 0.014363802396334134 0.0142973386324369
0 0.018695839322530307 0.6992664337158203 0.01610195407500634 0.025064908541165866
0 0.1107481442964994 0.16322988730210525 0.015276762155386118 0.015494896815373348
0 0.7200929201566256 0.09541687598595253 0.02472833486703726 0.024808810307429388
0 0.04726665753584642 0.6994782961331881 0.026646102850253765 0.027811490572415866
0 0.7462136195256159 0.08650607329148513 0.03208615229679988 0.03206185194162222
0 0.6339470056387094 0.42550042959359974 0.0139463864839994 0.014406497661884014
0 0.6738957625169021 0.9891812984759991 0.04032545823317308 0.020765304565429688
0 0.9670435098501352 0.849004158606896 0.018158839299128607 0.017960475041316107
0 0.7443546882042518 0.4358863096970778 0.014793982872596154 0.014835064227764424
0 0.13425666552323562 0.8207032130314753 0.015224731885469876 0.015361785888671875
0 0.6099545405461237 0.008455226054558387 0.015313075138972355 0.014589259257683387
0 0.7097310286301833 0.301942935356727 0.03291760958158053 0.03235215407151442
0 0.40744447708129883 0.1483935576218825 0.01839447021484375 0.018495926490196817
0 0.5880914468031663 0.5787010192871094 0.021762627821702223 0.021876995380108174
0 0.4684809171236478 0.7791272676908053 0.02357820364145132 0.023391136756310098
0 0.26233816146850586 0.36233784602238583 0.016345390906700723 0.016735957219050482
0 0.921473136314979 0.7171217111440805 0.014549548809344951 0.014388744647686299
0 0.9747282908512995 0.9389279438899114 0.024898382333608773 0.036408497737004206
0 0.11035144329071045 0.9842321689312274 0.019505042296189528 0.0194857670710637
0 0.07788495834057148 0.14920797714820275 0.029259094825157754 0.030272850623497598
0 0.8719005584716797 0.4655911372258113 0.013395896324744591 0.01359389378474309
0 0.05484656187204214 0.15950353328998274 0.01774918116056002 0.017712923196645882
0 0.8686522703904372 0.6841432131253756 0.018517714280348558 0.01839417677659255
0 0.5201266728914701 0.18303368641779974 0.023701594426081732 0.02394844935490535
0 0.08141431441673866 0.9925668422992413 0.016887408036452074 0.013182566716120793
0 0.18734115820664626 0.7890761448786809 0.01520549334012545 0.015155498798076924
0 0.9508076447706956 0.45887492253230167 0.013263408954326924 0.013476885282076322
0 0.5933254315302923 0.7318848096407377 0.016712702237642728 0.017132392296424277
0 0.8261628517737756 0.5503004881051871 0.014139615572415866 0.014329836918757511
0 0.7131101168118991 0.7386988126314603 0.0629574702336238 0.06156833355243389
0 0.8846287360558143 0.37416568169227016 0.023128509521484375 0.02286808307354267
0 0.49048533806434047 0.656802250788762 0.03447415278508113 0.034318190354567304
0 0.6885013580322266 0.4132108688354492 0.013741566584660457 0.013759172879732572
