0 0.30231406138493466 0.20373777242807242 0.2462907204261193 0.2492060294518104
0 0.8397572590754583 0.2736811271080604 0.06279842670147236 0.06288308363694411
0 0.09547129961160514 0.058213463196387656 0.06583213806152344 0.06569414872389573
0 0.8681636223426232 0.9673104652991662 0.05069938072791466 0.051296380849984974
0 0.7224597930908203 0.5438843873830942 0.03704569889948918 0.03737794435941256
0 0.5952401894789475 0.781159180861253 0.04348483452430138 0.043677990253155045
0 0.2999442907480093 0.7803784883939303 0.02973519838773287 0.02967981191781851
0 0.6311346934391902 0.529395763690655 0.03356449420635517 0.03342158977801983
0 0.15675711631774902 0.496307373046875 0.025934146000788763 0.025818898127629206
0 0.5385021796593299 0.4559871233426608 0.02537089127760667 0.025288948645958535
0 0.6841689623319186 0.6216534101046048 0.02149024376502404 0.021412776066706732
0 0.5153504151564378 0.6927910584669846 0.03253885415884165 0.03262006319486178
0 0.8470169947697566 0.5354553369375376 0.02143096923828125 0.021355408888596755
0 0.5609153600839468 0.38321590423583984 0.019376021165114183 0.019091972937950723
0 0.7201246114877554 0.24088784364553598 0.022320967454176683 0.02221995133620042
0 0.32277591411884016 0.43044904562143177 0.029213538536658652 0.0290835453913762
0 0.08691978454589844 0.02164116960305434 0.059505352607140176 0.04206043481826782
0 0.6806919391338642 0.34423006497896635 0.02111200185922476 0.021216319157527044
0 0.4451758678142841 0.9442801842322717 0.03424967252291166 0.034467256986177884
0 0.12598595252403846 0.36342122004582333 0.05830254921546349 0.05825607593242939
0 0.8250429446880634 0.578609980069674 0.03038303668682392 0.030010223388671875
0 0.9148854475754958 0.4949499276968149 0.017040105966421273 0.01701509035550631
0 0.8961553573608398 0.42244837834284854 0.019379395705003005 0.019347557654747598
0 0.493872202359713 0.6822382853581355 0.01677835904634916 0.01683660653921274
0 0.6486678490271935 0.5479091497567984 0.025450633122370794 0.025391138516939603
0 0.7649259567260742 0.9734972440279447 0.08117969219501202 0.04859366783728966
0 0.5320116189809946 0.6349334716796875 0.0326081789456881 0.03257546058067909
0 0.7170448303222656 0.26564502716064453 0.020252814659705527 0.020102720994215745
0 0.4322612469012921 0.13329209731175348 0.07516009990985577 0.07519008563115047
0 0.5348447286165677 0.8073148727416992 0.019077521104079027 0.019181031447190505
0 0.6931259448711689 0.5706765468303974 0.023069381713867188 0.022986118610088643
0 0.8076416895939753 0.39104289274949294 0.018294114332932692 0.018188990079439603
0 0.7075227590707632 0.5206013459425706 0.03846652691180889 0.03853753896859976
0 0.7420563331017127 0.3441617672259991 0.01766234177809495 0.017639820392315205
0 0.8399010438185471 0.8609757056603065 0.09882178673377404 0.10132804283728966
0 0.4162934376643254 0.3728459431574895 0.027980951162484977 0.02797566927396334
0 0.744532951941857 0.4424519172081581 0.020372537466195915 0.02056437272291917
0 0.6491628793569711 0.6455807319054236 0.015801503108097956 0.0158230708195613
0 0.5964847711416391 0.7114784534160907 0.031703802255483776 0.03160021855280949
0 0.30032975857074445 0.3435236123891977 0.0338587394127479 0.033600880549504206
0 0.617016498859112 0.6761747506948618 0.022860600398137018 0.022962276752178486
0 0.5097241401672363 0.5901018289419321 0.039689870981069714 0.03942739046536959
0 0.5831309465261606 0.6471225298368014 0.020419487586388223 0.02085715073805589
0 0.5098332625169021 0.6138030565701998 0.027296799879807692 0.02773416959322416
0 0.30759591322678786 0.732508292564979 0.03813354785625751 0.03821754455566406
0 0.7676620483398438 0.8678332108717698 0.015766730675330527 0.015913743239182692
0 0.8295742181631235 0.192716305072491 0.025122862595778245 0.02526125541100135
0 0.9366214458759015 0.7671768481914814 0.014635379497821514 0.016171382023737982
0 0.620338513300969 0.8810727046086237 0.017423042884239785 0.017296570997971755
0 0.5627891833965595 0.21262286259577826 0.0240017817570613 0.02393971956693209
0 0.2839045524597168 0.7503217550424429 0.015346893897423377 0.015341685368464543
0 0.6429409613976111 0.18321143663846529 0.026545304518479567 0.026869700505183294
0 0.2688821279085599 0.6616503642155573 0.017478245955247145 0.01721470172588642
0 0.6961766756497897 0.6608796486487756 0.016811077411358174 0.01682120103102464
0 0.3208720867450421 0.9677352905273438 0.01765757340651292 0.017519143911508415
0 0.736214124239408 0.6170035142164964 0.015089181753305288 0.014673526470477764
0 0.795971943781926 0.28981656294602615 0.014830369215745192 0.014795009906475361
0 0.7966942420372596 0.6089037381685697 0.015325399545522837 0.015343005840594951
0 0.4216753886296199 0.7954216003417969 0.04959385211651142 0.04925214327298678
0 0.8343877058762771 0.38815762446476865 0.015953650841346152 0.016154949481670674
0 0.7757283724271334 0.5436675731952374 0.03505970881535457 0.035033886249248795
0 0.6912294534536508 0.7577256422776443 0.04429831871619591 0.04387870201697716
0 0.8142720735990084 0.03865509308301485 0.020533635066105768 0.020424595245948203
0 0.8510893308199369 0.19857430458068848 0.015598003680889424 0.015812433682955228
0 0.8803445375882663 0.5315063916719877 0.01694635244516226 0.01656370896559495
0 0.6493407029371995 0.6910093747652494 0.018572293795072116 0.018658564640925482
0 0.8166346916785607 0.562939350421612 0.021305671105018027 0.022037726182204027
0 0.9223851423997146 0.9747719397911658 0.027524214524489183 0.027698370126577523
0 0.8102344366220328 0.9564485549926758 0.0148773193359375 0.014765666081355168
0 0.2186421247629019 0.9783912071814904 0.01551055908203125 0.015370002159705529
0 0.7969832787146935 0.5242497370793269 0.024495344895582933 0.024952815129206732
0 0.8934789804311899 0.6087737450232873 0.014978262094350962 0.014867782592773438
0 0.6630331919743464 0.1553499148442195 0.017406316903921273 0.017550175006573018
0 0.41313945330106294 0.9600174243633564 0.02698377462533804 0.026790325458233174
0 0.41506693913386417 0.9598397475022536 0.02171501746544471 0.021736878615159255
0 0.11601532422579251 0.09007916083702674 0.021026611328125 0.021257327153132513
0 0.6263844416691706 0.6392747438870944 0.01920186556302584 0.019867970393254206
0 0.787135491004357 0.5412274874173678 0.019435295691856973 0.019307943490835335
0 0.2847625475663405 0.8762264251708984 0.021839251885047324 0.02160057654747596
0 0.6257803256695087 0.5029512185316819 0.015272140502929688 0.01536097893348107
0 0.8731842041015625 0.6957748119647686 0.03636492215670072 0.03649198091947115
0 0.5249208303598257 0.9835614424485427 0.017938760610727165 0.017791161170372598
0 0.38985644854032075 0.7629735653217022 0.03118588374211238 0.031660960270808294
0 0.3870530862074632 0.76685303908128 0.02047905555138221 0.02069722689115084
0 0.6696772942176232 0.5839584057147686 0.022025475135216348 0.02205173785869892
0 0.8061388455904447 0.7491912841796875 0.0498509040245643 0.04860423161433293
0 0.37767626689030576 0.6324192927433894 0.02012502230130709 0.02008643517127404
0 0.44941025513869065 0.15041880424206072 0.017887042118952826 0.018140224310067985
0 0.7358631720909705 0.889155021080604 0.013702979454627404 0.013838841364933895
