0 0.5590781431931716 0.722394429720365 0.052573864276592545 0.05269901569073017
0 0.38863394810603213 0.956860615656926 0.0743700174184946 0.07468443650465745
0 0.4561639198890099 0.3755144706139198 0.047055757962740384 0.04705509772667518
0 0.39333699299738956 0.13057859127338117 0.050025573143592246 0.04996358431302584
0 0.4442655856792743 0.4931276027972882 0.0454107431265024 0.0453947507418119
0 0.6225113501915565 0.21985319944528434 0.04142086322490986 0.041581960824819714
0 0.5077715653639573 0.84447691990779 0.0849154545710637 0.08332120455228366
0 0.5915539081280048 0.8486086038442758 0.0572047600379357 0.056876842792217545
0 0.515903326181265 0.7878114260160006 0.028104341947115384 0.027796525221604567
0 0.5077296036940354 0.3388217045710637 0.05182581681471605 0.05251657045804537
0 0.6918001908522385 0.9268781221829928 0.08735891488882211 0.10109153160682091
0 0.37693097041203427 0.370151739854079 0.052272649911733776 0.05256946270282452
0 0.3433351516723633 0.06560188990372878 0.033870843740609974 0.034346122008103594
0 0.5593407337482159 0.796662844144381 0.0588841805091271 0.06055039625901442
0 0.3485213059645433 0.9384965896606445 0.02503688518817608 0.025181990403395433
0 0.6306046705979568 0.8403712052565354 0.027050311748798076 0.027175023005558893
0 0.38244078709528995 0.4771607472346379 0.050848153921274036 0.051250311044546276
0 0.39934532458965594 0.4308039591862605 0.03531023172231821 0.0353704599233774
0 0.33890584798959583 0.8099682147686298 0.0428466796875 0.04324487539438101
0 0.5171570777893066 0.7503687051626352 0.030341735252967246 0.030040740966796875
0 0.41428455939659703 0.8880355541522686 0.021488042978140023 0.021468235896183893
0 0.36603890932523286 0.2903827153719388 0.07491287818321815 0.07494889772855319
0 0.5378220631526067 0.6369156470665565 0.01913760258601262 0.019257472111628607
0 0.37979712853064906 0.5900987478402945 0.057880548330453724 0.05725508469801683
0 0.439666381249061 0.09622693061828613 0.02258022014911358 0.02251636064969576
0 0.4932525341327374 0.5428627454317533 0.02126928476186899 0.021518927354079027
0 0.38402403317964995 0.6852783790001502 0.04489209101750301 0.044950631948617786
0 0.35111152208768404 0.8478709000807542 0.037957338186410755 0.03760851346529447
0 0.5728591038630559 0.28052759170532227 0.02846380380483774 0.028324127197265625
0 0.3236329738910382 0.6200854961688702 0.041835858271672174 0.04121255874633789
0 0.6012104841379019 0.8016149814312274 0.017402282127967246 0.01752017094538762
0 0.2728111193730281 0.9632187623244065 0.02089966260469877 0.02123891390286959
0 0.28016523214486927 0.8172434293306791 0.034070308391864486 0.03713827866774339
0 0.3846134772667518 0.6309704413780799 0.07050881019005409 0.06985235214233398
0 0.6395775721623347 0.706515752352201 0.0876299051138071 0.08773554288423978
0 0.6466778975266677 0.26427432206960827 0.07663759818443885 0.07770032149094802
0 0.2821290126213661 0.8607697120079627 0.03894582161536583 0.04167806185208834
0 0.6031267459575946 0.9175563225379357 0.03588309654822716 0.03570351233849159
0 0.5618948569664588 0.19463451092059797 0.024730975811298076 0.024881803072415866
0 0.554787489084097 0.5286337779118464 0.02585425743689904 0.025833863478440505
0 0.2979466731731708 0.4205775627723107 0.051672788766714245 0.06467129633976863
0 0.4486698737511268 0.1531963348388672 0.055416253896859974 0.05563130745520958
0 0.618329488314115 0.5974283585181603 0.021380057701697715 0.0221405762892503
0 0.316069823044997 0.2580704872424786 0.03778780423677885 0.038317130162165716
0 0.49744261228121245 0.19843182196983924 0.015545184795673076 0.015596536489633413
0 0.29067382445702183 0.6732164529653696 0.02770838370689979 0.02808526846078726
0 0.38117727866539586 0.7920648134671725 0.07809257507324219 0.0783389164851262
0 0.57342712695782 0.6619399877694937 0.03386204059307392 0.03409796494704027
0 0.36893096336951625 0.16741369320796087 0.024216945354755107 0.024604283846341647
0 0.3162234746492826 0.8580411764291617 0.02779835921067458 0.027552091158353366
0 0.6960006126990685 0.6591085287240835 0.0208590580866887 0.020861112154447116
0 0.57487729879526 0.3996530312758226 0.0445099610548753 0.044965964097243086
0 0.46109801072340745 0.025384430701916035 0.01746705862192007 0.017394321469160225
0 0.35306805830735427 0.8676769550030048 0.01703805189866286 0.017215141883263223
0 0.6753526834341196 0.4455863512479342 0.026764502892127402 0.026653289794921875
0 0.30131218983576846 0.363559576181265 0.055753927964430586 0.07741062457744892
0 0.3203551219059871 0.7777200845571665 0.01867983891413762 0.019049424391526442
0 0.6048168035653921 0.48917810733501726 0.015681927020733174 0.015571520878718449
0 0.5490391437823956 0.8286211307232196 0.017958787771371696 0.01805393512432392
0 0.7097333761361929 0.4772285314706656 0.018039703369140625 0.01799466059758113
0 0.3446187606224647 0.6711218907282903 0.05907726287841797 0.05838100726787861
0 0.3039907675523024 0.6512533334585336 0.018691429725060098 0.018649468055138223
0 0.6545219421386719 0.9817829865675706 0.01731285682091346 0.016977750338040866
0 0.5520154879643366 0.3541385210477389 0.0448146233191857 0.04412489670973558
0 0.43615326514610875 0.9092883330125076 0.017952112051156852 0.01746852581317608
0 0.3111268190237192 0.18294081321129432 0.03845955775334285 0.038950553307166465
0 0.5498376993032602 0.037842356241666354 0.07999097383939303 0.07009163269629845
0 0.6662217653714694 0.7410570291372446 0.0688934326171875 0.0699002192570613
0 0.3577885260948768 0.9183256442730243 0.022162510798527643 0.02208885779747596
0 0.32787300990178037 0.020477677767093364 0.0217135502741887 0.02198260105573214
0 0.29450878730187047 0.021446741544283353 0.03524105365459736 0.041390107228205755
0 0.4454165605398325 0.5566089336688702 0.016930286700908955 0.016977897057166465
0 0.5689607400160569 0.08175882926354042 0.03025480417104868 0.030202957300039437
0 0.5596437454223633 0.9046719624445989 0.03298121232252855 0.032882396991436295
0 0.5037105266864483 0.8843933985783503 0.04953223008375902 0.049652099609375
0 0.465539418734037 0.9581470489501953 0.0959163078894982 0.08226893498347355
0 0.485169924222506 0.24817899557260367 0.0266876220703125 0.02717744387113131
0 0.42711822803203875 0.2837664347428542 0.023491639357346755 0.023726133199838493
0 0.34279603224534255 0.22885656356811523 0.015376091003417969 0.015575482295109676
0 0.644234877366286 0.8873867621788611 0.034599010760967545 0.03524340116060697
0 0.4215440016526442 0.38372311225304234 0.01674791482778696 0.016735957219050482
0 0.5261317033034104 0.8188009262084961 0.024605971116286058 0.024021295400766227
0 0.2742785673875075 0.6913730914776142 0.017129971430851862 0.019636887770432692
0 0.4258879148043119 0.5397490354684683 0.03762494600736178 0.036937640263484076
0 0.34868871248685396 0.8958801122812124 0.01771882864145132 0.01763182419996995
0 0.7089818807748648 0.8480008932260367 0.049576979417067304 0.05909259502704327
0 0.717181499187763 0.6689575635469877 0.019087571364182692 0.019254244290865384
0 0.2932557692894569 0.7016535538893479 0.04614675962007963 0.043976857112004206
0 0.5183539757361779 0.3819887821490948 0.01958920405461238 0.020099053016075723
0 0.6900235689603366 0.8003491621751052 0.01733060983511118 0.017590155968299277
0 0.6349909855769231 0.47008690467247594 0.01643958458533654 0.016738451444185697
0 0.521748212667612 0.4534472685593825 0.016718424283541165 0.016679910513070915
0 0.592441045320951 0.8820601243239182 0.02024415823129507 0.01994807903583233
0 0.6622408353365384 0.02106464826143705 0.01741761427659255 0.01753808443362896
0 0.5288960383488581 0.4080195060143104 0.023554435143103965 0.02377766829270583
0 0.43717347658597505 0.43221723116361177 0.027343016404371995 0.02689669682429387
0 0.35409982387836164 0.7438194568340595 0.03206062316894531 0.032072800856370196
0 0.27375195576594424 0.933803338270921 0.01672810774583083 0.016794498150165264
0 0.7214003342848557 0.682556519141564 0.018159866333007812 0.018976945143479567
0 0.4855848459097055 0.2492354833162748 0.022056726308969352 0.022786507239708535
0 0.32358110868013823 0.046037522646097034 0.014011969933143029 0.014247408280005822
0 0.30470829743605393 0.3194270867567796 0.05698248056265024 0.05890024625338041
0 0.36947107315063477 0.41631779303917515 0.030367191021259014 0.030863835261418268
0 0.6536241678091196 0.8252560542179987 0.024204547588641826 0.023915217472956732
0 0.4219556221595177 0.4074253302354079 0.02503541799692007 0.025186538696289062
0 0.473265134371244 0.7528109917273889 0.021034607520470254 0.02093667250413161
0 0.355345762692965 0.6687174576979417 0.030297059279221755 0.030414581298828125
0 0.45951227041391224 0.3317404526930589 0.01928564218374399 0.019236197838416465
0 0.7179314539982722 0.6721907395582932 0.02397889357346755 0.024972182053786058
0 0.5551522328303411 0.34937345064603365 0.03590319706843449 0.03562105618990385
0 0.5471318318293645 0.2606832430912898 0.02587267068716196 0.026018436138446514
0 0.5860640452458308 0.3442283043494591 0.03512984055739183 0.035918015700120196
0 0.5968785652747521 0.7232131958007812 0.014200944166917067 0.014212388258713942
0 0.6062524502093976 0.5257040537320651 0.030622482299804688 0.030457790081317607
0 0.3138277714069073 0.8356276292067307 0.02983834193303035 0.029788384070763223
0 0.6869247143085186 0.822840690612793 0.04131669264573317 0.041402376615084134
0 0.6074590682983398 0.3020050342266376 0.014742631178635817 0.01490174807035006
0 0.5422024726867676 0.8814777227548453 0.0228421871478741 0.02280088571401743
0 0.6133446326622596 0.18576427606435922 0.0451960930457482 0.04373455047607422
0 0.30511691020085263 0.8002504935631385 0.031057211068960335 0.03128741337702824
0 0.61802915426401 0.18434403492854193 0.03727560776930589 0.03737141535832332
