0 0.5381541985731858 0.37143809978778547 0.18430423736572266 0.18265858063331017
0 0.204408022073599 0.27849820943979114 0.1317955989104051 0.13234270535982573
0 0.3567062157850999 0.37961615048922026 0.10074410071739784 0.10102286705603966
0 0.49646671001727766 0.08652793444119967 0.05154294234055739 0.05104385889493502
0 0.294543064557589 0.6165636502779447 0.05699572196373573 0.05625831163846529
0 0.40932097801795375 0.28082834757291353 0.04249235299917368 0.04262385001549354
0 0.35109578646146333 0.6100677710313064 0.06650469853327824 0.06743746537428635
0 0.6248251841618464 0.125633377295274 0.032938590416541465 0.032950859803419844
0 0.4972611940824069 0.6144237518310547 0.02836124713604267 0.028433579664963942
0 0.533902461712177 0.16078695884117714 0.03565641549917368 0.03530787504636324
0 0.24804867230928862 0.10402422684889573 0.025232535142164964 0.02537191831148588
0 0.4889641541701097 0.7095543788029597 0.03072078411395733 0.03055543165940505
0 0.6595758291391226 0.28043156403761643 0.02618584266075721 0.02631517556997446
0 0.20458179253798264 0.16336653782771185 0.025576041294978216 0.025748482117286094
0 0.388486568744366 0.4627186701847957 0.023740474994365986 0.024142045241135817
0 0.8006240404569186 0.31712451347937953 0.032088939960186295 0.03177890410790077
0 0.5469869466928335 0.6006398567786584 0.04371378971980168 0.04418490483210637
0 0.38572293061476487 0.8116189516507663 0.049650925856370196 0.049180837777944714
0 0.41595062842735875 0.33779250658475435 0.019907291118915264 0.01981500478891226
0 0.4814602778508113 0.16552204352158767 0.01995387444129357 0.02018580069908729
0 0.485780825981727 0.2113971710205078 0.0250241939838116 0.0252688481257512
0 0.2677539311922513 0.6493342472956731 0.023780162517841045 0.02378228994516226
0 0.8332553276648889 0.35873647836538464 0.02701392540564904 0.026928534874549277
0 0.7326368185190054 0.9789268787090595 0.051375315739558294 0.03677573570838341
0 0.3948221940260667 0.5459187580988958 0.02205790006197416 0.021995104276216947
0 0.8499557788555439 0.3114633560180664 0.03449528033916767 0.03415489196777344
0 0.7423909994272085 0.8675902439997747 0.02086023183969351 0.020870062021108773
0 0.7841937725360577 0.9399337768554688 0.045787811279296875 0.04529997018667368
0 0.4301077402555026 0.6991813366229718 0.019804074214054987 0.019770108736478366
0 0.5610812994150015 0.41966042151817906 0.030164718627929688 0.03010720473069411
0 0.7568683624267578 0.29644452608548677 0.019425318791316107 0.019302955040564902
0 0.8345687572772686 0.13026762925661528 0.02459863516000601 0.024733836834247295
0 0.19603454149686372 0.8935029690082257 0.018906373244065505 0.018951856173001803
0 0.35881999822763294 0.19442521608792818 0.034971970778245196 0.034811166616586536
0 0.8756068303034856 0.009881769235317524 0.023098285381610576 0.01834567693563608
0 0.7297241504375751 0.46522114827082706 0.01785425039438101 0.01762089362511268
0 0.22742044008695161 0.4728293785682091 0.018535027137169473 0.01839608412522536
0 0.5040495579059308 0.6650348076453576 0.020865220289963942 0.020807559673602764
0 0.12833608113802397 0.017714149676836453 0.019901275634765625 0.01975273169004
0 0.16315500552837664 0.21608424186706543 0.026491458599384014 0.026822530306302585
0 0.11812054193936862 0.07911396026611328 0.015338310828575721 0.0217172228373014
0 0.7663296919602615 0.3233152169447679 0.017297011155348558 0.01735547872690054
0 0.5004510512718787 0.5865686856783353 0.017636225773737982 0.01767143836388221
0 0.45375768954937273 0.6543084658109225 0.018001336317795973 0.018774766188401442
0 0.26865474994365984 0.5592523721548227 0.025706364558293268 0.025856384864220254
0 0.36518250978910005 0.49526552053598255 0.017023233266977165 0.016798753004807692
0 0.32399309598482573 0.08008834031911996 0.017859679002028245 0.01775470146766076
0 0.20189347633948693 0.5558755947993352 0.01966967949500451 0.0194855469923753
0 0.3537262036250188 0.2803737200223483 0.017545626713679388 0.017708705021784857
0 0.5627952722402719 0.13242618854229266 0.01842352060171274 0.01828901584331806
0 0.5611160718477689 0.5238750897921048 0.03210302499624399 0.03238868713378906
0 0.18892495448772723 0.7691248380220853 0.018723707932692308 0.018839029165414665
0 0.789975092961238 0.27467867044302136 0.020615504338191107 0.020694732666015625
0 0.569032228910006 0.17776749684260443 0.01799348684457632 0.017979548527644232
0 0.3495020866394043 0.3058929443359375 0.015920492318960335 0.015993044926570013
0 0.2402829390305739 0.07054350926325871 0.056668574993426986 0.05683440428513747
0 0.7455987930297852 0.38760130222027117 0.0148773193359375 0.015166209294245793
0 0.593237986931434 0.1993412604698768 0.02951497298020583 0.02911861126239483
0 0.6595951960637019 0.5111118463369516 0.029400752140925482 0.029516953688401442
0 0.5390147062448355 0.19967500980083758 0.017357606154221755 0.01727779094989483
0 0.2775909350468562 0.9553052462064303 0.05417178227351262 0.05412028386042668
0 0.7232288213876578 0.8884492287269006 0.016571778517503005 0.01690981938288762
0 0.4131544553316556 0.8584911639873798 0.0175323486328125 0.017407343937800482
0 0.44471102494459885 0.3898454812856821 0.02142818157489483 0.021329146165114183
0 0.7831890399639423 0.8905682196983924 0.13107916025015023 0.13173704880934495
0 0.16000445072467512 0.7059255746694711 0.025130235231839694 0.025141495924729567
0 0.7388697404127854 0.40065526962280273 0.017031156099759616 0.016762586740347054
0 0.3211088180541992 0.19031187204214242 0.016915541428786058 0.016827509953425482
0 0.12593729679401106 0.267391168154203 0.01663358394916241 0.016479125389685996
0 0.15154849565946138 0.5275672032282903 0.020939716925987832 0.02071211888239934
0 0.766759285560021 0.37383780112633336 0.01802855271559495 0.018087313725398138
0 0.8365987630990835 0.2724006542792687 0.022038679856520433 0.021719822516808145
0 0.13960693432734564 0.2403270648075984 0.04163984151986929 0.04137266599214994
0 0.543487915625939 0.18361777525681716 0.0176543455857497 0.01781309567964994
0 0.6610554915208083 0.9774454556978666 0.01987427931565505 0.01983466515174279
0 0.7073579934927133 0.8918300775381235 0.016425939706655648 0.01632411663348858
0 0.704197516808143 0.3795424974881686 0.01699036818284255 0.017273976252629206
0 0.3203931955190805 0.5340738663306603 0.016156710111177884 0.01614489922156701
0 0.42208033341627854 0.732382921072153 0.01645205571101262 0.0165252685546875
0 0.4275204218350924 0.4001767085148738 0.015015382033128005 0.01474776634803185
0 0.8596516389113206 0.28249725928673375 0.01829191354604868 0.018183121314415567
0 0.6600401951716497 0.8459541614239032 0.021161299485426683 0.021541742178109977
0 0.8713653271014874 0.34609405811016375 0.015346233661358174 0.015609007615309495
0 0.37027901869553786 0.44658404130202073 0.019938835730919473 0.019889978262094352
0 0.44861441392164964 0.17018743661733773 0.018498640794020433 0.01865225571852464
0 0.16911933972285345 0.1910218092111441 0.016796112060546875 0.0165863037109375
0 0.7725977530846229 0.35372594686654896 0.016073226928710938 0.016214370727539062
0 0.1475330774600689 0.8919466458834134 0.015092134475708008 0.015106494610126201
0 0.18687057495117188 0.45030857966496396 0.016417796795184795 0.016419337346003607
0 0.845494637122521 0.38951404278094953 0.014946277324969951 0.015061305119441105
0 0.30022751368009126 0.2851089697617751 0.015128539158747746 0.015212425818810096
0 0.4593300452599159 0.6603006216195914 0.06462977482722355 0.0649411128117488
0 0.570419715001033 0.21683663588303786 0.01644736069899339 0.01641251490666316
0 0.8700667161207932 0.9889373779296875 0.018186129056490384 0.01720252403846154
0 0.19189841930682844 0.5896062850952148 0.0728304936335637 0.07448548537034255
0 0.7537853534405048 0.5734161230234 0.015184549184945913 0.01526333735539363
0 0.4612395946796124 0.8100068752582257 0.015542397132286659 0.015810452974759616
0 0.4185115374051608 0.057700514793395996 0.015386581420898438 0.01549390646127554
0 0.5734790655282828 0.11816636415628287 0.017775755662184495 0.017882457146277793
0 0.6173549798818735 0.1907183206998385 0.01571053725022536 0.015655150780310996
0 0.32538142571082485 0.4427645389850323 0.038232968403742865 0.03795425708477314
0 0.6334067124586839 0.4357318878173828 0.015078324538010817 0.01505587651179387
0 0.8263188875638522 0.9733536060039814 0.023227104773888223 0.02362207266000601
0 0.5114566362821139 0.6484870910644531 0.014723117534930889 0.014910477858323317
0 0.714259881239671 0.47748554669893706 0.01724859384390024 0.01772755842942458
0 0.19130305143503043 0.3558380420391376 0.016181468963623047 0.01607344700739934
0 0.1944617491502028 0.1202235038463886 0.016856927138108473 0.016919502845177285
0 0.4132831280048077 0.44951974428617036 0.016022242032564603 0.01602803743802584
0 0.12130407186654898 0.21675617878253645 0.01896843543419471 0.022040110367995042
0 0.6685595145592322 0.6434739919809195 0.01850436283991887 0.0184634282038762
0 0.4159851441016564 0.41083658658541167 0.016333506657527044 0.016463866600623496
0 0.7881190960223858 0.9789311335637019 0.06849494347205529 0.03761496910682091
0 0.8518478686992939 0.10358533492455116 0.018435845008263223 0.018608460059532754
0 0.29760364385751575 0.6548359944270208 0.014859969799335185 0.014935860267052284
0 0.19068450194138747 0.19536612584040716 0.01565977243276743 0.015542910649226261
0 0.7193580040564904 0.3035066861372728 0.016579261192908652 0.016345647665170524
0 0.24380973669198844 0.35846240703876203 0.06025783832256611 0.059736985426682696
0 0.7240678347074069 0.8603105545043945 0.015646714430588942 0.015514080341045674
0 0.2662164614750789 0.1711879143348107 0.016462105971116286 0.016562278454120342
0 0.6179962158203125 0.4748837030850924 0.015362409444955679 0.015362079326923076
0 0.18601718315711388 0.6359249995304987 0.01430361087505634 0.014085916372445913
0 0.13426744937896729 0.37631812462439906 0.046489440477811374 0.06963715186485878
0 0.19574423936697152 0.6812086838942307 0.01375906284038837 0.013600862943209134
0 0.6859294451200045 0.6263059469369742 0.020302699162409857 0.020427116980919473
0 0.42669912484975964 0.47278602306659406 0.06296876760629508 0.06379552987905648
0 0.33131654445941633 0.8525649584256686 0.08434743147629958 0.08653978201059195
0 0.8804522294264573 0.4141123845027043 0.011970813457782451 0.015031080979567308
0 0.527589357816256 0.6291146645179162 0.03603275005634014 0.03609936053936298
0 0.7291080768291767 0.3598047403188852 0.014266087458683895 0.01423938457782452
0 0.8209119209876428 0.06835352457486667 0.014985744769756611 0.014864738170917217
0 0.3988799315232497 0.6442505763127253 0.05291307889498197 0.055198962871844955
0 0.8027447186983548 0.28713096105135405 0.015849920419546273 0.01588139167198768
0 0.2826497187981239 0.006789904947464283 0.0186765010540302 0.012352142196435194
0 0.5969434151282678 0.5673990249633789 0.03198366898756761 0.03206165020282452
0 0.5654620023874136 0.195400934952956 0.018309886638934795 0.018317222595214844
0 0.8493203383225661 0.22202229499816895 0.025446378267728366 0.025267711052527793
0 0.23483846737788275 0.5399926258967473 0.014470687279334435 0.014359840979942909
0 0.6139136094313401 0.7912495686457708 0.01920905480018029 0.01938012930063101
0 0.38035290057842547 0.3056323711688702 0.014499370868389424 0.014523872962364784
0 0.1417687856234037 0.4811551754291241 0.01999943072979267 0.02001197521503155
0 0.5132872874920185 0.9896392822265625 0.015015968909630409 0.014467972975510817
0 0.800842651954064 0.3524586604191707 0.02255586477426382 0.022522926330566406
0 0.15574128811176008 0.6864801553579477 0.02305760750403771 0.023242363562950723
0 0.2617764106163612 0.00872904176895435 0.021735117985652044 0.016243251470419075
0 0.7197267092191256 0.42043803288386417 0.013996417705829326 0.013968247633713942
0 0.5330061545738807 0.9010256987351638 0.014458729670597957 0.014448606050931491
0 0.8497772950392503 0.012329651759221004 0.01911471440241887 0.01912450331908006
0 0.47018542656531703 0.8408656487098107 0.05692702073317308 0.056353202232947715
0 0.22326953594501203 0.6847017728365384 0.014045385213998647 0.014086503248948317
0 0.8462200164794922 0.9472974630502554 0.07183691171499398 0.10135591947115384
0 0.6275140322171725 0.012059578528771034 0.018897423377403848 0.01890140313368577
0 0.21788938228900617 0.5433415632981521 0.015016922583946815 0.014852963961087741
0 0.6700477600097656 0.5575843590956467 0.01384720435509315 0.01376636211688702
0 0.19391162578876203 0.5856533050537109 0.017109797551081732 0.017307574932391826
0 0.6192706915048453 0.5236957990206205 0.014727519108698918 0.014687904944786659
0 0.8581000107985276 0.8916758757371169 0.03665249164287861 0.03625781719501202
0 0.5492200117844802 0.5264335045447717 0.020206304696890023 0.021144573505108174
0 0.8397392859825721 0.5615122868464544 0.015100919283353366 0.015199807974008413
0 0.4720866863544171 0.24263884471012995 0.02568685091458834 0.025938914372370794
0 0.12388123915745662 0.7301568251389724 0.013644860340998722 0.014004047100360576
0 0.8016371360191932 0.3798828858595628 0.013439471905048076 0.013457518357496995
0 0.14641914000877967 0.4256171446580153 0.014435988206129808 0.014890817495492788
0 0.7170675717867337 0.5566772681016189 0.03944690410907452 0.039582472581129804
0 0.37036800384521484 0.23464485315176156 0.015178386981670674 0.015493319584773136
