0 0.420655030470628 0.5611452689537635 0.035640863271859974 0.03598110492412861
0 0.393072641812838 0.46636207287128156 0.020909676185021035 0.02075334695669321
0 0.4274746087881235 0.7425865760216346 0.02100196251502404 0.020915104792668268
0 0.6811899038461539 0.5989088645348182 0.02048008258526142 0.020420661339393027
0 0.6489540246816782 0.2023787498474121 0.06895226698655349 0.06818918081430289
0 0.3406073496891902 0.4710606061495267 0.020939020010141227 0.02111530303955078
0 0.5217153842632587 0.735302998469426 0.019934727595402643 0.020219802856445312
0 0.5662640791672927 0.6646872300368089 0.019275738642765924 0.019217564509465143
0 0.5958321644709661 0.29555177688598633 0.026557262127216045 0.026234553410456732
0 0.40712899428147536 0.5090583654550406 0.018982667189378005 0.01901377164400541
0 0.2919302720289964 0.9626034223116361 0.024298814626840446 0.02402804448054387
0 0.46084532370934117 0.45099815955528844 0.02336714817927434 0.02334425999568059
0 0.7067513832679162 0.8164666982797476 0.01725006103515625 0.017221597524789665
0 0.39414486518272984 0.41322436699500453 0.017510194044846755 0.01774010291466346
0 0.8107941700862005 0.43375829549936146 0.025828728309044473 0.027719424321101263
0 0.4711755972642165 0.7348297559298002 0.016972175011268027 0.017057272104116585
0 0.41355554874126726 0.41095663950993466 0.01794154827411358 0.017915725708007812
0 0.25999637750478893 0.4072586939885066 0.015780815711388223 0.015746336716871995
0 0.44597559708815354 0.3988341551560622 0.019084343543419473 0.019394947932316706
0 0.51928160740779 0.6376131497896634 0.01674197270320012 0.016759432279146634
0 0.22530533717228815 0.5645911876971905 0.016423958998460036 0.016312085665189303
0 0.2735469891474797 0.08992174955514762 0.01770195594200721 0.017712886516864482
0 0.21409361179058367 0.6786521031306341 0.017588101900540866 0.017794975867638223
0 0.6136488547691932 0.31308122781606823 0.016701331505408652 0.01679847790644719
0 0.5332317352294922 0.20840604488666242 0.03487748366135817 0.03495216369628906
0 0.47180725977971005 0.7893098684457632 0.015810159536508415 0.015797248253455527
0 0.81841674217811 0.917294428898738 0.015439840463491587 0.016013218806340143
0 0.24126337124751165 0.5474659479581393 0.01592559080857497 0.01582637199988732
0 0.577328241788424 0.22357918665959284 0.02828047825739934 0.028627322270320013
0 0.4794224225557767 0.3011768047626202 0.0179595213669997 0.017895991985614482
0 0.27521247130173904 0.4906846559964694 0.0503239998450646 0.05033199603740986
0 0.32605659044705904 0.8510307898888221 0.02136377187875601 0.02143067580003005
0 0.5447345880361704 0.8230560009296124 0.01511691166804387 0.015054849477914663
0 0.3720043989328238 0.3071635869833139 0.0167388182419997 0.016890929295466497
0 0.31636370145357573 0.5667983568631686 0.015410203200120192 0.015389295724722056
0 0.2631962299346924 0.45699163583608776 0.015590447645920973 0.01569990011361929
0 0.5579011623676007 0.25945357175973743 0.017256516676682692 0.017240304213303786
0 0.394618951357328 0.5702028641333947 0.014310176555926982 0.014277458190917969
0 0.3448047637939453 0.5907135743361253 0.014316192040076623 0.014279732337364784
0 0.7885683499849759 0.5674406931950495 0.014658707838792067 0.014426158024714543
0 0.5248944209172175 0.28235849967369664 0.014105870173527645 0.014250681950495793
0 0.5849209198584924 0.7312051332913913 0.013982259310208835 0.01395401587853065
0 0.3138011052058293 0.34222800915057844 0.014002213111290565 0.014085622934194712
0 0.5757084626417893 0.273677422450139 0.014210260831392728 0.014385076669546274
0 0.7469205122727615 0.44745628650371844 0.013882710383488582 0.013874347393329326
0 0.313564447256235 0.7519925924447867 0.020676466134878304 0.020366962139423076
0 0.6554849331195538 0.29772626436673677 0.01435382549579327 0.014437161959134616
0 0.28459901076096755 0.49017502711369443 0.03221878638634315 0.03478299654447115
0 0.6978853665865384 0.5467507289006159 0.014084155742938701 0.01417710230900691
0 0.7976400668804462 0.5811304679283729 0.013868185190054087 0.014075279235839844
0 0.732513427734375 0.12160699184124286 0.014148125281700721 0.014491778153639574
0 0.33661732306847203 0.4366811238802396 0.014115040118877705 0.014353165259728065
0 0.6772318619948167 0.7171543561495267 0.013598955594576322 0.01362316425030048
0 0.35109468606802136 0.07190353136796218 0.014937474177433895 0.015050447904146634
