0 0.6556717799260066 0.30522496883685774 0.10635229257436898 0.10726708632249099
0 0.4751685949472281 0.14411465938274676 0.06364279526930589 0.06504509999201848
0 0.40096150911771333 0.5692666127131536 0.08217804248516376 0.08382577162522536
0 0.7025445057795598 0.4163179030785194 0.04682849003718449 0.04717335334190956
0 0.4370649777925931 0.6606861261221079 0.05855721693772536 0.059069119966947116
0 0.3968030122610239 0.6127591133117676 0.05929227975698618 0.06027801220233624
0 0.3821345842801608 0.09400089887472299 0.06859441903921273 0.07000462825481708
0 0.3373388877281776 0.8054982698880709 0.04699164170485277 0.0472101064828726
0 0.41826996436485875 0.5212631592383752 0.09331042949969952 0.09361333113450271
0 0.4726004967322716 0.7047792581411508 0.04670077103834886 0.04648795494666466
0 0.4862717114962064 0.3319339385399452 0.10568677462064303 0.1062469482421875
0 0.6851176481980544 0.12252534352816068 0.0893237774188702 0.1137081659757174
0 0.3861256379347581 0.6702710665189303 0.05184092888465294 0.05251869788536659
0 0.34972557654747594 0.2402816735781156 0.05414155813363882 0.05492357107309195
0 0.4154591193565956 0.13915310456202581 0.05490391071026142 0.05504301878122183
0 0.6825880637535682 0.5764939601604755 0.047998281625600964 0.04788890251746544
0 0.7025498610276443 0.49279194611769456 0.0379785391000601 0.0379334229689378
0 0.6445198059082031 0.8616456985473633 0.021830191979041465 0.02218451866736779
0 0.7101587148813101 0.2604216428903433 0.032197805551382214 0.032665252685546875
0 0.5467816499563364 0.05766541224259596 0.048302870530348554 0.04908163730914776
0 0.5849433312049279 0.6489136035625751 0.04176682692307692 0.0418707040640024
0 0.3535567797147311 0.7021384605994592 0.03201734102689303 0.03174033531775841
0 0.3167118659386268 0.8543430475088266 0.03842082390418419 0.037993211012620196
0 0.288853095127986 0.3052105720226581 0.018799341641939603 0.018540565784160908
0 0.3937985713665302 0.9833065913273737 0.05028849381666917 0.03134624774639423
0 0.5823194063626803 0.20829664743863618 0.08223342895507812 0.08273682227501503
0 0.5792304552518405 0.846061633183406 0.028996100792518027 0.028805072490985576
0 0.45656504997840297 0.9704570770263672 0.046811617337740384 0.04693280733548678
0 0.6234680322500376 0.8014175708477314 0.018094869760366585 0.018091641939603366
0 0.28865827046907866 0.04367060844714825 0.04460962002093975 0.07343710385836087
0 0.3544154533973107 0.6074359600360577 0.020935498751126803 0.020942541269155648
0 0.5531449684729943 0.4128459050105168 0.0677632551926833 0.0683598151573768
0 0.3634487298818735 0.5017739075880784 0.03538014338566707 0.03516365931584285
0 0.66936705662654 0.4002852806678185 0.03581164433405949 0.03559244596041166
0 0.6934438118567834 0.4566314403827374 0.022495269775390625 0.022509061373197116
0 0.5019355187049279 0.8044148225050706 0.017818744365985576 0.01810279259314904
0 0.4111636601961576 0.7370435274564303 0.024509356572077826 0.024395869328425482
0 0.5849822117732122 0.30687997891352725 0.06505570044884315 0.06468791228074294
0 0.5716885786790115 0.8989049471341647 0.02991617642916166 0.029519007756159857
0 0.4374140225923978 0.8886815584622897 0.0391996823824369 0.039268787090594955
0 0.3852159059964694 0.7412550999568059 0.026430130004882812 0.026679112361027643
0 0.7125169313870944 0.3387933144202599 0.03281754713792067 0.03377459599421574
0 0.4977601124690129 0.8746990057138296 0.03431158799391527 0.03449850815993089
0 0.3890841557429387 0.7903476128211389 0.019490755521334134 0.019388639009915866
0 0.3836865791907677 0.27902432588430554 0.048879770132211536 0.048976788154015176
0 0.4716908014737643 0.9397841233473557 0.03412342071533203 0.03307034419133113
0 0.5657157164353591 0.6737126570481521 0.02697416452261118 0.027000573965219352
0 0.5288939109215369 0.6063214815579928 0.02034157973069411 0.020282598642202523
0 0.5938300352830154 0.49025264153113735 0.07589442913348858 0.07590726705697867
0 0.5119031025813177 0.9574470520019531 0.0330198728121244 0.03248948317307692
0 0.6868258256178635 0.7998222937950721 0.015320704533503605 0.015464195838341346
0 0.33452349442702073 0.9299518145047702 0.020977020263671875 0.021064171424278848
0 0.3038601875305176 0.9726652732262244 0.05353348071758564 0.05260144747220553
0 0.5471395345834585 0.8479697887714093 0.03683625734769381 0.03685085590069111
0 0.37062703646146333 0.8626571068396935 0.031669983497032754 0.031211412869966947
0 0.48024625044602615 0.474118526165302 0.02343617952786959 0.02346170865572416
0 0.5294399995070237 0.8216187403752253 0.03297629723182091 0.03237240131084736
0 0.5138039955726037 0.20088947736299956 0.054764820979191706 0.054657275860126205
0 0.48426187955416167 0.42092059208796573 0.02078701899601863 0.02049093980055589
0 0.43027349618765026 0.6307201385498047 0.028852095970740683 0.029206496018629808
0 0.6708909548245944 0.44201242006742036 0.01715850830078125 0.017390911395733174
0 0.28597450256347656 0.9462139423076923 0.020597091087928183 0.02027159470778245
0 0.28145135365999663 0.6808451139009916 0.020755437704233024 0.02967658409705529
0 0.7076274431668795 0.8447409409743089 0.015366334181565505 0.015485910268930288
0 0.6528787612915039 0.7248017237736628 0.03803531940166767 0.03738843477689303
0 0.4757846685556265 0.6601506746732272 0.01786466745229868 0.017914405235877402
0 0.6153982602632962 0.6751976013183594 0.03783479103675255 0.03829735975999098
0 0.5928143721360427 0.35720073259793794 0.056144420917217545 0.056539095365084134
0 0.4790184314434345 0.8192661725557767 0.02003346956693209 0.01984258798452524
0 0.5962729820838342 0.9651134197528546 0.03374143747182993 0.03332871657151442
0 0.6136834071232722 0.4081866924579327 0.031040485088641826 0.031014515803410456
0 0.42575689462515026 0.9513716330895057 0.028140434852013223 0.027849197387695312
0 0.43486976623535156 0.8587785867544321 0.02297489459698017 0.02337338374211238
0 0.32601327162522536 0.0930775312276987 0.04594276501582219 0.045673443720890924
0 0.30717530617347133 0.3427101648770846 0.020611322843111478 0.020584473243126504
0 0.4693777377788837 0.9132197453425481 0.03507804870605469 0.03534889221191406
0 0.5081883943997897 0.41893335489126354 0.026281063373272236 0.02677264580359826
0 0.28897855832026553 0.5905173375056341 0.017282632681039665 0.017323714036207933
0 0.6382911388690655 0.7007279029259315 0.039214794452373795 0.039438834557166465
0 0.712397942176232 0.5977238875169021 0.032848211435171276 0.039052376380333535
0 0.4604492921095628 0.7490724416879507 0.03934038602388822 0.038960970365084134
0 0.6684245329636794 0.9691967597374549 0.11611879788912259 0.060602041391225964
0 0.485869994530311 0.898027933560885 0.022651819082406852 0.022423670842097357
0 0.2966499145214374 0.912687741793119 0.015526661506065955 0.01549236591045673
0 0.4330005645751953 0.18052411079406738 0.0461279062124399 0.04624641858614408
0 0.3098597526550293 0.6947484383216271 0.02706740452693059 0.02673486562875601
0 0.3931697698739859 0.9153421842134916 0.054286956787109375 0.05471655038686899
0 0.6961330267099234 0.042608206088726334 0.038474009587214544 0.0384742938555204
0 0.5145990298344538 0.6821558292095478 0.03742775550255409 0.03900982783390926
0 0.5587416428786057 0.9703520994919997 0.03080162635216346 0.02888635488656851
0 0.32654611880962664 0.27672785979050857 0.02494364518385667 0.024699064401479866
0 0.47263526916503906 0.849190198458158 0.052213228665865384 0.05201985285832332
0 0.32084949199969953 0.09796620332277738 0.061661481857299805 0.057260531645554766
0 0.5585349523104154 0.9789569561298077 0.04510718125563402 0.039705716646634616
0 0.3639088043799767 0.9074943249042218 0.023574462303748496 0.02422156700721154
0 0.6573477524977464 0.8278997861422025 0.02819369389460637 0.029144873985877402
0 0.7051802415114182 0.9336174451387845 0.040904998779296875 0.04965430039625902
