0 0.7457648790799655 0.9372112567608173 0.1396045684814453 0.1222983140211839
0 0.36349098499004656 0.10444212876833402 0.0727068094106821 0.07325346653278057
0 0.2824926743140587 0.30592456230750453 0.09405744992769681 0.09387962634746845
0 0.804505861722506 0.14797000701610857 0.08092704186072716 0.08073841608487643
0 0.12168426697070782 0.07723709253164437 0.06496622012211727 0.06486228337654701
0 0.09811176703526424 0.03490900764098534 0.04369466121380146 0.04770831419871403
0 0.7580263431255634 0.10980429099156307 0.05634014423076923 0.05719614028930664
0 0.6026393450223483 0.16789898505577674 0.11038941603440505 0.11085348862868089
0 0.49975769336407 0.7936807045569787 0.08007291647104117 0.08011465806227464
0 0.11143349684201755 0.4703198212843675 0.029862348849956807 0.029796600341796875
0 0.41666038219745344 0.285520260150616 0.046998097346379206 0.04729916499211238
0 0.8705003444965069 0.10824527190281795 0.05854577284592848 0.057959721638606146
0 0.7311410903930664 0.07765742448660043 0.03948534451998197 0.03982875897334172
0 0.900662715618427 0.7159428963294396 0.03911517216609074 0.05178260803222656
0 0.32068824768066406 0.045289892416733965 0.03254848260145921 0.03238174548515907
0 0.4870504599351149 0.39136717869685245 0.04245193188007061 0.04233008164625902
0 0.31927945063664365 0.4026777194096492 0.03721009767972506 0.037038289583646335
0 0.772134414085975 0.8470927018385667 0.028652044442983773 0.028653071476862982
0 0.16308261797978327 0.5724438887376052 0.021723087017352764 0.0217892573429988
0 0.4403390150803786 0.9699037992037259 0.020998367896446817 0.020987877478966348
0 0.7183105762188251 0.2376714853140024 0.03647628197303185 0.03614642069889949
0 0.7935142517089844 0.29564499855041504 0.03804925771859976 0.03787917357224684
0 0.6078135417057917 0.6244740119347205 0.08380405719463642 0.08266885464008038
0 0.6608396676870493 0.799866456251878 0.027126899132361777 0.027240166297325723
0 0.8817145274235652 0.984854478102464 0.024902490469125602 0.024978050818810098
0 0.6522332704984225 0.5532401158259466 0.02475313039926382 0.024732002845177285
0 0.7331762313842773 0.18348257358257586 0.1021104959341196 0.1032251578110915
0 0.6485311068021334 0.926749009352464 0.05645047701322115 0.057213123028094955
0 0.5615381094125601 0.7172613877516526 0.020754007192758415 0.02086786123422476
0 0.90350341796875 0.5545473098754883 0.02821966317983774 0.02805299025315505
0 0.4559183854323167 0.15445602857149565 0.11112176454984225 0.11437693926004264
0 0.7928445522601788 0.1021261398608868 0.018807191115159255 0.01901721954345703
0 0.5459722372201773 0.6541102482722356 0.022411493154672477 0.022335345928485576
0 0.6291713714599609 0.46243983048659104 0.023992391733022835 0.024375768808218148
0 0.6786033923809345 0.11610955458420974 0.02619171142578125 0.02621773573068472
0 0.5789519823514498 0.582252942598783 0.02858103238619291 0.028237269474909857
0 0.5050034889808068 0.07061912463261531 0.02680661128117488 0.02692448175870455
0 0.5027390626760629 0.5813486392681415 0.018503482525165264 0.018498787513146035
0 0.7090044755202073 0.8436713585486779 0.03059988755446214 0.030501732459435098
0 0.7259798783522385 0.8274728334867038 0.023653177114633415 0.023722135103665866
0 0.8785420197706956 0.30349282117990345 0.017821238591120794 0.01763186087975135
0 0.6901522416334885 0.7747436670156626 0.023667115431565505 0.023730351374699518
0 0.7566077892596905 0.2853553295135498 0.031200115497295674 0.031266249143160306
0 0.4904167101933406 0.8741383919349084 0.019315206087552585 0.019088304959810697
0 0.18201149426973784 0.21521953436044547 0.021903331463153545 0.02173757553100586
0 0.4253745445838341 0.75317749610314 0.02030211228590745 0.02043914794921875
0 0.3290121371929462 0.9804737384502704 0.019703791691706732 0.019704672006460335
0 0.5923106486980731 0.9408735128549429 0.019721177908090446 0.019509242131159857
0 0.16608364765460676 0.8053437012892503 0.016663734729473408 0.016536125769981973
0 0.12502281482403094 0.327696286714994 0.06198828036968525 0.06257409315842849
0 0.637194560124324 0.583223269535945 0.017586341271033652 0.01774421105018029
0 0.401731931246244 0.22147615139301008 0.024325150709885817 0.02454537611741286
0 0.7327693058894231 0.16620019766000602 0.01963043212890625 0.019156419313870944
0 0.8270661280705378 0.896950208223783 0.017450479360727165 0.017376826359675482
0 0.24985698553232047 0.1500264864701491 0.1334095001220703 0.13675436606773964
0 0.780335939847506 0.03352157656963055 0.01902917715219351 0.01919799126111544
0 0.5950455298790565 0.68450194138747 0.018711236807016227 0.01858667226938101
0 0.5027735783503606 0.2859782805809608 0.01697261516864483 0.01688539064847506
0 0.8187271998478816 0.5353505061222956 0.017500657301682692 0.017524132361778848
0 0.3752158971933218 0.015617909339758066 0.019510856041541465 0.019538026589613695
0 0.4732963121854342 0.7282975270197942 0.01755068852351262 0.017513275146484375
0 0.28448057174682617 0.6207647323608398 0.022361902090219352 0.022934546837439902
0 0.37134273235614484 0.9109477996826172 0.0988169450026292 0.09843679574819711
0 0.24483422132638785 0.18079082782451922 0.015844968649057243 0.01556535867544321
0 0.9096513161292443 0.6860615656926081 0.020790686974158652 0.02375617394080529
0 0.4524944011981671 0.6523824838491586 0.01790010012113131 0.01784544724684495
0 0.6791175695566031 0.6113625306349534 0.05427712660569411 0.05367293724646935
0 0.2871866409595196 0.36467310098501354 0.019228605123666618 0.019320267897385817
0 0.3989307697002704 0.6405896406907302 0.01719841590294471 0.01699095505934495
0 0.6514646089993991 0.2776931799375094 0.022839766282301683 0.02260453884418194
0 0.9058049275324895 0.9368928762582632 0.02054317180926983 0.020624894362229567
0 0.39041555844820464 0.03801188102135292 0.02016470982478215 0.02018902851985051
0 0.5521459212669959 0.16600414422842172 0.020813428438626803 0.020991141979510967
0 0.4104281205397386 0.8235966609074519 0.01710678980900691 0.017167311448317308
0 0.7671877054067758 0.8693651052621695 0.027768942025991585 0.02745995154747596
0 0.7242794770460862 0.7805100954495944 0.02436960660494291 0.024392348069411058
0 0.6999747202946589 0.7488306485689603 0.01788168687086839 0.017955780029296875
0 0.6801985227144681 0.23815074333777794 0.015900831956129808 0.015921886150653545
0 0.20644318140470064 0.37697454599233776 0.01728516358595628 0.017151465782752402
0 0.6012994692875788 0.9776755112868089 0.04403884594257061 0.03883831317608173
0 0.3449141795818622 0.2540756372305063 0.016587110666128304 0.016561508178710938
0 0.8360520142775315 0.9149157450749323 0.01657251211313101 0.016364317673903245
0 0.4750676521888146 0.467103701371413 0.015096150911771335 0.01506181863638071
0 0.7548762101393479 0.7514714461106521 0.03352898817795973 0.033048189603365384
0 0.39130489642803484 0.44266539353590745 0.016245401822603665 0.0161590576171875
0 0.8248418661264273 0.0458747698710515 0.016135289118840143 0.015940265013621405
0 0.7981824141282302 0.6731118422288161 0.01866912841796875 0.018732217641977165
0 0.6166713421161358 0.10426163673400879 0.016959557166466348 0.01703049586369441
0 0.27427170826838565 0.6045241355895996 0.01575748737041767 0.015366921058067909
0 0.47385069040151745 0.6696190467247596 0.01954782926119291 0.019726973313551683
0 0.5400653619032639 0.7976892911470853 0.01595768561730018 0.016041095440204326
0 0.3602125828082745 0.5515966415405273 0.01686580364520733 0.016640443068284255
0 0.9115224251380334 0.9782890906700721 0.014311276949368991 0.017746851994441107
0 0.5692356549776517 0.5157585144042969 0.01827379373403696 0.017996714665339544
0 0.25159520369309646 0.37754587026742786 0.023352512946495645 0.02231319134051983
0 0.7474462802593524 0.8586434584397536 0.0256649897648738 0.025901207557091348
0 0.3557717983539288 0.7423026745135968 0.0172122075007512 0.017177288348858174
0 0.42174273270827073 0.6747992588923528 0.05974784264197716 0.05764858539287861
0 0.7763008704552283 0.014793464770683875 0.017110384427584134 0.01726873104388897
0 0.6847631014310397 0.4716028066781851 0.015431477473332332 0.015565578754131611
0 0.5906312649066632 0.00685092004445883 0.015804584209735576 0.012117947523410503
0 0.2560252409714919 0.3914196307842548 0.025277431194598857 0.024010144747220553
0 0.1570876378279466 0.8431132389948919 0.015012997847336989 0.014955373910757212
0 0.25565235431377703 0.1562060943016639 0.014478500072772685 0.014304161071777344
0 0.0943610668182373 0.8707070717444787 0.014395640446589543 0.014396227323091947
0 0.13002442396604097 0.569110210125263 0.10540399184593788 0.13120196415827826
0 0.11332893371582031 0.7759946676400992 0.014805316925048828 0.014928084153395433
0 0.682334092947153 0.738818095280574 0.017008854792668268 0.016938429612379808
0 0.7265200248131385 0.8607634030855619 0.018185542179987982 0.01835045447716346
0 0.9014210334190955 0.7577960674579327 0.015932523287259616 0.0159304692195012
0 0.39313404376690203 0.28131760083712065 0.014281786405123197 0.014212975135216346
0 0.5666608810424805 0.20173010459313026 0.01694180415226863 0.01666428492619441
0 0.5601605635422927 0.509605701153095 0.017043920663686898 0.017466178307166465
0 0.16872171255258414 0.3849208171551044 0.015169290395883413 0.014768893902118389
0 0.6939530005821815 0.8598704704871545 0.018826117882361777 0.018393296461838942
0 0.6951799392700195 0.88194883786715 0.025206492497370794 0.025339860182542067
0 0.13866065098689154 0.8981950466449444 0.013703236213097205 0.013887845552884616
0 0.6110266905564529 0.45080676445594203 0.016161111684945915 0.0162049073439378
0 0.3607650169959435 0.5176094128535345 0.016785401564378005 0.0167233393742488
0 0.2782541788541354 0.5922423876248873 0.016535465533916768 0.016571044921875
0 0.831813958974985 0.0068038060114933895 0.019037833580603965 0.012615524805509128
0 0.7235609201284555 0.10841303605299729 0.015198927659254808 0.015057857219989482
0 0.577704906463623 0.08959905000833365 0.014978408813476562 0.014830570954542894
0 0.8917054396409255 0.668413675748385 0.014342381403996395 0.014468559852013221
0 0.7422149364764874 0.8464336395263672 0.026926187368539665 0.026129795954777643
0 0.2200926267183744 0.6039212300227239 0.01541885962853065 0.015558536236102764
0 0.2539863953223595 0.3847421132601224 0.029492304875300482 0.03226815737210787
0 0.5647231248708872 0.4505787629347581 0.021062630873460036 0.020554322462815505
0 0.4583082932692308 0.34375341121967024 0.07876278803898738 0.07962241539588341
0 0.3054636808542105 0.06362234170620258 0.01451279566838191 0.014957666397094727
0 0.48730039596557617 0.5963236001821665 0.01699550335223858 0.017447251539963942
0 0.8172514988825872 0.26355138191810024 0.027529789851262018 0.02788554705106295
0 0.7443450047419622 0.8187486941997821 0.0221102787898137 0.02301626939039964
0 0.8629895723783053 0.20044711919931266 0.11827146089993991 0.13893847282116228
0 0.6639385223388672 0.13813986228062555 0.0164797856257512 0.016628173681405876
0 0.5663369252131536 0.8648366194504958 0.01562030498798077 0.015551933875450721
0 0.29208608774038464 0.0722586650114793 0.015173215132493239 0.015126540110661434
0 0.15730956884530875 0.3724058591402494 0.013551574486952562 0.0138548337496244
0 0.087127502147968 0.5328029852647048 0.014706905071551982 0.014395200289212741
0 0.10762693331791805 0.9204416275024414 0.013992676368126502 0.013853953434870793
0 0.3555313257070688 0.35671703632061297 0.015377338115985576 0.015601451580341045
0 0.34870752921471226 0.8432860741248498 0.015849186823918268 0.01652702918419471
0 0.44564107748178333 0.3484970239492563 0.10115916912372296 0.10133745120121883
0 0.7247946812556341 0.5327992806067834 0.01412509037898137 0.014144163865309495
0 0.4948256565974309 0.5075985835148737 0.014960949237530049 0.014871597290039062
0 0.46825265884399414 0.5266584616440994 0.047613950876089245 0.0468592276939979
0 0.43268537521362305 0.6021292026226337 0.06472301483154297 0.06468552809495193
0 0.3473197130056528 0.28879671830397385 0.01443635500394381 0.014273496774526743
0 0.5971759282625638 0.13096557213709906 0.015413577740009014 0.014929643044104943
0 0.6619871579683744 0.6423510037935697 0.016225668100210335 0.016306657057542067
0 0.32323925311748797 0.7070291959322416 0.023925047654371995 0.0237274169921875
0 0.11183858834780179 0.9094508244441106 0.015429184986994816 0.015191591702974759
0 0.49326269443218523 0.558806272653433 0.05399630619929387 0.051930794349083535
