0 0.8040363605205829 0.08526799312004676 0.026837569016676683 0.02710402928865873
0 0.6264176001915565 0.60085417674138 0.020198528583233174 0.020041979276216947
0 0.267126413492056 0.32702075518094575 0.019126745370718148 0.019083536588228665
0 0.339695380284236 0.4543796686025766 0.017939127408541165 0.017813829275277946
0 0.7267285860501803 0.2709007263183594 0.023155945997971755 0.023242877079890326
0 0.5834646224975586 0.8283509474534255 0.01836226536677434 0.018164708064152643
0 0.617972520681528 0.9250586583064153 0.01754936805138221 0.017641507662259616
0 0.6727112990159255 0.104706360743596 0.016992568969726562 0.016997924217810996
0 0.5006822439340445 0.31241292219895583 0.016078362098106973 0.01618304619422326
0 0.3941369423499474 0.3836355209350586 0.016075280996469352 0.016167860764723558
0 0.6940687619722806 0.25089520674485427 0.016381483811598558 0.016270857590895433
0 0.8414231813870944 0.23678504503690279 0.015247344970703125 0.015255194443922777
0 0.4268499521108774 0.40274781447190505 0.01575917464036208 0.015781696026141826
0 0.17620132519648626 0.057279536357292764 0.014643632448636569 0.014636544080880972
0 0.30284681686988246 0.6675274188701923 0.015336953676663913 0.015503516564002404
0 0.689918224628155 0.12194143808805026 0.014904022216796875 0.01471721209012545
0 0.3323081456697904 0.26229748359093297 0.014526587266188402 0.014738669762244591
0 0.35112982529860276 0.03264633279580336 0.014957721416766826 0.014938597495739277
0 0.47877201667198765 0.18227184735811675 0.01496432377741887 0.015131877018855168
0 0.2828374275794396 0.7022862067589393 0.014382215646597056 0.014267848088191105
0 0.23541940175569975 0.5621004471412072 0.014005404252272386 0.013952255249023438
0 0.7252869972815881 0.2444903667156513 0.014506706824669471 0.014840199397160457
0 0.7878322601318359 0.6158331357515775 0.01340954120342548 0.013282225682185246
0 0.6413778158334585 0.6139470980717585 0.01389782245342548 0.013932374807504507
0 0.28403538923997146 0.40300787412203276 0.013322096604567308 0.013403819157527043
0 0.6713126255915716 0.4660964012145996 0.01401519775390625 0.013757925767164964
0 0.8639196249154898 0.6016259927016038 0.014285747821514424 0.01441801511324369
0 0.7371735206017127 0.25202233974750227 0.013578708355243389 0.01374068626990685
