0 0.6947895930363581 0.9306780008169321 0.03674580500676082 0.036880786602313705
0 0.6844456012432392 0.1264486312866211 0.024527623103215143 0.02480774659376878
0 0.42186535321749175 0.462030080648569 0.02442308572622446 0.024544422443096455
0 0.5682887664208045 0.09321442017188439 0.030335206251878005 0.030208844404954176
0 0.3006319266099196 0.4391532311072716 0.01724727337176983 0.017442996685321514
0 0.4725079903235802 0.45396705774160534 0.019934580876277044 0.020218335665189303
0 0.6690954061654898 0.9764397694514348 0.016863309420072116 0.016855680025540866
0 0.575257631448599 0.400300539456881 0.016353387099045973 0.01638375795804537
0 0.39978456497192383 0.34847252185528094 0.016347665053147536 0.016175196721003607
0 0.5659544284527118 0.4385552406311035 0.016941143916203424 0.01662474412184495
0 0.44569928829486555 0.48798707815317005 0.021395389850323018 0.021683913010817308
0 0.47097323491023135 0.49683292095477766 0.0167544438288762 0.016706026517427884
0 0.6023059624892014 0.22807486240680402 0.015634463383601263 0.015782502981332634
0 0.4525600213270921 0.4385106380169208 0.015479161189152645 0.015890121459960938
0 0.5511578046358548 0.22182967112614557 0.016290738032414362 0.016403601719782904
0 0.45114553891695464 0.6481840427105243 0.015360025259164663 0.01525115966796875
0 0.45615460322453427 0.49497164212740385 0.015576435969426082 0.015627054067758415
0 0.6070207082308255 0.9576666905329778 0.014684457045335036 0.01483154296875
0 0.38252936876737154 0.32454123863807094 0.015484809875488281 0.015580837543194111
0 0.4419976014357347 0.42726436028113735 0.014321107130784255 0.014459609985351562
0 0.5347044284527118 0.9126707223745493 0.014484992394080529 0.014714461106520433
0 0.30966652356661284 0.4542392583993765 0.01404256087083083 0.014036472027118389
0 0.508773400233342 0.5071122829730694 0.014081074641301082 0.014224565946138822
0 0.5351653832655686 0.4378392146183894 0.01418289771446815 0.014436134925255409
0 0.6477096264178936 0.6027043415949895 0.014118781456580529 0.014186418973482572
0 0.6249019916240985 0.7115306120652419 0.014252295860877404 0.014105723454402043
0 0.41200762528639573 0.1871200524843656 0.014577278724083534 0.014368167290320763
0 0.6948974315936749 0.5815588877751277 0.013824169452373799 0.013980865478515625
0 0.4673033127417931 0.42981576919555664 0.013582889850323018 0.013301482567420373
0 0.6893599583552434 0.6948974315936749 0.014699202317457933 0.01450347900390625
