0 0.8301078356229342 0.1037741074195275 0.08616696871243991 0.10206178518442008
0 0.7624080364520733 0.33567461600670445 0.04963552034818209 0.04946319873516376
0 0.20801793611966646 0.53415192090548 0.09965581160325271 0.09868233020489033
0 0.20751716540409967 0.4382968315711388 0.1156912950369028 0.1163950700026292
0 0.5385954930232122 0.596221190232497 0.10044611417330228 0.10219559302696815
0 0.8129793313833383 0.28627674396221453 0.12090829702524039 0.15460703923152044
0 0.7615849421574519 0.5683339192317083 0.04063122089092548 0.04055991539588341
0 0.2884678473839393 0.7297457181490384 0.041616073021521933 0.04172090383676382
0 0.4120861566983737 0.5632224449744592 0.0587615233201247 0.058351956881009616
0 0.6512716733492337 0.34145201169527495 0.04508502666766827 0.04539812528170072
0 0.6438218630277194 0.7770267633291391 0.030124664306640625 0.030420303344726562
0 0.7690130380483774 0.7002664712759165 0.03314619797926683 0.03363183828500601
0 0.7239145132211539 0.7516665825477014 0.028284513033353366 0.02843328622671274
0 0.6650694333589994 0.6272950539222131 0.02424034705528846 0.024493877704326924
0 0.5197507784916804 0.8683930910550631 0.04427528381347656 0.04433382474459135
0 0.7427551562969501 0.8109858586237981 0.024078956017127402 0.024331312913161058
0 0.7402364290677584 0.7076274431668795 0.03097387460561899 0.03117209214430589
0 0.6172447204589844 0.8805336585411658 0.021530298086313102 0.02155333298903245
0 0.6706135089580829 0.582433663881742 0.03489186213566707 0.034901985755333535
0 0.8469531719501202 0.6289493854229267 0.031122354360727165 0.03119487028855544
0 0.7509742883535532 0.7589707741370568 0.022871897770808294 0.022695101224459134
0 0.8318686852088342 0.6883300634530874 0.03092619088979868 0.03092472369854267
0 0.8240413665771484 0.7308839651254507 0.029567718505859375 0.02969536414513221
0 0.7739185920128455 0.8209317280695989 0.026027092566856973 0.025931431696965143
0 0.3750484906710111 0.9691016857440655 0.03096741896409255 0.030696575458233174
0 0.6774776165301983 0.8394333766056941 0.0237429692195012 0.023862692025991585
0 0.7299500978910006 0.8408447412344126 0.024729215181790866 0.024834559513972357
0 0.8277119856614333 0.18129704548762396 0.023624126727764424 0.023621852581317607
0 0.24219960432786208 0.028386675394498385 0.037697792053222656 0.03762324039752667
0 0.6505366105299729 0.8873943915733924 0.018540015587439902 0.018364832951472357
0 0.501442762521597 0.5464603717510517 0.03092677776630108 0.03083317096416767
0 0.8425138913668119 0.5700531739455003 0.027092713576096755 0.02698062016413762
0 0.557494016794058 0.43528175354003906 0.02747066204364483 0.027746934157151442
0 0.4393172997694749 0.8378125704251803 0.0170137698833759 0.016837486853966348
0 0.8419569455660306 0.751834355867826 0.032501220703125 0.03212415255033053
0 0.1789387189424955 0.3574342727661133 0.03741920911348783 0.03718126737154447
0 0.8022667811467097 0.7495680588942307 0.019530369685246393 0.01933112511268029
0 0.5804871779221755 0.7425938386183518 0.01669942415677584 0.016712775597205527
0 0.6564527658315805 0.6415235079251803 0.01634847200833834 0.01581602830153245
0 0.4953268858102652 0.7208562997671274 0.01857618185190054 0.018508764413686898
0 0.8535305903508112 0.174896973830003 0.03126173753004808 0.031232173626239482
0 0.7208708249605619 0.8942631207979642 0.01802649864783654 0.018071541419396035
0 0.7579721304086539 0.9788959943331205 0.04088372450608473 0.038343576284555286
0 0.2905883055466872 0.8000545501708984 0.021062667553241435 0.020955012394831732
0 0.5816252048198993 0.8169364929199219 0.03106997563288762 0.03148210965670072
0 0.20447278022766113 0.49348963223970854 0.024184300349308893 0.024437977717472956
0 0.45687191302959734 0.9253184978778546 0.01703335688664363 0.016809756939227764
0 0.36215301660391 0.4947233200073242 0.03016075721153846 0.029958358177771933
0 0.1366120851956881 0.02372629367388212 0.021312713623046875 0.0259477083499615
0 0.7669544953566331 0.8821094219501202 0.015396705040564904 0.015675471379206732
0 0.5949541972233698 0.5401955384474534 0.027742972740760215 0.02789761469914363
0 0.2901604725764348 0.6460801638089694 0.06229466658372145 0.06283741730910081
0 0.8324513068565955 0.43218256877018857 0.018683506892277643 0.01865995847261869
0 0.7345284682053786 0.62401610154372 0.016904684213491585 0.017037024864783652
0 0.3161468505859375 0.19657135009765625 0.024094288165752705 0.024760906512920674
0 0.1496884456047645 0.3117849276616023 0.05022782545823317 0.06898769965538612
0 0.7808553989116962 0.68407836327186 0.01688238290640024 0.0174258305476262
0 0.7675635998065655 0.8475411488459661 0.016353313739483174 0.016361383291391227
0 0.26278891930213344 0.16212087411146897 0.01618165236253005 0.016170465029202975
0 0.6488351088303786 0.5255895027747521 0.02098875779371995 0.020849154545710638
0 0.6902267749492939 0.9723560626690204 0.052637540377103366 0.05144295325646034
0 0.5812440285315881 0.37593188652625453 0.015785657442533053 0.015688382662259616
0 0.22378136561467096 0.13833288046029898 0.02348463351909931 0.023767911470853366
0 0.8405171907865084 0.3971405029296875 0.035513070913461536 0.0357823005089393
0 0.8545166895939753 0.8030949372511643 0.017827254075270433 0.017859679002028245
0 0.3505132748530461 0.9889595325176532 0.033898353576660156 0.02049431434044471
0 0.691567641038161 0.549988159766564 0.017849261944110576 0.017838698167067308
0 0.7931376237135667 0.5366721886854905 0.023446009709284857 0.023599697993351862
0 0.47635900057279146 0.9795948908879206 0.0169827387883113 0.01703365032489483
0 0.6954022921048678 0.9323218419001653 0.058358265803410456 0.057831984299879804
0 0.7327687190129206 0.7966000483586237 0.020696493295522835 0.020942101111778848
0 0.5488520402174729 0.8177987612210788 0.01759169651911809 0.017819624680739183
0 0.8487539291381836 0.8582665370060847 0.021233778733473558 0.021358783428485576
0 0.5114447153531588 0.9556582524226263 0.11248023693378155 0.08702468872070312
0 0.7396425834068885 0.8879401133610652 0.01519305889423077 0.01523604759803185
0 0.6798375936654898 0.7976432213416467 0.05620736342210036 0.05491315401517428
0 0.20993478481586164 0.6094685334425706 0.04235003544734074 0.04220918508676382
0 0.48569466517521787 0.752748049222506 0.02020263671875 0.02023902306189904
0 0.5108988835261419 0.066910431935237 0.03789578951322115 0.03817063111525316
0 0.836273193359375 0.8934830152071439 0.015216974111703726 0.015373523418719951
0 0.23618857677166277 0.7831971828754132 0.06019137455866887 0.05952864426832933
0 0.5707090084369366 0.7791511829082782 0.017127550565279447 0.017485985389122598
0 0.5053524604210486 0.9093207579392654 0.018477953397310697 0.018558502197265625
0 0.3990157200739934 0.5699135706974909 0.014493355384239784 0.014497463519756611
0 0.8147101769080529 0.20162553053635818 0.015981087317833535 0.016036840585561898
0 0.6460157541128305 0.8350810271043044 0.022678668682391826 0.023224463829627402
0 0.6919722923865685 0.7902947939359225 0.015381446251502404 0.015499408428485576
0 0.26108004496647763 0.8590170053335336 0.02930274376502404 0.029751997727614183
0 0.8071291996882513 0.9005015446589544 0.01563292283278245 0.015610914963942308
0 0.848515877356896 0.9084362616905799 0.024000021127554085 0.023830267099233773
0 0.7058925628662109 0.3769584802480844 0.025655453021709736 0.02577943068284255
0 0.7345719704261193 0.9125859187199519 0.018975477952223558 0.0188446044921875
0 0.39351646716778094 0.7787764622614934 0.025311103233924277 0.024950174184945915
0 0.8271941405076247 0.6377146794245794 0.013903984656700721 0.013905158409705529
0 0.21398547979501578 0.157499936910776 0.015086027292104868 0.015167493086594801
0 0.5413464032686673 0.9341261203472431 0.01813991253192608 0.01798277634840745
0 0.15472021469703087 0.6473108438345102 0.014192654536320614 0.014587695782001201
0 0.5320381017831656 0.7259399707500751 0.014812322763296274 0.014731480525090145
0 0.4797994540287898 0.6499363825871394 0.018329547001765326 0.018367473895733174
0 0.7486632420466497 0.6833972930908203 0.01582160362830529 0.015757340651292067
0 0.8190790323110727 0.03610865886394794 0.032068839439978965 0.03257916523860051
0 0.7037705641526443 0.6329856285682092 0.015367361215444712 0.01541607196514423
0 0.8670443021334134 0.35979105876042294 0.014658414400540866 0.022117174588716947
0 0.2597807737497183 0.524527329664964 0.04592209595900316 0.044854384202223554
0 0.5470037827124963 0.5810344769404485 0.01620175288273738 0.016449634845440205
0 0.3151286198542668 0.29427521045391375 0.028801991389347956 0.02861653841458834
0 0.46331724753746617 0.8144327310415415 0.026214232811560996 0.02646636962890625
0 0.44010624518761265 0.8939665280855619 0.014714461106520433 0.014059506929837741
0 0.26395808733426607 0.3090158242445726 0.026416448446420524 0.026683954092172477
0 0.3637274962205153 0.6081470342782828 0.013624484722430889 0.013652361356295072
0 0.8278501950777494 0.5175165763268104 0.018929114708533652 0.018970196063701924
0 0.8282335721529447 0.514925663287823 0.015480921818659855 0.015688089224008415
0 0.7388035700871394 0.391900686117319 0.014840346116286058 0.014913338881272536
0 0.35661745071411133 0.8599379612849309 0.06580712245060848 0.06722376896784855
0 0.4390388635488657 0.3379477354196402 0.014924709613506611 0.014784446129432091
0 0.6953367820152869 0.7746316469632663 0.015277275672325721 0.016033759483924277
0 0.20035666685837966 0.677000852731558 0.1575600917522724 0.1754634563739483
0 0.7625064849853516 0.6145323973435622 0.016440171461838942 0.016336734478290264
0 0.8255616701566256 0.9587851304274339 0.10369667640099159 0.08005523681640625
0 0.7538644350492038 0.22330370316138634 0.0175936772273137 0.01742410659790039
0 0.8616781234741211 0.774079836331881 0.024583816528320312 0.02599481435922476
0 0.32471290001502406 0.5259611423198993 0.02621914790226863 0.02626345707820012
0 0.625487547654372 0.76934080857497 0.013737018291766826 0.014387570894681491
