0 0.39751441662128156 0.5752422259404109 0.07084450354942909 0.07047777909498948
0 0.5797653931837815 0.06692799238058236 0.09475267850435697 0.09530729513901931
0 0.7230732257549579 0.4004964828491211 0.07635835500863883 0.0774066631610577
0 0.312252007997953 0.5396399864783654 0.08691589648907001 0.0866251725416917
0 0.3980704087477464 0.834471922654372 0.045681146474984974 0.045667208158052884
0 0.7019194823044997 0.9335149618295523 0.03973109905536358 0.03982837383563702
0 0.6576246114877554 0.25725995577298677 0.0679465073805589 0.06846376565786508
0 0.3470921883216271 0.04226874388181246 0.06502980452317458 0.06469086500314566
0 0.6182702137873723 0.2918572425842285 0.07637610802283654 0.07631463270920974
0 0.24215753261859602 0.8690232496995193 0.026747923630934495 0.026730757493239183
0 0.7742889110858624 0.1361234738276555 0.03641245915339543 0.03636800325833834
0 0.38422144376314604 0.9816749279315655 0.0203857421875 0.020699574397160456
0 0.7032067225529597 0.129615646142226 0.03842016366811899 0.03830603452829214
0 0.5140428176293006 0.05060868079845722 0.062274859501765326 0.06156741655789889
0 0.4901416118328388 0.5757010533259466 0.030130826509915866 0.02982051555926983
0 0.19347420105567345 0.6411208372849685 0.05018744101891151 0.0499110588660607
0 0.48040555073664737 0.6885676017174354 0.020023419306828424 0.020220096294696514
0 0.3336677918067345 0.0701750058394212 0.02337485093336839 0.02339350260221041
0 0.7328165494478666 0.047217910106365495 0.03506939227764423 0.035344635064785294
0 0.37178850173950195 0.38046884536743164 0.02323781527005709 0.02340250748854417
0 0.46844005584716797 0.23746439126821664 0.026160313532902643 0.026184595548189603
0 0.46170832560612607 0.4544513408954327 0.04147808368389423 0.04166676447941707
0 0.44655513763427734 0.24622790630047137 0.020198528583233174 0.020018981053278997
0 0.4725223687978891 0.16083917251000038 0.0948178217961238 0.09468518770658053
0 0.5838124935443585 0.7840915093055139 0.027998630817119893 0.028122828556941107
0 0.34474119773277867 0.4021883010864258 0.1014096186711238 0.10279582096980168
0 0.3204489487868089 0.6908342654888446 0.05371783329890324 0.05307344289926382
0 0.7230058816763071 0.6189187123225286 0.03811850914588341 0.03857231140136719
0 0.43867793449988735 0.4017181396484375 0.06918511023888221 0.06876637385441707
0 0.18970634387089655 0.9056283510648288 0.025162256681002103 0.025093665489783652
0 0.7330059638390174 0.08920869460472694 0.03804632333608774 0.037706925318791315
0 0.34794073838454026 0.9675880578848032 0.01689287332388071 0.016678590040940505
0 0.26421279173630935 0.9623623627882737 0.04185837965745192 0.04163169860839844
0 0.8335370283860427 0.3779131815983699 0.07097068199744591 0.06972400958721454
0 0.4717212456923265 0.013564606125538167 0.0285037114070012 0.025714968259517964
0 0.4975312306330754 0.4058247346144456 0.02833410409780649 0.028587928185096152
0 0.7365508446326623 0.025985759038191576 0.025792635404146634 0.025797101167532113
0 0.23938512802124023 0.8015127915602464 0.016562681931715745 0.016689007098858174
0 0.6866947320791391 0.6812596687903771 0.016475384051983174 0.016477144681490384
0 0.622401237487793 0.09975470029390775 0.026798101571890023 0.02678390649648813
0 0.8635110121506911 0.09553336180173434 0.024999325092022236 0.024910981838519756
0 0.7980095789982722 0.6267675253061148 0.018993377685546875 0.019095787635216348
0 0.6490464577308068 0.9293207021859976 0.026454632098858174 0.02663274911733774
0 0.5077883647038386 0.37923218653752255 0.026058783897986777 0.025923802302433893
0 0.5631818771362305 0.15486566837017351 0.026296615600585938 0.02641582489013672
0 0.8370473568256085 0.9913108532245343 0.01944732666015625 0.015623679527869591
0 0.37210222390981823 0.27620988625746506 0.09236350426307091 0.0931542836702787
0 0.8160644677969126 0.7197114504300631 0.018464308518629808 0.018396817720853366
0 0.8383159637451172 0.5327359713040866 0.09432425865760216 0.13472806490384615
0 0.6375565162071815 0.21298678104694074 0.017775315504807692 0.01777201432448167
0 0.7448893326979417 0.07401153215995201 0.022702583899864785 0.02290357993199275
0 0.7453335982102615 0.9521362598125751 0.04146282489483173 0.04070956890399639
0 0.8547329535851111 0.8256106743445764 0.01949163583608774 0.019501466017503005
0 0.8757549432607797 0.6944577877338116 0.0152130126953125 0.015442481407752404
0 0.5161201770489032 0.7361849271334134 0.020325293907752402 0.020199702336237982
0 0.8769653760469877 0.7410067044771634 0.017121388362004206 0.018297635591947116
0 0.1371141763833853 0.55828857421875 0.016214994283822868 0.016362336965707634
0 0.1192488303551307 0.7196380908672626 0.010460706857534556 0.016871819129356973
0 0.5965133446913499 0.141477474799523 0.0164491946880634 0.01668262481689453
0 0.18479603987473708 0.5869304216825045 0.02064382112943209 0.020788852985088643
0 0.505220339848445 0.7697855142446665 0.026163394634540264 0.026194058931790866
0 0.3461775779724121 0.45666049076960635 0.016701918381911058 0.016141598041240986
0 0.3420692957364596 0.44623341927161586 0.014804326570951022 0.015199881333571214
0 0.5206902944124662 0.6867526127741888 0.017031082740196817 0.01703497079702524
0 0.8172101240891677 0.09204450020423302 0.03757550166203426 0.03817444581251878
0 0.537996952350323 0.35262922140268177 0.027039454533503607 0.027170768150916465
0 0.5400272516103891 0.9664492240318885 0.12384766798753005 0.06587982177734375
0 0.45001587500939 0.0588759367282574 0.030731788048377402 0.030686451838566706
0 0.16471518003023589 0.2502627189342792 0.08835066281832181 0.08770066041212815
0 0.5532390154325045 0.8176882083599384 0.05760398277869591 0.05682989267202524
0 0.4028023206270658 0.7363323798546424 0.024921417236328125 0.024615067702073317
0 0.874916516817533 0.9285168280968299 0.02581478999211238 0.031345367431640625
0 0.7506009615384616 0.9788131713867188 0.09516598628117488 0.04116146381084736
0 0.43011995462270886 0.4664464730482835 0.013883737417367788 0.013675396259014424
0 0.22664521290705755 0.6734305161696214 0.0365753173828125 0.03729746891902043
0 0.3723548742441031 0.08123183250427246 0.03948255685659555 0.04080645854656513
0 0.30258804101210374 0.639767940227802 0.020285643064058743 0.020161261925330527
0 0.6303756420428936 0.18219309586745042 0.021150588989257812 0.021393849299504206
0 0.3341519649212177 0.05142885905045729 0.014625182518592248 0.015045716212346004
0 0.6779949481670673 0.11712408065795898 0.018019749568058893 0.018006178048940804
0 0.8497146459726187 0.05544513922471266 0.017277057354266826 0.0178067500774677
0 0.5374640684861404 0.10313885028545673 0.013980718759390024 0.014123366429255558
0 0.5158701676588792 0.8934857295109675 0.04301790090707632 0.044536590576171875
