0 0.47013370807354266 0.9147504659799429 0.1540195758526142 0.15325546264648438
0 0.3368379519535945 0.36822227331308216 0.0990904294527494 0.10007476806640625
0 0.21181898850661057 0.9398392897385818 0.08716264137854943 0.08693812443659855
0 0.2952401271233192 0.6186227064866286 0.050918248983529896 0.05030554991502028
0 0.9090531422541692 0.7123565673828125 0.07279454744779147 0.07281640859750602
0 0.5755764154287485 0.3019546728867751 0.09903687697190505 0.09775719275841346
0 0.8126255915715144 0.5700671122624323 0.08142383282001202 0.08231896620530349
0 0.4580694345327524 0.71570374415471 0.04186674264761118 0.04153574430025541
0 0.31905236610999477 0.1985445756178636 0.04508898808405949 0.045118551987868086
0 0.41242551803588867 0.5291542640099158 0.030127525329589844 0.029888739952674277
0 0.612941888662485 0.15819318477924055 0.04419400141789363 0.044153837057260364
0 0.5305727078364446 0.804435289823092 0.059270198528583236 0.05911548321063702
0 0.9180218623234675 0.5396137237548828 0.04366654616135817 0.04368180495042067
0 0.701691407423753 0.8465464665339544 0.04785449688251202 0.0478521493765024
0 0.7865101740910456 0.8165472470797025 0.029808924748347357 0.02987817617563101
0 0.14361168788029596 0.41710662841796875 0.04976984170766977 0.04969919644869291
0 0.1829973734342135 0.3564616350027231 0.034125107985276446 0.03425803551307091
0 0.9383996083186223 0.2423573090479924 0.02755458538348858 0.027413221505972054
0 0.32048357450045073 0.782867064842811 0.02034788865309495 0.020204837505634014
0 0.44008992268488956 0.15982536169198844 0.027137316190279447 0.027361273765563965
0 0.05848145026427049 0.7574900113619291 0.0320508021574754 0.03186944814828726
0 0.8016936962421124 0.885220087491549 0.023766444279597357 0.024024376502403848
0 0.7885608673095703 0.3506729786212628 0.024265876183143027 0.02443995842566857
0 0.34833181821382964 0.21034334256098822 0.018935570350060098 0.018852747403658353
0 0.2719383239746094 0.7389821272629958 0.02474865546593299 0.0249178959773137
0 0.6882189970750076 0.8837537031907302 0.039513808030348554 0.039244578434870794
0 0.24220066804152268 0.6292371016282302 0.038152107825646035 0.03831276526817909
0 0.687767322246845 0.4149531584519606 0.0331121591421274 0.033073718731219955
0 0.7389896099384015 0.45707258811363805 0.018462547889122598 0.018569286052997295
0 0.15609279045691857 0.5635409721961389 0.03429266122671274 0.03452902573805589
0 0.7300718747652494 0.1848437235905574 0.022312751183143027 0.022272770221416768
0 0.3613612468426044 0.09878742694854736 0.11232060652512771 0.11319653804485615
0 0.06554997425812942 0.33602245037372297 0.026548578188969538 0.02684783935546875
0 0.9228558173546424 0.6305203071007361 0.03291584895207332 0.03282517653245192
0 0.2044514142549955 0.33405054532564604 0.02578845390906701 0.025809801541841947
0 0.5369285069979154 0.15951145612276518 0.02841802743765024 0.028744000654954176
0 0.6333849246685321 0.8946515596829928 0.018426895141601562 0.018341064453125
0 0.05327848746226384 0.2749887979947604 0.034047612777123086 0.03441707904522236
0 0.5984147145197942 0.7443297459528997 0.01838860144981971 0.018500401423527643
0 0.20193835405203012 0.5857394658602201 0.023590271289532002 0.023642466618464544
0 0.4358576261080228 0.31875133514404297 0.025902454669658955 0.02579217690687913
0 0.9323122317974384 0.5005773030794584 0.03471213120680589 0.035315440251277044
0 0.7102331014779898 0.17493812854473406 0.021229964036207933 0.021354528573843148
0 0.9339866638183594 0.08462477647341214 0.020029361431415264 0.02008527975815993
0 0.8362804559560922 0.15590260579035833 0.023372650146484375 0.023801253392146185
0 0.7282345845149114 0.38143194638765776 0.016451468834510215 0.016535538893479567
0 0.8310864521906927 0.44657021302443284 0.025442857008713942 0.025429799006535456
0 0.8176062657282903 0.4637550940880409 0.019910665658804085 0.02023792266845703
0 0.6262499735905573 0.5744791030883789 0.018639344435471755 0.01862790034367488
0 0.3388621990497296 0.5424640728877141 0.0248715327336238 0.024609932532677285
0 0.28516624524043155 0.3386060274564303 0.03790000768808218 0.03798807584322416
0 0.25910010704627406 0.7850374075082632 0.025121542123647835 0.025219550499549277
0 0.9060890491192157 0.37311330208411586 0.019879854642427884 0.020034643319936898
0 0.7940389193021334 0.9316393045278696 0.021722059983473558 0.02171472402719351
0 0.5603091900165265 0.25838386095487154 0.020034276522122897 0.020224901346059945
0 0.7009336764995868 0.4695954689612755 0.01681694617638221 0.016576106731708232
0 0.27319831114548904 0.8283186692457932 0.016744100130521335 0.016414348895733174
0 0.8506235709557166 0.4525657800527719 0.020094651442307692 0.019776417658879206
0 0.6738492525540866 0.5795483955970178 0.022936307466947116 0.023090949425330527
0 0.16799138142512396 0.1822961660531851 0.018173841329721305 0.01809530991774339
0 0.21248601033137396 0.10446563133826622 0.015605963193453275 0.01572579603928786
0 0.8357356144831731 0.19634626461909369 0.018938504732572116 0.018823990455040567
0 0.7791702563946064 0.14924705945528471 0.026943793663611777 0.02704785420344426
0 0.6000359241779034 0.43659356924203724 0.12651333442101112 0.12697337223933294
0 0.8185945657583383 0.7524114755483774 0.015573061429537259 0.015441601092998799
0 0.6419033637413611 0.6338830360999475 0.018385667067307692 0.01856539799616887
0 0.570041326376108 0.9115413519052359 0.026810425978440505 0.026739120483398438
0 0.4136349604679988 0.39752919857318586 0.018351921668419473 0.018475092374361478
0 0.8621958219088041 0.8935675987830529 0.017754774827223558 0.01786173306978666
0 0.0792095294365516 0.4772193615253155 0.016427448162665732 0.01614805368276743
0 0.8448267716627854 0.8049774169921875 0.01643650348369892 0.016273938692533053
0 0.06088995933532715 0.8661061800443209 0.01600812948667086 0.016049605149489183
0 0.3823681611281175 0.4430233882023738 0.019697262690617487 0.0196988032414363
0 0.25733760687021107 0.818872671860915 0.01849027780386118 0.018806017362154447
0 0.6803788405198318 0.6305159055269681 0.016104478102463942 0.01632103553185096
0 0.09741740960341233 0.8197749211237981 0.017545516674335185 0.01746030954214243
0 0.36769837599534255 0.7449060586782602 0.015987983116736777 0.016198378342848558
0 0.07781041585482083 0.4589042663574219 0.01755461784509512 0.017170172471266527
0 0.19613812519953802 0.46604240857637846 0.024508953094482422 0.024439371549166165
0 0.9135222068199744 0.08659526934990516 0.058800037090594955 0.05899856640742375
0 0.3007350334754357 0.5434481547429011 0.02058865473820613 0.020581905658428486
0 0.3292673917917105 0.815407973069411 0.015909561744103067 0.01569190392127404
0 0.23402690887451172 0.6984339493971604 0.020540750943697415 0.02101443364070012
0 0.8233438638540415 0.33214789170485276 0.015018169696514424 0.015014061560997596
0 0.04618009695639977 0.6449648783757136 0.019377928513746995 0.033252569345327526
0 0.10737231144538292 0.9679430448091947 0.06361788969773513 0.05952160175030048
0 0.8158195202167218 0.5817586458646334 0.02367225060096154 0.024344664353590745
0 0.5798910947946402 0.9341845879187951 0.016493723942683294 0.016643524169921875
0 0.2751924441410945 0.28765329947838414 0.01508639408991887 0.01527558840238131
0 0.5782454564021184 0.692146741426908 0.021580916184645433 0.02143683800330529
0 0.897677128131573 0.39571985831627476 0.014513015747070312 0.014541992774376502
0 0.32021071360661435 0.5081771703866812 0.027740625234750602 0.027001014122596152
0 0.3595572985135592 0.9205862192007211 0.01863861083984375 0.01871637197641226
0 0.35991496306199294 0.5400311396672175 0.018733464754544772 0.018244083111102764
0 0.41310479090763974 0.593720032618596 0.015122633713942308 0.015215140122633714
0 0.17925724616417518 0.7284170297475961 0.019354966970590446 0.019138629619891826
0 0.08738990013415997 0.4193280293391301 0.016953211564284105 0.017795416025015023
0 0.8045723254864032 0.9157339242788461 0.014913999117337741 0.01505279541015625
0 0.6467037934523362 0.8118435786320612 0.01606471721942608 0.016087458683894232
0 0.6277751189011794 0.9559397330650916 0.014866902278019832 0.014913118802584134
0 0.7010960945716271 0.12194936092083271 0.015873835637019232 0.015820063077486478
0 0.3135227423447829 0.6594290366539588 0.015766070439265326 0.016083203829251803
0 0.04450548153657179 0.3828769096961388 0.01968238903925969 0.022458369915301982
0 0.0969244333413931 0.9397232349102314 0.01584793971135066 0.015957172100360576
0 0.5118152911846454 0.6483493218055139 0.016055767352764424 0.01598196763258714
0 0.8679969494159405 0.4854014836824857 0.016223320594200723 0.016234324528620794
0 0.9298120645376352 0.21787571907043457 0.019032404972956732 0.01871464802668645
0 0.7915615668663611 0.03233949954693134 0.10105602557842548 0.06295931339263916
0 0.9339871039757361 0.919278071476863 0.05832672119140625 0.09587419950045072
0 0.7853936415452224 0.47510777986966646 0.03620998676006611 0.0363312501173753
0 0.6201872458824744 0.7076537792499249 0.014963443462665264 0.015086540809044471
0 0.049570441246032715 0.2340423694023719 0.02311972242135268 0.023049171154315654
0 0.06907951831817627 0.10258394021254319 0.013990402221679688 0.014309497979971079
0 0.12603536935952994 0.582191173846905 0.03270459175109863 0.03316351083608774
0 0.061175795701833874 0.937752210176908 0.028834031178401068 0.028305493868314303
0 0.7347298402052659 0.5040250924917368 0.014947157639723558 0.01511852557842548
0 0.8932765080378606 0.29302035845243013 0.015619131234975962 0.01570466848520132
0 0.3321425731365497 0.6214350186861478 0.016075941232534554 0.01618344967181866
0 0.4424266815185547 0.6529634915865384 0.014319639939528245 0.01420299823467548
0 0.7782487135667068 0.48477961466862607 0.025988065279447116 0.026251792907714844
0 0.2812095788808969 0.45731727893535906 0.020851795489971455 0.02077960968017578
0 0.8854047335111178 0.7617175762469952 0.03905809842623197 0.03879400400015024
0 0.4083433151245117 0.5503354439368615 0.014160449688251201 0.014581093421349159
0 0.8499082418588492 0.6047194554255559 0.023459507868840143 0.02308801504281851
0 0.09785049695235032 0.07514877961232112 0.014771718245286208 0.014748234015244704
0 0.12135562529930702 0.500032168168288 0.019161004286545973 0.019032038175142728
0 0.31568288803100586 0.7379712324876052 0.014004707336425781 0.014039112971379207
0 0.7411457942082331 0.6460830981914814 0.014291616586538462 0.014303354116586538
0 0.08813812182499813 0.42189972217266375 0.01790927006648137 0.01773357391357422
0 0.7763183300311749 0.1135785121184129 0.01737389197716346 0.01742245600773738
0 0.6473086430476263 0.5452728271484375 0.026501582219050482 0.02647055112398588
0 0.6859202751746545 0.4864974388709435 0.015583625206580529 0.01577934852013221
0 0.7006075932429388 0.35608981205866885 0.017596024733323317 0.01783121549166166
0 0.07310468416947585 0.4490049802339994 0.014181577242337741 0.014160596407376803
0 0.9368752699631911 0.9093724764310397 0.014895805945763221 0.014827434833233174
0 0.2890751545245831 0.5328794259291428 0.015044799217810998 0.014816944415752705
0 0.3760485282311073 0.6087533510648288 0.014182457557091346 0.014402829683743991
0 0.41884334270770734 0.15423052127544695 0.013806489797738882 0.013401545011080228
0 0.8700536581186148 0.29076205767118013 0.014523139366736779 0.014681816101074219
0 0.8973703384399414 0.6122856873732346 0.014136534470778245 0.013942425067608174
0 0.10914524701925424 0.34775733947753906 0.013861454450167142 0.013876401461087741
0 0.4560658381535457 0.1780244020315317 0.024997784541203424 0.024200806250939004
0 0.8978430674626277 0.6539680774395282 0.013865837684044471 0.013834293072040264
0 0.2783083182114821 0.6998678354116586 0.015304088592529297 0.015453925499549279
0 0.7031132624699519 0.5778954946077787 0.014570089486929087 0.014540305504432091
0 0.7189096304086539 0.4396984393780048 0.01569513174203726 0.01592570084791917
0 0.9571311657245343 0.8022344295795147 0.012240189772385817 0.015352689302884616
0 0.7904340303861178 0.47094147021953875 0.027947059044471152 0.0269775390625
0 0.19803624886732835 0.5452287380511944 0.014128538278432993 0.014113939725435697
0 0.8334288963904748 0.6904791318453275 0.014875265268179087 0.014722090501051683
