0 0.38316946763258714 0.7865152359008789 0.047278184157151446 0.0477446042574369
0 0.5319392130925105 0.9123559364905725 0.10057757450984074 0.09999011113093449
0 0.12229891923757699 0.5126463083120493 0.04398729250981258 0.0445715097280649
0 0.8287252279428335 0.797904528104342 0.04246961153470553 0.04195844210111178
0 0.38829774122971755 0.7367877960205078 0.04161423903245192 0.04182522113506611
0 0.22619496859036958 0.034526971670297474 0.07116919297438401 0.06685850253471962
0 0.20419482084421012 0.9773057790902945 0.05931245363675631 0.043587904710036054
0 0.20796680450439453 0.9333181381225586 0.03131382281963642 0.031056917630709134
0 0.886262453519381 0.6801916269155649 0.037796313946063705 0.0373541025015024
0 0.09728545408982497 0.42033881407517654 0.033915079556978665 0.03370519784780649
0 0.7897544273963342 0.8719332768366888 0.037200927734375 0.03715163010817308
0 0.09646078256460336 0.8642308161808894 0.030106049317580003 0.030401963454026442
0 0.16614798399118277 0.2586395190312312 0.04705227338350736 0.04737303807185246
0 0.11633879404801589 0.8902505727914664 0.03642593897306002 0.03654802762545072
0 0.8705403254582331 0.7462531603299655 0.036504305326021634 0.036475841815655045
0 0.7793338482196515 0.11054144455836369 0.03348541259765625 0.033384048021756686
0 0.7426304450401893 0.6909484129685622 0.03132013174203726 0.03105442340557392
0 0.7294750947218674 0.3690220025869516 0.028551541841947116 0.028601573063777044
0 0.650546147273137 0.7503373072697566 0.035570731529822715 0.0351561032808744
0 0.08718054111187275 0.7785337888277494 0.03445817874028133 0.034736926739032455
0 0.8971526806171124 0.7995163110586313 0.027114281287560098 0.027023168710561898
0 0.6031087361849271 0.6057459024282602 0.025115453279935397 0.025435521052433893
0 0.5700976665203388 0.5969336949861966 0.0241393309373122 0.024277980511005107
0 0.8143369234525241 0.7392961061917819 0.023488851693960335 0.023759988638070915
0 0.47766696489774263 0.16985258689293495 0.02414285219632662 0.02416199904221755
0 0.8937922991239108 0.6285815605750451 0.030035018920898438 0.02999569819523738
0 0.1594245067009559 0.9499750137329102 0.024200952970064603 0.024257953350360576
0 0.24661816083467925 0.7725887298583984 0.026360585139347956 0.02632317176231971
0 0.2566096232487605 0.6363167395958533 0.1389197569627028 0.13675454946664664
0 0.22226911324721116 0.4381256103515625 0.021116256713867188 0.021128287682166465
0 0.3856697082519531 0.8580077244685247 0.03149604797363281 0.0315393301156851
0 0.09951294385469876 0.9660985653217022 0.02553422634418194 0.025625962477463942
0 0.1402105734898494 0.191895631643442 0.019126048454871543 0.019080308767465446
0 0.7641070439265325 0.7909999260535607 0.030308356651893027 0.0305783198429988
0 0.6578624431903546 0.24936896104079026 0.02073816152719351 0.020830888014573317
0 0.6915047718928411 0.606840757223276 0.030020640446589544 0.030455882732684795
0 0.4271714137150691 0.6581212557279147 0.02855264223538912 0.0284115717961238
0 0.8360221569354718 0.6192220541147085 0.02182182898888221 0.021867055159348708
0 0.38018373342660755 0.9190908578725961 0.02820000281700721 0.02829126211313101
0 0.39742000286395734 0.09083984448359562 0.020346714900090143 0.02041017092191256
0 0.23198808156527007 0.9817049319927509 0.025819851801945612 0.0260467529296875
0 0.25536394119262695 0.8927418635441706 0.020374004657451924 0.02045264610877404
0 0.640507331261268 0.8435262533334585 0.02695289024939904 0.027237085195688102
0 0.09743011914766751 0.3610081305870643 0.023822784423828125 0.023753532996544473
0 0.540898506457989 0.3777364950913649 0.022615432739257812 0.02277821760911208
0 0.8517740689791166 0.698443339421199 0.029774299034705527 0.029735565185546875
0 0.41358434236966646 0.3969715925363394 0.019398322472205527 0.01940785921536959
0 0.45767571375920224 0.7353895627535306 0.02229162362905649 0.022213862492487982
0 0.34952545166015625 0.14419633608597976 0.01864462632399339 0.018627496866079476
0 0.07830915084251991 0.9337064302884616 0.022150809948260967 0.024616241455078125
0 0.8016087458683894 0.04820626974105835 0.019736656775841348 0.01967126589555007
0 0.7004665228036734 0.7055941361647385 0.024955309354341947 0.025055371798001803
0 0.31457889997042143 0.989468501164363 0.02322255648099459 0.017490386962890625
0 0.5884570341843826 0.21765606219951922 0.018192878136268027 0.018154437725360576
0 0.07962198440845196 0.29849639305701625 0.019728715603168193 0.019811703608586237
0 0.207703737112192 0.1771979148571308 0.02497577667236328 0.024968330676739033
0 0.6300874856802133 0.5485077271094689 0.017787346473106973 0.017832242525540866
0 0.4559473624596229 0.8636857546292819 0.04008322495680589 0.03998008141150841
0 0.5865083107581506 0.6307468414306641 0.026265070988581732 0.026438492995042067
0 0.4238427235529973 0.34134079859806943 0.018562757051908053 0.01879574702336238
0 0.6792476360614483 0.5401433064387395 0.020741976224459134 0.020939020010141227
0 0.7262991391695462 0.7912831673255334 0.023442488450270433 0.023415198692908652
0 0.32308457447932315 0.9505268977238581 0.028431452237642728 0.028507085946890023
0 0.6843459789569561 0.7561069635244516 0.03048574007474459 0.030476203331580527
0 0.5695340083195612 0.9517012376051682 0.08622565636268029 0.08569482656625602
0 0.5383239159217248 0.7464508643517127 0.023222996638371393 0.023337730994591348
0 0.35862258764413685 0.6565032372107873 0.022619320796086237 0.022857666015625
0 0.1855141933147724 0.5582099694472092 0.020609085376446065 0.020912610567533053
0 0.4290541135347806 0.3049584168654222 0.018397991473858174 0.018520281865046576
0 0.4387785838200496 0.9063816070556641 0.02250509995680589 0.022444798396183893
0 0.4823399323683519 0.548185421870305 0.02003317612868089 0.01992519085223858
0 0.5380304776705228 0.793758905850924 0.02117582467886118 0.02111684359036959
0 0.4033818244934082 0.8927895472599909 0.0251462642963116 0.025269288283128005
0 0.7655756290142353 0.6627159118652344 0.029168349045973558 0.02912139892578125
0 0.11624569159287673 0.30345929585970366 0.018045645493727464 0.01805279805110051
0 0.3500048564030574 0.8437486795278696 0.019636007455679085 0.019568810096153848
0 0.24302137815035307 0.8603688753568209 0.020151358384352464 0.02012810340294471
0 0.15488136731661284 0.6588200789231521 0.016635307898888223 0.01650414100060096
0 0.592407776759221 0.51380128126878 0.01994477785550631 0.02011247781606821
0 0.24384417900672326 0.9370862520658053 0.02584494077242338 0.026290013239933893
0 0.5930065375107986 0.6679506301879883 0.020149817833533652 0.020414058978740986
0 0.579678278702956 0.456143672649677 0.017864447373610277 0.018030680142916165
0 0.33286124009352464 0.4436015349168044 0.019149633554311898 0.019030204186072715
0 0.1726520611689641 0.6649015866793119 0.01751540257380559 0.017422602726862982
0 0.2818029477046086 0.8457406117365911 0.01913562187781701 0.01912351754995493
0 0.6060697848980243 0.4166845908531776 0.016855239868164062 0.016815772423377402
0 0.08925222433530368 0.8170296595646784 0.037250518798828125 0.037788097675030045
0 0.09618763740246113 0.565665758573092 0.019038805594811074 0.018970196063701924
0 0.6653058712299054 0.6194270207331731 0.028935799231896035 0.028658683483417217
0 0.8582351391132061 0.6783924102783203 0.018118638258713942 0.018023270827073317
0 0.519775023827186 0.6671173389141376 0.019190568190354567 0.019299140343299277
0 0.49507757333608776 0.37635010939378005 0.019846182603102464 0.019782139704777643
0 0.13146530664884126 0.8163416935847356 0.016759432279146634 0.01691612830528846
0 0.7224476154033954 0.2772829165825477 0.0256655766413762 0.025509174053485576
0 0.48471729572002703 0.7089090347290039 0.017440209021935098 0.01713136526254507
0 0.4592172916118915 0.8955327547513522 0.024528356698843148 0.02496337890625
0 0.4288366391108586 0.9271899003248948 0.025510201087364785 0.025313597459059495
0 0.3006589229290302 0.45402684578528774 0.01629462608924279 0.0162203862116887
0 0.2537179176624005 0.1216745926783635 0.01681206776545598 0.0166629277742826
0 0.3209089132455679 0.7156615624060998 0.018663699810321514 0.018607506385216348
0 0.1594886046189528 0.7235274681678185 0.01878231305342454 0.018745569082406852
0 0.4174816425030048 0.913212409386268 0.0192413330078125 0.019440871018629808
0 0.7473753415621244 0.6588993072509766 0.03223331157977764 0.03261771568885216
0 0.15619886838472807 0.6973436062152569 0.01656172825739934 0.016747694749098558
0 0.27848753562340367 0.9383607277503381 0.01987013450035682 0.01925791226900541
0 0.1665956057035006 0.9186685268695538 0.0175321285541241 0.017253875732421875
0 0.6959510216346154 0.21614555212167594 0.020294923048753005 0.020356031564565804
0 0.7964552365816556 0.6821702076838567 0.017702249380258415 0.01781126169057993
0 0.7699929017287034 0.28739463365994966 0.054834806002103366 0.055696340707632214
0 0.5416379341712365 0.08274552455315223 0.06595083383413461 0.06544041633605957
0 0.5429215798011193 0.4012939746563251 0.016027450561523438 0.01605092562161959
0 0.7222805756788987 0.23271960478562576 0.022242179283728965 0.02233153123121995
0 0.11506327298971322 0.8063527620755709 0.018975202853863057 0.019017146183894232
0 0.11969844194558951 0.9253663283128005 0.025063624748816855 0.024732002845177285
0 0.7611850591806265 0.18493439601017878 0.022010069627028245 0.022220464853140023
0 0.4203513952401968 0.1349788078894982 0.015492806067833534 0.015485213353083683
0 0.2612634805532602 0.6002446688138522 0.02248521951528696 0.0211179439838116
0 0.32011982110830456 0.8609999143160306 0.01678884946382963 0.016657902644230768
0 0.2686108442453238 0.09167143014761117 0.024857227618877705 0.025254249572753906
0 0.8312250284048227 0.9614086884718674 0.019291804387019232 0.01946405264047476
0 0.6844337169940655 0.5945966427142804 0.014859713040865384 0.014730306772085337
0 0.28353991875281703 0.9746473752535306 0.022177622868464544 0.02222618689903846
0 0.8643878790048453 0.8396745094886193 0.019047663762019232 0.019107671884390023
0 0.41107999361478365 0.18336297915532038 0.01581573486328125 0.0158688105069674
0 0.3010731110206017 0.7943845895620493 0.01949156247652494 0.01960167518028846
0 0.6011761885422927 0.7213125962477464 0.016878274770883415 0.016812838040865384
0 0.0980212138249324 0.4745347316448505 0.015627310826228216 0.01562345944918119
0 0.2816070043123685 0.8166248614971454 0.01581547810481145 0.015843611497145433
0 0.8827296036940354 0.42424774169921875 0.021930401141826924 0.02217380817119892
0 0.7025702549861028 0.31087226134080154 0.02143683800330529 0.021646939791165866
0 0.5859142450185922 0.7567118131197416 0.015241036048302284 0.014889350304236779
0 0.11863742424891545 0.5813655119675857 0.015112161636352539 0.015381372891939603
0 0.5216123507573054 0.5952480756319486 0.018051660977877103 0.017967810997596152
0 0.6883885310246394 0.7236645771906927 0.016628558819110576 0.016509422889122598
0 0.3518372682424692 0.9260660318227915 0.01973555638239934 0.019535358135516826
0 0.8954863915076623 0.009269236372067379 0.022687178391676683 0.017443246566332303
0 0.8314140026385968 0.4158740777235765 0.015317183274489183 0.01513503148005559
0 0.8409469311053936 0.6392021179199219 0.020330135638897236 0.020452059232271634
0 0.32114043602576625 0.014847624760407668 0.03786307114821214 0.02871706852546105
0 0.8777985206017127 0.10292478708120492 0.020424476036658652 0.020826156322772685
0 0.6381130218505859 0.6691694259643555 0.028011908897986777 0.02793576167179988
0 0.14441177478203407 0.44251529987041766 0.015182275038499098 0.015085953932542067
0 0.4187475351186899 0.5134022052471454 0.014886415921724759 0.015079938448392428
0 0.8201302748460036 0.569388169508714 0.019971113938551683 0.019974268399752103
0 0.31574663749107945 0.45896112001859224 0.014881207392765926 0.014809094942533053
0 0.8184788043682392 0.5920860583965595 0.0162051274226262 0.016479932344876803
0 0.10823374528151292 0.8395243424635667 0.016444829794076774 0.01674798818734976
0 0.6284574361947867 0.7681417465209961 0.02175727257361779 0.02189914996807392
0 0.9175452452439529 0.9686343853290265 0.018783716055063102 0.01885839608999399
0 0.6507437045757587 0.6471058038564829 0.017661608182466947 0.017997301541841947
0 0.36113852720994216 0.19273009667029747 0.017505352313701924 0.01773240016056941
0 0.9222444387582632 0.930637946495643 0.01695075401893029 0.016913780799278848
0 0.7218956580528846 0.15622696509728065 0.020841158353365384 0.020778426757225625
0 0.4047650924095741 0.3080136959369366 0.015756533696101263 0.015685228201059196
0 0.6398272147545447 0.8266526735745944 0.015796954815204326 0.0157321049616887
0 0.8884500356820914 0.5776542516855093 0.01987310556265024 0.01989922156700721
0 0.4838568614079402 0.6316357392531174 0.014852817241962139 0.014701109666090745
0 0.7963577417226938 0.5598856119009165 0.016988607553335335 0.017089330233060397
0 0.557188841012808 0.6788843595064603 0.018627753624549277 0.018332554743840143
0 0.48879418006310094 0.04337972861069899 0.023674157949594352 0.0232942494062277
0 0.16140391276432917 0.13713262631342962 0.01684915102445162 0.01687005849984976
0 0.6376102887667142 0.70617308983436 0.018134630643404447 0.017978668212890625
0 0.18505558600792518 0.33536338806152344 0.01595915280855619 0.015767317551832933
0 0.2445816993713379 0.5888090133666992 0.02305445304283729 0.0223849369929387
0 0.6250644096961389 0.6312255859375 0.02152677682729868 0.021549518291766826
0 0.34105799748347354 0.9046689547025241 0.014458142794095553 0.014326242300180288
0 0.829292737520658 0.29955700727609486 0.015209491436298076 0.015183412111722507
0 0.19856711534353402 0.9088975466214694 0.0163117188673753 0.016411561232346755
0 0.573146599989671 0.4766183633070726 0.01569219735952524 0.01550747798039363
0 0.3977818855872521 0.02188377196972187 0.05279878469613882 0.04202067852020264
0 0.40244318888737607 0.9248762864332932 0.01893960512601412 0.01879119873046875
0 0.2804373594430777 0.3912197993351863 0.015182568476750301 0.01513202373798077
0 0.6355417691744291 0.9573772136981671 0.017768419705904447 0.017735407902644232
0 0.760968281672551 0.5881876211899978 0.015057196983924279 0.015123734107384315
0 0.5555567374596229 0.804974629328801 0.016504727877103366 0.016632080078125
0 0.20880990761976975 0.29200706115135777 0.015583111689640926 0.015781329228327826
0 0.8659648895263672 0.772442524249737 0.017749199500450723 0.017982923067533053
0 0.09265148639678955 0.9240767405583308 0.014623165130615234 0.014717688927283654
0 0.7533144584068885 0.35288319220909703 0.015848893385667067 0.01600309518667368
0 0.7582395993746244 0.6190923544076773 0.017338385948768027 0.017211473905123197
0 0.8910763813899114 0.8858757019042969 0.016557693481445312 0.0164791987492488
0 0.5681309333214393 0.2772260079017052 0.014609263493464543 0.01465151860163762
0 0.7769256004920373 0.47578569558950573 0.01616830092210036 0.016205714299128607
0 0.4832132046039288 0.8273052802452674 0.019222186161921576 0.018917377178485576
0 0.6085961782015287 0.10036796789902908 0.06453462747427133 0.06350249510544997
0 0.31263043330265927 0.924171521113469 0.018530992361215446 0.018515953650841348
0 0.49063942982600284 0.8456712869497446 0.020861185514009915 0.021303617037259616
0 0.2987546920776367 0.33141613006591797 0.01533809074988732 0.015546431908240685
0 0.37818252123319185 0.06569549212088951 0.04530539879432091 0.0447462430367103
0 0.7688435774583083 0.4923540995671199 0.015843024620643027 0.01580355717585637
0 0.42608217092660755 0.555607979114239 0.014046889085036058 0.013958050654484676
0 0.559425794161283 0.7329206466674805 0.016975842989408053 0.017075465275691107
0 0.8849887847900391 0.25189931576068586 0.014564807598407451 0.014816064100999098
0 0.11323890319237342 0.9867397455068735 0.026589356935941257 0.022754082312950723
0 0.39268247897808367 0.9415286137507513 0.01846937032846304 0.01850274892953726
0 0.16041093606215256 0.06370201477637658 0.021508326897254355 0.02175145882826585
0 0.9171331845797025 0.714236332820012 0.01526348407451923 0.015331561748798076
0 0.8974556556114783 0.849675545325646 0.015275221604567308 0.01546492943396935
0 0.5308855496920072 0.6999577742356521 0.014065082256610576 0.014154287484975962
0 0.7996964821448693 0.7458724975585938 0.014834037193885216 0.015063946063701924
0 0.6731472015380859 0.14965447095724252 0.022613525390625 0.022839821301973783
0 0.4789711145254282 0.7936596503624549 0.016498418954702523 0.016643670889047477
0 0.8917161501370944 0.9003744858961839 0.01654786330003005 0.016841008112980768
0 0.46019774216871995 0.6770731852604792 0.01715704110952524 0.017000491802509014
0 0.7832355499267578 0.187376829294058 0.0209503173828125 0.02080059051513672
0 0.2020123188312237 0.573759885934683 0.029862440549410306 0.029273399939903848
0 0.4237849162175105 0.6771921744713416 0.014934172997107873 0.014863967895507812
0 0.7670489091139573 0.9529913388765775 0.017809647780198317 0.017887702355018027
0 0.15061823221353385 0.33508410820594203 0.014925058071429912 0.014785106365497295
0 0.42098155388465297 0.8140929295466497 0.02014013437124399 0.020130744347205527
0 0.2676107333256648 0.6089162092942458 0.015718973599947415 0.01568427452674279
0 0.4124455085167518 0.4777794617872972 0.014093619126539964 0.014049530029296875
0 0.29694960667536807 0.9310738490178034 0.01604762444129357 0.0157467768742488
0 0.4792860471285306 0.43421319814828724 0.013712809636042668 0.014024000901442308
0 0.6590001032902644 0.8283936427189753 0.017348362849308893 0.01787537794846755
0 0.19522560559786284 0.8744710775522085 0.017102168156550482 0.017177875225360576
0 0.4392991065979004 0.8835659760695237 0.016689520615797777 0.016968800471379206
0 0.627388440645658 0.7891703385573167 0.014282520000751201 0.013963846059945913
0 0.2861754894256592 0.08476323347825271 0.013992492969219502 0.014374292813814603
0 0.11733927176548885 0.07547795314055222 0.016803796474750225 0.016649035307077262
0 0.3428543530977689 0.6128230828505296 0.01491238520695613 0.014843940734863281
0 0.41501279977651745 0.8648527585543119 0.025940528282752402 0.026367774376502402
0 0.44649501947256237 0.5940962571364182 0.014617406404935397 0.014540598942683293
0 0.24769003574664777 0.5899375402010404 0.02355656257042518 0.021620970505934495
0 0.9183913010817307 0.37742783473088193 0.014271956223707933 0.014283106877253605
0 0.8196659088134766 0.6079926857581506 0.017119187575120192 0.01679200392503005
0 0.8740496268639197 0.7142972212571365 0.01730933556189904 0.017355698805588942
0 0.1943786511054406 0.28143840569716233 0.01625669919527494 0.016362447005051833
0 0.3317853487454928 0.9216563885028546 0.01942128401536208 0.01914215087890625
0 0.7667330228365384 0.6315492483285757 0.014557765080378605 0.014591217041015625
0 0.6907980992243841 0.8214337275578425 0.014266380896935096 0.014465625469501201
0 0.5104267413799579 0.6436600318321815 0.014202337998610277 0.014143576988807091
0 0.6687693229088416 0.646153450012207 0.01888245802659255 0.018786503718449518
0 0.7410609905536358 0.7282202794001653 0.014780044555664062 0.014891991248497596
0 0.24895202196561372 0.3791773502643292 0.015288793123685397 0.015072235694298377
0 0.7105210377619817 0.6246745769794171 0.013859088604266826 0.013929807222806491
0 0.8426723480224609 0.047901616646693304 0.03865550114558293 0.03908697458413931
0 0.6865791174081656 0.597147904909574 0.019586563110351562 0.015038563654972957
0 0.5511308083167443 0.7134895324707031 0.014126264131986178 0.014543386606069712
0 0.07550458724682148 0.8531884413499099 0.015034638918363132 0.018298515906700723
0 0.5224458254300631 0.7595508282001202 0.017731739924504206 0.016963078425480768
0 0.75092286330003 0.8142069303072416 0.022246434138371393 0.022244966947115384
0 0.20357449238116926 0.19965498264019305 0.01750469207763672 0.017585020798903245
0 0.3354286047128531 0.6969286111684946 0.01688869182880108 0.01741922818697416
0 0.09017687577467698 0.04979596688197209 0.015475749969482422 0.015358851506159855
0 0.12394889501424936 0.4828944939833421 0.014782043603750376 0.015033942002516527
0 0.7587140890268179 0.7325144547682542 0.013841482309194712 0.014246720534104567
0 0.7261417829073392 0.6258103297306941 0.013527503380408654 0.013670114370492788
0 0.6825084686279297 0.2327861785888672 0.014865581805889424 0.015004891615647536
0 0.3087825041550856 0.5923596162062424 0.014677928044245793 0.014646089993990384
0 0.7644636447613056 0.19442290526169997 0.01721323453463041 0.01621418732863206
0 0.8193051264836237 0.7152500152587891 0.015400226299579326 0.015849186823918268
0 0.9268856048583984 0.5372797892643855 0.014522405771108774 0.020938286414513223
