0 0.8168562375582181 0.5163348271296575 0.15925920926607573 0.1608148721548227
0 0.7028145423302283 0.22714317761934721 0.16979540311373198 0.17107281318077674
0 0.6521482467651367 0.17118164209219125 0.05490669837364784 0.05469736686119667
0 0.5353156603299655 0.4933945582463191 0.10640217707707332 0.10591389582707332
0 0.37145519256591797 0.6952313643235427 0.1258699710552509 0.12533716055063102
0 0.16324234008789062 0.5059303870567908 0.11613766046670768 0.11583680372971755
0 0.2666327953338623 0.6066794028648963 0.0698095101576585 0.07046362069936898
0 0.7675145956186148 0.786768913269043 0.10497870812049279 0.10326913686899039
0 0.23042566959674543 0.7410414769099309 0.06715935927170974 0.06877884498009315
0 0.48724812727708083 0.6696007068340595 0.11815349872295673 0.11897164124708909
0 0.08363528435046856 0.2687523915217473 0.0324552609370305 0.049268869253305286
0 0.07666224699753982 0.8876281151404748 0.024801914508526143 0.029194171612079326
0 0.31252010052020734 0.7278508406419021 0.018599601892324593 0.018532386192908652
0 0.21654954323401818 0.6362860752986028 0.019991141099196214 0.02008056640625
0 0.7090662442720853 0.7472040469829853 0.05953774085411659 0.06052706791804387
0 0.6191469339224008 0.4690760098970853 0.03086379858163687 0.0310824467585637
0 0.09734346316410945 0.8121806658231295 0.018508214216965895 0.018629954411433294
0 0.35906747671274036 0.08952027100783128 0.021573433509239785 0.02177130259000338
0 0.0783696724818303 0.5431986588698167 0.023568157966320332 0.025278458228478067
0 0.7689980726975661 0.7287321090698242 0.019216244037334736 0.01927053011380709
0 0.49535208482008714 0.42484151400052583 0.054607244638296276 0.05512795081505409
0 0.5968780150780311 0.2799222652728741 0.028878432053786058 0.029353215144230768
0 0.8966836195725661 0.2100344071021447 0.030931912935697116 0.03102698692908654
0 0.8560424951406626 0.8523668142465445 0.019038567176231973 0.019114861121544473
0 0.09767269171201266 0.951224107008714 0.03301360056950496 0.03345166719876803
0 0.8981921856219952 0.38765811920166016 0.01936516394981971 0.019458183875450723
0 0.8915588672344501 0.5996291820819561 0.020776015061598558 0.020702655498798076
0 0.4950417738694411 0.3831456991342398 0.022244673508864183 0.022762298583984375
0 0.80133423438439 0.03554801986767696 0.016323089599609375 0.016119062900543213
0 0.14161076912513146 0.22322419973520133 0.01620905215923603 0.01598512209378756
0 0.6423658224252554 0.44618536875798154 0.028627982506385215 0.02866370861346905
0 0.47467796619121844 0.4080419907203087 0.027325850266676683 0.02767049349271334
0 0.11319144872518686 0.2588960574223445 0.015201990421001729 0.01533053471491887
0 0.21311015349168044 0.18654674750107986 0.01804007016695463 0.018062444833608773
0 0.8730692496666541 0.7493155552790716 0.015161514282226562 0.015184255746694712
0 0.5898284912109375 0.0940608152976403 0.03412965627817007 0.034021615982055664
0 0.6699295043945312 0.11650428405174842 0.022786067082331732 0.022478910592886116
0 0.5620022920461801 0.2949228286743164 0.01992372366098257 0.01992497077355018
0 0.9029363485483023 0.7151032961331881 0.0142974853515625 0.014490274282602163
0 0.16704104496882513 0.8645477294921875 0.014957171220045824 0.014706831711989183
0 0.07826792276822604 0.6120137434739333 0.02035646713696993 0.021607032189002402
0 0.3915367860060472 0.45380720725426305 0.03991479140061598 0.040182847243088946
0 0.8021366412823017 0.15861159104567307 0.017027928278996393 0.01687777042388916
0 0.08334069985609788 0.03527797414706303 0.01536233608539288 0.015309585974766659
0 0.19043669333824745 0.09217427327082707 0.02350484407865084 0.02351715014531062
0 0.12998116933382475 0.932676755464994 0.015033942002516527 0.015268472524789663
0 0.08562630873460036 0.6025490027207595 0.019008338451385498 0.01916643289419321
0 0.37065627024723935 0.5032707727872409 0.02306960179255559 0.023310294518103965
0 0.5261581494258001 0.32090267768272984 0.01753689692570613 0.01740103501539964
0 0.9058730785663311 0.44458990830641526 0.05112193180964543 0.0612638913668119
0 0.0881740405009343 0.7079801559448242 0.015976740763737604 0.015477840717022236
0 0.4575181007385254 0.6314923213078425 0.014343701876126803 0.01484386737530048
0 0.5212894219618577 0.36031389236450195 0.013880289517916165 0.013930614177997295
0 0.8235247685359075 0.8228391500619742 0.014287508451021634 0.0143736325777494
0 0.11750520192659818 0.09853864633120023 0.014651280183058519 0.014734213168804463
0 0.0966939926147461 0.7208776473999023 0.01667191432072566 0.01663516117976262
0 0.2973842987647423 0.8690356474656326 0.032129947955791764 0.03234452467698317
0 0.3471632737379808 0.474757561316857 0.058350783128004804 0.05728061382587139
0 0.7676905118502103 0.6219366513765775 0.015883812537560098 0.015966232006366435
0 0.2004705575796274 0.09691937153155987 0.015050081106332632 0.015588760375976562
0 0.1081989178290734 0.40874481201171875 0.016186090616079476 0.016316047081580527
0 0.33600058922400844 0.21752016360943133 0.015027999877929688 0.015134591322678786
0 0.2635373335618239 0.45059438852163464 0.02570643791785607 0.025788160470815804
0 0.1766346784738394 0.46568929232083833 0.01577127896822416 0.015582598172701322
0 0.45984392899733323 0.4879673444307767 0.022708892822265625 0.02276185842660757
0 0.08870146824763371 0.732664548433744 0.01627830358651968 0.016482133131760817
0 0.43193795130803037 0.5997951214130108 0.013959517845740685 0.013952328608586239
0 0.41149792304405797 0.6120811609121469 0.16170164254995492 0.16256009615384615
0 0.5101385850172776 0.33066048988929164 0.020786285400390625 0.020581905658428486
0 0.5439244417043833 0.349491156064547 0.018947014441856973 0.01888928046593299
0 0.1582952462709867 0.9828886618980994 0.014178606180044321 0.014400922335111178
0 0.5331243368295523 0.3325771918663612 0.016795231745793268 0.016620342548076924
0 0.6636576285729041 0.06767324300912711 0.014559378990760216 0.014542414591862606
0 0.6235376504751352 0.15427411519564116 0.01921642743624174 0.019490828880896933
0 0.9067671115581806 0.7292914757361779 0.015072455772986779 0.015207437368539663
0 0.0729834666618934 0.748364521906926 0.01307540673475999 0.014877025897686299
0 0.415157281435453 0.7379203209510217 0.014445745027982272 0.01435543940617488
0 0.7380706346951998 0.6091748751126803 0.19116078890286958 0.19101729759803185
0 0.40208930235642654 0.008035347438775577 0.01862760690542368 0.014936521649360657
0 0.2821038319514348 0.8499058943528396 0.021477589240440957 0.021930988018329326
0 0.26946698702298677 0.9711671975942758 0.013925845806415264 0.013781914344200721
0 0.2058882346520057 0.018136434830152072 0.014857292175292969 0.014947694081526536
0 0.1080634410564716 0.8286883280827448 0.014316595517672025 0.014179669893704928
0 0.13265772966238168 0.40859079360961914 0.02229928970336914 0.022481478177584134
0 0.30986653841458833 0.5928247158343976 0.04070107753460224 0.04076180091271034
0 0.2188896766075721 0.15697785524221566 0.014760017395019531 0.014779934516319862
0 0.8052005767822266 0.6759477762075571 0.014102935791015625 0.014244959904597355
0 0.11787737332857572 0.6086296301621658 0.013957812235905575 0.013894961430476261
0 0.08536847738119271 0.46570183680607724 0.03870813663189228 0.040964566744290866
