0 0.13466580097491926 0.39926778353177583 0.2228842148414025 0.23359973614032453
0 0.3199651791499211 0.3050017540271466 0.1961033160869892 0.19558961574847883
0 0.16982535215524527 0.2417441331423246 0.13525009155273438 0.13514082248394305
0 0.37664417120126575 0.39869924692007214 0.17494084284855768 0.1785439711350661
0 0.8829887096698468 0.17840381769033578 0.05131677480844351 0.05146297124715952
0 0.7876570774958684 0.13463342189788818 0.05010898296649639 0.04982458628140963
0 0.5827887608454778 0.728533671452449 0.05507579216590294 0.05475939237154447
0 0.25173198259793794 0.6064181694617639 0.0443578133216271 0.04436507591834435
0 0.9811104994553786 0.6850018134483924 0.03689105694110577 0.037772838885967545
0 0.6634261791522686 0.13622463666475737 0.037478080162635215 0.03761834364670973
0 0.33548641204833984 0.3549659802363469 0.024335274329552285 0.0244600589458759
0 0.27368747271024263 0.5777167540330154 0.029957404503455527 0.03003384516789363
0 0.2732260227203369 0.05034560882128202 0.021722976978008565 0.021881772921635553
0 0.2787599196800819 0.5288396248450646 0.03612056145301232 0.03621996366060697
0 0.013257429003715515 0.20085608042203462 0.02651148346754221 0.054426413315993086
0 0.5212512383094201 0.05006173023810753 0.036609649658203125 0.03602765156672551
0 0.8214456118070163 0.19711960279024565 0.04107372577373798 0.042162455045259915
0 0.7733039122361404 0.019186716813307542 0.034678092369666465 0.03384391161111685
0 0.23592640803410456 0.5076809663038987 0.030865302452674277 0.030899561368502103
0 0.6988465235783503 0.7684123699481671 0.04059806236853966 0.040650587815504804
0 0.14234500664931077 0.036480520780269914 0.028442566211407002 0.02853326155589177
0 0.6489276885986328 0.7095005328838642 0.034119826096754804 0.03409312321589543
0 0.8463192719679612 0.725548083965595 0.021160712608924277 0.021268697885366585
0 0.6872981144831731 0.09023074003366324 0.019663884089543268 0.019812877361591045
0 0.5920165135310247 0.916359387911283 0.019278746384840745 0.01929958050067608
0 0.8952900079580454 0.5299592384925256 0.022853998037484977 0.02284842271071214
0 0.20482705189631537 0.6155699216402494 0.03768576108492338 0.03791060814490685
0 0.5464076995849609 0.3159824518057016 0.023763729975773737 0.023754284932063177
0 0.7976281092717097 0.224229097366333 0.034599010760967545 0.03454802586482121
0 0.42791388585017276 0.9137723629291241 0.02944638178898738 0.02970299353966346
0 0.15929673268244818 0.6139986331646259 0.032968456928546615 0.03301297701322115
0 0.1708858563349797 0.7376686976506159 0.030806981600247897 0.030831263615534857
0 0.758645277756911 0.5031086848332331 0.035346691425030045 0.03539606241079477
0 0.7543175037090595 0.08574887422414926 0.026821136474609375 0.027011376160841722
0 0.9855494866004357 0.8096472666813777 0.02837973374586839 0.04653519850510817
0 0.7878321867722732 0.06159078157865084 0.029018548818734977 0.029249227963961087
0 0.32370391258826625 0.2995169529548058 0.01697995112492488 0.016916164985069863
0 0.9853018247164212 0.4421237798837515 0.0288241459773137 0.04646902817946214
0 0.9267929517305814 0.3375054872952975 0.02517832242525541 0.025353725139911357
0 0.6395037724421575 0.7823508335993841 0.031335097092848554 0.03131866455078125
0 0.02003824940094581 0.8926295500535232 0.024099065707280085 0.024116369394155648
0 0.5831231337327224 0.7882273747370794 0.02801961165208083 0.028088789719801683
0 0.7341424501859225 0.0718128360234774 0.02099462655874399 0.020945283082815316
0 0.34117992107684797 0.6869646952702448 0.03090491661658654 0.03078798147348257
0 0.6696215409498948 0.04183530807495117 0.028855250431941107 0.02888732460828928
0 0.193269106057974 0.5966774133535532 0.020127003009502705 0.020345687866210938
0 0.5700650215148926 0.2665417927962083 0.0199124262883113 0.019892362447885368
0 0.1750776584331806 0.14392695060143104 0.020647635826697715 0.020586087153508112
0 0.21620515676645133 0.5794642154987042 0.03315470768855168 0.03343611497145433
0 0.344818115234375 0.5051374802222619 0.017934872553898737 0.01771061237041767
0 0.4164105928861178 0.565891119150015 0.02290931114783654 0.02287629934457632
0 0.5013583256648138 0.03510085894511296 0.031854409437913164 0.03222500360929049
0 0.9482372724092923 0.9498126690204327 0.01752442580003005 0.017586341271033652
0 0.35342113788311297 0.3903048588679387 0.016955155592698317 0.017168631920447715
0 0.6805944442749023 0.8050689697265625 0.01783620394193209 0.017913818359375
0 0.8069957586435171 0.17828893661499023 0.03284160907451923 0.03335116459773137
0 0.22259138180659369 0.63702025780311 0.01844472151536208 0.01813477736253005
0 0.7075616396390475 0.008982252616148729 0.020563565767728366 0.016317351506306574
0 0.019534014738523044 0.4258679976830116 0.039152759772080645 0.2018761268028846
0 0.8837422590989333 0.681334715623122 0.017186825092022236 0.01724389883188101
0 0.4163899054894081 0.7053043658916767 0.02344366220327524 0.02353506821852464
0 0.980175678546612 0.5629312075101413 0.021995691152719352 0.021941405076246995
0 0.37277639829195464 0.9794827974759616 0.02011695274939904 0.019976102388822116
0 0.2255075894869291 0.5499107654278095 0.019460604741023138 0.019522373492901143
0 0.9003481498131385 0.048003132526691146 0.024189288799579326 0.024230757584938638
0 0.6557833598210261 0.5735034942626953 0.017637252807617188 0.017792775080754206
0 0.827157240647536 0.645468491774339 0.01613646287184495 0.016179304856520433
0 0.8702902427086463 0.060355305671691895 0.01949589069073017 0.01952365728525015
0 0.0736543031839224 0.9903524838961087 0.020551002942598783 0.016699570875901442
0 0.4107517095712515 0.7516434009258564 0.026044111985426683 0.026097517747145433
0 0.5362127010638897 0.029366236466627855 0.01914530534010667 0.018923594401432917
0 0.15358677277198204 0.9400485112116888 0.018540125626784105 0.018339010385366585
0 0.5043461506183331 0.8457367236797626 0.021196291996882513 0.021338829627403848
0 0.5057615133432242 0.5117203639103816 0.01709894033578726 0.01692962646484375
0 0.00606338049356754 0.06863367557525635 0.012126880196424631 0.03134802671579214
0 0.23871902319101188 0.5345536745511569 0.016124798701359674 0.01599751985990084
0 0.4857258429894081 0.8661246666541467 0.01508632073035607 0.015272580660306491
0 0.5228394361642691 0.211273560157189 0.016008523794320915 0.016118196340707634
0 0.5561973865215595 0.8268241882324219 0.01778837350698618 0.01807990440955529
0 0.9201251543485202 0.015922467295940105 0.04298239487868089 0.030117101394213162
0 0.2321316645695613 0.6256038225614108 0.01811533707838792 0.018188916719876803
0 0.49646645325880784 0.1774457601400522 0.019150367149939902 0.019320891453669622
0 0.5173457219050481 0.2305429898775541 0.017218883220966045 0.017255379603459284
0 0.034584061457560614 0.12497283862187313 0.01748444025333111 0.017618876237135667
0 0.9532318848830003 0.10773818309490497 0.04648810166579027 0.046439097477839544
0 0.9461892934945914 0.44494364811823917 0.015346820537860576 0.01523883526141827
0 0.08797896825350247 0.8949868128849909 0.028543366835667536 0.028313856858473558
0 0.9009942274827224 0.7632996485783503 0.015504396878756009 0.015598590557391826
0 0.26659411650437576 0.9100369673508865 0.016424912672776442 0.016417576716496393
0 0.16331834059495193 0.5108923545250525 0.01679237072284405 0.016724659846379206
0 0.10494869488936204 0.6627847231351413 0.01955751272348257 0.019683251014122598
0 0.0692009238096384 0.6858347379244291 0.01800659069648156 0.018031927255483773
0 0.09998349043039176 0.8770558283879206 0.017290592193603516 0.01731285682091346
0 0.7711181640625 0.7068195343017578 0.0161746098445012 0.016310765193058893
0 0.8919753294724685 0.5714763127840482 0.014997188861553486 0.015137672424316406
0 0.12871003150939941 0.6424592825082632 0.02442622184753418 0.024803308340219352
0 0.4253064302297739 0.8300314683180589 0.03667934124286358 0.0371551513671875
0 0.4649524688720703 0.060585196201617904 0.016785108126126803 0.016708896710322454
0 0.9331125112680289 0.535859621488131 0.018367767333984375 0.01849064460167518
0 0.8092404879056491 0.9731906010554388 0.04494402958796574 0.04469739473783053
0 0.44227057236891526 0.8760618796715369 0.02001791733961839 0.02005430368276743
0 0.16679840821486253 0.10295568062708928 0.019107818603515625 0.01913134868328388
0 0.9693010036761944 0.35976307208721453 0.023264664870042067 0.02310664837176983
0 0.3851019052358774 0.5824956893920898 0.06822402660663311 0.0681910881629357
0 0.5562177438002366 0.04400523809286264 0.016153262211726263 0.016179710626602173
0 0.8118133544921875 0.1104426383972168 0.024895301231971152 0.025446506646963265
0 0.24524558507479155 0.7853129460261419 0.021029288952167217 0.021496112530048076
0 0.235292544731727 0.5677994214571439 0.01688216282771184 0.016844969529371995
0 0.8817128401536208 0.4588741889366737 0.03168047391451322 0.031468904935396634
0 0.8441875164325421 0.40785606090839094 0.0182342529296875 0.01822941119854267
0 0.1752169315631573 0.1698431785290058 0.015409102806678185 0.015528568854698768
0 0.07154652705559364 0.12115781123821552 0.01790316288287823 0.017729575817401592
0 0.24976213161761945 0.060884952545166016 0.014616599449744591 0.014427753595205454
0 0.031251994463113636 0.6682228675255408 0.016782237933232233 0.016734196589543268
0 0.8211840116060697 0.6811955525324895 0.015087127685546875 0.01534564678485577
0 0.3372946152320275 0.8188764131986178 0.020055257357083835 0.020079392653245192
0 0.670994391808143 0.5628735835735614 0.014794863187349759 0.01474593235896184
0 0.993647942176232 0.9559307098388672 0.012391897348257212 0.01659848139836238
0 0.49565946138822115 0.8253037379338191 0.018396964439978965 0.018144754263070915
0 0.4915148661686824 0.7701049217810998 0.014553656944861779 0.014730306772085337
0 0.1382534412237314 0.4056823437030499 0.013908624649047852 0.01381529294527494
0 0.27634495955247146 0.434380788069505 0.014446001786452074 0.014485359191894531
0 0.17542936251713678 0.5800743836622971 0.018723194415752705 0.018865291888897236
0 0.37639346489539516 0.8212414521437424 0.019390986515925482 0.019447766817533053
0 0.6134083821223333 0.4548452083881085 0.01920494666466346 0.019268916203425482
0 0.23607994959904596 0.6991388614361103 0.016021141639122598 0.016084671020507812
0 0.8599259303166316 0.6502606318547175 0.021942725548377402 0.022959782527043268
0 0.850974596463717 0.9094294768113357 0.016302842360276442 0.016247382530799277
0 0.9093507620004507 0.35033108637883115 0.017115666316105768 0.017392305227426384
0 0.14748021272512582 0.4170609987699069 0.015169583834134616 0.0151670896089994
0 0.9450010886559119 0.5815540827237643 0.014658707838792067 0.014475235572228065
0 0.5183350489689753 0.10963938786433293 0.020230219914362982 0.02046944544865535
0 0.9148572775033804 0.06699597835540771 0.015940739558293268 0.015918658329890326
0 0.8251527639535757 0.7971727664654071 0.014987358680138221 0.015114270723783053
0 0.8443244053767278 0.27202672224778396 0.015048833993765024 0.014942279228797326
0 0.8327583899864783 0.01293560633292565 0.020350236159104567 0.020307201605576735
0 0.11567206566150372 0.6285728307870718 0.019153338212233324 0.019713768592247598
0 0.5510227130009577 0.7435965904822717 0.05136519211989183 0.05097257173978365
0 0.9328784942626953 0.27167287239661586 0.01636681189903846 0.016290554633507363
0 0.9830665588378906 0.7278809180626502 0.01569968003493089 0.015963921180138223
0 0.5250991307772123 0.30095903690044695 0.014170353229229268 0.014404003436748799
0 0.9297340833223783 0.6583563731266902 0.015016702505258413 0.015188217163085938
0 0.837037600003756 0.9435887703528771 0.014394906850961538 0.0145721435546875
0 0.7182866610013522 0.23316086255587065 0.021142225999098558 0.020731412447415866
0 0.2695145056797908 0.1138521616275494 0.01817772938654973 0.018487251721895658
0 0.49381182743952823 0.14673956540914682 0.013984386737530049 0.014121935917780949
0 0.5457010269165039 0.1547683018904466 0.014798384446364183 0.01471860592181866
0 0.5620718002319336 0.2108797293442946 0.01414959247295673 0.014245326702411357
0 0.5317400051997259 0.14960008401137131 0.014197129469651442 0.014298328986534705
0 0.5263085732093225 0.4827087108905499 0.013919977041391226 0.013957610497107873
0 0.9625459817739633 0.49959230422973633 0.015911689171424277 0.016026716965895433
0 0.8254740788386419 0.7631134620079627 0.013872586763822116 0.013985560490534855
0 0.9748957707331731 0.8633629725529597 0.014719449556790866 0.014686291034405049
0 0.7216578263502854 0.7796693948599008 0.015143174391526442 0.015185136061448317
0 0.043304443359375 0.9753777430607722 0.01595787130869352 0.015862098106971152
0 0.5750928658705491 0.8279056549072266 0.016144605783315804 0.016173142653245192
0 0.5719955150897686 0.5085112498356745 0.014270635751577524 0.014290516193096455
0 0.3539517109210675 0.9936178647554837 0.016059141892653245 0.0112916506253756
0 0.4478595440204327 0.8412648714505709 0.016617188086876504 0.017154840322641227
0 0.5761698209322416 0.06103665095109206 0.015593895545372596 0.015630190189068135
0 0.17803245324354905 0.9266589971689078 0.01369788096501277 0.013818300687349759
0 0.9144951747013972 0.3658640201275165 0.025961655836838942 0.025274276733398438
0 0.968445924612192 0.6566726978008564 0.017595878014197715 0.01724419227013221
0 0.4344958525437575 0.8901009926429162 0.016480225783128005 0.016185613778921273
0 0.852474726163424 0.02908626886514517 0.02966176546536959 0.029894938835730918
0 0.006703818073639503 0.14421935264880842 0.013484328985214233 0.03260082464951735
0 0.9684908940241888 0.30308939860417294 0.014170133150540866 0.014410679156963643
0 0.23674735656151405 0.727996092576247 0.025476749126727764 0.025640340951772835
0 0.5806632408728967 0.1218348558132465 0.018251565786508415 0.018221708444448616
0 0.8368825912475586 0.08210299565241887 0.02286837651179387 0.022884057118342474
0 0.2690536058866061 0.12908187279334435 0.017032476571890023 0.017085735614483174
0 0.4410025156461276 0.6426111368032602 0.01546338888315054 0.015460674579326924
0 0.8793544035691482 0.9278733913715069 0.014232635498046875 0.014392706064077524
0 0.7370592264028696 0.9665976304274339 0.014081368079552284 0.014149005596454326
0 0.060560171420757584 0.742741217980018 0.013790589112501878 0.013905745286207933
0 0.9302240518423227 0.5912952423095703 0.013960031362680288 0.01407608619103065
0 0.6098199624281663 0.02282110544351431 0.014115333557128906 0.01409019071322221
0 0.3409873522244967 0.8053794273963342 0.01708507537841797 0.01687035193810096
0 0.5016325070307806 0.8108213864839994 0.01620329343355619 0.016635014460637018
0 0.21590784879831168 0.007280199000468621 0.01754584679236779 0.013360302035625164
0 0.7098001333383414 0.0781339223568256 0.013246389535757212 0.013453997098482572
0 0.8143986922044021 0.8262494160578802 0.015964508056640625 0.015922106229341947
0 0.44397757603571963 0.07573320315434383 0.013422525846041165 0.013748444043673001
0 0.24816259971031776 0.5572916177602915 0.0164947509765625 0.016347151536207933
0 0.4535214717571552 0.5104190753056452 0.013954235957219051 0.014101101801945614
0 0.3724021911621094 0.1364827431165255 0.06797599792480469 0.07133408693166879
0 0.1531437452022846 0.7344017028808594 0.013893916056706356 0.014205345740685096
0 0.7085555883554312 0.27076048117417556 0.013791597806490384 0.01417215053851788
0 0.6654085012582632 0.9600268877469577 0.014261979323167067 0.014432760385366587
0 0.6480473738450271 0.16346542651836687 0.014939821683443509 0.014829195462740384
0 0.8573646545410156 0.65315004495474 0.027967306283804085 0.027910672701322116
0 0.8312708047720102 0.0388869780760545 0.01369006817157452 0.013781618613463182
0 0.11241483688354492 0.44045543670654297 0.0131531128516564 0.013514151939978966
0 0.8878443057720478 0.6282476278451773 0.013541001539963942 0.013670994685246395
0 0.27602382806631237 0.5458439680246207 0.015044799217810998 0.014869763300969051
0 0.2668764407818134 0.1599257909334623 0.013232011061448317 0.013198082263653096
0 0.007081245573667379 0.03674137592315674 0.014105272980836721 0.03211791698749249
0 0.9971232047447791 0.6127199759850135 0.0056180220383864185 0.021089700552133415
0 0.9155309383685772 0.46237619106586164 0.013205308180588942 0.013192396897536058
0 0.35412073135375977 0.8160295486450195 0.017235169043907754 0.017300972571739785
0 0.4803598110492413 0.47481852311354417 0.015053235567533053 0.01573313199556791
0 0.4707887356097882 0.4164924621582031 0.04034966688889723 0.03999240581805889
0 0.5688901681166428 0.9466410416823167 0.021745975200946514 0.021809504582331732
