0 0.5588935338533841 0.23647477076603815 0.12553926614614633 0.12451333266038161
0 0.7348251342773438 0.9038138756385217 0.06596110417292668 0.06914828373835637
0 0.5573238592881423 0.3309604204618014 0.07487788567176232 0.07526808518629807
0 0.5880329425518329 0.5798945793738732 0.05499619704026442 0.055235642653245196
0 0.727818489074707 0.20160082670358512 0.09027642470139724 0.09816459509042594
0 0.33979247166560245 0.8935374480027419 0.05143136244553786 0.05135609553410457
0 0.5619568457970252 0.023016954843814556 0.03519601088303786 0.035025216065920316
0 0.5026516547569861 0.42005619635948765 0.05232590895432692 0.053347074068509616
0 0.5044164657592773 0.7138698284442608 0.04513872586763822 0.045121413010817304
0 0.5832004547119141 0.5201623623187726 0.040060190054086536 0.03985815781813402
0 0.6496074383075421 0.4979683069082407 0.02700350834773137 0.026932789729191706
0 0.6734234736515925 0.3091468077439528 0.03239734356219952 0.03251602099492
0 0.6402391286996695 0.3728970014131986 0.028076612032376803 0.027842595027043268
0 0.4564247131347656 0.3495184825016902 0.0797419914832482 0.08134988638070914
0 0.5121801449702337 0.5164712392366849 0.0726010249211238 0.07316317925086388
0 0.73613768357497 0.7796499545757587 0.029096163236177884 0.029135777400090143
0 0.31706787989689755 0.6693430680495042 0.03502816420335036 0.0348204099214994
0 0.3706219012920673 0.7219333648681641 0.02559177692119892 0.02578559288611779
0 0.5226619427020733 0.4665988041804387 0.04637864919809195 0.04671624990609976
0 0.7591885786790115 0.08194835369403546 0.032234485332782455 0.04202743676992563
0 0.3235506277817946 0.1828423279982347 0.09076331211970402 0.08983193911038913
0 0.6277547249427209 0.6019994295560397 0.026301017174353965 0.026279449462890625
0 0.434998108790471 0.6382816754854642 0.04667311448317308 0.04671287536621094
0 0.6767125496497521 0.93804931640625 0.033916473388671875 0.03354145930363582
0 0.6572881845327524 0.1152654244349553 0.023690150334284857 0.0240478515625
0 0.6937737098106971 0.5782244022075946 0.035179431621844955 0.035051932701697715
0 0.45392608642578125 0.5403328675490159 0.04302230248084435 0.042630562415489785
0 0.42821062528170073 0.930876218355619 0.04010552626389723 0.039881192720853366
0 0.5863849933330829 0.8944385235126202 0.021205755380483773 0.021060943603515625
0 0.7424920889047476 0.39974836202768177 0.041518871600811295 0.04099904573880709
0 0.35368901032667893 0.8688232715313251 0.019825128408578727 0.019820726834810697
0 0.7108222521268405 0.019097422177974995 0.03278835003192608 0.032362062197465166
0 0.6149422205411471 0.5529548938457782 0.029631908123309795 0.029967674842247598
0 0.6599660286536584 0.603792117192195 0.032407173743614785 0.03226470947265625
0 0.3543620476355919 0.8044258997990534 0.022266534658578727 0.022313484778771035
0 0.43152647752028245 0.14710043026850775 0.0396722646859976 0.039988004244290866
0 0.6445236206054688 0.5499188349797175 0.031151404747596152 0.03093690138596755
0 0.3041823460505559 0.4701056113609901 0.022882534907414362 0.023118239182692308
0 0.2729792228111854 0.7274667299710788 0.039017897385817304 0.038758497971754804
0 0.6640311021071214 0.6939422900860126 0.033348376934344955 0.03313005887545072
0 0.6282353767981896 0.4763804215651292 0.028363594642052285 0.028330582838792067
0 0.4105712817265437 0.3461447495680589 0.01862797370323768 0.018619390634390023
0 0.5925243084247296 0.06703539536549495 0.059449269221379206 0.05942919621100792
0 0.521001779116117 0.9137147756723257 0.05669205005352314 0.05741310119628906
0 0.23989347311166617 0.23347918803875262 0.026740587674654447 0.03483797953679012
0 0.46949467292198765 0.03625319095758291 0.025168932401216947 0.025243071409372184
0 0.35781251467191255 0.5760773145235502 0.0345464853140024 0.034805591289813705
0 0.6865008427546575 0.7996959686279297 0.025798504169170674 0.026096930870643027
0 0.3999933829674354 0.19594542796795184 0.04311972398024339 0.042957122509296126
0 0.38515413724459135 0.16625198951134315 0.045083119319035456 0.04476602260883038
0 0.2802411959721492 0.43715454981877255 0.031244864830603965 0.031126902653620794
0 0.264096553509052 0.25389858392568737 0.026062635275033805 0.025873257563664362
0 0.3510136237511268 0.26029069607074445 0.08884607828580417 0.08557286629310021
0 0.2723837449000432 0.41347558681781477 0.03182011384230394 0.031795575068547174
0 0.2441586714524489 0.5208509885347806 0.0281829833984375 0.02918874300443209
0 0.30786705017089844 0.44577840658334583 0.025047448965219352 0.024686666635366585
0 0.6273121467003455 0.02600725797506479 0.05961135717538687 0.05139338053189791
0 0.5804975949800931 0.637759282038762 0.029161453247070312 0.029366419865534857
0 0.3557393000676082 0.8499055275550256 0.034581551185021035 0.034818796011117786
0 0.5688135440532978 0.4316711792579064 0.027312572185809795 0.027248382568359375
0 0.7058064387394831 0.5477853188147912 0.028470552884615384 0.028452506432166465
0 0.4040253712580754 0.5181997005756085 0.05751815209021935 0.05708114917461689
0 0.28602917377765363 0.2737137170938345 0.032235292287973255 0.03211017755361704
0 0.4247146386366624 0.11382843897892879 0.022470400883601263 0.02240760509784405
0 0.7544944469745343 0.4283714294433594 0.03473223172701322 0.038544728205754206
0 0.25145626068115234 0.2823504301217886 0.0333406741802509 0.03311248926016001
0 0.5954991854154147 0.7373846494234525 0.020154953002929688 0.02037840623121995
0 0.6045276201688327 0.6553839170015775 0.03128213148850661 0.03150675846980168
0 0.5150510347806491 0.05197216914250301 0.02008218031663161 0.019990884340726413
0 0.3297463563772348 0.5515846839317908 0.023770992572490986 0.023821317232572116
0 0.6640104880699744 0.7149454263540415 0.0299685551570012 0.030315986046424277
0 0.4638426120464618 0.8570051926832932 0.03645163315993089 0.036813589242788464
0 0.7639967111440805 0.015307233883784367 0.02256041306715745 0.027881677334125225
0 0.5160485047560471 0.5709731762225811 0.027800926795372598 0.027780826275165264
0 0.5833480174724872 0.9318956961998572 0.01792731651893029 0.01792115431565505
0 0.7649397483238807 0.11748990645775428 0.020724369929387018 0.02237562032846304
0 0.4534754386314979 0.8254314569326547 0.0209811283991887 0.02114281287560096
0 0.24818721184363732 0.5979090103736291 0.01808628669151893 0.01786518096923828
0 0.6521151616023138 0.7935352325439453 0.044332650991586536 0.04425459641676683
0 0.41043615341186523 0.4374316655672513 0.023896143986628607 0.023897391099196214
0 0.5153515889094427 0.7593541512122521 0.026564598083496094 0.02658990713266226
0 0.6627384332510141 0.6507489131047175 0.020526739267202523 0.020319131704477165
0 0.7073195530818059 0.3226166505080003 0.022950099064753607 0.02310606149526743
0 0.28234309416550857 0.5976629257202148 0.026764943049504206 0.027147733248197116
0 0.31876054176917445 0.5250543447641226 0.042657118577223554 0.041918387779822715
0 0.5432653427124023 0.9679008630605844 0.027567056509164665 0.027620902428260215
0 0.4008343036358173 0.28011167966402495 0.01639718275803786 0.016244888305664062
0 0.28005467928372896 0.23228120803833008 0.04171591538649339 0.04106778364915114
0 0.37573843735914964 0.4219540449289175 0.03397868229792668 0.03426375755896935
0 0.6904224982628455 0.011356378977115337 0.03825642512394832 0.021876495618086595
0 0.5676999458899865 0.14617578799907976 0.01658043494591346 0.016417209918682393
0 0.7510530031644381 0.36343618539663464 0.0162509037898137 0.016348765446589544
0 0.7278205431424655 0.8187059255746695 0.057096041165865384 0.05746533320500301
0 0.7225890526404748 0.5883579254150391 0.027760138878455527 0.027763880216158353
0 0.5309348106384277 0.6610547579251803 0.02321345989520733 0.023350935715895433
0 0.5046772956848145 0.7956582582913913 0.04273099165696364 0.04322052001953125
0 0.24072115237896258 0.7291261232816256 0.017876881819504958 0.01933112511268029
0 0.35723275404710036 0.0760687727194566 0.020242984478290264 0.01984668695009672
0 0.5932651299696702 0.8414468031663161 0.019437423119178183 0.01894231942983774
0 0.7593876765324519 0.5141450441800631 0.0243985102726863 0.0299227787898137
0 0.6409328167255108 0.22312232164236215 0.01874116750863882 0.01856682850764348
0 0.42999858122605544 0.3098457776583158 0.02689500955434946 0.02714692629300631
0 0.4868472172663762 0.9054854466364934 0.016698470482459433 0.016901162954477165
0 0.637177614065317 0.6792549720177283 0.026090621948242188 0.026155618520883415
0 0.6296738844651443 0.5678730744581956 0.015675764817457933 0.015998253455528848
0 0.6316060286301833 0.7103384458101712 0.031558990478515625 0.0312963632436899
0 0.4837799805861253 0.5055332183837891 0.022828175471379206 0.023138926579402044
0 0.7068388278667743 0.726046635554387 0.01880953862116887 0.019104590782752402
0 0.6817263823289138 0.5479277464059683 0.017778543325570915 0.0180359620314378
0 0.5545495106623723 0.6478374187762921 0.028006627009465143 0.028430938720703125
0 0.5277663744412936 0.951475950387808 0.01959565969613882 0.01963674105130709
0 0.6335318638728216 0.2739549783559946 0.023607400747445915 0.023799859560452975
0 0.3587574592003456 0.4864219885606032 0.024260961092435397 0.024491236760066107
0 0.5197285872239333 0.3749230458186223 0.05589734590970553 0.05442942105806791
0 0.36851670191838193 0.8248782524695764 0.025051337022047777 0.02492552537184495
0 0.3454557932340182 0.38245399181659406 0.024092454176682692 0.02437283442570613
0 0.5709337087777945 0.4131980309119591 0.022858839768629808 0.023877950815054085
0 0.5841153218195989 0.2907695770263672 0.015602992131159855 0.015695571899414062
0 0.3055404883164626 0.6085689251239483 0.023963488065279447 0.024408487173227165
0 0.5429822481595553 0.6284512739915115 0.01883360055776743 0.018759800837590143
0 0.5548180800217849 0.8061139033390925 0.015444682194636418 0.015199514535757212
0 0.7162088247445914 0.3819066561185397 0.02761694101186899 0.027646284836989183
0 0.35287981766920823 0.009475775063037872 0.024060469407301683 0.018480102603252117
0 0.7573290604811448 0.5730116917536809 0.026473412146935098 0.02846380380483774
0 0.5633367391733023 0.8721831395075872 0.02726613558255709 0.027241340050330527
0 0.3455023398766151 0.6753780658428485 0.01640180441049429 0.016621809739332933
0 0.48929573939396787 0.6669372411874624 0.014706831711989183 0.014905929565429688
0 0.5965018272399902 0.9181788517878606 0.017497722919170674 0.017608055701622598
0 0.6574481817392203 0.03641559985967783 0.03482730572040264 0.03463895504291241
0 0.4747507388775165 0.8264488807091346 0.022871751051682692 0.02337793203500601
0 0.5838228739224948 0.4439874062171349 0.017026387728177585 0.01727925814115084
0 0.416291933793288 0.48739198537973255 0.01541585188645583 0.015242429879995493
0 0.33169951805701625 0.3531067921565129 0.02957021273099459 0.030229861919696514
0 0.621912222642165 0.6317168749295748 0.022395207331730768 0.022248341487004206
0 0.5360412964454064 0.8099874349740835 0.021632634676419772 0.0218197749211238
0 0.28176188468933105 0.06682850305850689 0.11677173467782828 0.13189386404477632
0 0.7143512138953576 0.03381164028094365 0.01911750206580529 0.018107657249157246
0 0.2957923228924091 0.49281802544227016 0.01786972926213191 0.017886822040264424
0 0.63104981642503 0.03252179347551786 0.07171850938063401 0.06291227157299335
0 0.6090550422668457 0.7951978536752554 0.028284733112041768 0.02852777334359976
0 0.647727526151217 0.35009596898005557 0.0171969487116887 0.017293196458082933
0 0.5201382270226111 0.6074750606830304 0.014874971829927884 0.014757743248572716
0 0.5408910237825834 0.7164536989652194 0.028968150799091045 0.02936730018028846
0 0.5140894743112417 0.5572849053602952 0.018856928898737982 0.01789085681621845
0 0.529485115638146 0.07314337216890775 0.022948631873497598 0.02263810084416316
0 0.5893281056330755 0.01715886936737941 0.016589971689077523 0.016058208850713875
0 0.4398034169123723 0.5819627321683444 0.0443418942964994 0.04475050706129808
0 0.7046805161696214 0.43089000995342547 0.015700413630558893 0.015590154207669772
0 0.5126506365262545 0.6372602169330304 0.019762332622821514 0.019719050480769232
0 0.47592474864079404 0.7541974874643179 0.014938647930438701 0.015213599571814904
0 0.6913949526273288 0.47365874510545 0.017342494084284857 0.01749882331261268
0 0.7060609230628381 0.7835330963134766 0.023735633263221152 0.023991511418269232
0 0.5480601237370417 0.6755853799673227 0.024231910705566406 0.02457706744854267
0 0.31212748014009917 0.15343747689173773 0.06156039237976074 0.062461027732262246
0 0.4837537912222055 0.1756901007432204 0.02230981680063101 0.022048069880558893
0 0.3903465270996094 0.13775207446171686 0.019839066725510817 0.01994019288283128
0 0.5727710723876953 0.9439387688269982 0.014123183030348558 0.013905158409705529
0 0.4458723801832933 0.569750712468074 0.0270382807804988 0.02708889887883113
0 0.6611391947819636 0.257855617083036 0.023340958815354567 0.02370617939875676
0 0.2781817729656513 0.684269538292518 0.018077997060922477 0.017881246713491585
0 0.29836214505709135 0.24826779732337365 0.02941549741304838 0.028666312877948467
0 0.3885510518000676 0.5383166533250076 0.04990078852726863 0.04702832148625301
0 0.5374264350304236 0.4286902134235089 0.025942435631385215 0.025727272033691406
0 0.6722216972937951 0.8163446279672476 0.017094832200270433 0.016951927771935098
0 0.7595729827880859 0.29102516174316406 0.028674932626577523 0.03586306938758263
0 0.38965357266939604 0.3355087133554312 0.04924510075495793 0.04924172621506911
0 0.688275777376615 0.8944580371563251 0.01648404048039363 0.01629785391000601
0 0.5093976534329928 0.6182377155010517 0.020240930410531852 0.020515882051908053
0 0.6102804037240835 0.3053322938772348 0.018915323110727165 0.019181031447190505
0 0.6238155364990234 0.21695197545565093 0.01494613060584435 0.0157321416414701
0 0.25040725561288685 0.7890045459453876 0.0259854243351863 0.025511521559495192
0 0.2361468902001014 0.3244597361637996 0.018255013685960036 0.019040327805739183
0 0.5267035777752216 0.3750600081223708 0.044859812809870794 0.04577431311974159
0 0.5799778424776517 0.9689162327693059 0.019686478834885817 0.019643049973707933
0 0.5614093633798453 0.9575766049898587 0.021040696364182692 0.020344954270582933
0 0.48803006685697115 0.9478772970346304 0.03363491938664363 0.03328411395733173
0 0.2424747393681453 0.6807300127469577 0.02259687276986929 0.026426021869365986
0 0.42917486337515026 0.4058226071871244 0.05205755967360277 0.05228145305926983
0 0.31482263711782604 0.5694426023043119 0.01736110907334548 0.017528240497295674
0 0.29721524165226865 0.5485909535334661 0.032273365901066706 0.03202687777005709
0 0.6784858703613281 0.473229848421537 0.0394750741811899 0.03960902874286358
0 0.5370594171377329 0.5507023151104267 0.014565247755784255 0.014832129845252404
0 0.2353966602912316 0.3074370530935434 0.017568184779240534 0.025905829209547777
0 0.2394736913534311 0.2082698895381047 0.018246173858642578 0.018112769493689902
0 0.48008397909311146 0.6903195014366736 0.023250726553109977 0.022664877084585335
0 0.5567059883704553 0.4546641569871169 0.02683287400465745 0.026389048649714544
0 0.611279560969426 0.436283148252047 0.014507733858548678 0.014685557438777043
0 0.6747875213623047 0.8874457432673528 0.015512466430664062 0.015411083514873799
0 0.6103858214158279 0.6744441986083984 0.029568305382361777 0.03042426476111779
0 0.30147673533513 0.5066941334651067 0.027646578275240384 0.027837753295898438
0 0.5496185009296124 0.29207220444312465 0.05611713115985577 0.060124947474553034
0 0.6963126842792218 0.014913791647324195 0.04549672053410457 0.02910668345598074
