0 0.4673108687767616 0.9129236661470853 0.08051145993746243 0.08138568584735577
0 0.7521401918851413 0.912785163292518 0.05313711899977464 0.05356656588040865
0 0.7340183258056641 0.8863993424635667 0.03651120112492488 0.03614513690655048
0 0.5285275532649114 0.40352762662447417 0.08530880854679988 0.08597124539888822
0 0.42491986201359677 0.9781557229849008 0.04317811819223257 0.03813523512620192
0 0.5517827547513522 0.6983958024245042 0.05028959421011118 0.05014859713040865
0 0.7068655307476337 0.6124641345097468 0.019593018751878005 0.019716923053448018
0 0.7263482900766226 0.8134290255033053 0.018159866333007812 0.018122159517728366
0 0.4187616935143104 0.4585867661696214 0.03132922832782452 0.03138190049391527
0 0.35609883528489333 0.5021501687856821 0.022411493154672477 0.022417508638822116
0 0.769678702721229 0.7573787982647235 0.03573461679311899 0.035564422607421875
0 0.6609869736891526 0.2771877325498141 0.02545899611253005 0.025565477517934945
0 0.2642204211308406 0.5573019981384277 0.020316490760216348 0.020476634685809795
0 0.4295231745793269 0.9451700357290415 0.030925750732421875 0.030514643742487982
0 0.5265338604266827 0.6549355433537409 0.025204878586989183 0.025446378267728366
0 0.44857080166156477 0.32567365352924055 0.03700520442082332 0.03706770676832933
0 0.6281802837665265 0.571328383225661 0.02459716796875 0.024525202237642728
0 0.4494945819561298 0.663182625403771 0.024115342360276442 0.02396979698768029
0 0.4322181848379282 0.7306298475999099 0.03195395836463341 0.031919039212740384
0 0.3524434016301082 0.6329950185922476 0.019945951608511116 0.020011314978966348
0 0.4778907115642841 0.7131204605102539 0.024782254145695612 0.02463047321026142
0 0.42328585111177885 0.8582572937011719 0.018170576829176683 0.018152823814978965
0 0.738853748028095 0.048599655811603255 0.01981969980093149 0.019778104928823616
0 0.6884825779841497 0.7321915259728065 0.01801446767953726 0.01821312537560096
0 0.23375522173368013 0.5860575162447416 0.04628606942983774 0.046692187969501205
0 0.28944950837355393 0.5140173251812274 0.019455763009878304 0.019290777353140023
0 0.797406269953801 0.5051913261413574 0.017712519719050482 0.017743257375863884
0 0.39729734567495495 0.5028440768902118 0.019341102013221152 0.019453782301682692
0 0.771583263690655 0.31095497424785906 0.020500623262845553 0.020471572875976562
0 0.22751712799072266 0.3950033921461839 0.07386501018817608 0.09612156794621395
0 0.5987584040715144 0.05017783091618465 0.01929752643291767 0.019337177276611328
0 0.53424439063439 0.12027623103215145 0.020075284517728366 0.020199995774489183
0 0.4154868492713341 0.48061062739445615 0.016657462486853965 0.016795525184044473
0 0.28905943723825306 0.4437096669123723 0.017236856313852165 0.01719034635103666
0 0.6521920424241286 0.763567851139949 0.02241031940166767 0.022248488206129808
0 0.45353174209594727 0.209654844724215 0.05061178940993089 0.05048319009634165
0 0.3433121167696439 0.4083388401911809 0.030201545128455527 0.030438789954552285
0 0.4090556731590858 0.584128893338717 0.025902821467472956 0.02577356191781851
0 0.47452834936288685 0.2838925214914175 0.032405779911921576 0.03249428822444035
0 0.5533062861515925 0.1507580280303955 0.01949933859018179 0.019414168137770433
0 0.7356162438025842 0.6899780126718374 0.017190933227539062 0.017141195443960335
0 0.3522330430837778 0.45293943698589617 0.01567393082838792 0.015658745398888223
0 0.7996746209951547 0.8729820251464844 0.01496593768780048 0.01927346449631911
0 0.6055159568786621 0.35228809943565953 0.03156067774846004 0.031310008122370794
0 0.6583611414982722 0.009426216666515056 0.01989922156700721 0.017276559884731587
0 0.3090378687931941 0.5838901813213642 0.016309022903442383 0.016448974609375
0 0.4727747623737042 0.521113395690918 0.016488955571101263 0.016518446115347054
0 0.7169199723463792 0.35941439408522385 0.035836439866286054 0.03585045154278095
0 0.60724243750939 0.610882832453801 0.021393262423001803 0.021425540630634014
0 0.5125130139864408 0.5336129115178034 0.025298191950871393 0.025731306809645433
0 0.7762835575984075 0.4769153594970703 0.01668401864858774 0.016734930185171273
0 0.7352177546574519 0.27866090261019194 0.024104485144981973 0.024289057804987982
0 0.4873850162212665 0.7686857076791617 0.01910092280461238 0.018942906306340143
0 0.7404625232403095 0.26344807331378645 0.024162879356971152 0.024151398585392878
0 0.6593633064856896 0.34059986701378453 0.021702106182391826 0.02170386681189904
0 0.50091736133282 0.5631257937504694 0.016372533944936898 0.016406426062950723
0 0.49992986825796276 0.7253183218149039 0.023668582622821514 0.02361297607421875
0 0.30805125603309047 0.2136840086716872 0.015828921244694635 0.015664137326754056
0 0.6418141585129958 0.6717473543607272 0.02329254150390625 0.023171498225285456
0 0.7369500673734225 0.3834394308236929 0.027355487530048076 0.027226814856896035
0 0.36487597685593826 0.530980843764085 0.019893352801983174 0.020186644334059495
0 0.7064018249511719 0.3838981114901029 0.023625007042518027 0.024028484637920674
0 0.29828280668992263 0.5625549096327561 0.01582758243267353 0.015816981975848857
0 0.31782142932598406 0.4769645837637094 0.015529485849233774 0.015595949613131009
0 0.39436967556293195 0.5534870441143329 0.028955753032977764 0.029154117290790264
0 0.7168989181518555 0.29962315926185024 0.02871528038611779 0.028237342834472656
0 0.31567749610314 0.5371942520141602 0.02222444460942195 0.02239652780386118
0 0.499695007617657 0.6943462078387921 0.017986004169170674 0.017956366905799277
0 0.5817226263192984 0.023028043600229118 0.017631677480844352 0.01765915063711313
0 0.42609196442824143 0.2705543591425969 0.03267530294565054 0.032971712259145886
0 0.6505561241736779 0.19011303094717172 0.02870354285606971 0.028851142296424277
0 0.6839938530555139 0.6692786583533654 0.018451397235576924 0.0186004638671875
0 0.7112206679124099 0.7906393638023963 0.019487380981445312 0.01992651132436899
0 0.5855375436636118 0.8172806959885818 0.024168014526367188 0.024151141826923076
0 0.3072510132422814 0.9105575268085186 0.01466538355900691 0.014654746422400841
0 0.4705639619093675 0.6958449437068059 0.018073888925405648 0.018177032470703125
0 0.5667557349571815 0.5478919102595403 0.015068494356595553 0.015081845797025241
0 0.3251702602093036 0.5043296447167029 0.015036876385028545 0.015244043790377103
0 0.7656063666710486 0.8170687602116511 0.019596393291766826 0.01996465829702524
0 0.37201793377216047 0.4653763771057129 0.014466359065129207 0.014521158658541165
0 0.45189233926626354 0.46703624725341797 0.015528018657977764 0.015557069044846755
0 0.5034622045663687 0.1593599686255822 0.017795636103703424 0.018025985130896933
0 0.6636552077073318 0.8672215388371394 0.015982994666466348 0.015790499173677884
0 0.3265526478107159 0.00998646250137916 0.015767757709209736 0.015821534853715163
0 0.39400306114783656 0.38451502873347354 0.01621246337890625 0.016506048349233773
0 0.5202043239886944 0.0673008469434885 0.017310949472280648 0.01723794753734882
0 0.5513801574707031 0.60936949803279 0.01724697993351863 0.017392818744365986
0 0.5278476568368765 0.5493091436532828 0.017051256619966947 0.017162616436298076
0 0.7802606729360727 0.3492905543400691 0.030826568603515625 0.030671046330378607
0 0.7282022329477164 0.7625485933743991 0.023165482741135817 0.02372888418344351
0 0.6505264869103065 0.8019583775446966 0.01702147263746995 0.017252115102914665
0 0.6811577723576472 0.7878170747023362 0.016434449415940505 0.016533484825721152
0 0.6981887817382812 0.20153298744788536 0.02671990027794471 0.026555208059457634
0 0.5704065102797288 0.5263693882868841 0.01955839303823618 0.01938482431265024
0 0.7342074467585638 0.7494876568134015 0.014250241793118991 0.013940077561598558
0 0.6004953384399414 0.5657143592834473 0.01493087181678185 0.015131877018855168
0 0.3616491464468149 0.3624117557819073 0.0149690187894381 0.015267738929161659
0 0.5873803358811599 0.0373039016356835 0.016983619103064902 0.01699397197136512
0 0.19840000225947454 0.4532800821157602 0.015452384948730469 0.017484738276554987
0 0.19901594748863807 0.2146731156569261 0.018437018761268027 0.019665938157301683
0 0.32523874136117786 0.5159314228938177 0.016775131225585938 0.01697378892164964
0 0.5047384408804086 0.3222920344426082 0.025969211871807393 0.026024891779972956
0 0.49546307783860427 0.3442374742948092 0.022512435913085938 0.022344002356896035
0 0.7781325120192307 0.24638858208289513 0.03186812767615685 0.03212679349459135
0 0.5853444612943209 0.008919644814271193 0.026075216440054085 0.01671890799815838
0 0.5589012732872596 0.5939843838031476 0.01519481952373798 0.015156965989332933
0 0.70677977341872 0.009630292654037476 0.017679948073167067 0.016540022996755745
0 0.7312212723952073 0.7624811025766226 0.0281521723820613 0.027218451866736777
0 0.360012017763578 0.8807323895967923 0.022263086759127103 0.022378921508789062
0 0.31616867505587065 0.5399903884300818 0.019679142878605768 0.020265652583195612
0 0.7134233621450571 0.7124928694504958 0.014201531043419471 0.01421649639423077
0 0.5219082465538611 0.5918552325322077 0.01801329392653245 0.01775990999661959
0 0.8003124823937049 0.6966117712167593 0.013715597299429087 0.024338795588566706
0 0.38015108842116135 0.36703161092904896 0.02348914513221154 0.023326873779296875
0 0.43570808263925404 0.6850791344275842 0.014274377089280348 0.014192141019381009
0 0.2643114236684946 0.4247453762934758 0.015224089989295373 0.0154112302339994
0 0.790376223050631 0.09633321028489333 0.014257724468524639 0.01428079605102539
0 0.31250939002403844 0.5584081503061148 0.014675580538236178 0.014706244835486779
0 0.6101385996891902 0.5193724265465369 0.02106138376089243 0.021236272958608773
0 0.6021477625920222 0.8175050295316256 0.023650389451246995 0.022540752704326924
0 0.5852833160987267 0.552260949061467 0.014244593106783353 0.014681155865009014
0 0.7139939528245193 0.3026538628798265 0.026578169602614183 0.026323611919696514
0 0.4671226648183969 0.20118203529944786 0.01913173382098858 0.01856862581693209
0 0.6024217972388635 0.8113821469820462 0.017716261056753304 0.016640589787409857
0 0.3990628169133113 0.573342910179725 0.019694988544170674 0.019669092618502103
0 0.31671788142277646 0.9844715411846454 0.013909119826096755 0.014083568866436299
0 0.7958349081186148 0.3582041813777043 0.02920678945688101 0.03300659473125751
0 0.5409009273235614 0.6202867948091947 0.01564135918250451 0.015903142782358024
0 0.38744354248046875 0.5486054420471191 0.023004825298602764 0.023238695584810697
0 0.26795112169705904 0.18123505665705755 0.01832712613619291 0.018442447368915264
0 0.58014282813439 0.9121544177715595 0.018000235924353965 0.01807066110464243
0 0.5334229836097131 0.5346532234778771 0.014464011559119591 0.014629217294546274
0 0.38025826674241286 0.6000350071833684 0.014062734750600962 0.014215469360351562
