0 0.6460190552931565 0.6993160247802734 0.06264774615948017 0.06337297879732572
0 0.6301053120539739 0.5736381090604342 0.0721282958984375 0.07235233600323017
0 0.4540517513568585 0.09591243817256047 0.11066539470966046 0.111938843360314
0 0.5542734586275541 0.6873157207782452 0.04620229280911959 0.04636427072378305
0 0.6720792330228366 0.5392740689791166 0.04000575725848858 0.04001118586613582
0 0.3272191561185397 0.40008053412804234 0.10060616639944223 0.10042293255145733
0 0.33808143322284406 0.9702286353478065 0.06261150653545673 0.05804780813363882
0 0.3793372374314528 0.4964604744544396 0.03837996262770433 0.03840769254244291
0 0.6082351391132061 0.760934096116286 0.020589241614708535 0.02057677048903245
0 0.5103727487417368 0.6170222209050105 0.05318891085111178 0.05350303649902344
0 0.7085204491248498 0.5168308111337515 0.035400097186748795 0.03687374408428486
0 0.4370435568002554 0.33172181936410755 0.02381134033203125 0.023931503295898438
0 0.44287931002103365 0.3761581274179312 0.023151984581580527 0.023023458627554085
0 0.6822163508488581 0.5974156673137958 0.021605858435997598 0.021955270033616286
0 0.5504946341881385 0.6184054154616135 0.02624959212083083 0.026553850907545824
0 0.5611261954674354 0.8990306120652419 0.025399428147536058 0.025440509502704326
0 0.7052958561823919 0.34879313982450044 0.04085687490609976 0.06699782151442307
0 0.5036789087148813 0.26271225855900693 0.024658349844125602 0.02492075700026292
0 0.501064080458421 0.29108249224149263 0.04616355895996094 0.04483465047983023
0 0.4160312505868765 0.8151374230018029 0.30103213970477766 0.34469927274263823
0 0.7110729217529297 0.9176317361684946 0.039406116192157455 0.04346891549917368
0 0.5217820681058444 0.659727903512808 0.039867401123046875 0.03943634033203125
0 0.7038836845984826 0.6987708898691031 0.02805357712965745 0.028051229623647835
0 0.5930988605205829 0.1701966432424692 0.016035153315617487 0.01611471176147461
0 0.3313134266779973 0.15330135822296143 0.1149900876558744 0.19525621487544134
0 0.29903857524578387 0.4791988959679237 0.03326977216280424 0.03339547377366286
0 0.6956297067495493 0.19637571848355806 0.020548600416917067 0.020557586963360127
0 0.5651681606586163 0.6054636515103854 0.04148380572979267 0.042600851792555586
0 0.41686391830444336 0.7626181382399339 0.28444488231952375 0.29151270939753604
0 0.5554993336017315 0.08921502186701848 0.04566243978647085 0.04601662434064425
0 0.5695774371807392 0.6426893380972055 0.030527334946852464 0.03171231196476863
0 0.4165653815636268 0.03865624391115629 0.03867075993464543 0.03848664577190693
0 0.4053439727196327 0.432801760160006 0.015779568598820612 0.015843611497145433
0 0.703387187077449 0.29765969056349534 0.016713655911959134 0.017212721017690804
0 0.6795986615694486 0.21796839053814226 0.02635985154371995 0.026341695051926833
0 0.2863361101884108 0.8343727405254657 0.026288656088022087 0.026354569655198317
0 0.6202140954824594 0.9390853001521184 0.1385473104623648 0.12122638408954327
0 0.502146684206449 0.415953122652494 0.015631822439340446 0.015364573552058293
0 0.7063528941227839 0.21785637048574594 0.024147473848783053 0.024353870978722207
0 0.42267762697660005 0.8609095353346604 0.27511712220998913 0.25099416879507214
0 0.5644435148972732 0.5505210436307467 0.02438017038198618 0.024682998657226562
0 0.5204956348125751 0.44234679295466495 0.04850460932804988 0.0486303476186899
0 0.7122487288254958 0.18392086029052734 0.020847320556640625 0.021392822265625
0 0.373931517967811 0.3565954795250526 0.018969095670259915 0.019248448885404147
0 0.3064247461465689 0.4964905518751878 0.02648606667151818 0.026981940636268027
0 0.28209977883559006 0.4566074518057016 0.017835360306959886 0.017717508169320915
0 0.5819928095890925 0.8034031207744892 0.020218629103440505 0.020100813645582933
0 0.28609330837543195 0.4349758808429425 0.03144917121300331 0.037419832669771634
0 0.40161481270423305 0.34045175405649036 0.04572985722468449 0.045158092792217545
0 0.6282835006713867 0.6277779799241286 0.014062734750600962 0.014040726881760817
0 0.3624409895676833 0.9493483029879056 0.014326829176682692 0.01453869159405048
0 0.562255125779372 0.5500268936157227 0.02876135019155649 0.03035589364858774
