0 0.41679807809682995 0.09835122181819035 0.05596762437086839 0.055925254638378434
0 0.4006239084097055 0.2837092693035419 0.037057142991286054 0.03748725010798527
0 0.07131756269014798 0.1138758109166072 0.038091256068303034 0.03814620238084059
0 0.6456495431753305 0.138829570550185 0.033668224628155045 0.033730231798612155
0 0.3068736516512357 0.5557977236234225 0.023977132943960335 0.02401865445650541
0 0.2028629229618953 0.6107623026921198 0.03004613289466271 0.030689386221078727
0 0.552699089050293 0.5036409818209134 0.029088313762958232 0.029154850886418268
0 0.45470831944392276 0.5923982033362756 0.020955452552208535 0.021066959087665264
0 0.5566330322852502 0.1458407181959886 0.03125564868633564 0.03145544345562275
0 0.6091314462515024 0.5624446868896484 0.023607987623948317 0.023629261897160456
0 0.1907038688659668 0.1697671780219445 0.0271454591017503 0.02698806615976187
0 0.5836549538832444 0.14450805003826434 0.03360939025878906 0.033818721771240234
0 0.501857170691857 0.9857415419358474 0.018457999596228965 0.01860779982346755
0 0.5866978351886456 0.9208775300246018 0.023221162649301384 0.023468164297250602
0 0.7332292703481821 0.5584962551410382 0.02496484609750601 0.025224832388070915
0 0.6085757475632888 0.19118037590613732 0.021441239577073317 0.021517166724571817
0 0.32560513569758487 0.1896234659048227 0.02395497835599459 0.024279961219200723
0 0.43116554847130406 0.3202137580284706 0.022392859825721152 0.022319206824669473
0 0.4541117227994479 0.7277378669151893 0.01945011432354267 0.019523033728966348
0 0.7955938485952524 0.607902086698092 0.026900218083308294 0.02677756089430589
0 0.2870198213137113 0.2041196089524489 0.021063474508432243 0.02093329796424279
0 0.4515518775353065 0.9640585092397836 0.020435333251953125 0.02049402090219351
0 0.23115787139305702 0.9053414418147161 0.020656292255108174 0.020678006685697116
0 0.19716339844923753 0.8022812329805814 0.018999466529259317 0.018833307119516227
0 0.2071685057419997 0.7556727482722356 0.01898640852708083 0.018922805786132812
0 0.11566649033473088 0.8842554826002854 0.01839918356675368 0.018331380990835335
0 0.7695946326622596 0.8982143402099609 0.018935717069185697 0.018877763014573317
0 0.5872617868276743 0.35145862285907453 0.019004381619966947 0.01864198537973257
0 0.23225831985473633 0.4456646259014423 0.016994989835298978 0.017252701979417067
0 0.542297913477971 0.6889294110811673 0.01750601254976713 0.01734748253455529
0 0.6256162203275241 0.6746511459350586 0.01927038339468149 0.01928226764385517
0 0.49858683806199294 0.17802700629601112 0.019335013169508714 0.019343082721416768
0 0.604981569143442 0.13118879611675555 0.028133245614858773 0.028984730060283955
0 0.36953104459322417 0.8599397219144381 0.019049864548903245 0.01916665297288161
0 0.3859062928419847 0.5602854581979605 0.02227152310884916 0.02240136953500601
0 0.7330342072706956 0.36878703190730167 0.01779937744140625 0.018039996807391826
0 0.14605065492483285 0.582732787499061 0.017108403719388522 0.016942244309645433
0 0.7282841022198017 0.1145533690085778 0.018577428964468148 0.018495944830087516
0 0.8284743382380559 0.6753507760854868 0.023790799654447116 0.02399473923903245
0 0.6560470874492939 0.843635999239408 0.01824012169471154 0.018102205716646634
0 0.4791927704444298 0.2936240709744967 0.022007208604079027 0.022159613095797025
0 0.8227759141188401 0.7350020775428185 0.01755347618689904 0.01755068852351262
0 0.12082807834331806 0.931174791776217 0.017100407527043268 0.017017951378455527
0 0.20484342941871056 0.9886660209068885 0.016550357525165264 0.01579768841083233
0 0.645337178156926 0.44304943084716797 0.016416109525240384 0.01640657278207632
0 0.8179754110483023 0.03200770341433012 0.018995138315054085 0.019166249495286208
0 0.6102085113525391 0.9134828127347506 0.01632866492638221 0.016278780423677884
0 0.5107225271371695 0.686380019554725 0.01855644812950721 0.018714464627779447
0 0.8397626876831055 0.421016106238732 0.016789069542518027 0.016488295335036058
0 0.6136964651254507 0.38503118661733776 0.016056060791015625 0.016141818119929388
0 0.04379988175172072 0.14919840372525728 0.017246154638437126 0.017184037428635817
0 0.4767950498140775 0.2784716532780574 0.02051999018742488 0.020327641413762018
0 0.051042639292203464 0.08778759149404672 0.016567917970510628 0.016518079317533053
0 0.6321983337402344 0.3149718504685622 0.015703201293945312 0.01582059493431678
0 0.3874688515296349 0.3339425233694223 0.0248110844538762 0.025049282954289362
0 0.84374266404372 0.9186530480018029 0.016516465407151442 0.016794351431039665
0 0.8804465073805589 0.35715396587665266 0.022979149451622598 0.022860160240760215
0 0.625489014845628 0.12504792213439941 0.016670813927283652 0.016656215374286357
0 0.498013789837177 0.5375074239877554 0.015555014977088341 0.015654343825120192
0 0.679840821486253 0.21822826678936297 0.015145521897536058 0.014974740835336538
0 0.7119959317720853 0.5518742341261643 0.016293452336237982 0.01650546147273137
0 0.11565190095167893 0.31772822600144607 0.016310911912184495 0.0162506837111253
0 0.055275568595299356 0.2519972324371338 0.015901950689462516 0.01611438164344201
0 0.12098731444432186 0.8191777742826022 0.018319056584284857 0.01837334266075721
0 0.17288996623112604 0.9728937149047852 0.016617591564471904 0.01655094440166767
0 0.14676926686213568 0.48437734750600964 0.015448827009934645 0.01535202906681941
0 0.623374498807467 0.6423471890963041 0.02235262210552509 0.022905496450570915
0 0.6279162627000076 0.927589123065655 0.02434202340932993 0.024395575890174277
0 0.3986958723801833 0.1991270505464994 0.016149007357083835 0.016196177555964544
0 0.09001500789935772 0.9731323535625751 0.01676599796001728 0.016640296349158652
0 0.4463712985698993 0.30060381155747634 0.016921483553372897 0.016767318432147685
0 0.45177180950458234 0.9143841083233173 0.01558699974646935 0.015772599440354567
0 0.13991738282717192 0.7819990011361929 0.023913786961482122 0.024357722355769232
0 0.7871255141038161 0.5904375956608698 0.018771831805889424 0.019124251145582933
0 0.35350854580218977 0.1745452514061561 0.015481948852539062 0.01565720484806941
0 0.557561104114239 0.8450551399817834 0.015842217665452223 0.015895990224984977
0 0.0996714922098013 0.226913360448984 0.016447103940523587 0.0163266842181866
0 0.7868625200711764 0.4475226402282715 0.017203844510591947 0.017263045677771933
0 0.4757683460529034 0.20948344010573167 0.0240479249220628 0.024075141319861777
0 0.33617467146653396 0.3377217146066519 0.025496409489558294 0.025972439692570612
0 0.42209647252009463 0.17826351752647987 0.017768272986778848 0.017633731548602764
0 0.6133441925048828 0.08332155301020695 0.014576545128455529 0.014364348008082463
0 0.7070315434382513 0.87255675976093 0.01497650146484375 0.015096224271334134
0 0.12769980614001936 0.8317876228919396 0.01713226391718938 0.016799193162184495
0 0.08737609019646278 0.08656403651604286 0.015188932418823242 0.015461169756375827
0 0.7562135549692007 0.9331031946035532 0.0160061762883113 0.016161111684945915
0 0.06290608185988206 0.8810751988337591 0.015145393518301157 0.015226804293118991
0 0.39180440169114333 0.37052385623638445 0.016323236318734977 0.01614665985107422
0 0.3904866071847769 0.9914702635544997 0.01740125509408804 0.012971731332632212
0 0.33737024894127476 0.5128487073458158 0.015031521136944111 0.0150910891019381
0 0.7725343704223633 0.46359935173621547 0.025618773240309495 0.026355449969951924
0 0.6406116485595703 0.11344644656548133 0.016208061805138223 0.01600190309377817
0 0.27114129066467285 0.6199332017164964 0.014712040240948018 0.014756862933819111
0 0.7441809727595403 0.8893001262958233 0.017703129695012018 0.017531761756310098
0 0.16544743684621957 0.9417781829833984 0.01874237794142503 0.019414755014272835
0 0.8721002432016226 0.38078198066124547 0.014631124643179087 0.014960362361027645
0 0.24741713817302996 0.6865128737229568 0.015134554642897386 0.015251746544471154
0 0.15608739852905273 0.984540059016301 0.01666757693657508 0.017254169170673076
0 0.8772973280686599 0.16159472098717323 0.014764639047475962 0.014746592595027043
0 0.39037975898155797 0.18096415813152605 0.01712945791391226 0.016751949603740986
0 0.742828369140625 0.12362976257617657 0.02092596200796274 0.02079158562880296
0 0.21856348331157976 0.8902172675499549 0.017024847177358773 0.01701971200796274
0 0.3884747578547551 0.3102104113652156 0.02153293903057392 0.02136677962083083
0 0.16139406424302322 0.9281339645385742 0.016404115236722507 0.016455870408278245
0 0.604881213261531 0.8207070277287409 0.01958803030160757 0.01976600060096154
0 0.611635868365948 0.6592628772442157 0.016834259033203125 0.017177581787109375
0 0.502410155076247 0.7724467057448167 0.015018609853891226 0.015198047344501201
0 0.7829661736121545 0.43154232318584734 0.023410797119140625 0.02390736799973708
0 0.5833578843336839 0.9726181030273438 0.014665897075946514 0.014703017014723558
0 0.14667610021737906 0.8467666919414814 0.015712407919076774 0.015942793626051683
0 0.5492449540358323 0.12877557827876165 0.016065084017240085 0.01648294008695162
0 0.5118026733398438 0.8624167809119592 0.014628043541541466 0.01490314190204327
0 0.7531055303720328 0.18668853319608247 0.01917868394118089 0.01922757808978741
0 0.6514926323523889 0.9882037823016827 0.015561617337740384 0.015333615816556491
0 0.8439430090097281 0.6600063030536358 0.02055975107046274 0.02077454787034255
0 0.5166240838857797 0.9115521357609675 0.0147857666015625 0.014922802264873799
0 0.5082689431997446 0.3238996725815993 0.01657706040602464 0.016596867487980768
0 0.36469459533691406 0.1891928636110746 0.015378365149864784 0.015502416170560397
0 0.7620116013746995 0.2357814862177922 0.014246133657602163 0.014208500201885518
0 0.581846677339994 0.2972098864041842 0.01503460223858173 0.015113170330341045
0 0.7618845426119291 0.2755546019627498 0.019356654240534857 0.019217674548809346
0 0.5884260030893179 0.6658727205716647 0.014277091393103966 0.01436145489032452
0 0.9140103413508489 0.2553886266855093 0.015101066002478966 0.014983543982872596
0 0.34409258915827823 0.2714822842524602 0.016915101271409255 0.017061747037447415
0 0.17665738325852615 0.4492026108961839 0.015268362485445462 0.015160780686598558
0 0.07680142384309036 0.7932996016282302 0.016363629928001992 0.016707787146935098
0 0.060898070151989274 0.4694026800302359 0.013887900572556715 0.013677450326772837
0 0.7666703737699069 0.12506844447209284 0.02231729947603666 0.02083418919489934
0 0.8193040994497446 0.562195191016564 0.015151097224308895 0.01520244891826923
0 0.7575263977050781 0.874656970684345 0.019970527062049277 0.020136319673978366
0 0.08521841122553898 0.7963994099543645 0.025943829463078424 0.02580393277681791
0 0.450986568744366 0.7029567131629357 0.01433717287503756 0.014464745154747596
0 0.271982688170213 0.5393504362839919 0.01502213111290565 0.01469127948467548
0 0.8474977933443509 0.9429811330942007 0.014345902663010817 0.014330203716571514
0 0.6058042966402494 0.9874229431152344 0.02113973177396334 0.020400414100060098
0 0.8542322012094351 0.6775647676908053 0.020796849177433893 0.02119621863731971
0 0.21379881638746995 0.5931952916658841 0.0168459232036884 0.016618948716383714
0 0.5255874487069937 0.7549841954157903 0.0141297853910006 0.014272543100210337
0 0.7645253401536208 0.8292432931753305 0.014404296875 0.014443911038912259
0 0.9436831841102014 0.6526049100435697 0.01388241694523738 0.013825489924504207
0 0.5889299832857572 0.9431166282066932 0.021032039935772236 0.020706030038686898
0 0.32758569717407227 0.019423732390770547 0.01458879617544321 0.014628075636350192
0 0.6230908907376803 0.9687133202185998 0.016344070434570312 0.016657902644230768
0 0.6908230414757361 0.9918092580942007 0.016635307898888223 0.013734377347506009
0 0.7366121732271634 0.14715236883897048 0.015085953932542067 0.015572914710411659
0 0.891416989839994 0.3704664156987117 0.016562975369966947 0.016708960899939902
0 0.7713188758263221 0.12787935366997352 0.015789325420673076 0.01612254289480356
0 0.7441508219792292 0.11940853412334736 0.028261184692382812 0.0287478887117826
0 0.5263054921076848 0.3322321818425105 0.018152677095853366 0.017719562237079326
0 0.5201863508958083 0.793587904710036 0.015679139357346755 0.016005882850060098
0 0.8518717839167669 0.3693714508643517 0.015734745905949518 0.015922986544095553
0 0.7886972427368164 0.4494152069091797 0.021296134361853965 0.02050333756666917
0 0.15772489401010367 0.8024716010460486 0.017111714069659893 0.017135179959810697
0 0.786166998056265 0.467497495504526 0.024196624755859375 0.02547916999230018
0 0.781529426574707 0.4289040198692909 0.0206454350398137 0.01966373737041767
0 0.5755428167489859 0.062059494165273815 0.014102348914513221 0.01387194486764761
0 0.5961350294259878 0.8117923736572266 0.015859603881835938 0.015755580021784857
0 0.2817988028893104 0.5550424135648288 0.017896358783428486 0.018117464505709134
