0 0.5242453355055589 0.9776963454026443 0.04042390676645132 0.040551405686598554
0 0.5175363467289851 0.9274424039400541 0.029262542724609375 0.02906652597280649
0 0.5656633377075195 0.9308551641610953 0.026603845449594352 0.026567605825570915
0 0.7004899245042068 0.08253851303687462 0.02417901846078726 0.024074444404015176
0 0.5374702306894156 0.9422666109525241 0.02875804901123047 0.029133723332331732
0 0.3365565813504733 0.9813891190748948 0.03584157503568209 0.034197293795072116
0 0.44106600834773135 0.2604729945843036 0.015766143798828125 0.01579420383159931
0 0.6542512453519381 0.9594937838040866 0.023595076340895433 0.024063990666316107
0 0.6892192547137921 0.955538823054387 0.01826168940617488 0.018339890700120192
0 0.5872980631314791 0.9345091306246244 0.024179898775540866 0.02373651357797476
0 0.36560689485990083 0.2196965767787053 0.02019530076246995 0.020153082334078275
0 0.6072657658503606 0.9567168309138372 0.0181729243351863 0.0182650639460637
