0 0.45361988361065203 0.8009909116304837 0.145691651564378 0.14694507305438703
0 0.3516866977398212 0.1210003265967736 0.2414980668288011 0.23365072103647086
0 0.7588894917414739 0.23124148295475885 0.06183286813589243 0.06143657977764423
0 0.4587719990656926 0.6682357788085938 0.0627431135911208 0.06247388399564303
0 0.3740541017972506 0.5479774108299842 0.059815480158879206 0.05972766876220703
0 0.3283724784851074 0.6340965857872596 0.05234659635103666 0.05237109844501202
0 0.3505574006300706 0.9659569080059345 0.11145753126878005 0.0643756573016827
0 0.5086934016301081 0.18326645631056565 0.09894459064190204 0.09757695748255803
0 0.43337103036733776 0.4030922376192533 0.0820919917179988 0.0822597650381235
0 0.3182426599355844 0.5754880905151367 0.04133187807523287 0.04142262385441707
0 0.2769783460176908 0.34055240337665266 0.047883033752441406 0.04804288423978365
0 0.7554650673499475 0.8350960658146784 0.03378706711989183 0.03386952326847957
0 0.7554456270658053 0.9005024249737079 0.028513101431039665 0.028223477877103366
0 0.7354677640474759 0.6076951393714318 0.04410288884089543 0.04428364680363582
0 0.7668547997107873 0.7151376284085788 0.021935683030348558 0.021869659423828125
0 0.636536378126878 0.43018935276911807 0.03551072340745192 0.03546685438889723
0 0.4975739992581881 0.12452532694889949 0.03291797637939453 0.03266686659592848
0 0.6679204060481145 0.27026976071871245 0.022961249718299277 0.023011207580566406
0 0.6936319791353666 0.8501757841843826 0.02831605764535757 0.02839499253493089
0 0.30168795585632324 0.8424408252422626 0.10306384013249324 0.10281196007361779
0 0.4042819830087515 0.6437105032113882 0.05910572638878456 0.05866021376389723
0 0.6412367453941932 0.1461641971881573 0.1430228306696965 0.1411612584040715
0 0.48424566709078276 0.31525142376239484 0.06509978954608624 0.06555109757643479
0 0.6272361461932843 0.667662473825308 0.04544687271118164 0.04693926297701322
0 0.5719371942373422 0.5876651177039514 0.02117325709416316 0.021199153019831732
0 0.6330129183255709 0.6527470808762771 0.020981421837439902 0.021272806020883415
0 0.2989064913529616 0.592377075782189 0.017887665675236628 0.017492147592397835
0 0.2850656509399414 0.5317852680499737 0.03027651860163762 0.030394260699932393
0 0.7098308709951547 0.6786485085120568 0.021102318396935098 0.021069159874549277
0 0.6650941555316632 0.604427117567796 0.019359441903921273 0.019261286808894232
0 0.28430036398080677 0.6109616206242487 0.024309158325195312 0.02468563960148738
0 0.4173556107741136 0.6914329528808594 0.029071220984825723 0.02877044677734375
0 0.24391819880558893 0.7729276510385367 0.017458365513728216 0.017389444204477165
0 0.7839599022498498 0.7635473104623648 0.03768510084885817 0.05266306950495793
0 0.32371583351722133 0.7492910531850961 0.02959603529710036 0.029547471266526442
0 0.4448267129751352 0.5859006734994742 0.035437510563777044 0.0362237783578726
0 0.5720444092383752 0.7018805283766526 0.03106975555419922 0.03131661048302284
0 0.5826924764193021 0.4563733614408053 0.03637247819166917 0.03618900592510517
0 0.2855648627647987 0.4120169419508714 0.01923707815317007 0.01882509084848257
0 0.7942187969501202 0.8300812061016376 0.019160344050480768 0.021973096407376803
0 0.5030006261972281 0.25031306193425107 0.057214590219350964 0.057172078352708086
0 0.5237705524151142 0.03910919336172251 0.030585582439716045 0.030485756122148953
0 0.4557057160597581 0.517608459179218 0.021539981548602764 0.02150836357703576
0 0.49443413661076474 0.5214424500098596 0.01979409731351412 0.01969139392559345
0 0.6325711470383865 0.6129890588613657 0.02013984093299279 0.020310621995192308
0 0.48229312896728516 0.4266228675842285 0.02619625971867488 0.02649065164419321
0 0.6407103171715369 0.5348156415499173 0.10144263047438401 0.10284350468562199
0 0.6636035625751202 0.8463538976816031 0.031810907217172474 0.031991225022536054
0 0.7618513107299805 0.8030473268949069 0.016266896174504206 0.016413762019230768
0 0.7783381388737605 0.6642831655649039 0.017438154954176683 0.017076639028695915
0 0.6833970730121319 0.8049504206730769 0.056504469651442304 0.05668478745680589
0 0.403233161339393 0.45809268951416016 0.0393518301156851 0.037842823908879206
0 0.5939549666184646 0.5996644680316632 0.018304971548227165 0.01821481264554537
0 0.23902049431434044 0.8220208974984976 0.022265801062950723 0.022069344153771035
0 0.44153873737041766 0.5673121672410232 0.026371002197265625 0.026567752544696514
0 0.30038028496962327 0.5104000018193171 0.03560172594510592 0.03683779789851262
0 0.31992582174447864 0.3422276423527644 0.03832802405724159 0.03870934706467848
0 0.5320835113525391 0.11801616045144889 0.020268953763521634 0.02028175500723032
0 0.7459291311410757 0.3143288172208346 0.09631142249474159 0.11548621837909405
0 0.7707587022047776 0.48063454261192906 0.02345892099233774 0.023260116577148438
0 0.7796349158653846 0.5644706212557279 0.016093034010667067 0.016385518587552585
0 0.7059244009164664 0.36606627244215745 0.015690730168269232 0.016042709350585938
0 0.7129143934983474 0.8782941378079928 0.03510548518254207 0.03517855130709135
0 0.48539044306828427 0.9138196798471304 0.018589313213641826 0.018782395582932692
0 0.40598245767446667 0.5975355001596304 0.04977739774263822 0.0494989248422476
0 0.5981379288893479 0.6169264866755559 0.030132807218111478 0.03035457317645733
0 0.681642092191256 0.6385802489060622 0.014710059532752404 0.014696561373197116
0 0.6470562861515925 0.5029772244966947 0.015097691462590145 0.015220422011155348
0 0.5542623813335712 0.6661583827092097 0.03646637843205379 0.035665658804086536
0 0.7649283775916467 0.611174436715933 0.0656594496506911 0.06730197026179387
0 0.435634392958421 0.29002068592951846 0.05214691162109375 0.05135763608492338
0 0.3629769545335036 0.2747204120342548 0.030078594501201924 0.029902018033541165
0 0.662239148066594 0.23051039989177996 0.04460569528432993 0.045139239384577826
0 0.46265880878155047 0.4642583406888522 0.027780826275165264 0.02749178959773137
0 0.39222222108107346 0.44421782860389125 0.02240335024320162 0.022876519423264723
0 0.3889051584097055 0.673571513249324 0.015097544743464543 0.01546786381648137
0 0.44336392329289365 0.6131723844088041 0.02154819781963642 0.021271632267878607
0 0.5846422635591947 0.9445571899414062 0.026503929725060098 0.026293827937199518
0 0.3044922902033879 0.22565346497755784 0.08997359642615685 0.08953519967886117
0 0.39961814880371094 0.24226155647864708 0.04371188237116887 0.04160096095158504
0 0.6261554864736704 0.5844739767221304 0.01847384526179387 0.01844303424541767
0 0.3300138253432054 0.9319559244009165 0.021634321946364183 0.022104703463040866
0 0.5667921946598933 0.42464927526620716 0.0430297117966872 0.04259784405048077
0 0.2655218197749211 0.29570777599628156 0.03773828653188852 0.03647928971510667
0 0.5278244018554688 0.6434575594388522 0.02216786604661208 0.0214993403508113
0 0.2702821951646071 0.5071047269381009 0.02497130173903245 0.02551885751577524
0 0.5340997255765475 0.06655681591767532 0.021372428307166465 0.021289577850928672
0 0.3752076809222882 0.35680360060471755 0.0773934584397536 0.07827157240647536
0 0.5367195422832782 0.5894156969510592 0.020912757286658652 0.020958093496469352
0 0.5969385733971229 0.773865112891564 0.0697627434363732 0.06969554607684796
0 0.6327093564547025 0.3284176679757925 0.0787957631624662 0.07793639256403996
0 0.6990531041071966 0.7086169903094952 0.014977381779597355 0.015012447650615986
0 0.458982724409837 0.8959109232975886 0.01628714341383714 0.016533338106595553
0 0.483248417194073 0.5086709902836726 0.022418975830078125 0.022089811471792366
0 0.5474630135756272 0.6870930011455829 0.022994481600247897 0.023470071645883415
0 0.41367237384502703 0.5117377868065467 0.07602794353778546 0.07466851747952975
0 0.30635927273676944 0.8307696122389573 0.02278903814462515 0.02174098675067608
0 0.5227884512681228 0.8468772448026217 0.017897679255558893 0.018330500676081732
0 0.7241394336407001 0.24442131702716535 0.01596964322603666 0.016221890082726113
0 0.7865296877347506 0.7233698918269231 0.025067256047175482 0.025454007662259616
0 0.6897744398850661 0.9151922372671274 0.0191192626953125 0.018895956186147835
0 0.36218775235689604 0.24699189112736628 0.026918411254882812 0.026321777930626504
0 0.34899608905498797 0.7048026598416842 0.015851974487304688 0.01603214557354267
0 0.3201774450448843 0.2988588809967041 0.0629120606642503 0.06181669235229492
0 0.7300563225379357 0.5122726146991436 0.0783389164851262 0.0777430901160607
0 0.5979920900785006 0.7049361008864182 0.03253027108999399 0.03362186138446514
0 0.6456540914682242 0.9006187732403095 0.019383357121394232 0.019131000225360576
0 0.5339117050170898 0.4973056132976825 0.016228455763596755 0.01638207068810096
0 0.6896349099966196 0.9114209688626803 0.023913750281700723 0.024901463435246393
0 0.20809573393601638 0.5438268368060772 0.012695752657376803 0.01814123300405649
0 0.5739268522996169 0.3115992912879357 0.04672373258150541 0.046612244385939375
0 0.6915391775277945 0.9432273277869592 0.014458582951472355 0.01445784935584435
0 0.6503074352557843 0.5885110268226037 0.013632260836087741 0.013790130615234375
0 0.47071478917048526 0.4859774296100323 0.028959274291992188 0.029300469618577223
0 0.7108848278339093 0.5885972609886756 0.015398759108323317 0.015331121591421274
0 0.6018756719735953 0.6163060848529522 0.024386772742638223 0.023852715125450723
0 0.7076922930203952 0.22833574735201323 0.014632591834435096 0.014710389650785007
0 0.546847416804387 0.48964804869431716 0.014975474430964543 0.014730600210336538
0 0.22946988619290865 0.35582857865553635 0.048621764549842246 0.061016229482797474
0 0.5132051247816819 0.7214108980618991 0.0141448974609375 0.013986734243539663
0 0.491448659163255 0.6186811006986178 0.014412953303410457 0.014432797065147987
0 0.35286661294790417 0.7566617818979117 0.020258096548227165 0.02032808157113882
0 0.3385267991286058 0.39049533697275013 0.030120702890249398 0.030294418334960938
0 0.3199227773226224 0.5238694044259878 0.23428762876070464 0.24791343395526594
0 0.7041822580190805 0.44968722416804385 0.017853663517878607 0.018082545353816107
0 0.637303719153771 0.03440653131558345 0.1280201031611516 0.06621017364355233
0 0.5755192316495455 0.4345912199753981 0.031699840839092545 0.030584335327148438
0 0.6892717801607572 0.9080057877760667 0.029056549072265625 0.028879605806790866
0 0.4825175725496732 0.7086476546067458 0.029880230243389424 0.030312464787409857
0 0.4492336419912485 0.19370464178232047 0.01891664358285757 0.01906163875873272
0 0.214844116797814 0.7872302715594952 0.022100521967961237 0.022166618934044473
0 0.4701271057128906 0.5632892388563889 0.0236814205463116 0.023446083068847656
0 0.6239275565514197 0.7394419450026292 0.014635232778695913 0.014662229097806491
0 0.40903194134051984 0.5661939474252554 0.020836463341346152 0.020522924569936898
0 0.274420481461745 0.29476479383615345 0.02437569544865535 0.0248568608210637
0 0.38620240871722883 0.2608188482431265 0.017672245319073018 0.017521784855769232
0 0.7591491112342248 0.8164190145639273 0.014136974628155049 0.014031923734224759
0 0.416619557600755 0.5046477684607873 0.0635683353130634 0.06427706204927884
0 0.5973435181837815 0.7088848994328425 0.028967784001277044 0.028707064115084134
0 0.6182834918682392 0.2478362230154184 0.0148008786714994 0.01485912616436298
0 0.7791026188777044 0.4286773755000188 0.03194838303786058 0.037717379056490384
0 0.7689314622145432 0.4574588262117826 0.022597092848557692 0.02320274939903846
0 0.6389780778151292 0.31894500438983625 0.07688214228703426 0.07732169444744404
