0 0.5425528746384841 0.3974042305579552 0.1268785916841947 0.12640799008882964
0 0.2175444089449369 0.6219711303710938 0.0727692017188439 0.07803960946890023
0 0.26630834432748646 0.2867695184854361 0.06384420394897461 0.06465013210590069
0 0.6124046032245343 0.29572604252741885 0.08200014554537259 0.08199625748854417
0 0.3241724601158729 0.8526663413414588 0.201157074708205 0.20280148432804987
0 0.44287901658278245 0.9405945264376127 0.0748446537898137 0.0753335219163161
0 0.21044457875765288 0.10114993498875545 0.05962177423330454 0.06076471622173603
0 0.25027302595285267 0.7077896411602314 0.03774455877450796 0.037998052743765026
0 0.27250200051527756 0.6429376602172852 0.04493423608633188 0.045221915611853965
0 0.5519280066856971 0.8689987476055439 0.04465543306790865 0.04471529447115385
0 0.43884981595552885 0.31127628913292515 0.21092341496394232 0.20922086789057806
0 0.5370208300076998 0.8169869642991286 0.05513602036696214 0.056471604567307696
0 0.5294046401977539 0.5768740360553448 0.02194639352651743 0.021921524634728067
0 0.21198025116553673 0.6981086730957031 0.05813187819260817 0.06736461932842548
0 0.45341755793644833 0.7199729039118841 0.035734323354867786 0.035996657151442304
0 0.7013967954195462 0.1138900426717905 0.04825386634239784 0.047833736126239486
0 0.4310431113609901 0.6634807586669922 0.025795863224909857 0.025736001821664665
0 0.48020458221435547 0.6194846079899714 0.10881878779484676 0.10794918353740986
0 0.5672168364891639 0.600456164433406 0.04073891272911659 0.04108898456280048
0 0.6969470977783203 0.1600195077749399 0.018676611093374398 0.01871182368351863
0 0.38307586083045375 0.278588735140287 0.02157314007098858 0.021414536696213942
0 0.30182387278630185 0.71691527733436 0.04435854691725511 0.043862562913161054
0 0.3852704121516301 0.556323344890888 0.0195925785945012 0.019605489877554085
0 0.48737287521362305 0.4686088562011719 0.03633036980262169 0.03619194030761719
0 0.6586209810697116 0.8233168675349309 0.025677020733173076 0.025670858529897835
0 0.24307724145742562 0.9576714589045598 0.04137339958777794 0.041139455942007214
0 0.5838764264033391 0.5734861814058744 0.02180055471567007 0.021808037391075723
0 0.22366993243877703 0.3840605295621432 0.02140969496506911 0.021495305574857272
0 0.5599579444298377 0.13613576155442458 0.020861405592698317 0.020996864025409404
0 0.3310989599961501 0.2403896405146672 0.04941632197453426 0.049585122328538164
0 0.7400210453913763 0.6339040902944711 0.020901019756610576 0.020918626051682692
0 0.5155766560481145 0.5262055030235877 0.018977972177358773 0.018847832312950723
0 0.511679796072153 0.9132787264310397 0.06312949840839092 0.06353701077974759
0 0.5084941937373235 0.6473902188814603 0.019960623521071214 0.020049461951622598
0 0.3745442170363206 0.6101627349853516 0.02555979215181791 0.025937593900240384
0 0.6655562474177434 0.29250288009643555 0.031988877516526446 0.032013966487004206
0 0.6003966331481934 0.4657431749197153 0.016252884498009317 0.0163881595318134
0 0.2609064762408917 0.43558769959669846 0.05555306948148287 0.05584115248460036
0 0.4046166493342473 0.9822841057410607 0.0322264891404372 0.03168942378117488
0 0.4159570107093224 0.8286803318903997 0.02453275827261118 0.024794358473557692
0 0.3611614153935359 0.5069435559786283 0.019133787888746995 0.018928674551156852
0 0.6269510709322416 0.15238887530106765 0.055402902456430286 0.05472412476172814
0 0.4143159572894757 0.21498872683598444 0.03228011498084435 0.03225150475135216
0 0.3975207989032452 0.3341978513277494 0.025845160851111777 0.0258941650390625
0 0.2034744299375094 0.21393621884859526 0.04428016222440279 0.045431870680588946
0 0.3028599665715144 0.13194235471578744 0.016978997450608473 0.016902611805842474
0 0.46751799950232875 0.4291535524221567 0.04017485105074369 0.04016736837533804
0 0.5071018292353704 0.8519534331101638 0.017815589904785156 0.01793699998121995
0 0.7725759652944711 0.19062352180480957 0.02384185791015625 0.02362346649169922
0 0.30991312173696667 0.19375095000633827 0.022496516887958232 0.022132396697998047
0 0.6934959705059345 0.5470852118272048 0.033930264986478366 0.03402555905855619
0 0.6097119404719427 0.11706987711099479 0.023282564603365384 0.023654992763812725
0 0.3528266686659593 0.594662959759052 0.02585447751558744 0.02583899864783654
0 0.5669264426598182 0.07780077824225792 0.030986932607797477 0.03124240728525015
0 0.24191770186791053 0.23777371186476487 0.03394600061269907 0.03335791367750902
0 0.2955170044532189 0.21942754892202523 0.04472681192251352 0.04456109267014723
0 0.27688345542320836 0.06292883249429557 0.01950975564809946 0.01944585946890024
0 0.46567968221811146 0.8655165158785306 0.036135380084698014 0.03580944354717548
0 0.39050938532902646 0.18774067438565767 0.018158839299128607 0.018365823305570163
0 0.5451605870173528 0.16889597819401667 0.025286454420823317 0.02547322786771334
0 0.6792507171630859 0.614013488476093 0.020296830397385817 0.020287367013784554
0 0.7720043475811298 0.6271639603834885 0.016078948974609375 0.016066918006310098
0 0.5876833842350886 0.6273576296292819 0.014914732712965745 0.014981489915114183
0 0.19991073241600624 0.013841651953183688 0.029383182525634766 0.026413238965548
0 0.5304059248704177 0.7621984481811523 0.037279642545259915 0.03679715670072115
0 0.6719625913179837 0.24700394043555626 0.06026605459359976 0.061287183028001055
0 0.19718687350933367 0.13615477085113525 0.03494805556077223 0.061618419793935925
0 0.514610217167781 0.6832116933969351 0.017649723933293268 0.017754481388972357
0 0.500548399411715 0.5479456094595102 0.01968552516056941 0.01941343454214243
0 0.526389635526217 0.7885207396287185 0.025095279400165264 0.02492391146146334
0 0.37637930649977464 0.23810390325692984 0.05033405010516827 0.050346007713904746
0 0.6964273452758789 0.6721115112304688 0.0156402587890625 0.015617664043719951
0 0.22556897310110238 0.5542807212242713 0.014994071080134464 0.014848782466008114
0 0.2735781669616699 0.1847363985501803 0.03450423020582933 0.034587713388296276
0 0.5586984340961163 0.2350176847898043 0.017427737896259014 0.017409581404465895
0 0.3967986840468187 0.6434297561645508 0.018660765427809495 0.01895273648775541
0 0.5188672359173114 0.10052018899184006 0.017628816457895134 0.01770323973435622
0 0.4740285873413086 0.03711318511229295 0.016065597534179688 0.015678048133850098
0 0.4003424644470215 0.15765714645385742 0.01968809274526743 0.019848025762117825
0 0.6069239102877103 0.7639051584097055 0.016532017634465143 0.016387059138371393
0 0.6222666226900541 0.07276894954534677 0.029886979323167067 0.02923583067380465
0 0.7159746610201322 0.0500261325102586 0.2080250886770395 0.09891405472388634
0 0.46892874057476336 0.4907264709472656 0.015718533442570612 0.01571053725022536
0 0.4501840884868915 0.5949136660649226 0.030675667982835036 0.030787321237417366
0 0.5323225901677058 0.5107406469491812 0.014750920809232272 0.014547348022460938
0 0.4602373930124136 0.3112899340116061 0.01866736778846154 0.018635107920720026
0 0.7648178247305063 0.6068969139685998 0.015196726872370793 0.015525744511530949
0 0.321561153118427 0.29869767335745007 0.0750584235558143 0.0742495243365948
0 0.3750919562119704 0.6398729177621695 0.019853958716759317 0.019838773287259616
0 0.780591084406926 0.6996010266817533 0.015057783860426683 0.015074069683368389
0 0.4938737429105319 0.9398021697998047 0.02827145503117488 0.02781545198880709
0 0.704337633573092 0.9753376153799204 0.016518226036658652 0.01677249028132512
0 0.3501110810499925 0.17786517510047326 0.02024709261380709 0.02013375208928035
0 0.4785938262939453 0.8868915117703952 0.01769682077261118 0.01799612778883714
0 0.6101402502793533 0.1645081226642315 0.024215038006122295 0.024994474190932054
0 0.38324653185330904 0.17400070337148812 0.01642469259408804 0.016688420222355768
0 0.6465225219726562 0.08619012282444881 0.014670151930588942 0.01476588616004357
0 0.3689101292536809 0.4891538619995117 0.016504654517540567 0.016808436467097357
0 0.3931738046499399 0.5984212435208834 0.015339998098520132 0.015256001399113582
0 0.19253734441903922 0.17611874066866362 0.016571411719689004 0.016542581411508415
0 0.23873793161832368 0.6635774465707632 0.031834895794208236 0.03181369488055889
0 0.5552175228412335 0.8385339150061975 0.03698099576509916 0.034563651451697715
0 0.4994319769052359 0.8306679358849158 0.03875409639798678 0.038391406719501205
0 0.5710807213416467 0.7762930943415716 0.01852695758526142 0.01820520254281851
0 0.30225610733032227 0.601415414076585 0.023268626286433294 0.023181328406700723
0 0.419893925006573 0.2659869377429669 0.013995097233698918 0.01426234612098107
0 0.5931813900287335 0.5291250302241399 0.013899289644681491 0.01371295635516827
0 0.45802989372840297 0.46474189024705154 0.013863636897160457 0.013852266164926382
0 0.5750898948082557 0.7691710545466497 0.030245414147010215 0.03126085721529447
0 0.5292397279005784 0.029893622948573187 0.019970820500300482 0.02007749447455773
0 0.34732990998488206 0.5007094603318435 0.016242540799654447 0.016622543334960938
0 0.3553170424241286 0.49436239095834583 0.028870069063626803 0.029126387376051683
0 0.7066667996920072 0.33849679506742036 0.1180576911339393 0.11811410463773288
0 0.5658945670494666 0.5721775935246394 0.016900282639723558 0.017131658700796273
0 0.49283196375920224 0.25594263810377854 0.03622275132399339 0.03620338439941406
0 0.5599029981173002 0.8379818842961237 0.028780717116135817 0.02846659146822416
0 0.6170984414907602 0.5657620063194861 0.03939203115609976 0.03873010782095102
0 0.5960892163790189 0.027884403100380532 0.05964029752291166 0.053265273571014404
0 0.5483160018920898 0.7818942436805139 0.022115487318772536 0.022476049569936898
0 0.6447990124042218 0.7245616912841797 0.015708043025090143 0.015485470111553486
0 0.575019909785344 0.8220098202045147 0.016007203322190505 0.016354194054236777
0 0.33955023838923526 0.661014776963454 0.015400519737830529 0.015696598933293268
0 0.5226904062124399 0.8579122836773212 0.0243990237896259 0.02522894052358774
0 0.3547647549555852 0.6153786365802472 0.01418619889479417 0.01379255148080679
0 0.5675158867469201 0.7910861968994141 0.01767275883601262 0.017460456261268027
