0 0.19861457898066595 0.08801710605621338 0.1901670235853929 0.1754473722898043
0 0.8370163257305439 0.225144624710083 0.11447921166053185 0.11601385703453651
0 0.484040773831881 0.5349801870492789 0.0792231926551232 0.07894442631648137
0 0.5912187282855694 0.8520298004150391 0.05663020794208233 0.056441233708308294
0 0.6077610896183894 0.9875329824594351 0.027793444119966947 0.01950689462515024
0 0.6467808943528396 0.7217074174147385 0.035359896146334134 0.03559728769155649
0 0.36719666994535005 0.8610486250657302 0.10582718482384315 0.10534521249624398
0 0.8638811111450195 0.6485435779278095 0.03563968951885517 0.035979050856370196
0 0.1398144685305082 0.8446121215820312 0.031219959259033203 0.03168971721942608
0 0.12681049567002517 0.8223323088425857 0.05515747803908128 0.06280458890474759
0 0.8704877266517053 0.045678455096024737 0.019228715163010817 0.019275967891399678
0 0.6355675917405349 0.41187183673565203 0.10369018407968375 0.1009838397686298
0 0.6762418746948242 0.21977633696336013 0.02920194772573618 0.02938497983492338
0 0.47872106845562273 0.8474900172306941 0.0534667235154372 0.053553067720853366
0 0.20545522983257586 0.4548843457148625 0.04476246467003456 0.04480934143066406
0 0.7004322638878455 0.809111081636869 0.018429095928485576 0.018542363093449518
0 0.34701160284189075 0.12922217295720026 0.02644194089449369 0.02647704344529372
0 0.8532777932974008 0.5043156697199895 0.04637762216421274 0.04587701650766226
0 0.447297609769381 0.3092182232783391 0.02829764439509465 0.028087322528545674
0 0.34303914583646333 0.3817371955284706 0.0677961202768179 0.06715803879957932
0 0.77118286719689 0.7834782233605018 0.019119702852689303 0.019143031193659857
0 0.8137749892014724 0.7119792791513296 0.02115939213679387 0.021226882934570312
0 0.8614835005540115 0.41709386385404146 0.018513899583082933 0.018575448256272536
0 0.33572651789738583 0.26514819952157825 0.030421036940354567 0.030566068796011116
0 0.8290304037240835 0.11227511442624606 0.05243330735426683 0.05191830488351675
0 0.2760004447056697 0.2184312893794133 0.018375910245455228 0.018473368424635667
0 0.6208633276132437 0.8019903623140775 0.01567356403057392 0.01575499314528245
0 0.8641865070049579 0.7980459653414212 0.025815523587740384 0.025887415959284857
0 0.7388613774226263 0.06832666121996366 0.15617693387545073 0.1345932942170363
0 0.17730610187237078 0.9142752427321214 0.015461188096266527 0.01587647658128005
0 0.5305852156419021 0.5068923510037936 0.016105211698091947 0.016266749455378607
0 0.1336586750470675 0.3146403752840482 0.03161358833312988 0.03173351287841797
0 0.5354990592369666 0.7816119560828576 0.016884436974158652 0.016846290001502402
0 0.892315937922551 0.5867099761962891 0.015718606802133415 0.022312457744891826
0 0.8144342715923603 0.014077599232013408 0.040172723623422474 0.026732884920560397
0 0.7524151435265174 0.7236802761371319 0.018802936260516826 0.018960072444035456
0 0.18003100615281326 0.3645791273850661 0.019605709956242487 0.019880001361553486
0 0.15800092770503119 0.18447388135469878 0.017133309290959284 0.017139691572922926
0 0.68597595508282 0.26201706666212815 0.01568940969613882 0.015581241020789513
0 0.7463928369375376 0.9806657937856821 0.0148466550386869 0.015148162841796875
0 0.35787248611450195 0.007465276007468884 0.019734822786771335 0.014058095904497
0 0.8376865386962891 0.6660114435049204 0.019163865309495192 0.018853114201472357
0 0.7473170940692608 0.3817920684814453 0.015702467698317308 0.016077701862041768
0 0.4866810578566331 0.9464500133807843 0.021611433762770433 0.02144652146559495
0 0.28076639542212856 0.2610947902386005 0.025746235480675332 0.025697634770320013
0 0.1839749629680927 0.3433722716111403 0.08285320722139798 0.08117879354036771
0 0.3793494884784405 0.9528176234318659 0.015653536869929388 0.015842437744140625
0 0.8232897244966947 0.4384164076585036 0.016352726862980768 0.016346564659705527
0 0.34473602588360125 0.7802412326519306 0.015498601473294772 0.01532451923076923
0 0.12701460948357216 0.7173605698805589 0.0555270818563608 0.058960254375751205
0 0.8881363501915565 0.017550138326791618 0.015816761897160456 0.016719052424797647
0 0.5015651262723483 0.6296821007361779 0.01797617398775541 0.018071688138521634
0 0.5633709247295673 0.7672032576340896 0.016193683330829326 0.01610418466421274
0 0.8576809809758112 0.680489026583158 0.023954391479492188 0.02407073974609375
0 0.641030164865347 0.9705910315880408 0.03345445486215445 0.03328836881197416
0 0.7724308600792518 0.7424031771146334 0.02018561730018029 0.020531287560096152
0 0.28532805809607875 0.4575669215275691 0.032049912672776446 0.03233410761906551
0 0.2758196317232572 0.9447371409489558 0.31840999309833234 0.1080928215613732
0 0.8374068186833308 0.6899924645057092 0.01939670856182392 0.0193484379695012
0 0.23641755030705378 0.24167878811176008 0.02196330290574294 0.021748836223895732
0 0.5648175753079928 0.5330069615290716 0.08087554344764122 0.08005193563608023
0 0.5455332535963792 0.3412886399489183 0.020009994506835938 0.02017813462477464
0 0.8817292726956881 0.104248230273907 0.028302412766676683 0.03888386946458083
0 0.8930250314565805 0.5120804860041692 0.014866462120643029 0.019226661095252402
0 0.5375910538893479 0.39351753088144154 0.023419306828425482 0.023744729849008415
0 0.6005232884333684 0.5712580680847168 0.027124404907226562 0.027441905095027044
0 0.7788837139423077 0.5603249623225286 0.014724291287935697 0.014616452730618991
0 0.5356984505286584 0.735080572275015 0.014447579017052284 0.01424407958984375
0 0.7683673271766076 0.6999384073110727 0.022576552170973558 0.02281922560471755
0 0.7127097936776968 0.6722976978008564 0.01927669231708233 0.01947168203500601
0 0.7663478851318359 0.8214521408081055 0.014217376708984375 0.014397107637845553
0 0.32471532088059646 0.037298816900986895 0.017227319570688102 0.017600435477036696
0 0.6824506612924429 0.8742303114670974 0.015674297626201924 0.015761742225060098
0 0.7385730009812576 0.5830173492431641 0.05975136390099159 0.05894000713641827
0 0.8188114166259766 0.13467255922464225 0.01661960895244892 0.016224035849938027
0 0.8269422971285306 0.9319698627178485 0.018025618333082933 0.01803412804236779
0 0.15949656413151667 0.8481222299429086 0.033400691472567044 0.03423045231745793
