0 0.5558364207927997 0.14051430958967942 0.02441252194918119 0.02471502010638897
0 0.8319120407104492 0.1137540890620305 0.3198572305532602 0.22054250423724836
0 0.49681527797992414 0.8348820026104267 0.01904443594125601 0.01940316420335036
0 0.024473513548190776 0.12132383309877835 0.04304267351443951 0.07417526611915001
0 0.7277520986703726 0.42267370223999023 0.014520204984224759 0.014308636005108174
0 0.4655491021963266 0.5826898354750413 0.014058920053335337 0.014092372013972355
0 0.10766578637636624 0.2866510427915133 0.03503201558039738 0.035320098583514876
0 0.058382428609407865 0.07644870189520028 0.03130463453439566 0.031853354894197904
0 0.03339512302325322 0.16900785152728742 0.017323058385115404 0.017278524545522835
0 0.6620952899639423 0.02620095473069411 0.04903118426983173 0.047536143889793984
0 0.44179340509267956 0.7034729444063627 0.01339127467228816 0.013587071345402645
0 0.30530073092533994 0.061868484203632064 0.017243715432974007 0.01741678898151104
0 0.6323268596942608 0.031743611280734725 0.11510467529296875 0.06009448033112746
0 0.2943451954768254 0.06593893124507023 0.03138659550593449 0.03084226754995493
0 0.8319691878098708 0.4804411301246056 0.02587465139535757 0.025763878455528848
0 0.2901445168715257 0.18100804548997146 0.019149340116060697 0.019108698918269232
0 0.6136965384850135 0.029869226308969352 0.018593714787409857 0.01849519289456881
0 0.5508967179518479 0.04015242594939012 0.024592179518479567 0.025006578518794134
0 0.07026978180958675 0.05610210161942702 0.01671914870922382 0.01692344592167781
0 0.11213570374708909 0.07445073127746582 0.02653980255126953 0.026471908275897685
