0 0.9125751348642203 0.46883469361525315 0.0935969719519982 0.0957345962524414
0 0.13593515982994667 0.8399220246535081 0.09292408136221078 0.0939176999605619
0 0.179644933113685 0.09825105850513165 0.06738424301147461 0.0681464672088623
0 0.8318349398099459 0.5252495545607346 0.06790836040790264 0.06810070918156551
0 0.10998041813190167 0.17202127896822417 0.04996904960045448 0.049340550716106706
0 0.935333985548753 0.33491923258854794 0.04873305100661058 0.04883575439453125
0 0.307741458599384 0.12949132919311523 0.13769259819617638 0.13509016770582932
0 0.785483873807467 0.43485124294574445 0.024451622596153848 0.024486395028921273
0 0.35791298059316784 0.34206757178673375 0.03813868302565355 0.03829178443321815
0 0.828220220712515 0.33984580406775844 0.05288989727313702 0.05337832524226262
0 0.5756735434898963 0.9043403038611779 0.053909668555626504 0.05456631000225361
0 0.051645746597876914 0.7089124826284555 0.032732874155044556 0.03276766263521635
0 0.8844214219313401 0.5458856729360727 0.04481095534104567 0.04464281522310697
0 0.7951550850501428 0.2569735967195951 0.023317777193509616 0.023612315838153545
0 0.11666398781996506 0.49114667452298677 0.029769310584435098 0.029587819026066706
0 0.6563951052152194 0.6712369918823242 0.05696370051457332 0.05713184063251202
0 0.9157193257258489 0.8232964002169095 0.043960864727313705 0.04399593059833233
0 0.8039704836331881 0.970790276160607 0.07803520789513221 0.0536810067983774
0 0.7508223606989934 0.18427788294278657 0.021720005915715143 0.021842516385591947
0 0.5604570095355694 0.18268421980050895 0.020437974196213942 0.020646938910851113
0 0.8915452223557693 0.1205373635658851 0.05787805410531851 0.058116564383873574
0 0.25082971499516415 0.3228465960575984 0.022239318260779746 0.022130746107835036
0 0.6919472034160907 0.26593200977032 0.02644010690542368 0.026453678424541768
0 0.25103429647592396 0.6038912993211013 0.050475707420935996 0.050459054800180286
0 0.10687689597790058 0.4577172352717473 0.05029164827786959 0.04990695073054387
0 0.7241086959838867 0.34992218017578125 0.018245110144981973 0.018428802490234375
0 0.10077030842120831 0.7152940309964694 0.02762633103590745 0.02759684049166166
0 0.5205928362332858 0.03939137092003456 0.02151797367976262 0.021562285148180448
0 0.19292596670297477 0.5344581604003906 0.01941989018366887 0.019399642944335938
0 0.8517293196458083 0.09562171422518216 0.01897459763746995 0.019110642946683444
0 0.6505317687988281 0.2323289651137132 0.016659663273737982 0.016669860252967246
0 0.4803619384765625 0.2957293070279635 0.017150512108435996 0.017068789555476263
0 0.6673927307128906 0.24196213942307693 0.02019500732421875 0.020221930283766527
0 0.6541288816011869 0.9891118269700271 0.01997962364783654 0.0166934086726262
0 0.8770851722130408 0.41031232246985805 0.025758009690504808 0.02584075927734375
0 0.5993162301870493 0.4395135732797476 0.018065379216120794 0.018020776601938102
0 0.4874242635873648 0.2661866041330191 0.017180222731370192 0.017078693096454326
0 0.5387603319608248 0.47782157017634463 0.022945404052734375 0.02245778303879958
0 0.6551603170541617 0.11092277673574594 0.03284923846905048 0.03281215521005484
0 0.8864866403432993 0.2745657700758714 0.0170132563664363 0.01677843240591196
0 0.822296876173753 0.41924007122333234 0.016446333665114183 0.016451395474947415
0 0.2742258585416354 0.21236881842980018 0.0903307841374324 0.09065466660719651
0 0.30726025654719424 0.2104525749499981 0.019828062791090745 0.019547719221848708
0 0.7706383925217849 0.34887365194467396 0.021987768319936898 0.02196957514836238
0 0.06154480347266564 0.5078745621901292 0.07308143835801345 0.11927149846003605
0 0.8625420790452224 0.10428597376896785 0.01816558837890625 0.018455945528470553
0 0.09655490288367638 0.28161789820744443 0.015615426577054538 0.015638131361741286
0 0.4350942831773024 0.34329131933359 0.02576615260197566 0.025793148921086237
0 0.5202512374291053 0.2749037926013653 0.017127037048339844 0.017221780923696663
0 0.08675483556894156 0.26167686168964094 0.03085501377399151 0.030878250415508565
0 0.611523701594426 0.35000815758338344 0.01499484135554387 0.015066880446213942
0 0.9377369513878455 0.6749632175152118 0.02662834754356971 0.02648001450758714
0 0.05790213438180777 0.7479419708251953 0.017166596192580003 0.01726561326246995
0 0.10636771642244779 0.5084231083209698 0.022247791290283203 0.021998772254356973
0 0.6679678696852464 0.3767213821411133 0.016583075890174277 0.016333653376652643
0 0.09821099501389724 0.09115369503314678 0.016759468958928034 0.016750005575326774
0 0.03297041929685152 0.11396044951218826 0.020059888179485615 0.02965072485116812
0 0.8676835573636569 0.9501849688016452 0.018829932579627402 0.018949215228740986
0 0.08363911738762489 0.15808978447547326 0.061666360268226035 0.06203750463632437
0 0.25986568744365984 0.8940761272723858 0.016216461475078877 0.016139103816105768
0 0.807887444129357 0.16297223017765924 0.015513786902794471 0.015537261962890625
0 0.05895512837630052 0.8366686014028696 0.014803684674776517 0.014872037447415866
0 0.6093218876765325 0.12062456057621883 0.01786041259765625 0.0177157658797044
0 0.03075286975273719 0.5561591661893405 0.010949098146878757 0.01943624936617338
0 0.8102522629957932 0.8738453204815204 0.02611541748046875 0.026201688326322116
0 0.36256577418400693 0.27664705423208386 0.01555178715632512 0.015712517958420973
0 0.8948006996741662 0.1698587674361009 0.01926422119140625 0.01941072023831881
0 0.06492855915656456 0.12755604890676644 0.04317157085125263 0.0455015989450308
0 0.1731249735905574 0.37896002255953276 0.014641248262845553 0.014190233670748197
0 0.8404240241417518 0.11188883964832012 0.015306619497445913 0.015440665758573092
0 0.21910729775061974 0.978946905869704 0.019092779893141527 0.018624525803786058
0 0.40326852064866286 0.24558336918170637 0.016790390014648438 0.01673724101139949
0 0.6250412280742939 0.6643563784085788 0.015098865215594951 0.014944223257211538
0 0.7886208754319411 0.385406860938439 0.03950295081505409 0.04016392047588642
0 0.7370728712815505 0.36243372697096604 0.014501424936147837 0.014424984271709736
0 0.5685864228468674 0.08853686772860013 0.027916614825908955 0.028368583092322715
0 0.6240397966825045 0.7171416649451623 0.016834112314077523 0.016820467435396634
0 0.5824888669527494 0.31839502774752104 0.015351515549879808 0.015367507934570312
0 0.0833446612724891 0.3685326943030724 0.01506788914020245 0.015172518216646634
0 0.7333453985360953 0.8143834334153396 0.07101939274714543 0.07041168212890625
0 0.11897500661703256 0.5637958233173077 0.08134018457852878 0.08033979856050931
0 0.8956235738900992 0.9784306012667142 0.014504359318659855 0.014644916240985576
0 0.562832025381235 0.34334483513465297 0.014687904944786659 0.014754221989558293
0 0.44898264224712664 0.3615427384009728 0.018775206345778245 0.01944872049184946
0 0.5784785197331355 0.6423297295203576 0.05937913747934195 0.06117659348707933
0 0.5169738622812124 0.7777516291691706 0.03281666682316707 0.03287286024827223
0 0.6055500323955829 0.2111510496873122 0.014685557438777043 0.014619973989633413
0 0.615174256838285 0.8502028538630559 0.015281310448279748 0.01565405038686899
0 0.40346534435565656 0.3751808313223032 0.01581463446983924 0.015979840205265924
0 0.4580376331622784 0.5375328797560471 0.0214998538677509 0.021509463970477764
0 0.7576607924241286 0.973828022296612 0.06004538902869591 0.04775839585524339
0 0.5935324888962966 0.24426977451031023 0.0139924562894381 0.014061854435847355
0 0.6692689748910757 0.6926279801588792 0.01812010544996995 0.017731886643629808
0 0.5363154044518104 0.8102439000056341 0.025501251220703125 0.025313450739933893
0 0.7413622049184946 0.8867315145639273 0.033489227294921875 0.03352267925555889
0 0.8344895289494441 0.8933175893930289 0.025298191950871393 0.025282639723557692
