0 0.5712688519404485 0.512657458965595 0.1350562022282527 0.13503588162935698
0 0.8931500361515925 0.5405005308297964 0.21654715904822716 0.2423549798818735
0 0.6498526059664212 0.6308952478262094 0.06792567326472355 0.06769297673152043
0 0.11937849338238056 0.5796007743248572 0.10892182130080003 0.1104128910945012
0 0.9498766385591947 0.8238324385422927 0.09318366417518029 0.11709125225360577
0 0.3076142897972694 0.878630124605619 0.047890002910907455 0.047994760366586536
0 0.2642550468444824 0.6851764092078576 0.04465279212364784 0.04462755643404447
0 0.3013000121483436 0.41572739527775693 0.023964515099158652 0.023947789118840143
0 0.5188865661621094 0.23403070523188665 0.026715425344613884 0.026828252352201022
0 0.7531166076660156 0.6960631150465745 0.03520965576171875 0.03489391620342548
0 0.030471022312457744 0.8166855298555814 0.023401700533353366 0.023478874793419473
0 0.253971870128925 0.12067409662099984 0.020509903247539815 0.02028509286733774
0 0.6516983325664814 0.7954557858980619 0.026707575871394232 0.026833167442908652
0 0.5577939106867864 0.25220093360314 0.02335526393010066 0.023511593158428486
0 0.8719044465285081 0.963774167574369 0.026225163386418268 0.02627226022573618
0 0.032038441071143516 0.21476417321425217 0.019081675089322604 0.019154438605675332
0 0.07515313992133507 0.4746657885037936 0.018679417096651517 0.01846650930551382
0 0.7291429226215069 0.566413035759559 0.03233029292179988 0.032297574556790866
0 0.033616141631053045 0.35245744998638445 0.024162544653965876 0.02391837193415715
0 0.9354416040273813 0.24297376779409555 0.033121549166165866 0.033011289743276745
0 0.3563135587252103 0.19749237940861628 0.022051664499136116 0.02209773430457482
0 0.395145636338454 0.7909481342022235 0.02444003178523137 0.024439885066105768
0 0.9103122124305139 0.6782996837909405 0.018375396728515625 0.0186306880070613
0 0.43880462646484375 0.5040507316589355 0.019912866445688102 0.019849410423865683
0 0.644610331608699 0.24997333379892203 0.029865264892578125 0.03052363028893104
0 0.7020882826585036 0.9153338212233323 0.02145048288198618 0.02162023691030649
0 0.14973825674790603 0.8683826739971454 0.12818288803100586 0.12847518920898438
0 0.010043921378942637 0.44949854337252104 0.017789556429936335 0.023471685556265023
0 0.4429536232581505 0.36773351522592396 0.018069340632512018 0.017771794245793268
0 0.17100038895240197 0.7697582978468674 0.07852403934185322 0.0802458249605619
0 0.24101671805748573 0.6138982039231521 0.056400372431828424 0.05644005995530348
0 0.584566042973445 0.8038608844463642 0.019236931434044473 0.019260993370643027
0 0.525991256420429 0.34429095341609073 0.017540418184720553 0.017363988436185397
0 0.23845214110154372 0.47702657259427583 0.018500218024620645 0.01855644812950721
0 0.9879454832810622 0.17718714934128982 0.02268556448129507 0.02805181650015024
0 0.7242689866286057 0.9015636444091797 0.024009851308969352 0.024359776423527643
0 0.8350028991699219 0.8567981719970703 0.019806935237004206 0.019852858323317308
0 0.6107283372145432 0.27951917281517613 0.01955135052020733 0.01973100808950571
0 0.7665625352125901 0.9734304868257962 0.017944922814002402 0.018233225895808294
0 0.6545746143047626 0.9704184165367713 0.020940340482271634 0.020754594069260817
0 0.9028196334838867 0.8602541410006009 0.019046490009014424 0.018934103158804085
0 0.55512024806096 0.7073755264282227 0.017980282123272236 0.018007865318885215
0 0.19829034805297852 0.8211179146399865 0.0215909664447491 0.02152398916391226
0 0.9579241825984075 0.2095499038696289 0.01720457810621995 0.01723898374117338
0 0.8287165715144231 0.6921018453744742 0.017581646259014424 0.017750373253455527
0 0.8715733748215896 0.19282216292161208 0.01842528123121995 0.01852871821476863
0 0.30601083315335786 0.8147772275484525 0.016183779789851263 0.016089219313401442
0 0.8669232588547927 0.43567650134746844 0.016907912034254808 0.017054631159855768
0 0.09151867719796988 0.260125600374662 0.07810688018798828 0.07722986661470853
0 0.5855721693772536 0.6408748626708984 0.018096483670748197 0.0182339594914363
0 0.14200231662163368 0.014517146807450514 0.01836112829355093 0.018129669702970065
0 0.19146581796499398 0.9491610893836389 0.019447693457970254 0.019479898306039665
0 0.766384271474985 0.4256432239825909 0.02629720247708834 0.02629243410550631
0 0.5240504925067608 0.4143971663254958 0.015737093411959134 0.015651556161733773
0 0.3555973493135892 0.691707024207482 0.016721138587364785 0.016629732572115384
0 0.5585107803344727 0.6533272082989032 0.016287730290339544 0.016222146841195915
0 0.28388558901273286 0.8216637831467849 0.1517935532789964 0.15824479323167068
0 0.34650362454927885 0.3904599043039175 0.016189721914438102 0.016343410198505107
0 0.5732234808114859 0.41799816718468297 0.015371909508338341 0.015205603379469652
0 0.10296690464019775 0.9769182205200195 0.07097843977121207 0.04358511704664964
0 0.755169941828801 0.5780736483060397 0.01872077355018029 0.018305338346041165
0 0.9158300253061148 0.124595046043396 0.02008848923903245 0.019850987654465895
0 0.06752298428462102 0.9424633612999549 0.018385667067307692 0.01851507333608774
0 0.29276169263399565 0.3275472934429462 0.01651279742901142 0.016137343186598558
0 0.195617492382343 0.11071785596700814 0.019474616417518027 0.01936041391812838
0 0.6311374077430139 0.10551625031691331 0.016964252178485576 0.01711590473468487
0 0.28235323612506574 0.02410390743842492 0.017642791454608623 0.017438614597687356
0 0.17535737844613883 0.5635850979731634 0.018551386319673978 0.019069084754356973
0 0.6735375477717473 0.3788631512568547 0.03248889629657452 0.031706589918870196
0 0.9476598592904898 0.04181268581977257 0.07750085683969352 0.07718064234806941
0 0.5850299688485953 0.33066456134502703 0.016825749323918268 0.016922510587252103
0 0.721954345703125 0.7191713039691632 0.016752976637620192 0.016550210806039665
0 0.778411865234375 0.6245773021991436 0.0192868159367488 0.019272474142221305
0 0.6138267517089844 0.5792063933152419 0.023190424992487982 0.023154478806715745
0 0.5761401836688702 0.7120856505173904 0.01998761984018179 0.019915067232572116
0 0.8480771871713492 0.07751183326427753 0.018828758826622598 0.01883405905503493
0 0.4213844446035532 0.5180110931396484 0.04701849130483774 0.04665360083946815
0 0.2948782810798058 0.9344120025634766 0.2120976448059082 0.1287844731257512
0 0.040332904228797324 0.3675684562096229 0.016271350475458 0.01682127439058744
0 0.2808282191936786 0.5066657433143029 0.015086614168607272 0.015100919283353366
0 0.4313825827378493 0.7537341484656701 0.020856270423302285 0.020753126878004808
0 0.7154282789963943 0.24165740379920372 0.04455126248873197 0.043786782484788164
0 0.9103863789485052 0.26068951533390927 0.01573973435621995 0.015825418325570915
0 0.10487107130197379 0.5876250633826623 0.01640778321486253 0.01609633519099309
0 0.6269341982327975 0.6572909721961389 0.015519362229567308 0.015441601092998799
0 0.7435113466702975 0.966060051551232 0.018105726975661058 0.018254500169020433
0 0.23326921463012695 0.04066102321331318 0.01511834217951848 0.015187456057621883
0 0.7621067487276517 0.26730988575862 0.016014685997596152 0.01627804682804988
0 0.9525023240309495 0.3133094127361591 0.015986515925480768 0.016133528489332933
0 0.7148308387169471 0.8315781813401443 0.015531686636117788 0.0154417478121244
0 0.6328546083890475 0.23384846173799956 0.016750922569861777 0.016625624436598558
0 0.9831328025230994 0.2497853132394644 0.018355442927433893 0.01832437515258789
0 0.17105495012723482 0.9286446204552283 0.01518399898822491 0.015176039475661058
0 0.011057546505561242 0.7942531292255108 0.013491071187532865 0.01590728759765625
0 0.09835125849797176 0.32497886510995716 0.026447021044217624 0.02710261711707482
0 0.6711270258976862 0.29156662867619443 0.015100625845102163 0.01525101294884315
0 0.00996735692024231 0.2620992293724647 0.014752291716062106 0.015114050645094652
0 0.7310562133789062 0.7624523456280048 0.03839375422551082 0.040132962740384616
0 0.7019794904268705 0.1958760114816519 0.024434896615835335 0.024137423588679388
0 0.6003026228684646 0.7751359205979568 0.014981783353365384 0.015145228459284855
0 0.35884406016423154 0.7763963846059946 0.022866249084472656 0.02346068162184495
0 0.058192124733558066 0.8458015735332782 0.016105156678419847 0.016007496760441706
0 0.5375935847942646 0.29978128579946667 0.01470485100379357 0.014739550076998197
0 0.760505749629094 0.5635724434485803 0.017297891470102165 0.016691061166616585
0 0.7370880567110502 0.35644854032076323 0.020407750056340143 0.020279077383188102
0 0.14005222687354454 0.45951098662156326 0.016248739682711087 0.016398283151479866
0 0.3639956254225511 0.3532764728252704 0.015055289635291466 0.015108842116135817
0 0.6512570014366736 0.22513182346637434 0.02040716317983774 0.020006253169133112
0 0.8801283469566932 0.07444015374550453 0.017487305861253005 0.01744124522575965
0 0.017968726845887992 0.8651497180645282 0.017501764572583713 0.017583847045898438
0 0.9615331796499399 0.9524247829730694 0.03677984384390024 0.037348380455603965
0 0.27450114030104417 0.8514928084153396 0.015424508314866286 0.015568953294020433
0 0.6309318542480469 0.36482704602755034 0.014259044940655049 0.014177542466383714
0 0.5619118030254657 0.8160928579477164 0.014853990994966947 0.014798971322866587
0 0.66699402148907 0.9017503444965069 0.020346861619215745 0.020330135638897236
0 0.8337615086482122 0.21922709391667292 0.014357200035682091 0.01427004887507512
0 0.6097593307495117 0.690146592947153 0.0155029296875 0.015359144944411058
0 0.5612095686105582 0.29938198969914365 0.018945620610163763 0.019186753493088942
0 0.46126317977905273 0.5481154735271747 0.014795816861666165 0.014921628511868991
0 0.016369779522602376 0.36306337209848255 0.016385442935503446 0.017910590538611777
0 0.8789226825420673 0.36303322131817156 0.013898996206430288 0.013879922720102163
0 0.30268047406123233 0.3419912044818585 0.016536382528451774 0.01653282458965595
0 0.8156180748572717 0.6769539026113657 0.01648873549241286 0.016610218928410456
0 0.03417599888948294 0.4382257094750038 0.01992724950496967 0.019972947927621696
0 0.7362207266000601 0.751134652357835 0.02132870600773738 0.0218658447265625
0 0.8781169011042669 0.449404239654541 0.018696418175330527 0.018883485060471755
0 0.07949301829704872 0.18493294715881348 0.014015399492703952 0.014110418466421274
0 0.1067821796123798 0.8084572278536283 0.014001076038067158 0.0142518557035006
0 0.5763650307288537 0.7623976193941556 0.014191040625939002 0.014465918907752404
0 0.8399941371037409 0.7960370870736929 0.05663358248197115 0.056719266451322116
0 0.4532351860633263 0.07733277174142691 0.0154420412503756 0.015456745257744422
0 0.7275965763972356 0.6116236173189603 0.013602330134465145 0.013715450580303486
0 0.9831714630126953 0.3296683384821965 0.014510521521935096 0.014307682330791768
0 0.3717533991887019 0.8473410973182092 0.03206634521484375 0.03194134051983173
0 0.9662921612079327 0.23553895950317383 0.018407088059645433 0.018430049602801982
0 0.6674316846407377 0.7355775099534255 0.014786500197190505 0.014861767108623799
0 0.6503562927246094 0.41804335667536807 0.016652767474834736 0.016318101149338942
0 0.3181936190678523 0.04675142123148991 0.014177909264197716 0.014338319118206318
0 0.03657086995931772 0.5232609235323392 0.014432576986459585 0.014586522028996395
0 0.10668596854576698 0.7451320061316857 0.016887077918419473 0.01700562697190505
0 0.1242083402780386 0.5123593990619366 0.015297871369581956 0.015721247746394232
0 0.7296312772310697 0.7684182387131911 0.032511197603665866 0.03213574336125301
0 0.41050291061401367 0.7256732353797326 0.014997775738055889 0.01490328862116887
0 0.31849127549391526 0.3508117749140813 0.015713618351862982 0.01609193361722506
0 0.9019306623018705 0.06546339163413414 0.013930980975811299 0.0139237825687115
0 0.4365529280442458 0.924695088313176 0.03301591139573317 0.03301649827223558
0 0.11509316701155442 0.6559608899630033 0.015191243245051457 0.015112803532527043
0 0.46081909766564 0.48433773334209734 0.013357309194711538 0.013703713050255409
0 0.5034591968242939 0.6217407813439002 0.018081224881685697 0.017818744365985576
0 0.13720571077786958 0.5166331071120042 0.014430724657498874 0.014317879310021034
0 0.468776666201078 0.9820379110483023 0.17849599398099458 0.03459636981670673
