0 0.2680968321286715 0.11191461636469914 0.16683567487276518 0.16535205107468826
0 0.7105827331542969 0.9306558462289664 0.13167161207932693 0.13201112013596755
0 0.36517539391150844 0.7040306971623347 0.18349779569185698 0.18653433139507586
0 0.3370852837195763 0.8701017819918119 0.06514336512638973 0.06469139685997596
0 0.03146291696108305 0.6557854872483474 0.05918368009420542 0.05987988985501803
0 0.13517907032599816 0.9629432971660907 0.04273130343510555 0.042518322284405045
0 0.055565293018634505 0.757747063269982 0.06180123182443472 0.061729137714092545
0 0.3469163454495944 0.20114933527432954 0.04367850377009465 0.04310288796058068
0 0.28143893755399263 0.9145545959472656 0.038721451392540567 0.038372039794921875
0 0.7604400928203876 0.7424061114971454 0.17216961200420672 0.17109533456655648
0 0.5709024576040415 0.35326330478374773 0.19502947880671576 0.1897439223069411
0 0.6815907404972956 0.3379080845759465 0.04614463219275841 0.04634020878718449
0 0.9160644824688251 0.8327842859121469 0.06973017179048978 0.0700381352351262
0 0.4233245849609375 0.94849366408128 0.03921824235182542 0.03842573899489183
0 0.47766531430757964 0.25502731249882626 0.036396099970890924 0.03651556601891151
0 0.3475600756131686 0.27932084523714507 0.024379876943734977 0.024390660799466647
0 0.18302180216862604 0.4678777547983023 0.05619885371281551 0.056588392991286054
0 0.10928240189185509 0.8802771935096154 0.04092685992901142 0.0408476316011869
0 0.4434007497934195 0.5876436233520508 0.04446557851938101 0.04425958486703726
0 0.7219453958364633 0.8188899113581731 0.03020022465632512 0.030475616455078125
0 0.5648636451134315 0.4511859600360577 0.027433395385742188 0.027675922100360576
0 0.5359626183143029 0.43126649122971755 0.03648684575007512 0.03663723285381611
0 0.07654366126427284 0.9174979283259466 0.076720274411715 0.07731246948242188
0 0.9435131366436298 0.10381889343261719 0.0898754413311298 0.08848127951988807
0 0.7714683092557467 0.7398065420297476 0.027160057654747598 0.02701597947340745
0 0.7154749356783353 0.4355668288010817 0.03582440889798678 0.035837026742788464
0 0.2670621871948242 0.2072747670687162 0.04759542758648212 0.04773899225088266
0 0.458039613870474 0.4369373321533203 0.034532913794884317 0.03419201190655048
0 0.855232312129094 0.7265975658710186 0.035447927621694714 0.03573344304011418
0 0.7884167891282302 0.19425538870004508 0.047029935396634616 0.047021022209754355
0 0.831046617948092 0.9720280720637395 0.02201080322265625 0.022426311786358174
0 0.5305168078495905 0.1546805455134465 0.02358223841740535 0.023602889134333685
0 0.2943560893719013 0.3409588153545673 0.029370454641488884 0.02939943166879507
0 0.667811026939979 0.1527414505298321 0.043714083158052884 0.0437158071077787
0 0.22251266699570876 0.9037953890286959 0.03959820820735051 0.03934126633864183
0 0.3292847046485314 0.82237485738901 0.03680684016301082 0.037219854501577526
0 0.663086671095628 0.7303029573880709 0.0395818857046274 0.039423575768103965
0 0.5992542046767014 0.06931520883853619 0.037506470313439004 0.037290105452904336
0 0.6247703112088717 0.8118046980637771 0.027280073899489183 0.02718206552358774
0 0.9741134643554688 0.429595947265625 0.03289882953350361 0.032903891343336836
0 0.23031412638150728 0.6498326521653396 0.020685562720665567 0.020665682279146634
0 0.2624656603886531 0.9795127281775842 0.01990930850689228 0.020172119140625
0 0.9773819996760442 0.48404436845045823 0.03342921917255108 0.0338743649996244
0 0.5143194198608398 0.5898202015803411 0.03440240713266226 0.03471829341008113
0 0.8631044534536508 0.4293050765991211 0.01898956298828125 0.019154475285456732
0 0.8377945973322942 0.43723135728102464 0.022272843580979567 0.02219046079195463
0 0.86516967186561 0.36537529872013974 0.01934667733999399 0.01942311800443209
0 0.9819422501784104 0.8917027986966647 0.03532262948843149 0.050317030686598554
0 0.9555745491614709 0.19739763553325945 0.020904100858248197 0.021045097937950723
0 0.9659073903010442 0.7794723510742188 0.02968597412109375 0.029924539419320915
0 0.4245466085580679 0.09421465947077824 0.020716300377478965 0.020847338896531325
0 0.35724141047551083 0.9171463893010066 0.03113717299241286 0.031044593224158652
0 0.8151771838848407 0.8645470692561223 0.026113363412710335 0.026036482590895433
0 0.8385824790367713 0.41402802100548375 0.02343573937049279 0.02332907456618089
0 0.8693963564359225 0.6486776792086087 0.029459586510291465 0.02951959463266226
0 0.739712641789363 0.47703104752760667 0.01951423058143029 0.019507921659029447
0 0.3765140680166391 0.25231324709378755 0.02025120074932392 0.02036938300499549
0 0.8027707613431491 0.46376837216890776 0.020571782038762018 0.020833969116210938
0 0.26126604813795823 0.8433162249051608 0.033723024221567005 0.033468393179086536
0 0.18981671333312988 0.8980231651893029 0.025773928715632513 0.025705484243539665
0 0.851219103886531 0.46472905232356143 0.023055590116060697 0.02284526824951172
0 0.752318602341872 0.36632449810321516 0.020081446721003607 0.02028347895695613
0 0.914298571073092 0.013396592094348026 0.028859358567457933 0.02508399348992568
0 0.11940125318673941 0.46465323521540713 0.06542286506065956 0.06511702904334435
0 0.3818692427415114 0.8929258493276743 0.024979518010066107 0.025105696458082933
0 0.06690700696064876 0.3139480444101187 0.02609231838813195 0.02621634189899151
0 0.38562906705416167 0.5577334624070388 0.024082477276141826 0.02451295119065505
0 0.566929083604079 0.8363544023953952 0.30835826580341047 0.2910333780141977
0 0.4958202655498798 0.05344705398266132 0.023688829862154447 0.023866561742929313
0 0.9004356677715595 0.6299993074857272 0.02305016150841346 0.023027566763070915
0 0.4234675627488356 0.9092362477229192 0.036661001352163464 0.03589131281926082
0 0.3961467009324294 0.15774972622211164 0.017573136549729567 0.017425390390249398
0 0.15834456223707932 0.29365845826955944 0.027945298414963942 0.028067992283747747
0 0.37915435204139125 0.6709332832923303 0.039940173809344955 0.03983453603891226
0 0.4658823746901292 0.47215714821448695 0.02377040569598858 0.024041469280536357
0 0.20173023297236517 0.38111393268291766 0.020189505357008714 0.02015055142916166
0 0.8518502162053034 0.7638809497539814 0.02035698523888221 0.020426383385291465
0 0.6879640725942758 0.59520567380465 0.023903479942908652 0.023953804602989785
0 0.1924137885753925 0.556298879476694 0.01895457047682542 0.018957064701960638
0 0.18824115166297326 0.021499379323079035 0.01925959953894982 0.01949531756914579
0 0.5521689194899339 0.24139156708350548 0.021495305574857272 0.021340700296255257
0 0.074917733669281 0.7170261969933143 0.04509182159717266 0.046102083646334134
0 0.743592775785006 0.6988892922034631 0.0184018061711238 0.018429682804987982
0 0.19385829338660607 0.9225001701941857 0.01867961883544922 0.018764495849609375
0 0.40701785454383266 0.5537549165578989 0.019417542677659255 0.01961231231689453
0 0.8594548152043269 0.14685484079214242 0.01681679945725661 0.01694319798396184
0 0.8886584502000076 0.9598626356858474 0.025942288912259616 0.025870543259840745
0 0.4992979856637808 0.16417815135075495 0.0357517829308143 0.03578089750730074
0 0.8766818413367639 0.35237891857440656 0.01610418466421274 0.016284649188701924
0 0.9499991490290716 0.5082101088303786 0.016805355365459736 0.016848344069260817
0 0.04922023644814125 0.48415367419903094 0.020408236063443698 0.020425943227914665
0 0.300629395705003 0.8420975024883564 0.026508037860576924 0.026767437274639424
0 0.3258798305804913 0.1487692136030931 0.018847098717322715 0.01887090389545147
0 0.9129177240224985 0.7830257415771484 0.020497982318584736 0.020423008845402643
0 0.5753860473632812 0.8851718168992263 0.018057749821589544 0.018007571880634014
0 0.05066428276208731 0.10625734696021447 0.017055190526522122 0.01702418694129357
0 0.025712955456513625 0.613615842965933 0.03993260401945848 0.0395208505483774
0 0.7545345012958233 0.0592121619444627 0.017168191763070915 0.01680290699005127
0 0.24469835941608137 0.755335074204665 0.01676489756657527 0.016768382145808294
0 0.7108127887432392 0.27628498810988206 0.019019493689903848 0.019007242642916165
0 0.9510789284339318 0.37202057471642125 0.01791660602276142 0.017961502075195312
0 0.05364465255003709 0.8759159675011268 0.026555923315194938 0.0268551753117488
0 0.2212233726794903 0.795326673067533 0.15910907892080453 0.15654563903808594
0 0.03904610872268677 0.7014044248140775 0.03752415913801927 0.0379632803109976
0 0.07374433829234196 0.6792756594144381 0.040414709311265215 0.040642078106219955
0 0.24062105325552133 0.02863072890501756 0.02135166755089393 0.02125684114602896
0 0.9561415452223557 0.7452446864201472 0.02006354698768029 0.020093624408428486
0 0.630616701566256 0.6895906008206881 0.06150260338416466 0.06133006169245793
0 0.05097597378950853 0.9090107404268705 0.022362305567814753 0.021879049447866585
0 0.3043491290165828 0.9687952628502479 0.016289637638972357 0.015952477088341348
0 0.28465905556311977 0.38779728229229266 0.01826931880070613 0.018035228435809795
0 0.29314066813542294 0.8200307992788461 0.03879539783184345 0.038847703200120196
0 0.920655397268442 0.2775547687823956 0.021504035362830527 0.021471830514761116
0 0.16932469147902268 0.1521056707088764 0.0255889158982497 0.025089795772845928
0 0.8198763040395883 0.4264382215646597 0.018185542179987982 0.018274674048790567
0 0.8078814286452073 0.3463917878957895 0.03245045588566707 0.03262739915114183
0 0.8750912592961237 0.19538747347318208 0.049439650315504804 0.05024081010084886
0 0.9121187650240384 0.24860521463247445 0.020574569702148438 0.020435333251953125
0 0.01035430683539464 0.8249409015362079 0.020775668896161593 0.029662499060997598
0 0.8432584909292368 0.8769098428579477 0.023242363562950723 0.023254981407752402
0 0.8732688610370343 0.8121110475980319 0.041544547447791465 0.04221255962665264
0 0.22513477618877703 0.7781602419339694 0.01970247121957632 0.01977230952336238
0 0.2405125361222487 0.319518676170936 0.02254376044640174 0.022305121788611777
0 0.568227584545429 0.7047265859750601 0.02280910198505108 0.0229952885554387
0 0.18952021232018104 0.8173996118398813 0.019516137930063102 0.019675328181340143
0 0.4811974305372972 0.9830330335176908 0.016967039841871995 0.017002252432016227
0 0.16631639920748198 0.5123318892258865 0.016967920156625602 0.017158948458158053
0 0.9593598292424128 0.6364571497990534 0.015207730806790866 0.015340364896334134
0 0.08673313947824332 0.7746172684889573 0.01992322848393367 0.019603582528921273
0 0.5982733506422776 0.493381353525015 0.02027108119084285 0.02034627474271334
0 0.3031193659855769 0.3654793225801908 0.021096082834097054 0.021459286029522236
0 0.7576826535738431 0.10250230935903695 0.019961723914513223 0.020121097564697266
0 0.9815576993502103 0.2490539183983436 0.024654094989483174 0.024484781118539665
0 0.1555031813108004 0.8240219262930063 0.026048660278320312 0.025795863224909857
0 0.7346864113440881 0.24895183856670672 0.016988607553335335 0.017000198364257812
0 0.5416221618652344 0.5891443399282602 0.2292459928072416 0.2436370849609375
0 0.46046135975764346 0.5294583760775052 0.019358488229604866 0.019608570979191706
0 0.6972132462721604 0.41336264977088344 0.017401475172776442 0.017715013944185697
0 0.8532986274132361 0.4460097092848558 0.01582512488731971 0.015927681556114785
0 0.13586240548353928 0.43381115106435925 0.045970770028921276 0.04550933837890625
0 0.6174069918118991 0.48584475884070766 0.014405323908879207 0.014603101290189303
0 0.07019281387329102 0.10231411457061768 0.015436025766225962 0.015637691204364482
0 0.7489342322716346 0.5178475746741662 0.17238499568058893 0.1738887199988732
0 0.5455189851614145 0.5424465032724234 0.017703863290640023 0.01771846184363732
0 0.6886808688823993 0.8657939617450421 0.060048470130333535 0.059289785531850964
0 0.03041421679350046 0.15565248636099008 0.014986253701723538 0.01502397427192101
0 0.940615727351262 0.6365666022667518 0.01850157517653245 0.018709622896634616
0 0.604653211740347 0.22391964839054987 0.015119112454927884 0.01513202373798077
0 0.3897260152376615 0.7208050947922927 0.017059472891000602 0.01741761427659255
0 0.945141865656926 0.7701223079974835 0.022367330697866585 0.022702730618990384
0 0.5241026878356934 0.554656982421875 0.0344696778517503 0.034627474271334134
0 0.017492420398272 0.900150885948768 0.034959146609673135 0.03974474393404447
0 0.6514501571655273 0.5268202194800744 0.018286631657527044 0.018366520221416768
0 0.7051158318152795 0.6801773951603816 0.024861262394831732 0.024912614088792067
0 0.7201670866746169 0.3384543198805589 0.02294290982759916 0.023017296424278848
0 0.7628459930419922 0.7612350170428936 0.015996492826021634 0.015504983755258413
0 0.7027574685903696 0.38863581877488357 0.01732033949631911 0.01738915076622596
0 0.32012044466458833 0.25408319326547474 0.024641917302058294 0.02493132077730619
0 0.946836911714994 0.5406453426067646 0.016621516301081732 0.016808363107534554
0 0.44092581822321963 0.4467189862177922 0.02214329059307392 0.02230724921593299
0 0.6718733860896184 0.44214512751652646 0.015369121844951924 0.01552427732027494
0 0.8000446466299204 0.3895390217120831 0.01792482229379507 0.018076383150540866
0 0.12322422174307016 0.02192961023404048 0.02079299780038687 0.02097846453006451
0 0.21761767680828387 0.9925732979407678 0.016234544607309196 0.01297451899601863
0 0.32094658338106596 0.9909104567307693 0.01632976531982422 0.015178386981670674
0 0.8183894524207482 0.23703413743239182 0.01790589552659255 0.018056209270770732
0 0.24400854110717773 0.9827789893517127 0.0167995966397799 0.017099380493164062
0 0.12954381796029898 0.8092503180870643 0.02393049460190993 0.024068832397460938
0 0.41643766256479114 0.862353251530574 0.015018903292142428 0.014895072350135216
0 0.9409373356745794 0.52466370509221 0.11172925508939303 0.1330996293288011
0 0.07819813031416672 0.23774343270521897 0.01622322889474722 0.016534695258507363
0 0.16114077201256385 0.1739024015573355 0.014794643108661357 0.014970999497633714
0 0.351197206057035 0.14971773441021258 0.014849442702073317 0.015073556166428786
0 0.4406890869140625 0.29006220744206357 0.0726026388315054 0.07053338564359225
0 0.7099016629732572 0.5769389225886419 0.023664327768179085 0.02392886235163762
0 0.8837668345524714 0.5635921038114108 0.014699055598332332 0.014750113854041466
0 0.9265194672804612 0.44913673400878906 0.025772534883939303 0.025257110595703125
0 0.5700887533334585 0.5036249160766602 0.017473807701697715 0.01798703120304988
0 0.6389623055091271 0.7597378217256986 0.04871588486891527 0.048687127920297474
0 0.4540705314049354 0.3745848215543307 0.022651525644155648 0.02260105426494892
0 0.5440774330726037 0.7136422670804538 0.030031791100135215 0.029971489539513223
0 0.47831990168644833 0.408565301161546 0.027440437903771035 0.027935321514423076
0 0.1666722847865178 0.6288970066950872 0.017852196326622598 0.017750960129957933
0 0.29305813862727237 0.2566545926607572 0.01756132566011869 0.017989415388840895
0 0.19514966011047363 0.8697594862717849 0.021255309765155498 0.021352034348707933
0 0.3239552424504207 0.44619035720825195 0.017107450045072116 0.01713253901554988
0 0.1895756354698768 0.9404946840726413 0.017169879033015326 0.017200763408954326
0 0.9656828366793119 0.060140756460336536 0.019999870887169473 0.02003198403578538
0 0.33641529083251953 0.5887770285973182 0.027517172006460335 0.02756646963266226
0 0.9068534557635968 0.5440085117633526 0.019063802865835335 0.019078768216646634
0 0.9451540433443509 0.21437742159916803 0.014254936805138221 0.014325508704552284
0 0.5945962025569036 0.5771986888005183 0.020217748788686898 0.020797289334810697
0 0.46099552741417515 0.23406498248760516 0.016622103177584134 0.016682918255145732
0 0.7330926748422476 0.5023144942063552 0.014493208665114183 0.014385370107797476
0 0.17051858168381911 0.8726114859947791 0.024695469782902643 0.024204400869516227
0 0.7592663398155799 0.6198526529165415 0.020028334397536058 0.02014310543353741
0 0.43799187586857724 0.24121273480928862 0.014868076031024639 0.014557618361253005
0 0.5560608276954064 0.6434830152071439 0.086761107811561 0.08491765535794772
0 0.8324803572434646 0.09161824446458083 0.040052560659555286 0.040021268221048206
0 0.2605625115908109 0.6732701521653396 0.01505283208993765 0.014940115121694712
0 0.678532233605018 0.5359526047339807 0.019955855149489183 0.020062006436861478
0 0.6496027432955228 0.8088782383845403 0.025104816143329326 0.024837200458233174
0 0.09219699639540452 0.19666506693913385 0.025745318486140326 0.025596105135404147
0 0.7491645812988281 0.43398149196918195 0.015586119431715745 0.015793360196627103
0 0.38567286271315354 0.22002651141240046 0.049574778630183294 0.05039570881770207
0 0.2161726034604586 0.41721556736872745 0.030437176044170674 0.030068690960223857
0 0.06859390552227314 0.4103620969332181 0.017459612626295824 0.017545479994553786
0 0.028172671794891357 0.839683826153095 0.02563292246598464 0.02547454833984375
0 0.2949167765103854 0.8824363121619592 0.016340329096867487 0.01633453369140625
0 0.7261923276461087 0.4060504986689641 0.03284777127779447 0.031988950876089245
0 0.9357949036818284 0.40195252345158505 0.025516656728891227 0.02580085167518029
0 0.3208622565636268 0.9416766533484826 0.02132269052358774 0.020979661207932692
0 0.6245809701772836 0.9395883266742413 0.027051632220928486 0.027154922485351562
0 0.42921741192157453 0.8141775864821214 0.030563868009127103 0.030226780818058893
0 0.5273113617530236 0.21282392281752366 0.014469366807204027 0.014530218564547025
0 0.0196687991802509 0.8932820833646334 0.04131565644190861 0.04867260272686298
0 0.13239315839914176 0.9877338409423828 0.020615284259502705 0.019186019897460938
0 0.7621671236478366 0.8707819718580979 0.018706395075871393 0.019405364990234375
0 0.14250740638146034 0.6443243760329026 0.01976633071899414 0.019837012657752402
0 0.07122133328364445 0.2632154868199275 0.01766511110159067 0.01753579653226412
0 0.3989338508019081 0.5688235209538386 0.014005220853365384 0.014176442072941707
0 0.6662087073692908 0.6800611936129056 0.043312366192157455 0.04387606107271635
0 0.2528274976290189 0.8983538700984075 0.014809241661658654 0.014888763427734375
0 0.7172037271352915 0.21215273783757135 0.017216022198016826 0.0167998533982497
0 0.7633552551269531 0.5088711885305551 0.014772268442007212 0.014473254864032451
0 0.8419798337496244 0.4985773746783917 0.014503185565655049 0.01440737797663762
0 0.7658891677856445 0.2433492220365084 0.026758927565354567 0.026412083552433893
0 0.9618314596322867 0.8211011153001052 0.014969752385066105 0.014797504131610576
0 0.9399251937866211 0.5252977517934946 0.015778174767127402 0.01626762977013221
0 0.1839321209834172 0.9582938414353591 0.01683807373046875 0.016968800471379206
0 0.5158534416785607 0.8649186354417068 0.013892393845778245 0.014036618746243991
0 0.7808529780461237 0.920805050776555 0.01962456336388221 0.019869437584510215
0 0.9219583364633414 0.1484081378349891 0.015391716590294471 0.015652179718017578
0 0.9250665811391977 0.4462479811448317 0.03006289555476262 0.029154630807729866
0 0.7160873413085938 0.6294101568368765 0.016744173490084134 0.017171419583834134
0 0.8816059552706205 0.7454128998976487 0.0334924551156851 0.0334478525015024
0 0.52172117966872 0.9661368590134841 0.019691027127779447 0.019580841064453125
0 0.31956900083101714 0.9289715106670673 0.016753416794996995 0.016652620755709134
0 0.7142740396352915 0.36324163583608776 0.016737717848557692 0.01676155970646785
0 0.7628456996037409 0.047238519558539756 0.015146695650540866 0.014959252797640286
0 0.6946597466102014 0.988961439866286 0.015158139742337741 0.014894925631009616
0 0.3790745368370643 0.8566514528714694 0.022366670461801384 0.022901094876802884
0 0.2113217573899489 0.18223377374502328 0.016048578115609977 0.01613616943359375
0 0.8932454035832331 0.5820408601027268 0.014221484844501201 0.014307388892540565
0 0.2577354174393874 0.5654770777775691 0.014167455526498647 0.01405803973858173
0 0.021184701185960036 0.8803226764385517 0.037371341998760514 0.037955944354717545
0 0.1235813177548922 0.8677573570838342 0.014256000518798828 0.014450660118689904
0 0.5930811075063852 0.1643350857954759 0.01426388667179988 0.014388781327467699
0 0.405795904306265 0.37433583919818586 0.014630831204927884 0.014744245089017428
0 0.24368983048659104 0.8620683963482196 0.019765413724459134 0.019976395827073317
0 0.0051489151441133935 0.9249197152944711 0.0104256455714886 0.023630582369290866
0 0.3795373256389911 0.8384299645057092 0.018676170935997598 0.01858652555025541
0 0.2821795757000263 0.3080500089205228 0.02081900376539964 0.021416664123535156
0 0.21010646453270546 0.637931383573092 0.2494967900789701 0.25159351642315203
