0 0.2658989979670598 0.1287300311602079 0.13590035071739784 0.13539686569800743
0 0.37696009415846604 0.7780569516695462 0.1107635498046875 0.11121955284705529
0 0.6427198556753305 0.46764630537766677 0.05861443739670973 0.05809776599590595
0 0.42302615825946516 0.3863523923433744 0.09221531794621395 0.09133038154015174
0 0.696127671461839 0.3818889031043419 0.07967068598820613 0.07970252403846154
0 0.7805692966167743 0.21423849692711464 0.05632209777832031 0.056237257443941556
0 0.20719144894526556 0.48085748232327974 0.04175769365750826 0.042204636793870196
0 0.22066156680767351 0.3984518051147461 0.025191417107215293 0.02537257854755108
0 0.4279462374173678 0.9333692697378305 0.0531465090238131 0.05322559063251202
0 0.7118314596322867 0.07374096833742581 0.02141996530386118 0.02185364869924692
0 0.8028507232666016 0.2885357416593112 0.02445837167593149 0.03417836702786959
0 0.22859897980323204 0.3117249562190129 0.03256441996647762 0.032226929297814004
0 0.3436283698448768 0.4964246383080116 0.05871002490703876 0.059133749741774336
0 0.6546278733473557 0.8295417932363657 0.01732048621544471 0.017313737135667067
0 0.6184702653151292 0.23581864283635065 0.022980469923753005 0.02330185816838191
0 0.8042579064002404 0.3257312041062575 0.021696824293870192 0.02507928701547476
0 0.22661682275625375 0.8778175940880408 0.03523591848520132 0.03524868304912861
0 0.6732631096473107 0.22670976932232195 0.034152837900015026 0.034204923189603366
0 0.19982094031113845 0.033346320574100204 0.01995427791888897 0.01992675432792077
0 0.3789004912743202 0.5998016504141 0.019424951993502103 0.0195770263671875
0 0.20348369158231294 0.3851160269517165 0.03840563847468449 0.04340802706204928
0 0.5992309130155123 0.31391063103309047 0.0257418705866887 0.025979042053222656
0 0.7417452885554388 0.5787997612586389 0.07618038470928486 0.07688228900615986
0 0.6519681490384616 0.40765710977407604 0.030568049504206732 0.03025993934044471
0 0.71399292579064 0.20145042125995344 0.08095491849459134 0.08262810340294471
0 0.19291116641117975 0.9528355231651893 0.025345032031719502 0.035270397479717545
0 0.428192872267503 0.6482686996459961 0.04375156989464393 0.04318780165452223
0 0.6031972444974459 0.3444378192608173 0.031735787024864785 0.03193576519305889
0 0.6281879131610577 0.9598265427809495 0.016758845402644232 0.01672847454364483
0 0.22256884208092323 0.7959402524507962 0.030464612520658053 0.03059563269981971
0 0.29939457086416393 0.7364400716928335 0.016856266902043268 0.016919943002554085
0 0.3103683911837064 0.4348945617675781 0.015727703387920674 0.01571229787973257
0 0.31363681646493763 0.730064685528095 0.0177613038283128 0.0178219721867488
0 0.3589471670297476 0.6753666217510517 0.10884937873253456 0.10937001154972957
0 0.7602837635920598 0.9828651134784405 0.06189111562875601 0.03254787738506611
0 0.6753000112680289 0.9647970933180589 0.014568035419170674 0.014799264761117788
0 0.7153854370117188 0.030082762241363525 0.014290442833533654 0.014052381882300744
0 0.2583872354947604 0.4664006600013146 0.06957435607910156 0.07251724830040565
0 0.6702198615440955 0.4519959596487192 0.05434740506685697 0.0544274403498723
0 0.5595038487361028 0.8523761309110202 0.014633765587439904 0.014649611253004808
0 0.7077818650465745 0.235687439258282 0.02347535353440505 0.02376549060528095
0 0.2529413883502667 0.4941699688251202 0.04187697630662184 0.04289084214430589
0 0.23274348332331732 0.719246350801908 0.02125828082744892 0.021626985990084134
0 0.496915157024677 0.16185549589303824 0.06415880643404447 0.06711292266845703
0 0.570989572084867 0.07516751839564396 0.30327540177565354 0.14832907456618089
0 0.6134353784414438 0.5547484617966872 0.022476343008188102 0.022541119502140924
0 0.747675895690918 0.28634100693922776 0.10017747145432693 0.10138863783616286
0 0.7914182222806491 0.37476656987116885 0.0312497065617488 0.030828035794771634
0 0.7757073182326096 0.3520991252018855 0.024381637573242188 0.02468387897198017
0 0.31344120319073016 0.48815411787766677 0.017949030949519232 0.018099271334134616
0 0.5918392401475173 0.24347413503206694 0.014609116774338942 0.014792589040902944
0 0.2842118189885066 0.2662808711712177 0.0481568850003756 0.04755456631000225
0 0.2959012801830585 0.3350701332092285 0.023836025824913613 0.023642760056715745
0 0.5367058974045974 0.8730987402109 0.02617953373835637 0.02585909916804387
0 0.5847912568312424 0.18534498948317307 0.040294793935922474 0.0394897094139686
0 0.6605412409855769 0.3503262813274677 0.055676973783052884 0.05706244248610277
0 0.6899543175330529 0.5784472318796011 0.03326210608849159 0.033618780282827526
0 0.7008881202110877 0.7304218732393705 0.022942469670222357 0.022893905639648438
0 0.2995878733121432 0.7781286973219651 0.038163405198317304 0.036785125732421875
