0 0.20656710404616135 0.35114163618821365 0.11947235694298378 0.12903666496276855
0 0.3446678014901968 0.6167351649357722 0.04466159527118389 0.04507314241849459
0 0.6034785050612229 0.2798345639155461 0.043871366060697116 0.04368283198429988
0 0.5226277204660269 0.6797617398775541 0.030072945814866286 0.029854407677283652
0 0.581842825962947 0.6906177814190204 0.01868856870211088 0.018726935753455527
0 0.6717489682711087 0.973234616793119 0.047706897442157455 0.04731882535494291
0 0.1940461305471567 0.5096178788405198 0.022484852717472956 0.022484852717472956
0 0.5662224842951848 0.31540903678307164 0.022583447969876803 0.02283470447246845
0 0.7199322627140925 0.7246309427114633 0.05812894381009615 0.05882395230806791
0 0.764553950383113 0.9503005101130559 0.018843577458308294 0.018939971923828125
0 0.5606811963594877 0.1926881900200477 0.02177766653207632 0.02196047856257512
0 0.4254144521859976 0.2878451347351074 0.026509725130521335 0.026587999784029447
0 0.3397082182077261 0.44837427139282227 0.04404882284311148 0.04408572270320012
0 0.4167232880225548 0.1735526965214656 0.0517423336322491 0.05108942435337947
0 0.17631937907292292 0.44375089498666614 0.027788602388822116 0.028107423048753005
0 0.6773868707510141 0.4121942153343788 0.020082620474008415 0.020442815927358773
0 0.4327555436354417 0.6303998506986178 0.016794204711914062 0.01672979501577524
0 0.1712472255413349 0.36394757490891677 0.021437865037184495 0.02126341599684495
0 0.5631745411799505 0.4837848956768329 0.017087349524864785 0.01719357417179988
0 0.6705448444073017 0.877694350022536 0.08794256357046273 0.08663089458759014
0 0.2960667976966271 0.04316534445835994 0.032735457787146933 0.03191268444061279
0 0.7170438032883865 0.5472916823167068 0.017595731295072116 0.0174864989060622
0 0.3485967195951022 0.7934626065767728 0.029575494619516227 0.029617896446814902
0 0.1867504486670861 0.7170906800490159 0.027143038236177884 0.027189988356370192
0 0.3123937019935021 0.46043150241558367 0.018062884990985576 0.017970451941856973
0 0.43101992973914516 0.2317019242506761 0.01724690657395583 0.017155904036301833
0 0.7794624475332407 0.05014251287166889 0.018521969134990986 0.018685478430527907
0 0.5601960695706881 0.5703942959125226 0.0756686283991887 0.07644323202279898
0 0.6807064643272986 0.872129880464994 0.0185702397273137 0.017975000234750602
0 0.27449472133929914 0.6047277450561523 0.014746372516338643 0.015051988454965444
0 0.47629444415752703 0.2350283402663011 0.01590303274301382 0.016213343693659857
0 0.5787971936739408 0.7129297990065354 0.031088902400090143 0.030633046076847956
0 0.648410650400015 0.6252608666053185 0.022182758037860576 0.022386991060697116
0 0.2975516686072716 0.650124036348783 0.028720562274639424 0.02866334181565505
0 0.7466977926400992 0.6010859562800481 0.015514667217548076 0.015216974111703726
0 0.6158282940204327 0.9073546482966497 0.018390362079326924 0.018427041860727165
0 0.741060183598445 0.34744776212252104 0.22079585148737982 0.31839590806227464
0 0.3119120964637169 0.40226452167217547 0.059481180631197415 0.059202340932992786
0 0.1748520410977877 0.4667360966022198 0.021472050593449518 0.02152699690598708
0 0.40194056584284854 0.30030256051283616 0.01784339317908654 0.017855460827167217
0 0.4921833918644832 0.29507941466111404 0.06801443833571214 0.06769187633807842
0 0.6689062852125901 0.4311629808866061 0.014868222750150241 0.014824353731595553
0 0.5531028600839468 0.08322611221900353 0.015584725600022536 0.015533832403329702
0 0.5141696929931641 0.7462679789616511 0.019797398493840143 0.020430784959059495
0 0.474521490243765 0.7005895467904898 0.026499087993915264 0.026740440955528848
0 0.4706275279705341 0.8668760886559119 0.11273142007681039 0.11758129413311298
0 0.634381367610051 0.2607206931480995 0.015077004065880409 0.015163568349984976
0 0.3762923754178561 0.9288351352398212 0.017342640803410456 0.01762536855844351
0 0.293512014242319 0.012554252376923194 0.03818431267371544 0.0240614666388585
0 0.42745263759906477 0.8769983878502479 0.02083888420691857 0.020917452298677884
0 0.5824643648587741 0.7142750666691706 0.02404623765211839 0.02448859581580529
0 0.29735788932213414 0.9803540890033429 0.014684603764460636 0.014598846435546875
0 0.5234337586622971 0.5960105749276968 0.014358227069561299 0.014181577242337741
0 0.50024597461407 0.23265941326434797 0.14757325099064753 0.15160252497746393
0 0.686675291794997 0.18671439244196966 0.027756324181189902 0.027842228229229268
0 0.24792858270498422 0.25419191213754505 0.02292915490957407 0.023030207707331732
0 0.17781457534203163 0.9197590167705829 0.03216266632080078 0.03217403705303486
0 0.36775750380295974 0.9714575547438401 0.043401277982271634 0.04318956228402945
0 0.17578506469726562 0.019857479975773737 0.03819476641141451 0.03726047735947829
0 0.38309258681077224 0.7778148651123047 0.03419010455791767 0.034429696890024036
0 0.30228350712702823 0.14479263012225813 0.021244342510516826 0.02165695337148813
