0 0.27357858877915603 0.6956306604238657 0.1568315579341008 0.1562677530141977
0 0.8157799060528095 0.39285186620859 0.062070993276742786 0.06161088209885817
0 0.5747179618248572 0.8927867595966046 0.05475279001089243 0.05484625009390024
0 0.4961653489332933 0.6658658247727615 0.06628021827110878 0.06644204946664664
0 0.4591661599966196 0.9618533207820013 0.07442811819223258 0.07043104905348557
0 0.5977527178250827 0.7050057924710788 0.06673680818997897 0.06730857262244591
0 0.2998784138606145 0.7852838956392728 0.07445951608511117 0.07509671724759616
0 0.42488699692946214 0.7919241098257211 0.047133299020620495 0.04736020014836238
0 0.7816810607910156 0.9435743185190054 0.0461116203894982 0.046094454251802884
0 0.7466773253220779 0.3650830342219426 0.029013707087590143 0.029180086576021634
0 0.5050535202026367 0.7797371790959284 0.023013188288762018 0.022823040301983174
0 0.40912701533390927 0.31638805682842547 0.021520174466646634 0.02180341573861929
0 0.40622491102952224 0.4135327705970177 0.021939497727614183 0.021786909836989183
0 0.4933911837064303 0.31694911076472354 0.024741246150090143 0.024899776165301982
0 0.8145260444054236 0.8720359802246094 0.06840779231144832 0.06847440279447116
0 0.6327568200918344 0.5802507033714881 0.024881362915039062 0.025025147658128005
0 0.5366906386155349 0.8087573418250451 0.020138373741736777 0.020283038799579326
0 0.8260824496929462 0.6509201343242939 0.033788827749399036 0.03375376187838041
0 0.8632331261268029 0.7078790664672852 0.022465632512019232 0.02238156245304988
0 0.447452948643611 0.7678006979135367 0.01785703805776743 0.017639600313626803
0 0.5171829370351938 0.713234754709097 0.027552384596604567 0.027418870192307692
0 0.8069970791156476 0.766227282010592 0.01907201913686899 0.019169440636268027
0 0.2587391779972957 0.9022621741661658 0.020208212045522835 0.020206744854266826
0 0.4708549059354342 0.46869784135084885 0.022170580350435697 0.02247333526611328
0 0.3581719765296349 0.40422553282517654 0.018503189086914062 0.01855322030874399
0 0.2917167773613563 0.9554314246544471 0.0329284301170936 0.032747708834134616
0 0.13078900483938363 0.8635953756479117 0.01957559585571289 0.021425980788010817
0 0.7523506604708158 0.4331277333773099 0.01577127896822416 0.01605811485877404
0 0.7715804760272686 0.31094529078556943 0.021930694580078125 0.021874721233661357
0 0.4562512911283053 0.5091595282921424 0.01743492713341346 0.01735679919903095
0 0.5347524789663461 0.8698056294367864 0.01655424558199369 0.016684752244215745
0 0.7159693057720478 0.6567552273090069 0.029055962195763223 0.029218233548677884
0 0.6555549915020282 0.6478572258582482 0.022364983191856973 0.022304681631234977
0 0.5312172816349909 0.6264667510986328 0.02210573049692007 0.022190387432391826
0 0.8588557610144982 0.7731734055739182 0.017857771653395433 0.017620966984675482
0 0.47378055865948016 0.9528620059673603 0.0320433103121244 0.03169162456805889
0 0.283448732816256 0.483433356651893 0.017899513244628906 0.017601893498347357
0 0.7850465040940505 0.7292179694542518 0.020237849308894232 0.02053686288686899
0 0.39352813133826625 0.4604611029991737 0.017375065730168268 0.017333544217623197
0 0.21647121356083796 0.029948862699361947 0.02079164064847506 0.0209883451461792
0 0.7205334443312424 0.6166952573336087 0.045968862680288464 0.04567909240722656
0 0.5612511268028846 0.2681594995351938 0.018529158372145433 0.01870580819936899
0 0.7984234002920297 0.28919010895949143 0.018609120295597956 0.018511845515324518
0 0.5083051094642053 0.6335372924804688 0.02174692887526292 0.021849558903620794
0 0.5608991109407865 0.798125487107497 0.033536544212928183 0.03378383929912861
0 0.5142897459176871 0.28408079880934495 0.016728547903207634 0.016982225271371696
0 0.7550396552452674 0.8584966659545898 0.020245478703425482 0.020336737999549277
0 0.5130380116976224 0.39382090935340297 0.018438412592961237 0.0183560298039363
0 0.43892706357515776 0.5944943428039551 0.02379637498121995 0.023725069486177884
0 0.6962566375732422 0.6682701110839844 0.018201681283804085 0.017936119666466348
0 0.6051332767193134 0.3165408647977389 0.023079945490910456 0.0233456538273738
0 0.28424182304969203 0.17355152276846078 0.04303128902728741 0.04419242418729342
0 0.4645432692307692 0.34062862396240234 0.015162101158728966 0.015175305880033053
0 0.29907039495614857 0.8687430161696214 0.0149534665621244 0.014931605412409855
0 0.26888416363642764 0.9871614162738507 0.04919620660635141 0.024130747868464544
0 0.17264830149137056 0.6752628913292518 0.05502862196702223 0.05600122305063101
0 0.4668590839092548 0.7337121229905349 0.01767701369065505 0.017872003408578727
0 0.506962042588454 0.1527173060637254 0.01607850881723257 0.01619744300842285
0 0.3290529984694261 0.5039184643672063 0.015905233529897835 0.01583414811354417
0 0.6140540196345403 0.7638289378239558 0.019245734581580527 0.01933009807880108
0 0.8482952117919922 0.6311469444861779 0.03556412916917067 0.03566668583796574
0 0.19972804876474234 0.199734431046706 0.14964728172008807 0.2832074532142052
0 0.4593211320730356 0.5777260706974909 0.021856307983398438 0.021730789771446817
0 0.16722888212937576 0.8622939770038311 0.03647675881019005 0.036249014047475964
0 0.2034885699932392 0.32112965217003453 0.01482706803541917 0.014898740328275241
0 0.6116410768949069 0.5946543766902044 0.01820212144118089 0.018637803884652946
0 0.2593561869401198 0.5933762697073129 0.06250121043278621 0.06248921614426833
0 0.48684486976036656 0.7379892789400541 0.019288063049316406 0.01944732666015625
0 0.7719641465407151 0.47985164935772234 0.014891844529371995 0.014751581045297476
0 0.6586272899921124 0.9900767986591046 0.0476831289438101 0.01923341017503005
0 0.49399647345909703 0.7221563779390775 0.016301595247708835 0.01634832528921274
0 0.6614721004779522 0.6227160233717698 0.020865660447340745 0.020900432880108174
0 0.49400171866783726 0.8667970070472131 0.01472641871525691 0.014469293447641226
0 0.45742427385770357 0.6368158780611478 0.0243375484759991 0.024605971116286058
0 0.42428794273963344 0.2039345227755033 0.016073960524338942 0.015935531029334433
0 0.13746235003838173 0.8975527836726263 0.03474105321443998 0.044616992657001205
0 0.29860225090613735 0.9029369354248047 0.03258169614351713 0.03343538137582632
0 0.7598828535813552 0.6381981923029973 0.03085151085486779 0.03142694326547476
0 0.3669404983520508 0.2197702847994291 0.01771684793325571 0.01776739267202524
0 0.5752948614267203 0.6274735377385066 0.01665467482346755 0.017192840576171875
0 0.3882298836341271 0.7694105001596304 0.04242134094238281 0.04185397808368389
0 0.6473412146935096 0.630610099205604 0.0175326420710637 0.017859825721153848
0 0.17622027030357948 0.9583458533653846 0.016190418830284707 0.016083643986628607
0 0.2048207979935866 0.11800995239844689 0.145201903123122 0.14705302165104792
0 0.6989765900831956 0.8280028563279372 0.015868993905874398 0.015648034902719352
0 0.38663108532245344 0.08805739879608154 0.014850249657264123 0.014878162970909705
0 0.2725792664747972 0.4912571540245643 0.016938319573035605 0.016860815194936898
0 0.6073573185847356 0.8092181865985577 0.0414882073035607 0.04039852435772236
0 0.6505534098698542 0.7243646474984976 0.035414622380183294 0.03426977304311899
0 0.31691463177020734 0.9255397503192608 0.01578675783597506 0.015855055588942308
0 0.6524141751802884 0.7202868094811072 0.014290296114408053 0.01385791485126202
0 0.5964508056640625 0.6072740921607385 0.021888879629281852 0.021555313697228067
0 0.3340627963726337 0.6022156935471755 0.018037796020507812 0.01788814251239483
0 0.47187376022338867 0.6269955268272986 0.02063641181358924 0.020290081317608174
0 0.44510430556077224 0.544676267183744 0.023598084082970254 0.02357820364145132
0 0.5907049545874963 0.15442411716167742 0.014810562133789062 0.014334678649902344
0 0.13888236192556527 0.9006949204664964 0.016587037306565505 0.01749581557053786
0 0.6109024194570688 0.8113497220552884 0.03395711458646334 0.033609830416165866
0 0.6066664182222806 0.6367039313683143 0.014382729163536659 0.014286628136268029
0 0.3766942024230957 0.9757854755108173 0.05136812650240385 0.044330596923828125
0 0.14139883334820086 0.6466576502873347 0.01750777317927434 0.017544379601111777
0 0.6430376493013822 0.6710708324725811 0.015610328087439904 0.015553107628455529
