0 0.15045828085679275 0.17257242936354417 0.22174926904531625 0.22537737626295823
0 0.08186649359189548 0.9487592256986178 0.1202546816605788 0.09915894728440505
0 0.7444983262282151 0.31308584946852464 0.21895364614633414 0.2185500951913687
0 0.8455228071946365 0.4321410839374249 0.24198532104492188 0.2368753873384916
0 0.8319206971388596 0.8992029336782602 0.052756089430588946 0.052985851581280045
0 0.9244463260357196 0.2860218561612643 0.04961659358097957 0.04991648747370793
0 0.26259209559513974 0.6252552912785456 0.08137218768780048 0.08331911380474384
0 0.8428491445688101 0.687281975379357 0.1012887221116286 0.10353939349834736
0 0.9758349932157077 0.3273479755108173 0.03174855158879207 0.048628586989182696
0 0.7221298217773438 0.2902847620157095 0.022961836594801683 0.022998516376201924
0 0.906037110548753 0.8106806828425481 0.03744712242713341 0.03722381591796875
0 0.6369134462796725 0.4961534280043382 0.02225641103891226 0.021990849421574518
0 0.8522699796236478 0.5666489967933068 0.0184018061711238 0.01849511953500601
0 0.6948027977576623 0.41176385145920974 0.03625018780048077 0.036249600923978366
0 0.8007086973923904 0.16580838423508865 0.021714137150691107 0.02185520758995643
0 0.5448020054743841 0.6929136422964243 0.021802755502554085 0.02182931166428786
0 0.023684024810791016 0.09854648663447453 0.02321032377389761 0.02336008732135479
0 0.12564637110783503 0.704720350412222 0.020656879131610576 0.020894710834209736
0 0.22369305904094988 0.576233643751878 0.021294887249286357 0.021181546724759616
0 0.6373489086444561 0.7612022986778846 0.027128953200120192 0.02716211172250601
0 0.8447250219491812 0.44339473430926984 0.021584144005408652 0.021784195533165567
0 0.6734289756188025 0.604701408973107 0.0694894057053786 0.06955249492938702
0 0.9586378244253305 0.1167446283193735 0.03317876962515024 0.03321280846228966
0 0.34349709290724534 0.010521556322391216 0.02556441380427434 0.01905803497021015
0 0.44553551307091344 0.879762209378756 0.02923099811260517 0.02912169236403245
0 0.6077035023615911 0.7134199876051682 0.028514715341421273 0.028485811673677884
0 0.6938941662128155 0.6793152735783503 0.0272064208984375 0.027478438157301683
0 0.22162519968472993 0.5980255420391376 0.017228456643911507 0.01728505354661208
0 0.38686062739445615 0.1583710817190317 0.017657646766075723 0.017663011184105508
0 0.6309626652644231 0.2811439587519719 0.047485094804030195 0.04763346451979417
0 0.7790621977586013 0.39888866131122297 0.059398797842172474 0.059474798349233776
0 0.4681715965270996 0.9730295768150916 0.10163629972017728 0.05134905301607572
0 0.5448687993563138 0.6417168837327224 0.019218958341158353 0.01945319542518029
0 0.7581319075364333 0.5376140154325045 0.0635538834791917 0.0643017108623798
0 0.8992115901066706 0.8808626028207632 0.04328419612004207 0.04360683147723858
0 0.10139947671156663 0.36839232077965367 0.020949803865872897 0.021291659428523138
0 0.7411852616530198 0.7873944502610427 0.053825084979717545 0.05337993915264423
0 0.1466066103715163 0.7583735539362981 0.01995060994074895 0.020024519700270433
0 0.863042244544396 0.468320553119366 0.019008783193734977 0.019223433274489183
0 0.34493017196655273 0.07720353970160851 0.028177628150353067 0.028298066212580755
0 0.8748560685377854 0.5945546443645771 0.05134024986853966 0.051508316626915567
0 0.6380915274986854 0.6171420904306265 0.0794817117544321 0.07993727463942307
0 0.9750602428729718 0.5797109237084022 0.025343674879807692 0.025536243732158955
0 0.8714254819429837 0.49265758807842547 0.01731740511380709 0.01718308375431941
0 0.6202504084660456 0.1455056483928974 0.017788263467641976 0.01754470971914438
0 0.8688905422504132 0.9090385437011719 0.016516612126277044 0.016555199256310098
0 0.2889521305377667 0.02611514008962191 0.017313223618727464 0.017507300927088812
0 0.678898444542518 0.8647088270920974 0.018192291259765625 0.018290886512169473
0 0.5143728989821214 0.42369868205143857 0.02917319077711839 0.029497880202073317
0 0.800815435556265 0.5542752559368427 0.025982783390925482 0.02633945758526142
0 0.6638655295738807 0.20327560718242937 0.03961460406963642 0.03934464087853065
0 0.46103858947753906 0.32720232009887695 0.02280293978177584 0.02278790107140174
0 0.9026385087233323 0.637761116027832 0.02312043996957632 0.023102686955378607
0 0.7382149329552283 0.2420805784372183 0.034734139075646035 0.03398044292743389
0 0.6223972760714017 0.2164331582876352 0.03369566110464243 0.032932978409987226
0 0.5756001472473145 0.496946591597337 0.017602920532226562 0.017537263723520134
0 0.8330826392540565 0.9803619384765625 0.018847245436448317 0.019017439622145433
0 0.8392417614276593 0.7342589451716497 0.03092809823843149 0.030622042142427884
0 0.5584233357356145 0.7054813091571515 0.015286812415489784 0.015489724966195913
0 0.5801852299616888 0.30100345611572266 0.023635717538686898 0.023538736196664665
0 0.9392757415771484 0.34160294899573695 0.020092890812800482 0.019991507897010215
0 0.4805281712458684 0.3587810809795673 0.01993876237135667 0.019974928635817308
0 0.8171437336848333 0.24558195701012245 0.0264889643742488 0.026667448190542366
0 0.24945570872380182 0.8972699091984675 0.01628450246957632 0.016205420860877402
0 0.5923113456139197 0.2699386523320125 0.023726830115685098 0.02400544973520132
0 0.32622454716609073 0.08974566826453576 0.01744666466346154 0.017152859614445612
0 0.36338120240431565 0.8719701033372146 0.042629315302922174 0.04216839716984676
0 0.6869046137883112 0.895773300757775 0.029422173133263223 0.030007289006159857
0 0.11456608772277832 0.6029521135183481 0.016888765188363884 0.017271775465745192
0 0.636383056640625 0.5154922558711126 0.014557471642127404 0.014378621028019832
0 0.8135661345261794 0.04601736252124493 0.03328792865459736 0.03289609459730295
0 0.8480194531954252 0.06552983705814068 0.029369941124549277 0.029158161236689642
0 0.48195486802321214 0.737666863661546 0.025040259728064902 0.02474212646484375
0 0.8946897800152118 0.6257696885329026 0.019881321833683893 0.020066187931941107
0 0.6087136635413537 0.9616806323711689 0.01639102055476262 0.016126192533052884
0 0.3014845848083496 0.47135411776029146 0.1042330081646259 0.1014543680044321
0 0.5106006769033579 0.37694542224590594 0.05113704387958233 0.05084808056171124
0 0.1627807983985314 0.4942935430086576 0.028525783465458796 0.027991808377779447
0 0.7526604579045222 0.7704232289240911 0.026866325965294473 0.026781669029822715
0 0.4869234745319073 0.7594911135160006 0.017775242145244893 0.017771500807542067
0 0.9402872965886042 0.6051384485684909 0.02250055166391226 0.02312916975754958
0 0.4563187085665189 0.9249003483698919 0.013606438269981971 0.013575187096228966
0 0.6154064031747671 0.34158589289738583 0.06500787001389724 0.06470196063701923
0 0.7868787325345553 0.6940501286433294 0.021660437950721152 0.021952995887169473
0 0.31431025725144607 0.028459140887627236 0.02271410135122446 0.022782234045175407
0 0.6393906519963191 0.93718748826247 0.04759935232309195 0.04712765033428486
0 0.2501082970545842 0.15434028552128717 0.016366078303410456 0.016585606795090895
0 0.19060864815345177 0.41844287285437953 0.02523656991811899 0.025666456956129808
0 0.39193171721238357 0.8362347529484675 0.03671697469858023 0.0369573739858774
0 0.779084719144381 0.5275129171518179 0.018289712759164665 0.018107781043419473
0 0.7567597902738131 0.3260750403771034 0.015186603252704326 0.01519305889423077
0 0.9196906456580529 0.7133899101844201 0.02640386728140024 0.026659598717322715
0 0.5401003177349384 0.8966569166917068 0.015404481154221755 0.015537702120267428
0 0.7689680686363807 0.8463962995089017 0.023215513962965745 0.023720667912409857
0 0.7406919919527494 0.9658083548912635 0.016929039588341348 0.017237003032977764
0 0.5221484991220328 0.4801331300001878 0.03516879448523888 0.034075223482572116
0 0.9330249199500451 0.552639887883113 0.016058701735276442 0.016200872567983773
0 0.23855931942279524 0.06276030265367948 0.016175233400785007 0.016518592834472656
0 0.49433231353759766 0.822715685917781 0.020034936758188102 0.020174026489257812
0 0.17655324935913086 0.7815570831298828 0.015324959388146034 0.0153199709378756
0 0.6283877446101263 0.9802598219651443 0.040649707500751205 0.03507584791917067
0 0.3245553236741286 0.10799099848820613 0.020820104158841647 0.021411602313701924
0 0.9027875019953802 0.19367482112004206 0.02350440392127404 0.0231323975783128
0 0.09941533895639273 0.5838884573716384 0.01455068588256836 0.01452776101919321
0 0.593593927530142 0.03183657160172096 0.01662276341364934 0.016748873087076042
0 0.41375438983623797 0.14249968528747559 0.015085513775165264 0.015412367307222806
0 0.7897332264826848 0.13134865577404314 0.23389112032376802 0.2206761103409987
0 0.25882673263549805 0.7235745650071365 0.016477511479304388 0.016827950110802285
0 0.5661574143629807 0.5413488974938025 0.025473961463341348 0.025414686936598558
0 0.7577495574951172 0.9895918185894306 0.03101202157827524 0.019195116483248197
0 0.683633070725661 0.5432241146381085 0.041515350341796875 0.041693614079402044
0 0.46311180408184344 0.3259750512930063 0.02735269986666166 0.027425619272085335
0 0.8694211519681491 0.2162142166724572 0.019429133488581732 0.019374553973858174
0 0.06939579431827252 0.049297442803016074 0.12489781929896428 0.09671469835134652
0 0.7641028624314529 0.8425548260028546 0.034707142756535456 0.03373982356144832
0 0.7210812201866736 0.637631709759052 0.044212634746844955 0.04568936274601863
0 0.69074219923753 0.8324005420391376 0.01589232224684495 0.01626440194936899
0 0.9794961489163913 0.18022628930898812 0.015581571138822116 0.01576097194965069
0 0.6692580443162185 0.8012966009286734 0.014520204984224759 0.014553363506610576
0 0.6467804541954627 0.8199386596679688 0.022231468787560098 0.0224148676945613
0 0.04983477867566622 0.28634936992938703 0.08584509446070744 0.1809217012845553
0 0.9222563230074369 0.7144414461576022 0.020869621863731973 0.021214411808894232
0 0.7667686755840595 0.6511195989755484 0.027325556828425482 0.02752069326547476
0 0.26485408269442046 0.22535199385422927 0.022164381467379056 0.022028629596416768
0 0.6005702385535607 0.9690739558293269 0.015434705294095553 0.015069814828725962
0 0.11141858651087834 0.4233357356144832 0.021489785267756537 0.021464714637169473
0 0.9199441029475286 0.20814040990976188 0.01818246107835036 0.01841937578641451
0 0.8012142181396484 0.19600714170015776 0.016772930438701924 0.016797212453988884
0 0.9176346705510066 0.949336785536546 0.04324062053973858 0.04420001690204327
0 0.4044631811288687 0.19949544393099272 0.015131143423227163 0.01545403553889348
