0 0.34474827693058896 0.10632867079514724 0.050024179311899036 0.04999982393704928
0 0.4464139938354492 0.08107442122239333 0.051264396080603965 0.051464773141420804
0 0.23995157388540414 0.7953906426062951 0.04025745391845703 0.04000649085411659
0 0.8067848499004657 0.45495928250826323 0.03170321537898137 0.03147741464468149
0 0.4932615573589618 0.49202170738807094 0.044814036442683294 0.04501753586989183
0 0.12376368962801419 0.24916525987478402 0.03267203844510592 0.0326838493347168
0 0.9013673342191256 0.46830258002647984 0.02320436330942007 0.023277135995718148
0 0.6603361276479868 0.7280721664428711 0.03557381263146034 0.03543252211350661
0 0.9052732907808744 0.5793012472299429 0.03322513286884014 0.04095869797926683
0 0.8503255844116211 0.971985596876878 0.0362396240234375 0.0359197763296274
0 0.3009929106785701 0.34169747279240537 0.05076015912569486 0.050904494065504804
0 0.2674321944896991 0.5632611788236178 0.024419601146991435 0.02450869633601262
0 0.8605935023381159 0.056849186237041764 0.03159537682166466 0.03169971245985765
0 0.8800549140343299 0.4266182826115535 0.027686485877403848 0.027597720806415264
0 0.4380629612849309 0.39307865729698765 0.022582567655123197 0.022656000577486478
0 0.7762598624596229 0.48389038672814 0.01954826941856971 0.01964393028846154
0 0.7048694170438327 0.4679151681753305 0.02547586881197416 0.02559808584359976
0 0.6601800184983474 0.43961440599881685 0.027110466590294473 0.027105111342210036
0 0.4606194496154785 0.29197487464317906 0.03091775454007662 0.030857379619891826
0 0.5818531329815204 0.8764631564800556 0.018595108619103067 0.01828604478102464
0 0.8994984259972205 0.02178180905488821 0.043516305776742786 0.04090269253804134
0 0.722377923818735 0.7250040494478666 0.020090103149414062 0.020110497107872598
0 0.09410340969379132 0.17678965055025542 0.020888401911808893 0.020622693575345553
0 0.5071064508878268 0.02419933218222398 0.022205866300142728 0.022485022361461934
0 0.2978040621830867 0.686030754676232 0.02442594674917368 0.02431458693284255
0 0.20765860264117902 0.8326914860652044 0.02040874041043795 0.02040892380934495
0 0.3638854760390062 0.7570299001840445 0.028305787306565505 0.02833410409780649
0 0.520850841815655 0.7204357293935922 0.024855980506310098 0.024901463435246393
0 0.6949997681837815 0.3866294347322904 0.020270127516526442 0.020448758051945612
0 0.24933925041785607 0.7066547687237079 0.021163426912747897 0.021117577185997598
0 0.517031192779541 0.07048676105645987 0.017065708453838643 0.017300614943871133
0 0.09433601452754094 0.13624593844780555 0.01999517587515024 0.019850859275230996
0 0.4183825712937575 0.5674870931185209 0.018719966594989482 0.018550285926231973
0 0.14921369002415583 0.5995670465322641 0.026884940954355094 0.026783282940204326
0 0.6649657029371995 0.3509770173292894 0.019412407508263223 0.019577466524564303
0 0.4096919573270358 0.5338895504291241 0.02048176985520583 0.020731192368727464
0 0.5859067256634052 0.06619535501186664 0.02049680856557993 0.020718583693871133
0 0.43007245430579555 0.5407400864821214 0.025075325599083535 0.02494393862210787
0 0.8765867673433744 0.8880018087533804 0.019344036395733174 0.019583482008713942
0 0.4750232696533203 0.037081470856299766 0.031179281381460335 0.03120920291313758
0 0.5413865309495193 0.47110403501070464 0.017743624173677884 0.017810528094951924
0 0.9033605135404147 0.49764548815213716 0.016488001896784857 0.01645513681265024
0 0.5555142989525428 0.2645275959601769 0.020457927997295674 0.020687066591702975
0 0.4511141043442946 0.013546441610042866 0.021671148446890023 0.021847188472747803
0 0.7518621591421274 0.367919188279372 0.014991173377403846 0.015089328472430889
0 0.5415099217341497 0.5392053310687726 0.019641729501577523 0.019516137930063102
0 0.7637381920447717 0.5013292752779447 0.018675584059495192 0.018366373502291165
0 0.4424736683185284 0.031137824058532715 0.021891007056603067 0.022025832763085
0 0.38851099747877854 0.5664501923781174 0.017671878521259014 0.017737608689528245
0 0.538474596463717 0.12973682697002703 0.019977569580078125 0.020084252724280723
0 0.8721318611731896 0.575176899249737 0.016025249774639424 0.01602458953857422
0 0.5284354136540339 0.8353961797860953 0.023172525259164665 0.02317384573129507
0 0.7564974564772385 0.775725584763747 0.016036840585561898 0.015911102294921875
0 0.7425088882446289 0.4936389923095703 0.016744320209209736 0.017032329852764424
0 0.12184482354384202 0.9579067230224609 0.014697515047513522 0.014950385460486779
0 0.5408254036536584 0.8904408674973708 0.026067000169020433 0.026242769681490384
0 0.6006501637972318 0.47301307091346156 0.01723935053898738 0.017213968130258415
0 0.6089572172898513 0.6137325213505671 0.015170757587139424 0.01542348128098708
0 0.6435391352726862 0.39488983154296875 0.015836568979116585 0.015817642211914062
0 0.17035885957571176 0.6488858736478366 0.015705658839299128 0.016062809870793268
0 0.6825439012967623 0.8442881657527044 0.01695090073805589 0.016806969275841348
0 0.763104878939115 0.4396657943725586 0.015334349412184495 0.01538834205040565
0 0.16483352734492376 0.357694515815148 0.015070071587195763 0.015075390155498799
0 0.6582565307617188 0.24749183654785156 0.01790472177358774 0.018140646127554085
0 0.8342116429255559 0.9117506467379056 0.02011724618765024 0.020054450401893027
0 0.48082953232985276 0.7382414891169622 0.018685120802659255 0.018688495342548076
0 0.14348452824812669 0.9572846339299128 0.014431164814875675 0.014152233417217549
0 0.6838381840632513 0.3561259049635667 0.015713911790114183 0.015440574059119591
0 0.6305988018329327 0.2577686126415546 0.015690143291766826 0.015689262977013223
0 0.33016619315514195 0.9110603332519531 0.025254176213191107 0.025685823880709134
0 0.23095354667076698 0.016828816670637865 0.018058043259840745 0.017818267528827373
0 0.6136938975407527 0.8675790199866662 0.01511089618389423 0.01540066645695613
0 0.8135658410879282 0.970980717585637 0.028223037719726562 0.028649256779597357
0 0.5198742059560922 0.8790945639977088 0.016206007737379808 0.016225814819335938
0 0.10772033838125375 0.6055134259737455 0.0442810425391564 0.0434869619516226
0 0.28650485552274263 0.44421878227820766 0.018527104304387018 0.018619463993952826
0 0.25392308601966274 0.3518969462468074 0.01483902564415565 0.014754515427809495
0 0.9113063812255859 0.5347421352679913 0.018057603102463942 0.017722349900465745
0 0.6296771856454703 0.05182642203110915 0.015369121844951924 0.015626558890709512
0 0.8180588208712064 0.6458854675292969 0.03706198472243089 0.036749619704026446
0 0.6423161580012395 0.039399371697352484 0.02110745356633113 0.021126279464134805
0 0.11237698334913987 0.5010676383972168 0.023052050517155573 0.022682630098783053
0 0.8270232860858624 0.17583803030160758 0.01654845017653245 0.016632593595064603
0 0.7333604372464694 0.4816991365872897 0.015490898719200721 0.015419446505033053
0 0.7995602534367487 0.4128837585449219 0.014738523043118991 0.01469127948467548
0 0.630409680880033 0.6292178814227765 0.016118269700270433 0.016423152043269232
0 0.2910138827103835 0.9149403205284705 0.027338504791259766 0.027618261483999398
0 0.15426411995520958 0.6524812258206881 0.01616217539860652 0.015975365271935098
0 0.09898050014789288 0.23884637539203352 0.014889130225548377 0.014950092022235576
0 0.5383384411151593 0.076537719139686 0.017319752619816706 0.01711436418386606
0 0.9169474381666917 0.5167493086594802 0.010932628925030049 0.01556990696833684
0 0.6507117931659405 0.5598280613238995 0.014058186457707332 0.014182017399714543
0 0.7468693072979267 0.5293465761037973 0.01674828162560096 0.01666604555570162
0 0.5085962735689603 0.22905665177565354 0.018149889432466947 0.01788751895611103
0 0.46820427821232724 0.5081828924325796 0.016226695134089544 0.01608423086313101
0 0.21901138012225813 0.9589339036207932 0.014003386864295373 0.013954896193284255
0 0.6333859517024114 0.07304783050830548 0.014946277324969951 0.015370955834021935
0 0.612621967609112 0.44740156026986927 0.0171206547663762 0.017443216764009915
0 0.13601956000694862 0.15044360894423264 0.016363107241117038 0.016339558821458083
0 0.7952409157386193 0.5760018275334284 0.014479563786433293 0.014631418081430288
0 0.16595018826998198 0.5419706931480994 0.02623147230881911 0.02651493365948017
0 0.4440631866455078 0.03340010459606464 0.026505690354567308 0.02617464615748479
0 0.6254168290358323 0.9787599123441256 0.016053126408503607 0.01604314950796274
