0 0.5382267878605769 0.45688493435199445 0.04483384352463942 0.044179402864896335
0 0.40056573427640474 0.6324112965510442 0.03462556692270132 0.03457157428448017
0 0.4214663872352013 0.6901255387526292 0.05428666334885817 0.05443426278921274
0 0.5229423229510968 0.5524594233586237 0.04035172095665565 0.040076035719651446
0 0.44845030857966495 0.5994133582481971 0.019584802480844352 0.019670633169320915
0 0.5618596076965332 0.400852240048922 0.030444952157827523 0.030412600590632513
0 0.5352079684917743 0.6707515716552734 0.03844011746920072 0.03818365243765024
0 0.5489252530611478 0.27589937356802136 0.020369749802809495 0.020332483144906852
0 0.4990153679480919 0.459293768956111 0.03169397207406851 0.031488858736478366
0 0.5333331915048453 0.9719084226168119 0.06728333693284255 0.04755871112530048
0 0.35715400255643404 0.8266961024357722 0.025377787076509915 0.025578718919020433
0 0.45473348177396333 0.6483346498929538 0.03228495671198918 0.03211696331317608
0 0.38977843064528245 0.6088250967172476 0.025470807002140924 0.025706071120042067
0 0.32167856509868914 0.8690954355093149 0.02109843034010667 0.02094122079702524
0 0.5374148808992826 0.7704730400672326 0.03955532954289363 0.039694565993088946
0 0.5904109294597919 0.16852785990788385 0.018819148723895732 0.019177363469050482
0 0.668465100801908 0.16598932559673601 0.018182020920973558 0.01830269740178035
0 0.48705357771653396 0.5586619743934045 0.019298553466796875 0.019178390502929688
0 0.5418632213885968 0.8075560056246244 0.04061258756197416 0.040101271409254804
0 0.6171927818885217 0.5855137751652644 0.025452870589036208 0.02546083010160006
0 0.4694646688608023 0.25818450634296125 0.019916534423828125 0.019939422607421875
0 0.4904744074894832 0.7818855872521033 0.028891783494215745 0.028896478506234977
0 0.35473064275888294 0.6069937485914964 0.0168916995708759 0.017047295203575723
0 0.3102044692406288 0.024014145135879517 0.026030247028057393 0.02588541232622587
0 0.6506930131178635 0.8884724837083083 0.017100994403545674 0.017186531653771035
0 0.5763942645146296 0.7416037045992337 0.02687828357403095 0.02696814903846154
0 0.5353752282949594 0.06584755732462956 0.028058565579927884 0.027543150461637057
0 0.5906389309809759 0.9464875734769381 0.08982225564809945 0.09001423762394832
0 0.6653324273916391 0.44484497950627255 0.039523931650015026 0.039098299466646634
0 0.3117074232835036 0.5836638670701247 0.04089867151700533 0.05077721522404598
0 0.5669417748084435 0.845211909367488 0.02835875291090745 0.028279671302208535
0 0.37435340881347656 0.2504528852609488 0.016525708712064303 0.016329838679387018
0 0.5070748695960412 0.4210758942824144 0.030970133267916165 0.030759664682241585
0 0.6377545870267428 0.7185272803673377 0.02431341317983774 0.023879858163686898
0 0.5489600988534781 0.6479577284592849 0.015627200786884014 0.01597727262056791
0 0.48170676598182094 0.511832750760592 0.02697152357835036 0.026861044076772835
0 0.454288702744704 0.8936782983633188 0.015103633587176982 0.015048687274639424
0 0.5285576306856595 0.632315782400278 0.01626733633188101 0.01612516549917368
0 0.3208442834707407 0.8504860951350286 0.01968728579007662 0.01931337209848257
0 0.5988412270179162 0.25856186793400693 0.01713400620680589 0.017186531653771035
0 0.3484382629394531 0.25226354598999023 0.01489565922663762 0.014869763300969051
0 0.5666986978971041 0.08318679149334247 0.018678004925067607 0.01828626485971304
0 0.6005449295043945 0.10286663128779484 0.015272140502929688 0.015261686765230618
0 0.3731500185452975 0.010216829868463369 0.024134415846604567 0.018935795013721172
0 0.6649231543907752 0.7841933323786809 0.024507669302133415 0.02467214144193209
0 0.6614528069129357 0.2384215501638559 0.017244485708383415 0.017199002779447116
0 0.5829942409808819 0.3903861412635216 0.015728877140925482 0.015896136944110576
0 0.3260498780470628 0.6088541471041166 0.02520619905911959 0.02615635211651142
0 0.41192150115966797 0.6004637938279372 0.01653737288254958 0.01681826664851262
0 0.45969148782583386 0.9065186427189753 0.0666200197660006 0.06802089397723858
0 0.29860247098482573 0.4004846719595102 0.016124651982234076 0.01661344674917368
0 0.6682012998140775 0.05606144666671753 0.014710352971003605 0.014699431566091685
0 0.7019317333514874 0.23321988032414362 0.01807066110464243 0.017754041231595553
0 0.5187014799851638 0.13419494262108436 0.016834772550142728 0.016978373894324668
0 0.5883471415593073 0.41180119147667515 0.015314689049353966 0.01564451364370493
0 0.35485575749323917 0.7861087505634015 0.021355922405536357 0.02148261437049279
0 0.5489381643442007 0.7021598815917969 0.016545809232271634 0.01651147695688101
0 0.40352527911846453 0.8889144017146184 0.0198666499211238 0.02026822016789363
0 0.4101276397705078 0.19115055524385893 0.015553841224083534 0.015845262087308444
0 0.41553746736966646 0.9356030684251052 0.04676187955416166 0.04662645780123197
0 0.6847845957829402 0.6148950870220478 0.018181727482722357 0.01801901597243089
0 0.6416530609130859 0.41245306455172026 0.0153350830078125 0.015126595130333534
0 0.5563250688406137 0.25657496085533726 0.02118822244497446 0.020934104919433594
0 0.597724987910344 0.17943785740778997 0.018399165226862982 0.018367877373328574
0 0.6583457359900842 0.4073304029611441 0.016324556790865384 0.01647487053504357
0 0.6023470805241511 0.7416620254516602 0.015846105722280648 0.01582483144906851
0 0.3226048396183894 0.8055031116192157 0.014052317692683293 0.014309956477238582
0 0.3218501897958609 0.009077440087611858 0.017945509690504808 0.015940762483156644
0 0.36021995544433594 0.7563982743483323 0.01743287306565505 0.01715997549203726
0 0.47892698874840367 0.5853851024921124 0.017206118657038763 0.01716166276198167
0 0.4637130590585562 0.8401934550358698 0.016663771409254808 0.016720698429987982
0 0.2986804705399733 0.2882688962496244 0.014702980334942158 0.01465298579289363
0 0.3857387396005484 0.4472915209256686 0.07502805269681491 0.0727390876183143
0 0.49173978658822864 0.7592668533325195 0.017332810621995192 0.017255783081054688
0 0.3239640455979567 0.23072994672335112 0.019615613497220553 0.019152017740102913
0 0.5514597525963416 0.09911526166475736 0.015208024245042067 0.014913724018977238
0 0.6857277796818659 0.642556410569411 0.015874569232647236 0.015602405254657451
0 0.4610589834359976 0.8490217649019681 0.015682293818547174 0.015845665564903848
0 0.5186986189622146 0.430692746089055 0.019530809842623197 0.019910518939678486
0 0.4439849119919997 0.875897480891301 0.014029356149526743 0.014367910531850962
0 0.64226561326247 0.9688348036545974 0.023215073805588942 0.023418133075420674
0 0.5239260746882513 0.5805585567767804 0.01689001230093149 0.016978924091045674
0 0.4623101307795598 0.8436217674842248 0.018047186044546273 0.018517714280348558
0 0.4397446559025691 0.012963299567882832 0.03422252948467548 0.025679945945739746
