0 0.4411171399630033 0.8104016964252179 0.07010621290940505 0.0710001725416917
0 0.6948139484112079 0.45169870670025164 0.09285178551307091 0.09392797029935397
0 0.32289732419527495 0.4973176075862004 0.0419317392202524 0.042002384479229264
0 0.7184934616088867 0.5092814518855169 0.050517889169546276 0.05017808767465445
0 0.40277671813964844 0.14577176020695612 0.04681073702298678 0.04628669298612154
0 0.27258641903217024 0.31874656677246094 0.06402096381554237 0.06404421879695012
0 0.6568786914532001 0.7593917846679688 0.0576788095327524 0.0577856210561899
0 0.38533915006197417 0.4999081538273738 0.03667391263521635 0.03641964839054988
0 0.4415891353900616 0.4282373281625601 0.028965143057016227 0.02918375455416166
0 0.5046120423537034 0.9276758340688852 0.05981592031625601 0.06048906766451322
0 0.2458966695345365 0.14155013744647688 0.04002050253061148 0.040197005638709433
0 0.6480084932767428 0.8054494124192458 0.02448125985952524 0.02461066612830529
0 0.6507974771352915 0.39580777975229114 0.023451585036057692 0.023526118351862982
0 0.509600565983699 0.7057704925537109 0.04143039996807392 0.041444044846754804
0 0.2565915034367488 0.9240220876840445 0.06891158910898063 0.06994379483736478
0 0.24015426635742188 0.27295706822321963 0.018193905170147236 0.018306952256422777
0 0.555298218360314 0.18364882469177246 0.05197569040151743 0.05151517574603741
0 0.6615389310396634 0.16971723849956805 0.020796555739182692 0.02074263646052434
0 0.4621546818659856 0.14527033842526949 0.03393129202035757 0.034095012224637546
0 0.23275265326866737 0.5339731803307166 0.04500741225022536 0.04449176788330078
0 0.37856399095975435 0.04581602720113901 0.04333950923039363 0.043293421085064225
0 0.5241648233853854 0.28180885314941406 0.020576330331655648 0.020748725304236777
0 0.6953760293813852 0.8911542158860427 0.030738243689903848 0.03054193349984976
0 0.7264852523803711 0.9697736593393179 0.019931499774639424 0.020069709190955527
0 0.2694725256699782 0.36640570713923526 0.018416184645432692 0.018443474402794473
0 0.24260752017681414 0.37349678919865537 0.018880183880145732 0.01875583942119892
0 0.6014321400569036 0.4045443901648888 0.01918968787560096 0.019310437715970553
0 0.4402202092684232 0.9177709726186899 0.0275572996873122 0.027612832876352165
0 0.48747583536001354 0.6654936717106745 0.02565149160531851 0.02576578580416166
0 0.22196722030639648 0.44078471110417294 0.01790728935828576 0.01784038543701172
0 0.3840456008911133 0.43314412923959583 0.018387574415940505 0.01850260221041166
0 0.594544007227971 0.5411212260906513 0.03141865363487831 0.03141381190373348
0 0.7389011383056641 0.9091726449819711 0.017510194044846755 0.017691538884089544
0 0.3189598230215219 0.15302845147939828 0.020662894615760215 0.02074289321899414
0 0.2577641560481145 0.9779880963839017 0.022528721736027643 0.022448319655198317
0 0.38665470710167515 0.011181438198456397 0.018292060265174277 0.017958249037082378
0 0.6600173069880559 0.9900142963115985 0.026236900916466348 0.017991286057692308
0 0.7579954587496244 0.4224892762991098 0.016948406512920674 0.017067322364220254
0 0.2954432780926044 0.11483323574066162 0.01626447530893179 0.016555180916419394
0 0.45563958241389346 0.4127952869121845 0.017582086416391227 0.017743037297175482
0 0.30600846730745757 0.8958625059861404 0.03802053744976337 0.037677764892578125
0 0.23512919132526106 0.058608733690702 0.015374477093036357 0.015322135044978214
0 0.547970331632174 0.5819269327016977 0.020495781531700723 0.02050634530874399
0 0.30586686501136195 0.0213357164309575 0.016673968388484076 0.016707733273506165
0 0.5417050214914175 0.5282229643601638 0.019653760469876803 0.01973298879770132
0 0.4522627316988431 0.937817646906926 0.023752946120042067 0.023719054002028245
0 0.1892080307006836 0.7271694770226111 0.015649758852445163 0.016466434185321514
0 0.20038296626164362 0.12053120136260986 0.017603434049166165 0.017468085655799277
0 0.5618709417489859 0.6585162236140325 0.01620057912973257 0.016117095947265625
0 0.3659214239854079 0.25285478738638073 0.015623092651367188 0.015626944028414212
0 0.27968388337355393 0.06119404389308049 0.026705081646259014 0.02701742832477276
0 0.34541584895207333 0.9764787233792819 0.029505803034855768 0.0296783447265625
0 0.6215370618380033 0.6689376831054688 0.015619277954101562 0.015892909123347357
0 0.3246159186730018 0.862426024216872 0.015532860389122596 0.015661092904897835
0 0.6622170668381911 0.95903990818904 0.0213775634765625 0.02137624300443209
0 0.7507784916804388 0.8693936421320989 0.016193096454326924 0.016403638399564303
0 0.5975191409771259 0.4485461161686824 0.014877245976374699 0.01513965313251202
0 0.6880893707275391 0.9295077690711389 0.018181580763596755 0.018170576829176683
0 0.3316415273226224 0.1954787694490873 0.07892285860501803 0.07922172546386719
0 0.22459250230055589 0.5557299393873948 0.014736065497765174 0.014781805185171274
0 0.47720630352313703 0.46365198722252476 0.017890123220590446 0.01790728935828576
0 0.4250846275916466 0.09003762098459098 0.015459427466759315 0.01539908922635592
0 0.6117385717538687 0.9630142358633188 0.015212425818810096 0.015072162334735576
0 0.3456271978525015 0.3443293938269982 0.015549146212064303 0.015571887676532451
0 0.7242221098679763 0.785748555110051 0.015103706946739784 0.015252333420973558
0 0.6283652965839093 0.21612933965829703 0.014078433697040264 0.013962525587815505
0 0.6769552964430589 0.28059449562659633 0.017190052912785456 0.017534476060133714
0 0.22359246474045974 0.355221858391395 0.014683283292330228 0.014809608459472656
0 0.5848963077251728 0.6511266414935772 0.01566659487210787 0.015599324153019832
0 0.3486148760868953 0.935406758235051 0.020676539494441107 0.020655118502103366
0 0.755890626173753 0.16197952857384315 0.05972759540264423 0.059197490031902604
0 0.7251071196336013 0.8797245025634766 0.014955960787259616 0.01472003643329327
0 0.31759247413048375 0.9201255211463342 0.018900357759915866 0.01894041208120493
0 0.4108755038334773 0.4095178750845102 0.017493688143216647 0.01766806382399339
0 0.5492675487811749 0.33521322103647083 0.014602220975435697 0.014703603891225962
0 0.2097320373241718 0.3165906759408804 0.023309010725754958 0.02323456910940317
0 0.2522741464468149 0.0910033262692965 0.01726708045372596 0.01728685085590069
0 0.5022857372577374 0.8142843980055589 0.03933979914738582 0.040769723745492786
0 0.6730409768911508 0.36521647526667667 0.04616898756760817 0.04659256568321815
0 0.6112337846022385 0.38863842303936297 0.035166226900540866 0.03577907268817608
0 0.2872166633605957 0.974670776954064 0.062207515423114486 0.04594259995680589
0 0.5641511036799505 0.7021762407743014 0.04511070251464844 0.0456999265230619
0 0.3412547478309044 0.2647647490868202 0.03871360191932091 0.038297873276930586
0 0.5648839657123272 0.7612808667696439 0.01551958230825571 0.015705255361703727
0 0.5894437936636118 0.35759793795072115 0.04100359403170072 0.04131097059983473
0 0.6307026789738581 0.4019367511455829 0.014858245849609375 0.014592904310960036
0 0.5786557931166428 0.9654751557570237 0.025751480689415567 0.026090181790865384
0 0.6874489417442908 0.8540856288029597 0.021830632136418268 0.021663665771484375
0 0.27323407393235427 0.026582520741682786 0.015486203707181491 0.01546461650958428
0 0.7302645169771634 0.1039877671461839 0.014280759371243991 0.014315385084885817
0 0.5552804653461163 0.9710705096905048 0.023584365844726562 0.023738861083984375
0 0.6247750062208909 0.8374467996450571 0.016756204458383415 0.01684702359713041
0 0.3708265744722806 0.15976320780240572 0.020256482637845553 0.020405916067270134
0 0.33408135634202224 0.21591835755568284 0.060903384135319635 0.05922992412860577
0 0.5600628852844238 0.37517474247859073 0.05434857881986178 0.05355497506948618
0 0.6328278321486253 0.28290777940016526 0.014221925001878005 0.014153040372408353
