0 0.686375984778771 0.4831734804006723 0.12067677424504207 0.1469747103177584
0 0.6978918955876277 0.6107826232910156 0.08256031916691707 0.08272171020507812
0 0.6898080385648288 0.16327918492830718 0.10918103731595553 0.12184564883892353
0 0.6789185450627253 0.9321000025822566 0.06361242441030648 0.06459823021521935
0 0.6390253213735727 0.9726896286010742 0.04434702946589543 0.04432135361891527
0 0.628196276151217 0.9281776134784405 0.057701404278094955 0.057550870455228366
0 0.4664203937237079 0.7420266958383414 0.06376457214355469 0.06423143240121695
0 0.7271308898925781 0.8456013752863958 0.048507396991436295 0.07877599276029147
0 0.7079552870530349 0.06394868172132052 0.04603928786057692 0.04663239075587346
0 0.48815155029296875 0.9840497970581055 0.02348951193002554 0.023543871366060697
0 0.5852736693162185 0.9347829818725586 0.029623911930964544 0.029644599327674277
0 0.6079096427330604 0.7171622056227464 0.03398411090557392 0.03389739990234375
0 0.3041832997248723 0.7372033045842097 0.03890851827768179 0.039169604961688705
0 0.6237084315373347 0.7926841148963342 0.021504622239332933 0.02161378126878005
0 0.6283433620746319 0.5708418259253869 0.06830963721642128 0.06893209310678336
0 0.543591572688176 0.9382192905132587 0.02103086618276743 0.02115909869854267
0 0.557822374197153 0.7853307723999023 0.02649996830866887 0.026734572190504808
0 0.5403823118943435 0.9814952703622671 0.02469180180476262 0.02448888925405649
0 0.7223149079542893 0.7154276921198919 0.027335387009840745 0.027749281663161058
0 0.48758257352388823 0.8120561746450571 0.03365413959209736 0.03319109403170072
0 0.4437834666325496 0.8730575854961689 0.030508774977463942 0.030710367056039665
0 0.6727030827448919 0.7543286543626052 0.020481403057391826 0.020638099083533652
0 0.5260338416466346 0.994631473834698 0.02623323293832632 0.010494672335111178
0 0.33020206598135143 0.9029865264892578 0.021399497985839844 0.021573580228365384
0 0.6939988503089318 0.9824823232797476 0.02004095224233774 0.020144535945012018
0 0.7366580963134766 0.7946732594416692 0.022419562706580527 0.022689672616811898
0 0.27460699815016526 0.8877425560584435 0.018978118896484375 0.01926392775315505
0 0.30536846014169544 0.9077292222243089 0.0192414063673753 0.019303248478816107
0 0.6643513899583083 0.8943323722252479 0.021013993483323317 0.020775428185096152
0 0.6829912479107196 0.7799576245821439 0.029342504648061898 0.02930112985464243
0 0.30939472638643706 0.9833966768704928 0.027105111342210036 0.027031531700721152
0 0.5766092447134165 0.994319328894982 0.022792816162109375 0.011189680833082933
0 0.38619441252488357 0.8235379732572116 0.01935093219463642 0.019550030048076924
0 0.6494954916147085 0.08436805468339187 0.015218881460336538 0.015420656937819261
0 0.40819388169508714 0.6503081688514123 0.017593530508188102 0.017721176147460938
0 0.3022029216472919 0.8878966111403245 0.01585989732008714 0.015875889704777643
0 0.7183465224045974 0.7344335409311148 0.015522003173828125 0.015549146212064303
0 0.3561439514160156 0.8156898205096905 0.01883976276104267 0.018901238074669473
0 0.5193810829749475 0.9206526829646184 0.019117208627554085 0.019256004920372598
0 0.48871451157789964 0.8411094958965595 0.037797047541691706 0.03734089778019832
0 0.6274654681865985 0.646881103515625 0.015321291410006009 0.015391716590294471
0 0.2710743500636174 0.9309915395883414 0.027416192568265475 0.027528029221754808
0 0.26444068321814906 0.15392059546250564 0.016871892488919772 0.01701072546151968
0 0.4553684454697829 0.81701293358436 0.030734869150015023 0.030982090876652643
0 0.5435186532827524 0.8393018429095929 0.01885061997633714 0.018976358266977165
0 0.5253517077519343 0.8502587538499099 0.021145087022047777 0.021282196044921875
0 0.5168925798856295 0.9777673574594351 0.01479354271521935 0.01491253192608173
0 0.4566812882056603 0.7815610445462741 0.018125607417179987 0.018277681790865384
0 0.27051489169781023 0.9106009556696966 0.022068317119891826 0.021839435283954326
0 0.6046869571392353 0.6806457959688627 0.033658394446739785 0.03371986976036659
0 0.537868279677171 0.7972445854773889 0.030644783606896035 0.029825650728665866
0 0.3013562055734488 0.18918732496408316 0.017827914311335638 0.017742230341984674
0 0.4087402637188251 0.786585441002479 0.015328627366286058 0.015659625713641826
0 0.5173828418438251 0.7817665246816782 0.015667255108173076 0.015616637009840745
0 0.7196257664607122 0.008439476673419658 0.02378082275390625 0.016752939957838792
0 0.5958488904512845 0.8790587645310622 0.031191899226262018 0.030827155480018027
0 0.7289956899789664 0.7460798850426307 0.015658451960637018 0.01574985797588642
0 0.6909291194035456 0.8229270348182092 0.01572594275841346 0.015726089477539062
0 0.3130506735581618 0.9254773946908804 0.022952519930326022 0.02269598153921274
0 0.6070456871619592 0.97308716407189 0.015347700852614183 0.015229445237379808
0 0.37074829981877255 0.952733773451585 0.030281653771033652 0.0302276611328125
0 0.6631373625535232 0.05418583062978891 0.02826720017653245 0.028273875896747295
0 0.7146134743323693 0.9788526388315054 0.01829954294057993 0.018773592435396634
0 0.40485407755925107 0.9676598768967849 0.024524468642014723 0.024876521183894232
0 0.7130929506742038 0.8804214917696439 0.021282489483173076 0.021782654982346755
