0 0.5398520689744216 0.13712134728064904 0.033457169165978067 0.03358866618229793
0 0.6462280566875751 0.6962620661808894 0.024955162635216348 0.024907332200270433
0 0.2488397084749662 0.25544599386361927 0.030406805185171273 0.030481338500976562
0 0.40240416159996617 0.3993957226092999 0.022467906658466045 0.022046896127554085
0 0.4953028972332294 0.5066589208749624 0.020659153278057393 0.020845853365384616
0 0.1551657089820275 0.9020790686974158 0.019608415090120755 0.019635860736553486
0 0.6392969718346229 0.980499634375939 0.06044358473557692 0.03704071044921875
0 0.3370962142944336 0.8194371736966647 0.2331045407515306 0.23360648522010216
0 0.3157656376178448 0.9529053614689753 0.04565517718975361 0.04486172015850361
0 0.38085277263934797 0.41634713686429536 0.015535648052509014 0.015445709228515625
0 0.2675917148590088 0.6059125386751615 0.026207887209378757 0.026085853576660156
0 0.6842560401329627 0.1358525936420147 0.029065939096304085 0.029450489924504206
0 0.7388553619384766 0.9820727568406326 0.016638829157902643 0.016665532038762018
0 0.7515608714177058 0.39578826610858625 0.01604329622708834 0.015881758469801683
0 0.4448379369882437 0.35761022567749023 0.015286739055926982 0.01524521754338191
0 0.3866773752065805 0.3108302629910983 0.021910740778996393 0.02194830087515024
0 0.1705781863285945 0.47507744569044846 0.01519470948439378 0.015433238102839543
0 0.6010723114013672 0.9855040770310622 0.017037465022160456 0.017052430372971755
0 0.3999803983248197 0.3633827796349159 0.015551933875450721 0.015220201932466947
0 0.5704755783081055 0.20455323732816255 0.028112118060772236 0.028358055995060846
0 0.14478120437035194 0.514778944162222 0.013273862692025991 0.014018572293795072
0 0.5281011141263522 0.9860053429236779 0.02787634042593149 0.024250323955829326
0 0.5996069541344275 0.3763011052058293 0.018006618206317607 0.018395057091346152
0 0.5074841059171237 0.9408603081336389 0.020327127896822415 0.020682701697716348
0 0.3872197224543645 0.9615565079909104 0.11675167083740234 0.07517242431640625
0 0.4982097332294171 0.9133160664485052 0.02022545154278095 0.020274235652043268
0 0.4639486532944899 0.8395024813138522 0.014752828157865085 0.014967111440805288
0 0.41643443474402797 0.4118229059072641 0.01424099848820613 0.014430559598482572
0 0.7486853966346154 0.2557575519268329 0.015879997840294473 0.015868627108060397
0 0.6511207727285532 0.39692952082707333 0.07667292081392728 0.07841975872333233
0 0.29321828255286586 0.08436440504514255 0.013724180368276743 0.01395264038672814
0 0.30211679752056414 0.07003105603731595 0.016068531916691706 0.016071007801936224
0 0.19493372623737043 0.267948554112361 0.015043221987210788 0.014885388887845553
0 0.29365180088923526 0.9803629655104417 0.0578611814058744 0.03753221951998197
0 0.7763726161076472 0.016268789768218994 0.021706214317908652 0.022248323147113506
0 0.8443088531494141 0.34349903693565953 0.013508136455829326 0.013717724726750301
