0 0.4320218746478741 0.24345689553480881 0.060476449819711536 0.06000966292161208
0 0.19832792648902306 0.9167266258826623 0.27237558364868164 0.16048284677358773
0 0.7357428624079778 0.16564215146578276 0.05076335026667668 0.05084778712346004
0 0.7575837648831881 0.5414730952336237 0.13293016873873198 0.13216048020582932
0 0.6789876497708834 0.3505215278038612 0.07101205679086539 0.07144590524526742
0 0.9672012329101562 0.8167868394118089 0.037703294020432696 0.0375066903921274
0 0.6985206604003906 0.509525885948768 0.028650430532602165 0.02875386751615084
0 0.4480383579547589 0.7107293055607722 0.04303257281963642 0.04296464186448317
0 0.0765228454883282 0.1833504896897536 0.03643008378835825 0.03641689740694486
0 0.03680507494853093 0.873950298015888 0.027806648841271035 0.027582755455603965
0 0.5737795462975135 0.27901198313786435 0.033241565410907455 0.033315878648024336
0 0.22101983657250038 0.4171388332660382 0.03343274043156551 0.03362252162053035
0 0.047245135674109824 0.44102023198054385 0.051723553584172174 0.05228086618276743
0 0.3039831198178805 0.3631705870995155 0.03590059280395508 0.035661477309006914
0 0.9080659426175631 0.3444114098182091 0.04770337618314303 0.04785479032076322
0 0.8444976806640625 0.7885268284724309 0.05066622220552885 0.050611642690805286
0 0.46519917708176833 0.4628470494196965 0.037184495192307696 0.0372007810152494
0 0.8914854343120868 0.4425677152780386 0.03400479830228365 0.03415863330547626
0 0.5801402972294734 0.5363708642812876 0.023537269005408652 0.02353829603928786
0 0.34343488399799055 0.6727654383732722 0.032987814683180586 0.03290352454552284
0 0.4994315734276405 0.4826650619506836 0.04876518249511719 0.049103076641376205
0 0.10957418955289401 0.21880778899559608 0.026924940255972054 0.026991807497464694
0 0.12821606489328238 0.9525454594538763 0.021421377475445088 0.02108148428109976
0 0.6741386560293344 0.5993098479050857 0.026301750769981973 0.026359044588529147
0 0.30188483458298904 0.7776101919320914 0.03948791210467999 0.039526719313401446
0 0.4718415920551007 0.849300164442796 0.03692626953125 0.03684557401216947
0 0.5573561008159931 0.1353136392740103 0.021242141723632812 0.021378627190223105
0 0.6126565199631911 0.9464134803185096 0.020667883066030648 0.02050605187049279
0 0.6948105005117563 0.28595465880173904 0.029480714064378005 0.02943871571467473
0 0.7310962677001953 0.6845158797044021 0.029756692739633415 0.029866732083834134
0 0.1398470034966102 0.0831756591796875 0.01883077621459961 0.01893443327683669
0 0.049310033137981706 0.6165541868943435 0.023065931521929227 0.023266132061298076
0 0.8654412489670974 0.5588260797353891 0.029805990365835335 0.030100088853102464
0 0.4834323296180138 0.29894018173217773 0.023703355055588942 0.023847066439115085
0 0.39310477330134463 0.9083262223463792 0.03978098355806791 0.03985052842360277
0 0.552885128901555 0.6525202531080979 0.05352651155911959 0.052832383375901446
0 0.7586778494027945 0.3257112136253944 0.03667919452373798 0.03656299297626202
0 0.7618638552152194 0.6916314638577975 0.03569881732647236 0.035766895000751205
0 0.532035020681528 0.18022009042593148 0.025067989642803486 0.025132032541128304
0 0.6169344095083383 0.1908719723041241 0.023911256056565505 0.02394844935490535
0 0.9136725205641526 0.32341421567476714 0.01649328378530649 0.017003792982835036
0 0.04691627392402062 0.6751510913555439 0.028230706086525552 0.028682708740234375
0 0.03715163240065941 0.5100433643047626 0.04424048845584576 0.044639880840594955
0 0.4128616773165189 0.6847969935490534 0.033768873948317304 0.03386189387394832
0 0.8188431079571064 0.39231388385479266 0.06376090416541466 0.06438959561861478
0 0.41560070331280047 0.5621347427368164 0.01889654306265024 0.018889647263746995
0 0.21744430982149565 0.1373603710761437 0.020380460298978366 0.020397186279296875
0 0.8392466765183669 0.033362356516031116 0.01846445523775541 0.01861849197974572
0 0.1262803077697754 0.8414519383357122 0.01913587863628681 0.0191342280461238
0 0.041915636796217695 0.6943210455087515 0.02374538779258728 0.023734899667593148
0 0.16749099584726188 0.7170683053823618 0.022926770723783053 0.02315697303185096
0 0.8316575563870944 0.5211029419532189 0.016666118915264424 0.01634817857008714
0 0.10112675336691049 0.3045114003694974 0.04680242905249962 0.0468748532808744
0 0.6841882558969351 0.9014585935152494 0.022370558518629808 0.022535177377554085
0 0.2000243480388935 0.6338870708759015 0.033288148733285755 0.0332489013671875
0 0.37319051302396333 0.39684581756591797 0.07977647047776443 0.07892872737004207
0 0.2046177203838642 0.7199496489304763 0.02654427748460036 0.026784603412334736
0 0.8749425594623272 0.725990735567533 0.017677747286283053 0.017797470092773438
0 0.3046868397639348 0.7480976398174579 0.02027408893291767 0.020329402043269232
0 0.3747999851520245 0.8549955808199369 0.023933924161470853 0.02399312532865084
0 0.8318547468919021 0.26215522105877215 0.017469112689678486 0.017167348128098708
0 0.7457302533663236 0.9587644430307242 0.02010169396033654 0.020400120661808893
0 0.1844942386333759 0.7324639833890475 0.018649724813608024 0.0188290522648738
0 0.4679612379807692 0.9348919941828802 0.052039073063777044 0.052156301645132214
0 0.6653941227839544 0.5096571995661809 0.033203125 0.03363198500413161
0 0.19327288407545823 0.9056768417358398 0.03243574729332557 0.032546703632061295
0 0.20327127896822417 0.2694443922776442 0.023123741149902344 0.02318749060997596
0 0.7563545520489032 0.6004177607022799 0.023628821739783652 0.023466036869929388
0 0.07124817829865676 0.03060336296374981 0.01774143255673922 0.017542353043189414
0 0.9265387608454778 0.9869967240553635 0.037092355581430286 0.022995581993689902
0 0.3268757600050706 0.4213404288658729 0.02459555405836839 0.024708967942457933
0 0.4946242845975436 0.247209750688993 0.02274043743426983 0.02287897696861854
0 0.24960675606360802 0.3521292759821965 0.01836545650775616 0.018112769493689902
0 0.7198374821589544 0.5482820730942947 0.018433204064002402 0.01876368889441857
0 0.9505994503314679 0.03904747504454393 0.017108623798076924 0.017000363423274115
0 0.43117552537184495 0.3466309400705191 0.01657383258526142 0.01684871086707482
0 0.4485145715566782 0.8323628352238581 0.024547283466045674 0.024860088641826924
0 0.20269371913029596 0.1645185947418213 0.025953219487116888 0.026016051952655498
0 0.4262733459472656 0.837059314434345 0.023277429433969352 0.02361576373760517
0 0.14411163330078125 0.670767564039964 0.01925030121436486 0.01925512460561899
0 0.25974295689509463 0.38218857691838193 0.016895074110764723 0.016974815955528848
0 0.2750226901127742 0.8809302403376653 0.0255429928119366 0.025545853834885817
0 0.15040194071256197 0.33065021955049956 0.03943186539870042 0.039617758530836836
0 0.44785301501934344 0.3431277641883263 0.016954495356633112 0.01711419912484976
0 0.6352225083571214 0.5660249269925631 0.028783358060396634 0.02845133267916166
0 0.9696724965022161 0.9181643999539889 0.036325894869290866 0.0367277585543119
0 0.5265960693359375 0.23619501407329851 0.016340109018179085 0.016635748056265023
0 0.605245957007775 0.14212811910189116 0.01633035219632662 0.01642124469463642
0 0.20264719082758978 0.8495599306546725 0.02829775443443885 0.02767181396484375
0 0.4934561069195087 0.2826196597172664 0.016972468449519232 0.01701523707463191
0 0.018787159369542047 0.5755204787621131 0.02503686684828538 0.031312062190129206
0 0.28923771931574893 0.6976208320030799 0.022550362807053786 0.022705078125
0 0.5634540777940017 0.49176414196307844 0.027072833134577826 0.02714817340557392
0 0.5578789344200721 0.17736113988436186 0.020723783052884616 0.020256409278282754
0 0.6853966346153846 0.230989566216102 0.01825846158541166 0.018375873565673828
0 0.11489706773024339 0.5143645359919622 0.03646986301128681 0.03610728337214543
0 0.37249117631178635 0.21057679102971003 0.01919100834773137 0.01896814199594351
0 0.1745756406050462 0.29064528758709246 0.021733210637019232 0.021816216982327975
0 0.048273783463698164 0.6397215036245493 0.015703953229464017 0.0156558110163762
0 0.6237288254957932 0.7169548914982722 0.04099493760329027 0.04093639667217548
0 0.33939647674560547 0.8534942040076623 0.048666880680964544 0.048730116624098554
0 0.9154305091271033 0.5375496057363657 0.029837388258713942 0.030106030977689303
0 0.6707966144268329 0.48331722846397984 0.03534199641301082 0.03555605961726262
0 0.5067356549776517 0.4485835295457106 0.04155305715707632 0.041929978590745196
0 0.481081302349384 0.7692226996788611 0.02336751497708834 0.023165189302884616
0 0.3695603884183444 0.3032243801997258 0.023192772498497598 0.02365853236271785
0 0.9259881973266602 0.6315882756159856 0.020982008713942308 0.021183013916015625
0 0.8574284040010892 0.3681343151972844 0.02246709970327524 0.02270815922663762
0 0.31309369894174427 0.819613530085637 0.02006385876582219 0.019889244666466348
0 0.6750787588266226 0.947849860558143 0.020540384145883415 0.02055975107046274
0 0.7063048436091497 0.5963457547701322 0.016217451829176683 0.016219359177809495
0 0.7080647395207331 0.4534307626577524 0.026645366962139424 0.02694848867563101
0 0.9414186477661133 0.5362432553217962 0.020133238572340745 0.02021635495699369
0 0.6529590900127704 0.5476692639864408 0.019327750572791465 0.019412114070012018
0 0.3379970697256235 0.3564595809349647 0.01583730257474459 0.015889387864332933
0 0.5373699481670673 0.5514687024630033 0.026830599858210638 0.026934990516075723
0 0.6923374029306265 0.39630794525146484 0.025320933415339544 0.025458555955153245
0 0.4186974305372972 0.9355869293212891 0.035253671499399036 0.035401564378004804
0 0.6676741379957932 0.5381793975830078 0.018645359919621393 0.018798828125
0 0.07451125291677621 0.7982472639817458 0.020464328619150016 0.020390730637770433
0 0.08515253433814415 0.6613992544320914 0.029815449164463922 0.029726468599759616
0 0.07590161837064303 0.5539654951829177 0.01548330600445087 0.015576876126802884
0 0.726437128507174 0.3034393787384033 0.01591359652005709 0.01624470490675706
0 0.4839932001554049 0.4060834737924429 0.016671400803786058 0.016575960012582634
0 0.4447972591106708 0.29965899540827823 0.0158232908982497 0.015880364638108473
0 0.8244984700129583 0.13935358707721418 0.04792154752291166 0.04774295366727389
0 0.7655965364896334 0.8319150484525241 0.06331869272085336 0.06400797917292668
0 0.8612196995661809 0.6193139736468976 0.05811045720027043 0.05832041226900541
0 0.6061924420870267 0.5270317517794095 0.014897419856144832 0.014889350304236779
0 0.979230367220365 0.3654647607069749 0.02086947514460637 0.02379608154296875
0 0.11957520705003005 0.856332045335036 0.017963556142953727 0.01788183358999399
0 0.17564260042630708 0.6067990156320425 0.015054629399226261 0.014999022850623498
0 0.6271140758807843 0.4796948799720177 0.02269715529221755 0.022887156559870794
0 0.4735835148737981 0.0892406518642719 0.018883631779597357 0.018765009366548978
0 0.6484251755934495 0.4714490817143367 0.014808948223407451 0.014987505399263822
0 0.46987232795128453 0.33039335104135364 0.018969169029822715 0.01904913095327524
0 0.02250559513385479 0.6797953385573167 0.01804970892576071 0.018130669227013223
0 0.6638891513531024 0.21726448719318098 0.025258431067833535 0.02538750721858098
0 0.5088075491098257 0.3475982959453876 0.030312318068284255 0.03021856454702524
0 0.9343781104454627 0.3757730997525729 0.02141996530386118 0.021640484149639424
0 0.2600531211266151 0.17543275539691633 0.028913497924804688 0.02906014369084285
0 0.18624617503239557 0.8852059290959284 0.019782359783466045 0.01967767568734976
0 0.5725363951462966 0.45911590869610125 0.013819474440354567 0.014000892639160156
0 0.17163295012253982 0.7557691427377554 0.01591352316049429 0.016347591693584736
0 0.38978745387150693 0.7597772158109225 0.03572845458984375 0.035631619966947116
0 0.9223366517287034 0.8095326056847205 0.018772125244140625 0.01895317664513221
0 0.892285420344426 0.0782168828524076 0.014265794020432692 0.014231356290670542
0 0.08058562645545372 0.7070302963256836 0.016425169431246243 0.01636373079740084
0 0.23260763975290152 0.355683656839224 0.014626613030066857 0.014749820415790264
0 0.6058864960303674 0.42887199842012846 0.018402539766751803 0.018624599163348857
0 0.5291489821213943 0.07406372290391189 0.08668767488919772 0.08548157031719501
0 0.08421940986926739 0.2741847771864671 0.021961432236891527 0.022231468787560098
0 0.7391013365525466 0.8951562734750601 0.30903082627516526 0.20259769146259016
0 0.9607243904700646 0.168656770999615 0.030585509080153245 0.0308987177335299
0 0.8135298215425931 0.4452993319584773 0.026122459998497598 0.026114610525277946
0 0.3176892353938176 0.4460361920870267 0.015001150277944712 0.0151976071871244
0 0.16884715740497297 0.9507879110483023 0.014154434204101562 0.014178055983323317
0 0.5986882723294772 0.746157352740948 0.03610948415902945 0.03559552706204928
0 0.5537736599261944 0.5720954308143029 0.0235598637507512 0.023594416104830228
0 0.40034833321204555 0.15246082269228423 0.0152435302734375 0.01580955432011531
0 0.3306080378018893 0.7943426278921274 0.03132181901198167 0.031334216778094955
0 0.6657320169302133 0.272705078125 0.014261392446664663 0.014306215139535757
0 0.06269477880918063 0.027834933537703294 0.06530592991755559 0.054694955165569596
0 0.9179568657508264 0.5942041690532978 0.07420143714317909 0.07261599027193509
0 0.7587141623863807 0.27418026557335484 0.017879632803109977 0.01812465374286358
0 0.7596076085017278 0.7395970271183894 0.030009636512169473 0.030568342942457933
0 0.9086582477276142 0.9077691298264724 0.026451844435471755 0.026140946608323317
0 0.022944803421313945 0.8493220989520733 0.025197515120873086 0.02517553476186899
0 0.35332144223726714 0.548774242401123 0.01885194044846755 0.019114861121544473
0 0.7216296562781701 0.5491823783287635 0.029171576866736777 0.021735411423903245
0 0.899208875802847 0.8263648840097281 0.024211736825796273 0.024199559138371393
0 0.7222224749051608 0.7462965891911433 0.018914296076847956 0.019167093130258415
0 0.26457639840932995 0.27831114255464995 0.024341656611515924 0.02465189420259916
0 0.49985753572904146 0.21897389338566706 0.014153553889347957 0.01419984377347506
0 0.70616391988901 0.43006306428175706 0.014289415799654447 0.014075279235839844
0 0.49532369466928333 0.8045544991126428 0.023160787729116585 0.02323458744929387
0 0.7380104064941406 0.6482472052940955 0.040352894709660456 0.04011975801908053
0 0.3700481928311862 0.7783385056715745 0.021172009981595553 0.02113826458270733
0 0.019977830923520602 0.846283692580003 0.019983410835266113 0.01965155968299279
0 0.1155698116009052 0.3413030184232272 0.032679007603571966 0.03254010127140926
0 0.22181256000812238 0.4542921506441556 0.01593923568725586 0.01584771963266226
0 0.5076295412503756 0.2914577997647799 0.017168045043945312 0.016947086040790264
0 0.39862984877366286 0.032617880747868463 0.15924791189340445 0.06261007602398212
0 0.924132567185622 0.2563765048980713 0.07369642991286057 0.07483698771550105
0 0.13595995536217323 0.9333545978252704 0.018504913036639873 0.018898597130408652
0 0.9056616563063401 0.9102904979999249 0.029756692739633415 0.028862439669095553
0 0.05085992354613084 0.23625769981971154 0.015060507334195651 0.015220055213341346
0 0.789908922635592 0.3308373231154222 0.014688638540414663 0.014861326951246995
0 0.3422407370347243 0.2072928135211651 0.016368865966796875 0.01668574259831355
0 0.4989283635066106 0.1405925750732422 0.015748977661132812 0.016305006467379056
0 0.26448803681593674 0.47316829974834734 0.03242580707256611 0.03251017056978666
0 0.15572538742652306 0.4772803966815655 0.01889489247248723 0.018911361694335938
0 0.20388045677771935 0.94793701171875 0.01485142341026893 0.01500232403094952
0 0.5965780111459585 0.399995730473445 0.01546463599571815 0.015522149892953726
0 0.2227318103496845 0.1206040565784161 0.014210187471829928 0.013589748969444862
0 0.23093953499427208 0.5698939836942233 0.01654221461369441 0.016436210045447715
0 0.051456290941972 0.09245525873624362 0.06144984868856577 0.06025974567119892
0 0.9437942504882812 0.8613404494065505 0.02066186758188101 0.020788926344651442
0 0.17751227892362154 0.14202251801123986 0.20675164002638596 0.21952673105093148
0 0.5587756083561823 0.17228273245004508 0.026604725764347956 0.02615202390230619
0 0.7598329690786508 0.9568151327279898 0.013684786283052884 0.013814192551832933
0 0.014099492476536678 0.20745347096369818 0.011501440635094276 0.015703568091759317
0 0.1490800013908973 0.580574475801908 0.055341940659743086 0.05286554189828726
0 0.45250423137958234 0.9900599259596604 0.015186676612267127 0.013961205115685096
0 0.29358460352971005 0.2978363587306096 0.017985123854417067 0.017974156599778395
0 0.1557608384352464 0.8352747697096604 0.013823224948002743 0.013774871826171875
0 0.3400999949528621 0.20443025002112755 0.020769706139197715 0.021291292630709134
0 0.11054165546710674 0.658526347233699 0.016912221908569336 0.016957503098707933
0 0.7112847841702975 0.18551067205575797 0.0339044424203726 0.03361232464130108
0 0.9550946309016302 0.42290936983548677 0.015285491943359375 0.015078911414513221
