0 0.3031467291025015 0.555457592010498 0.05700221428504357 0.05638731442964994
0 0.19478376095111555 0.6056028512807993 0.13101552082942083 0.15848717322716346
0 0.8435649871826172 0.604152092566857 0.053537222055288464 0.057450514573317304
0 0.7943684504582331 0.8265975071833684 0.03080896230844351 0.0310360835148738
0 0.19207329016465408 0.7191670491145208 0.04788783880380484 0.04767461923452524
0 0.21465308849628156 0.036283671855926514 0.01925959953894982 0.01932390836568979
0 0.38853946098914516 0.6329027322622446 0.01751708984375 0.017455467810997598
0 0.2192692940051739 0.988859249995305 0.020157007070688102 0.01880645751953125
0 0.3482385048499474 0.23444414138793945 0.017594117384690505 0.01752640650822566
0 0.661900887122521 0.36851046635554385 0.03411571796123798 0.03484608576847957
0 0.3831355021550105 0.6719508537879357 0.01752919417161208 0.017467205341045674
0 0.7781847440279447 0.0768364484493549 0.02614740224984976 0.026238423127394456
0 0.27469565318180966 0.791990720308744 0.02448423092181866 0.02489500779371995
0 0.153490268267118 0.695181993337778 0.04369801741379958 0.04424227201021635
0 0.39895424476036656 0.6676163306603065 0.01613308833195613 0.01577934852013221
0 0.20683613190284142 0.16983485221862793 0.019177033351017878 0.019165662618783805
0 0.272615359379695 0.5757425014789288 0.01825882838322566 0.01867499718299279
0 0.7418190882756159 0.7549752455491286 0.015869580782376803 0.015957758976862982
0 0.6500809009258564 0.3904994084284856 0.02732570354755108 0.02774942838228666
0 0.7138558901273288 0.09506830802330604 0.021340590256911058 0.021360067220834587
0 0.1398233542075524 0.8961492685171274 0.017928123474121094 0.019986959604116585
0 0.15778552568875825 0.9035896888146033 0.0169448210642888 0.017124762901893027
0 0.2660386929145226 0.7737601353571966 0.020675512460561898 0.020562392014723558
0 0.7475374661959134 0.5970869431128869 0.01803442148061899 0.017611063443697415
0 0.4306587806114784 0.8256826400756836 0.028512954711914062 0.02820411095252404
0 0.8554763793945312 0.15780848723191482 0.029190650353064902 0.029499310713547926
0 0.2981192698845497 0.827545532813439 0.02244740266066331 0.02256906949556791
0 0.20528510900644156 0.13120068953587458 0.016431515033428486 0.01621591127835787
0 0.2954116601210374 0.6909671196570764 0.021841929509089544 0.021822709303635817
0 0.85710936326247 0.18059877248910758 0.030099135178786058 0.04003634819617638
0 0.14811206780947173 0.82384887108436 0.034211617249708906 0.04032604510967548
0 0.5717426446767954 0.8331643618070163 0.016095895033616286 0.01610227731557993
0 0.6774112994854267 0.4527571751521184 0.016575006338266227 0.016897201538085938
0 0.1458448813511775 0.46758637061485875 0.017295140486497145 0.01707297105055589
0 0.785764033977802 0.6975357349102314 0.01771384019118089 0.017270895150991585
0 0.6311283111572266 0.4440260667067308 0.01498882587139423 0.014641248262845553
0 0.6959815392127404 0.8844812833345853 0.01654052734375 0.016587477463942308
0 0.7618959867037259 0.6333631368783804 0.014338273268479567 0.014073005089393029
0 0.6876752559955304 0.3901214599609375 0.03608278127817007 0.03690778292142428
0 0.34001680520864636 0.8459485127375677 0.01587075453538161 0.015834955068734977
0 0.8466389729426458 0.12618138239933893 0.015140973604642428 0.015451688032883864
0 0.43917171771709734 0.6112870803246131 0.014850323016826924 0.015144274784968449
0 0.14027788088871881 0.28969401579636794 0.014432283548208384 0.014489834125225361
0 0.6775883161104642 0.7574239877554086 0.014255376962515024 0.01435089111328125
0 0.19878295751718375 0.754847893348107 0.016648549299973708 0.016653794508713942
0 0.6459645491379958 0.844809312086839 0.014893165001502404 0.015010540301983174
0 0.69017270895151 0.39940635974590594 0.01822691697340745 0.01830878624549279
0 0.6835236182579627 0.5521053167489859 0.014224712665264424 0.01419514876145583
0 0.2693395981421837 0.9906999147855319 0.019350638756385215 0.01583275428185096
0 0.7344319270207331 0.08810098354633038 0.032561082106370196 0.032103886971106894
0 0.7563371658325195 0.08407987081087552 0.028248126690204326 0.027787061838003304
0 0.765071282019982 0.6862520071176382 0.017237736628605768 0.0167544438288762
0 0.4087495803833008 0.6515736213097205 0.014549988966721755 0.01435397221491887
0 0.8190398583045373 0.06094674880688007 0.014401655930739183 0.014497610238882212
0 0.6352056356576773 0.3938300059391902 0.019347997812124398 0.019321515009953424
0 0.1363863211411696 0.4262208571800819 0.015132463895357572 0.017203037555401143
0 0.24035233717698318 0.5124695117657001 0.016138443580040567 0.01584801307091346
0 0.7732639312744141 0.6207825587346003 0.01484386737530048 0.01475059069119967
0 0.7342736904437726 0.6175631743211013 0.022299986619215745 0.022250982431265023
0 0.2754210692185622 0.08831044343801644 0.018017915578988884 0.01782538340641902
0 0.15138833339397723 0.3183250427246094 0.01535342289851262 0.01557452862079327
0 0.6962162898137019 0.4385151496300331 0.014968285193810096 0.0148774660550631
0 0.6515104587261493 0.9121337303748498 0.02145840571476863 0.0214083744929387
0 0.7862191567054162 0.7248254189124475 0.020248266366811898 0.020262498121995192
0 0.3748451012831468 0.8614706626305213 0.017920494079589844 0.01837759751539964
0 0.40539154639610875 0.8733354715200571 0.01622779552753155 0.016407893254206732
0 0.7617299006535456 0.28305449852576625 0.020125169020432692 0.02042080805851863
0 0.7651789738581731 0.6645340552696815 0.014589309692382812 0.01469127948467548
0 0.6396430088923528 0.3615626555222731 0.016041095440204326 0.016339815579927884
