0 0.5780506500831017 0.9331405346210186 0.09542457874004658 0.09451998197115384
0 0.854321553156926 0.014931580195060143 0.042223416841947116 0.028309175601372354
0 0.8580945821908804 0.7723922729492188 0.04343854464017428 0.04339599609375
0 0.5268363952636719 0.5576387185316819 0.03209612919734074 0.03193877293513371
0 0.49971914291381836 0.16152653327355018 0.03447503309983473 0.03427560512836163
0 0.8546497638408954 0.924359394953801 0.0315240713266226 0.031144068791316107
0 0.4901079764732948 0.42597352541410005 0.03435985858623798 0.0343164297250601
0 0.7537891681377704 0.4915730403019832 0.025125943697415866 0.025176561795748197
0 0.8467016953688401 0.21443469707782453 0.028379000150240384 0.028434239901029147
0 0.9040154677170974 0.8286435787494366 0.03572845458984375 0.03575295668381911
0 0.7049253903902494 0.872831417964055 0.026562910813551683 0.026524470402644232
0 0.4597675616924579 0.5787983674269456 0.02287145761343149 0.022963523864746094
0 0.5343647003173828 0.8931208390455979 0.029038209181565505 0.02906007033128005
0 0.4671354293823242 0.26112926923311675 0.024991475618802585 0.02511486640343299
0 0.10197397378774789 0.23932743072509766 0.025055408477783203 0.02521544236403245
0 0.7336276127741888 0.5248682315532978 0.025584587684044473 0.025773268479567308
0 0.3903816663301908 0.3693211262042706 0.024541561420147236 0.024541047903207634
0 0.7825973950899564 0.2786277624276968 0.0206753657414363 0.02081155776977539
0 0.20618592775785005 0.3295583724975586 0.020459982065054085 0.02056547311636118
0 0.37827378052931565 0.773904433617225 0.029800268319936898 0.030026949368990384
0 0.6297573676476111 0.1759366622337928 0.02055505605844351 0.020673311673677884
0 0.19131935559786284 0.5596345754770132 0.019710394052358773 0.019707312950721152
0 0.467036430652325 0.8433912717379056 0.02925557356614333 0.029269291804387018
0 0.5657085271982046 0.33928287946260893 0.023837456336388223 0.023955345153808594
0 0.7144408592810998 0.8222422966590295 0.019276839036207933 0.019356360802283652
0 0.5763390247638409 0.24698108893174392 0.020305706904484674 0.020125279059776895
0 0.725616455078125 0.9380375788762019 0.022028996394230768 0.021966053889347956
0 0.40995282393235427 0.38945667560283953 0.024330872755784255 0.02462460444523738
0 0.2840522619394156 0.30111899742713344 0.022193395174466647 0.022179090059720553
0 0.6393518447875977 0.8804097542395959 0.020175053523137018 0.020478175236628607
0 0.8836030960083008 0.5450698412381686 0.016975989708533652 0.016699864314152643
0 0.3734280146085299 0.5066848534804124 0.020560337946965143 0.020700454711914062
0 0.8267043187068059 0.24845578120304987 0.020863166222205527 0.020910923297588643
0 0.08023501359499417 0.01904513744207529 0.028261716549213115 0.028096712552584134
0 0.1469728763286884 0.12214328692509578 0.0189667114844689 0.018712593958928034
0 0.7325369027944711 0.5952623073871319 0.017666449913611777 0.017781771146334134
0 0.6227624599750226 0.024165433186751146 0.018533853384164665 0.0186202537554961
0 0.6882262596717248 0.27408236723679763 0.02232815669133113 0.022376133845402643
0 0.2794322050534762 0.5172724357018104 0.019644480485182542 0.01949765132023738
0 0.6131015557509202 0.295440307030311 0.01991748809814453 0.019905897287222054
0 0.9183241037222055 0.7409465496356671 0.017978081336388223 0.018258021428034857
0 0.716008553138146 0.4367508521446815 0.0226287841796875 0.022793696476862982
0 0.71924561720628 0.3064572627727802 0.016436356764573317 0.016292645381047174
0 0.27278768099271333 0.6484179863562951 0.01870247033926157 0.018665313720703125
0 0.45202383628258336 0.0354004823244535 0.01793670654296875 0.01777345400590163
0 0.5037687008197491 0.47359312497652495 0.01643679692195012 0.01631325941819411
0 0.40181739513690656 0.13251615487612212 0.01917134798490084 0.018761157989501953
0 0.8573223994328425 0.9449264819805439 0.018641545222355768 0.01856261033278245
0 0.646573360149677 0.011574552609370304 0.01559140132023738 0.015687804955702562
0 0.29067100011385405 0.0459404129248399 0.01985300504244291 0.02033841609954834
0 0.5158904515779935 0.5783408238337591 0.02619281181922326 0.02615488492525541
0 0.8664079812856821 0.6323686012854943 0.016311058631310098 0.016283475435697116
0 0.40508710421048677 0.9483906672551081 0.015840530395507812 0.015806051400991585
0 0.6076997610238882 0.8276050274188702 0.016820760873647835 0.016938136174128607
0 0.31311882459200346 0.05079181836201595 0.017509313730093148 0.01730815263894888
0 0.7945335094745343 0.8279818021334134 0.017912938044621393 0.017864520733173076
0 0.47037517107450044 0.14672400401188776 0.037740340599646933 0.03776895082913912
0 0.9043172689584585 0.8825514866755559 0.024683145376352165 0.024692535400390625
0 0.9147365276630108 0.3302033497737004 0.016666705791766826 0.016834112314077523
0 0.7087622422438401 0.41824450859656703 0.02406736520620493 0.02452395512507512
0 0.8379636177649865 0.8171097682072566 0.017005333533653848 0.017024993896484375
0 0.7965737122755784 0.7064948448768029 0.016658782958984375 0.016632520235501803
0 0.4516081443199745 0.6633582481971154 0.017043920663686898 0.017056685227614183
0 0.888698724599985 0.28999948501586914 0.015200101412259616 0.015285161825326772
0 0.4107179641723633 0.3435968985924354 0.016300494854266826 0.016043589665339544
0 0.7828048559335562 0.305967954488901 0.015149630033052884 0.014878566448505107
0 0.6056879483736478 0.8530146525456355 0.015392010028545674 0.015269646277794471
0 0.7471846066988431 0.659192158625676 0.0187533451960637 0.018404153677133415
0 0.44446189586932844 0.14065475647266096 0.021124619704026442 0.021689928494966947
0 0.49987103388859677 0.4448422652024489 0.01463024432842548 0.014608236459585337
0 0.7737406950730544 0.8431443434495193 0.018499227670522835 0.01892984830416166
0 0.8571118574876052 0.8980361498319186 0.01879149216871995 0.019000713641826924
0 0.8839360750638522 0.5933920786930964 0.014327416053185096 0.014311570387620192
0 0.20589091227604792 0.422552438882681 0.014684787163367638 0.014526293827937199
0 0.12645734273470366 0.6702123788686899 0.05251946816077599 0.05320402292104868
0 0.6133255591759315 0.8101805173433744 0.04916954040527344 0.046858714177058294
0 0.8067735525277945 0.2043461983020489 0.014514923095703125 0.014517417320838341
0 0.4298371901878944 0.3758818553044246 0.014227060171274038 0.014482498168945312
0 0.48072580190805286 0.4500694274902344 0.016101690439077523 0.01661828848031851
0 0.8995028275709885 0.37372658802912784 0.013922177828275241 0.013760860149676982
0 0.19696653806246245 0.00912045630124899 0.01913928985595703 0.016723304986953735
0 0.8410805922288161 0.5009109056912936 0.02227636483999399 0.021442193251389723
0 0.26731085777282715 0.3893891848050631 0.014880106999323918 0.014818631685697116
0 0.40805721282958984 0.8258210695706881 0.015759688157301683 0.015574968778170072
0 0.7747782193697416 0.5273582751934345 0.014649757972130409 0.014584027803861178
0 0.5073460798997146 0.3629605219914363 0.014495262732872596 0.014364829430213341
0 0.8434593494121845 0.9057517418494592 0.013922764704777645 0.014138881976787861
0 0.5566546366764948 0.42250801966740537 0.015033648564265324 0.015047953679011418
0 0.435937367952787 0.02439773541230422 0.017103928786057692 0.017213266629439134
0 0.3574250294612004 0.05405600254352276 0.014737716087928185 0.014786399327791654
0 0.7285988147442157 0.4675297370323768 0.013596461369441105 0.013496692364032451
0 0.26693015832167405 0.7957898653470553 0.015744356008676384 0.01557159423828125
0 0.7089029458852915 0.16165626966036284 0.01415546123798077 0.014107777522160457
0 0.7603978377122146 0.18793151928828314 0.014369964599609375 0.014586778787466196
0 0.4219500101529635 0.8951132847712591 0.014220091012807993 0.014400628896859976
0 0.12224923647367038 0.49733976217416614 0.016959997323843148 0.017061526958759014
0 0.42998071817251354 0.4520754080552321 0.014565541194035457 0.014250535231370192
0 0.27761382323045 0.17654991149902344 0.013765701880821815 0.013998838571401743
0 0.7287229391244742 0.2728152275085449 0.016256185678335335 0.016444573035606973
