0 0.7158520038311298 0.858402839073768 0.13580674391526443 0.13713455200195312
0 0.42475370260385364 0.7332308108990009 0.05373954772949219 0.05361645038311298
0 0.7727853334867038 0.9622604663555439 0.06224148090069111 0.06267371544471154
0 0.6316779943612906 0.3556750737703763 0.0526579343355619 0.051921697763296276
0 0.1332694933964656 0.7077723283034104 0.05336497380183293 0.053864699143629804
0 0.7708379305326022 0.571048223055326 0.03921318054199219 0.03888401618370643
0 0.38443620388324445 0.8174770795381986 0.05623927483191857 0.056481434748722956
0 0.833256354698768 0.5524534078744742 0.03318948012131911 0.03276340778057392
0 0.4920261823214017 0.7579262073223407 0.026441133939302884 0.02632727989783654
0 0.13554606070885292 0.6217229549701397 0.02446460723876953 0.02438691946176382
0 0.12445501180795523 0.4209762353163499 0.023789075704721305 0.0239712641789363
0 0.4149447954618014 0.5684402905977689 0.04907828110914964 0.048433157113882214
0 0.5276606633112981 0.9608207115760217 0.050277416522686295 0.049515944260817304
0 0.07037823475324191 0.2770100190089299 0.02129054986513578 0.021124509664682243
0 0.8048069293682392 0.9304844049307016 0.028125469501201924 0.027992982130784255
0 0.6874442467322717 0.9452156653771033 0.01931175818810096 0.019217857947716348
0 0.434477475973276 0.6799250382643479 0.02066626915564904 0.020821497990534857
0 0.5563746599050668 0.27513036361107457 0.04975084158090445 0.05069791353665865
0 0.5249431683466985 0.31789112091064453 0.019281313969538763 0.01921822474553035
0 0.46034746903639573 0.06130574299738957 0.030088277963491585 0.029634604087242715
0 0.07160592079162598 0.5906486878028283 0.038044085869422324 0.038161057692307696
0 0.0511543108866765 0.17560758957496056 0.03503861794104943 0.0361326657808744
0 0.09716775784125695 0.10861915808457595 0.04492071958688589 0.04502021349393404
0 0.365083254300631 0.05087444415459266 0.0445408454308143 0.04460606208214393
0 0.33869824042687047 0.7200997425959661 0.049340394827035755 0.04883076594426082
0 0.623902467580942 0.09569736627432016 0.03807816138634315 0.03795561423668495
0 0.08120043461139385 0.5410586870633639 0.0416563657613901 0.04123122875507061
0 0.2752871513366699 0.6295701540433444 0.04920666034405048 0.048944913423978366
0 0.4733749169569749 0.118935594191918 0.018595475416917067 0.018415010892427884
0 0.13589178598844087 0.17017228786761945 0.03864856866689829 0.03873041042914757
0 0.57191225198599 0.8769091092623197 0.040592046884390026 0.04106771028958834
0 0.3854939387394832 0.11596094644986667 0.03805850102351262 0.037835891430194564
0 0.6864584409273587 0.5306428028987005 0.019018906813401442 0.018904906052809495
0 0.3856733762300931 0.2311407052553617 0.044971466064453125 0.04464908746572641
0 0.1068585469172551 0.24628455822284406 0.0301970701951247 0.030410950000469502
0 0.2445811675145076 0.6717614393967849 0.03441484157855694 0.03457201444185697
0 0.2999144517458402 0.9713512567373422 0.040878552656907305 0.04137890155498798
0 0.07098954457503098 0.03136333364706773 0.03442742274357723 0.03493238870914166
0 0.07780935214116023 0.22759569608248198 0.03137036470266489 0.0315091793353741
0 0.9379725823035607 0.008434215417275062 0.019710834209735576 0.015742907157311074
0 0.05221476004673885 0.14824302379901594 0.019152237818791315 0.01933750739464393
0 0.4281890575702374 0.8467215758103591 0.0346378913292518 0.03492516737717848
0 0.06938270880625798 0.5098432394174429 0.029879212379455566 0.02997104938213642
0 0.41323034579937273 0.21295466789832482 0.038276965801532455 0.03908348083496094
0 0.8583979973426232 0.9468044867882361 0.018370408278245192 0.018383319561298076
0 0.3960757622352013 0.02461413466013395 0.03244341336763822 0.032788638885204606
0 0.7081233538114108 0.3280906677246094 0.016860815194936898 0.01694033696101262
0 0.6968875298133264 0.6479088709904597 0.02912169236403245 0.02953676077035757
0 0.4188572076650766 0.14918668453509992 0.062010618356557995 0.06186048801128681
0 0.4116060550396259 0.7789137180034931 0.0461118404681866 0.04658156174879808
0 0.12902646798353928 0.7931206776545598 0.03384681848379282 0.03385353088378906
0 0.9048658517690805 0.7421640982994666 0.01639586228590745 0.016502527090219352
0 0.7561343266413763 0.4803967842688927 0.03678277822641226 0.03657825176532452
0 0.5431693150446966 0.905874985914964 0.04473062661977915 0.04504658625676082
0 0.11543969007638785 0.14490463183476374 0.032726177802452676 0.03255591025719276
0 0.2861808446737436 0.6622877854567307 0.0255736937889686 0.0256649897648738
0 0.6149917749258188 0.31191033583420974 0.03205519456129808 0.03244356008676382
0 0.14814081558814415 0.35793465834397536 0.0352776967562162 0.03561592102050781
0 0.41309275993934047 0.63298826951247 0.025780531076284554 0.025883307823768027
0 0.4028666569636418 0.8571298305804913 0.02819031935471755 0.02802438002366286
0 0.7150192994337815 0.3645157447228065 0.01533801739032452 0.015344326312725361
0 0.6297977154071515 0.39714736204880935 0.02550477247971755 0.025571089524489183
0 0.40954949305607724 0.5225669420682467 0.023150810828575723 0.023211259108323317
0 0.19748762937692496 0.20673766502967247 0.03798884611863356 0.03832178849440355
0 0.20804566603440505 0.658053471491887 0.03297204237717848 0.032800527719350964
0 0.7685068570650541 0.5058254828819861 0.022429246168870192 0.02239836179293119
0 0.7311303798968976 0.31087640615609974 0.027160057654747598 0.02701995922968938
0 0.6861517979548528 0.36439191378079927 0.024234918447641227 0.02416537358210637
0 0.5669036645155686 0.6018530772282527 0.016248409564678486 0.015978446373572715
0 0.324160282428448 0.1895617705125075 0.025989532470703125 0.026187676649827223
0 0.29741753064669096 0.7315757458026593 0.025405737069936898 0.025576077974759616
0 0.1585068702697754 0.5317532832805927 0.02588499509371244 0.02598872551551232
0 0.7559681672316331 0.6311019017146184 0.028546259953425482 0.02840276864858774
0 0.9143634209266076 0.5237913131713867 0.021214411808894232 0.02144652146559495
0 0.6493590428278997 0.5434382512019231 0.014519911545973558 0.014514629657451924
0 0.2035070932828463 0.1725919796870305 0.029396937443659857 0.029707835270808294
0 0.20554507695711577 0.5519176629873422 0.017665349520169772 0.01755376962515024
0 0.8146300682654748 0.44458664380587065 0.01817468496469351 0.017905822167029746
0 0.502714230464055 0.345919315631573 0.02497702378493089 0.025023680466871995
0 0.43241434830885667 0.045369276633629434 0.017391498272235576 0.0170060579593365
0 0.4583817995511569 0.20852606113140398 0.021805689885066107 0.021528023939866286
0 0.5852303138146033 0.08391713179074801 0.034804270817683294 0.03428099705622746
0 0.8825011620154748 0.7301788330078125 0.019549736609825723 0.019243973952073317
0 0.2792856509868915 0.7530379662146935 0.03312279627873348 0.03314208984375
0 0.7847367800199069 0.6274343637319711 0.021120218130258415 0.020885320810171273
0 0.3290696877699632 0.8835414006159856 0.032030765826885514 0.0323034433218149
0 0.4918821774996244 0.8537760514479417 0.024045210618239183 0.02379021277794471
0 0.4816582753108098 0.35745598719670224 0.019765560443584736 0.02011526547945463
0 0.6407777346097506 0.3217789576603816 0.02632317176231971 0.026234993567833535
0 0.8574014076819787 0.5271621850820688 0.014966671283428486 0.01474761962890625
0 0.09138741860022911 0.7660903930664062 0.02822721921480619 0.02775911184457632
0 0.6457336865938627 0.6700676404512845 0.019890858576847956 0.02001791733961839
0 0.956045884352464 0.7668917729304388 0.013093361487755409 0.020103894747220553
0 0.6698854152972882 0.6629902032705454 0.026737213134765625 0.02617219778207632
0 0.5289948536799505 0.7390738267164964 0.02933986370380108 0.029245816744290866
0 0.26491706187908465 0.7321636493389423 0.03167310127845177 0.03114186800443209
0 0.6895668323223407 0.6792469024658203 0.021164527306189902 0.021326798659104567
0 0.09907099833855262 0.8077217982365534 0.022432895807119515 0.021999065692608174
0 0.591249575981727 0.7681880364051232 0.021685086763822116 0.021835473867563102
0 0.3814295255220853 0.9073012425349309 0.034949229313777044 0.03514715341421274
0 0.767487305861253 0.07662230271559495 0.0340722891000601 0.034233350020188555
0 0.13567372468801644 0.8174134767972506 0.03194764944223257 0.03203582763671875
0 0.7497562995323768 0.7304275219257061 0.019495743971604567 0.01972227830153245
0 0.1212449440589318 0.9396225122305063 0.027405188633845404 0.02715917733999399
0 0.5654829098628118 0.570837350992056 0.01470353053166316 0.014512942387507511
0 0.6099443435668945 0.7637869761540339 0.01845682584322416 0.018349134005033053
0 0.5832675787118765 0.14052290182847244 0.022490721482496995 0.022434161259577826
0 0.4276869847224309 0.07117792276235727 0.02383290804349459 0.024257366473858174
0 0.38956077282245344 0.7504104467538687 0.039406996506911054 0.03990862919734074
0 0.5921733195965106 0.3007645423595722 0.03982199155367338 0.04054139210627629
0 0.10512274962205154 0.83214598435622 0.02734983884371244 0.02741388174203726
0 0.26924687165480393 0.9342456230750451 0.02572932610144982 0.025844573974609375
0 0.4758157730102539 0.04111074942808885 0.0351409912109375 0.036062268110421986
0 0.9303242610051081 0.5297354551462027 0.018313041100135215 0.018229044400728665
0 0.5833794153653659 0.5718000852144681 0.01598812983586238 0.016113427969125602
0 0.41065003321721005 0.8964865757868841 0.021998478816105768 0.02177766653207632
0 0.3326919629023625 0.2569933487818791 0.015272874098557692 0.015404921311598558
0 0.1083817665393536 0.6776037216186523 0.027178140786977913 0.027933120727539062
0 0.5047505452082708 0.03183494164393498 0.02948423532339243 0.029059492624722995
0 0.4910887204683744 0.8724123881413386 0.02367371779221755 0.023508805495042067
0 0.8363594642052283 0.4939270753126878 0.021479386549729567 0.021700638991135817
0 0.08465814590454102 0.14048506663395807 0.027597166024721585 0.027565772716815654
0 0.3143473038306603 0.6738170477060171 0.02350198305570162 0.02358700678898738
0 0.24399418097275954 0.5567365426283616 0.037523856529822715 0.0370938961322491
0 0.9373923081618089 0.6222558388343225 0.02135320810171274 0.021481880774864785
0 0.29150280585655797 0.7094657604510968 0.03600362630990835 0.03596966083233173
0 0.7474120213435247 0.41745105156531703 0.019029764028695915 0.018992057213416465
0 0.6824393639197717 0.07421104724590595 0.037096463716947116 0.03732006366436298
0 0.4623991892887996 0.8314710763784555 0.03812701885516827 0.03802050076998197
0 0.056471141485067516 0.6272057753342849 0.041724250866816595 0.051372674795297474
0 0.32254765583918643 0.14958812640263483 0.018870133620042067 0.018653246072622445
0 0.7498657520000751 0.5070609679588904 0.017185798058143027 0.017339779780461237
0 0.5463827573336087 0.5143278562105619 0.014576104971078726 0.014562166654146634
0 0.7122140297522912 0.6635439946101263 0.018715344942533053 0.018725468562199518
0 0.6080136665931115 0.42121131603534406 0.016150694627028245 0.016057234544020433
0 0.4031413151667668 0.0891025708271907 0.0294952392578125 0.029917093423696663
0 0.1057121020096999 0.8488702040452224 0.02040573266836313 0.020344073955829326
0 0.43931718973013073 0.3286849535428561 0.019667698786808893 0.019716556255634014
0 0.4897136688232422 0.19429879922133225 0.01566167978140024 0.015694801624004658
0 0.4496143047626202 0.18492751855116624 0.015538875873272236 0.015026165888859676
0 0.0513684107707097 0.46514261685884917 0.032802618466890775 0.04478953434870793
0 0.6372853792630709 0.2610471065227802 0.02953925499549279 0.02978178171011118
0 0.14752859335679275 0.9485366527850811 0.01857449458195613 0.018726055438701924
0 0.6004134324880747 0.8969695751483624 0.016974449157714844 0.017016044029822715
0 0.8558380420391376 0.44022274017333984 0.016663184532752402 0.01643987802358774
0 0.5942030686598557 0.7045838282658503 0.0280758784367488 0.027812370887169473
0 0.7431283363929162 0.37624725928673375 0.018924566415640023 0.018620711106520433
0 0.7165739352886493 0.4068451661330003 0.01989129873422476 0.020050195547250602
0 0.5247672887948843 0.2565559974083534 0.01913144038273738 0.01911588815542368
0 0.4061379065880409 0.05549811858397264 0.03341263991135817 0.03383978513570932
0 0.910313973060021 0.675850354708158 0.021999359130859375 0.02242895273061899
0 0.08096119073721078 0.33561644187340367 0.022093254786271315 0.022002000075120192
0 0.11020434819735013 0.7460313210120568 0.03406322919405424 0.03511384817270132
0 0.45934603764460635 0.12841142140902007 0.017102901752178486 0.017011385697584886
0 0.40570978017953724 0.091156189258282 0.03608410175030048 0.03511645243718074
0 0.4558125275831956 0.11257149622990535 0.020400854257436898 0.02021176998431866
0 0.9381683056171124 0.2778120224292462 0.014548668494591346 0.014420582697941707
0 0.26604615725003755 0.4590165064885066 0.02571729513315054 0.02553976499117338
0 0.7726563673753005 0.7379882519061749 0.025252562302809495 0.025527367225060098
0 0.4247704285841722 0.09318693784567025 0.017225999098557692 0.016699900993934043
0 0.06935944923987755 0.05904149092160738 0.015545258155235877 0.015454915853647085
0 0.33508036686823917 0.972251451932467 0.014348690326397236 0.014380821814903846
0 0.60047303713285 0.7429950420673077 0.022566721989558294 0.022097367506760817
0 0.7512466724102314 0.4617322041438176 0.0194851801945613 0.020694512587327223
0 0.3525703870333158 0.7576472942645733 0.048694757314828724 0.04782662024864784
0 0.5403172419621394 0.6824764838585486 0.018801395709698018 0.019042381873497598
0 0.42429381150465745 0.546513557434082 0.024779099684495192 0.02527486360990084
0 0.38753751608041614 0.745670538682204 0.03260964613694411 0.03341484069824219
0 0.5758583362285907 0.18552417021531326 0.01539905254657452 0.015624926640437199
0 0.7423127981332632 0.6566052803626428 0.017429645244891826 0.01784515380859375
0 0.46140171931340146 0.4700820996211125 0.020984796377328727 0.02116504082312951
0 0.5686585352971003 0.7328959244948167 0.0269778325007512 0.026444068321814902
0 0.7841232006366436 0.9192024377676157 0.019805027888371393 0.01943074739896334
0 0.5254424535311185 0.014761633597887479 0.02630277780386118 0.02651303089582003
0 0.9469798895028921 0.6394736950214093 0.02069399907038762 0.02046541067270132
0 0.2925574596111591 0.5306008412287786 0.04664267026461088 0.04606467026930589
0 0.41077338732205904 0.09447748844440167 0.04619789123535156 0.04744982719421387
0 0.5972676277160645 0.7291203278761643 0.020311502309945915 0.020155833317683294
0 0.9064413950993464 0.6906993572528546 0.0215914799616887 0.0210879399226262
0 0.760128901554988 0.6877026191124549 0.020092597374549277 0.02070001455453726
0 0.24968433380126953 0.7581249383779672 0.028447958139272835 0.02807030310997596
0 0.28400362454927885 0.9524602156419021 0.02715279505803035 0.028021885798527643
0 0.22321084829477164 0.7645943715022161 0.015291800865760216 0.015595509455754207
0 0.8550086388221154 0.11698096532088059 0.017449599045973558 0.017746851994441107
0 0.37481175936185396 0.984378301180326 0.018994698157677285 0.018779901357797477
0 0.3619232177734375 0.7851475202120267 0.04348549476036659 0.04255177424504207
0 0.6814831953782302 0.6994929680457482 0.0180972172663762 0.018424400916466348
0 0.4247407913208008 0.815464239854079 0.03073428227351262 0.030857086181640625
0 0.8675752786489633 0.31428964321429914 0.021471023559570312 0.021667847266564004
0 0.18848393513606146 0.6725729428804837 0.020036697387695312 0.020229633037860576
0 0.562207295344426 0.9517610256488507 0.023660659790039062 0.023304865910456732
0 0.8183474907508264 0.7343195401705228 0.016756791334885817 0.01671468294583834
0 0.890534547659067 0.3141497098482572 0.023068794837364785 0.022171607384314902
0 0.4479191486652081 0.07846969824570876 0.0183255122258113 0.018382769364577074
0 0.10423473211435172 0.025331873160142165 0.03480874575101412 0.035019177656907305
0 0.10894008783193734 0.5147146811852088 0.03979081373948317 0.040033927330603965
0 0.3384301479046161 0.86236022068904 0.02310664837176983 0.023068061241736777
0 0.959850971515362 0.46656197767991286 0.010135357196514424 0.015147575965294471
0 0.9444286639873798 0.4211575067960299 0.03315382737379808 0.032834639916053183
0 0.35998989985539365 0.7645172706017127 0.06566979334904598 0.0667275648850661
0 0.38710667536808896 0.07524295036609356 0.026112776536207933 0.026962408652672402
0 0.9328341850867639 0.8737327869121845 0.014187152569110576 0.014362922081580529
0 0.5725078215965858 0.3517605708195613 0.014551162719726562 0.014333138099083534
0 0.9522274457491361 0.02704767768199627 0.015444095318134014 0.01563037817294781
0 0.5140464122478778 0.06255514805133526 0.014105943533090444 0.014180284280043382
0 0.5777408893291767 0.7493764437161959 0.02419706491323618 0.024265876183143027
0 0.5611893213712252 0.9465153033916767 0.026237047635591947 0.028746678278996393
0 0.8737119527963492 0.019872857974125788 0.03376359205979567 0.032575561450077936
0 0.7659215927124023 0.717712035545936 0.02161246079664964 0.021277207594651442
0 0.35670926020695615 0.1715697691990779 0.017700048593374398 0.018061747917762168
0 0.772061641399677 0.525504992558406 0.02555700448843149 0.024973209087665264
0 0.2481381893157959 0.23659900518564078 0.05447204296405499 0.05295606759878305
0 0.2735733619103065 0.20187638356135443 0.038752189049353965 0.03901599003718449
0 0.25066324380727917 0.75433716407189 0.02442147181584285 0.023897611177884616
0 0.5995280192448542 0.7364581915048453 0.025359373826246995 0.027411974393404447
0 0.1311348584982065 0.03395729110791133 0.020455580491286058 0.02021677218950712
