0 0.6782625638521634 0.10573693422170785 0.07150826087364784 0.0713236927986145
0 0.40384633724506086 0.6231301381037786 0.0529017081627479 0.053419846754807696
0 0.3844732137826773 0.07863769164452186 0.22134852409362793 0.15704921575692984
0 0.6258889711820163 0.4028450892521785 0.04217206514798678 0.042032828697791465
0 0.1596392301412729 0.7588845032912034 0.03589923565204327 0.0355381598839393
0 0.30525787060077375 0.211151123046875 0.04970961350661058 0.049857066227839544
0 0.5487937560448279 0.6524466734666091 0.027967453002929688 0.02792695852426382
0 0.6416998643141526 0.5555640000563401 0.03934478759765625 0.03892392378586989
0 0.5041586068960336 0.8094004117525541 0.07854446998009315 0.07961038442758414
0 0.41967193896953875 0.39495849609375 0.03319872342623197 0.03325873154860277
0 0.6170155451847956 0.667726076566256 0.03101495596078726 0.03092061556302584
0 0.14899600469149077 0.6446668184720553 0.026477667001577523 0.026220174936147835
0 0.29584099696232724 0.41433172959547776 0.019289090083195612 0.01938739189734826
0 0.2816414466271034 0.60082274216872 0.023676505455603965 0.023673864511343148
0 0.7329745659461389 0.6711269525381235 0.028557704045222357 0.028562399057241585
0 0.18959694642287034 0.11719354299398568 0.042733302483191855 0.04271868559030386
0 0.6182441711425781 0.499912482041579 0.03110841604379507 0.031194613530085638
0 0.23264077993539664 0.05760913628798265 0.027375514690692607 0.02732385121859037
0 0.4102513239933894 0.3245749840369591 0.018940118642953727 0.019116034874549277
0 0.753212415255033 0.09310815884516789 0.023772606482872598 0.023616240574763372
0 0.8011151827298678 0.5721040872427133 0.022011976975661058 0.021988942072941706
0 0.6905394334059495 0.8112417367788461 0.0238186762883113 0.023777594933143027
0 0.8418363424447867 0.30246729117173415 0.017383282001201924 0.017589752490703877
0 0.6621252206655649 0.6100562902597281 0.02589592566856971 0.02605438232421875
0 0.7198250110332782 0.8596429091233474 0.03592887291541466 0.03582969078650841
0 0.7790616842416617 0.5243203089787409 0.01819434532752404 0.018137418306790866
0 0.8146319022545447 0.7576910165640024 0.018570386446439303 0.01848455575796274
0 0.5172564433171198 0.8648121907160833 0.019646277794471152 0.019687505868765023
0 0.38771310219397914 0.7947257115290716 0.02346046154315655 0.02361429654634916
0 0.24049670879657453 0.021964506461070135 0.05182038820706881 0.042846161585587725
0 0.1431890450991117 0.668640870314378 0.020718501164362982 0.020490499643179085
0 0.16595994509183443 0.03574701226674593 0.02664973185612605 0.02670363737986638
0 0.4940397556011493 0.4586619597214919 0.024925672090970553 0.024911000178410456
0 0.17112801625178412 0.5546896641071026 0.02336993584266076 0.023419967064490683
0 0.1566345875079815 0.7016110053429236 0.01719196943136362 0.016998877892127402
0 0.786133179297814 0.18478731008676383 0.017452533428485576 0.01721675579364483
0 0.7928406642033503 0.8833274841308594 0.016944004939152643 0.016819000244140625
0 0.48432075060330904 0.36455220442551833 0.01659085200383113 0.016387939453125
0 0.2691635351914626 0.43587273817795974 0.01623843266413762 0.01643650348369892
0 0.49495715361375076 0.38990537936870867 0.01781617678128756 0.018002730149489183
0 0.27515303171597993 0.8971306727482722 0.02690733396089994 0.026566725510817308
0 0.5875517038198618 0.4993100166320801 0.015799228961651143 0.015805757962740384
0 0.864540540255033 0.30961278768686146 0.014562753530649038 0.016577647282527044
0 0.3964741046612079 0.9446508701031024 0.048044791588416465 0.048403226412259616
0 0.8543114295372596 0.23828763228196365 0.016657609205979567 0.01664275389451247
0 0.5828354542072003 0.7032228616567758 0.020712779118464544 0.020674925584059495
0 0.6616877775925857 0.7350474137526292 0.022669278658353366 0.022736769456129808
0 0.7389665750356821 0.7568173041710486 0.025787353515625 0.026133610652043268
0 0.2004106044769287 0.5610337990980881 0.01607230993417593 0.01625831310565655
0 0.3430483157818134 0.3004048787630521 0.09971855236933781 0.10152736076941857
0 0.28785910973182094 0.4705946628863995 0.01521455324613131 0.015136645390437199
0 0.413175656245305 0.46336995638333833 0.015119699331430288 0.015201421884390024
0 0.21606128032390887 0.9607832981989934 0.028685496403620794 0.028856424184945915
0 0.8463059938870944 0.5357816402728741 0.02117919921875 0.020955305833082933
0 0.30804149921123797 0.8950610527625451 0.041557678809532754 0.04131111731896034
0 0.6317536280705378 0.37379903059739333 0.021584730881911058 0.02154673062838041
0 0.17677068710327148 0.9099284685575045 0.030368511493389424 0.030506427471454326
0 0.5343825633709247 0.9396607325627253 0.02278892810528095 0.0231478764460637
0 0.1515222145960881 0.140885224709144 0.046729051149808444 0.058609412266657904
0 0.47004281557523286 0.3696454855111929 0.015136278592623197 0.014935860267052284
0 0.4110123560978816 0.5742112673245944 0.015394210815429688 0.015327160175030049
0 0.6041069030761719 0.98595824608436 0.023880591759314902 0.022837418776292067
0 0.46307006249061 0.3335219896756686 0.04825724088228666 0.04810531322772686
0 0.5648046640249399 0.5075004284198468 0.01481320307804988 0.014964910653921274
0 0.14654247577373797 0.21165858782254732 0.01731590124276968 0.017241184528057393
0 0.7132428976205679 0.7416546894953802 0.015367067777193509 0.015536968524639424
0 0.42395202930157 0.8718725351186899 0.015876403221717246 0.015689849853515625
0 0.23401364913353553 0.4660893220167894 0.014607062706580529 0.014631418081430288
0 0.5554622503427359 0.22534984808701736 0.0413977549626277 0.041355169736422025
0 0.18720885423513559 0.7714372781606821 0.025629740494948167 0.025532062237079326
0 0.1538999997652494 0.9327474740835336 0.022542724242577188 0.022320380577674277
0 0.44829926123985875 0.4646459726186899 0.01660581735464243 0.016565322875976562
0 0.8090918614314153 0.8050201122577374 0.015616490290715145 0.015623532808743991
0 0.622860468350924 0.6391358742347131 0.015752205481896035 0.015769371619591348
0 0.25860390296349156 0.7855802682729868 0.01600225155170147 0.015871488131009616
0 0.6140655737656814 0.5687632927527795 0.014842913700984074 0.014776523296649639
0 0.6872636354886569 0.5558675619272085 0.014407524695763221 0.01459488501915565
0 0.4853969720693735 0.37695635282076323 0.017483637883112982 0.017994513878455527
0 0.3193033291743352 0.11713374578035794 0.19158436701847956 0.19347172517042893
0 0.8623696107130784 0.5525691692645733 0.014823179978590745 0.018436211806077223
0 0.3551796399630033 0.1114797592163086 0.2619554079495944 0.2142956440265362
0 0.5254361812884991 0.5782173963693472 0.016600975623497598 0.016567083505483773
0 0.594996452331543 0.801908933199369 0.016314139732947715 0.016339522141676683
0 0.2026245777423565 0.8727144094613882 0.014460196861853966 0.014656360332782451
0 0.3283820152282715 0.4940068171574519 0.013880582956167368 0.013871706449068509
0 0.435119995704064 0.6423235673170823 0.020140721247746393 0.020203810471754808
0 0.8103617888230544 0.8235837496243991 0.017183743990384616 0.01694664588341346
0 0.742912219120906 0.04424730631021353 0.021350713876577523 0.02173758470095121
0 0.7734498977661133 0.2429537039536696 0.014774615948016826 0.014840419475848857
0 0.3325410256019005 0.7092051872840295 0.014198743380033053 0.014383462759164663
0 0.8344202775221604 0.9301580282358023 0.014786060039813701 0.014686291034405049
0 0.38996432377741885 0.8861325337336614 0.028154666607196514 0.027801513671875
0 0.8592210182776818 0.7964417384221003 0.018938358013446514 0.02145209679236779
0 0.5422785465533917 0.5634589195251465 0.014888249910794772 0.014826481158916768
0 0.5577241457425631 0.8527774810791016 0.0541377434363732 0.05389844454251803
0 0.6257839936476487 0.9914358579195462 0.02332936800443209 0.01501156733586238
0 0.44059958824744594 0.6184200140146109 0.02688004420353816 0.027636307936448317
0 0.7467433489285983 0.7986238919771634 0.015249105600210337 0.01525115966796875
0 0.3550834655761719 0.7021411749032828 0.014174828162560096 0.014194341806265024
