0 0.16075944900512695 0.24496933130117562 0.08251036130464993 0.082060667184683
0 0.8719692963820237 0.38976001739501953 0.02162904005784255 0.0219265864445613
0 0.7099632850060096 0.2647952666649452 0.024651454045222357 0.025035784794734076
0 0.45046655948345476 0.33522327129657453 0.023811853848970853 0.023794907789963942
0 0.3726173914395846 0.3698726433974046 0.01838838137113131 0.018318029550405648
0 0.42440293385432315 0.35739994049072266 0.02068805694580078 0.020586013793945312
0 0.8292472545917218 0.11986098839686467 0.015855935903695915 0.015991797814002402
0 0.6010371721707858 0.06919920444488525 0.019019346970778245 0.0190277099609375
0 0.8586571033184345 0.9555085989145132 0.018433790940504808 0.018400045541616585
0 0.8664552248441256 0.41452693939208984 0.016428433931790866 0.016463793241060697
0 0.4235954284667969 0.06022804517012376 0.017491560715895433 0.01725028111384465
0 0.2716225110567533 0.16715016731849083 0.017630943885216348 0.017362667964054987
0 0.6961735211885892 0.163179691021259 0.016275405883789062 0.01629983461820162
0 0.7582186185396634 0.4175544518690843 0.014664870042067308 0.014652545635516826
0 0.28643043224628156 0.3700125034038837 0.023830927335298978 0.02380033639761118
0 0.6043534278869629 0.15224965719076303 0.017268621004544772 0.01717536266033466
0 0.8334803214439979 0.3895745277404785 0.014194488525390625 0.014135213998647837
0 0.6035401270939753 0.04707426749742948 0.015881758469801683 0.016153867428119365
0 0.7672198368952825 0.35701282207782453 0.015404040996844951 0.015354596651517428
0 0.29846378473135143 0.802305661714994 0.014475602370042067 0.014722090501051683
0 0.17160705419687125 0.12323937966273381 0.016061929556039665 0.016085386276245117
0 0.8435244193443885 0.45755346004779524 0.014209894033578726 0.014205052302433895
0 0.6047948690561148 0.21567639937767616 0.014881207392765926 0.014894338754507212
0 0.6162976485032302 0.36760425567626953 0.0172271728515625 0.017420328580416165
0 0.25017886895399827 0.07517813719235934 0.01822633009690505 0.01823592185974121
0 0.5011634093064529 0.3946194281944862 0.01503768334021935 0.014829342181865986
0 0.3920011520385742 0.14950977838956392 0.059200140146108776 0.06091657051673302
0 0.16489812043996957 0.43678470758291393 0.01371614749615009 0.01352522923396184
0 0.8068195489736704 0.16474070915809044 0.013434483454777645 0.013440865736741286
0 0.4276441794175368 0.021601672355945293 0.01495662102332482 0.014733011905963603
0 0.41534658578725964 0.14657996251032904 0.01718741196852464 0.017342163966252253
0 0.7291330190805289 0.07845664024353027 0.02371553274301382 0.023969283470740683
0 0.31388176404512846 0.3762696706331693 0.013900096599872295 0.013789690457857572
0 0.5066466698279748 0.009671620451487027 0.01540968968318059 0.015200839592860295
