0 0.30721620412973255 0.4276870580819937 0.04331353994516226 0.04406547546386719
0 0.30812307504507214 0.4642161589402419 0.03145261911245493 0.03127288818359375
0 0.36629772186279297 0.4798669448265663 0.04488834967980018 0.04431599837083083
0 0.510100951561561 0.19718342560988206 0.03032068105844351 0.030725992642916165
0 0.5156000577486478 0.38158413080068737 0.10542825552133414 0.108641477731558
0 0.34481231982891375 0.13274922737708458 0.03253393906813402 0.032279638143686146
0 0.5302413060114934 0.9803186563345102 0.04187774658203125 0.03880500793457031
0 0.5506441776569073 0.5331811171311599 0.052098641028771035 0.052556551419771634
0 0.44323983559241664 0.16147989493149978 0.027004828819861777 0.027367188380314753
0 0.502294136927678 0.9755830764770508 0.020188258244441107 0.020150257990910456
0 0.44014519911545974 0.06075561046600342 0.03224020737868089 0.03182891698983999
0 0.30430100514338565 0.6237477522629958 0.03244994236872746 0.03238270832942082
0 0.577602533193735 0.44876542458167445 0.02880228482759916 0.029108194204477165
0 0.3162856835585374 0.3062879489018367 0.04149466294508714 0.04343399634728065
0 0.42524081010084885 0.9640237368070163 0.01993553455059345 0.0200344966008113
0 0.492034912109375 0.13735017409691444 0.020803011380709134 0.020551461439866286
0 0.4759994653555063 0.1345103795711811 0.022622181819035456 0.02228883596567007
0 0.5067275120661809 0.5294394126305213 0.02752260061410757 0.02749149615948017
0 0.49027530963604266 0.1196361596767719 0.01831186734713041 0.01767881099994366
0 0.38482115818903995 0.10009889419262226 0.02698238079364483 0.028206330079298753
0 0.4430943268996019 0.09308424362769493 0.023742235623873197 0.02395354784451998
0 0.49018151943500227 0.1743201475877028 0.018974891075721152 0.019054926358736478
0 0.624119758605957 0.531102914076585 0.04896340003380409 0.04979691138634315
0 0.36554666665884167 0.08899567677424504 0.01926906292255108 0.01916030737069937
0 0.35583932583148664 0.021090067349947415 0.023051995497483473 0.023093998432159424
0 0.4586209517258864 0.548749410189115 0.01585109417255108 0.01606618441068209
0 0.35886115294236404 0.9702422802264874 0.045642852783203125 0.044321647057166465
0 0.4789459521953876 0.13576362683222845 0.023378665630634014 0.021880736717810996
0 0.5771394876333383 0.5751038331251878 0.019368391770582933 0.019379248985877402
0 0.5882958632249099 0.164351041500385 0.04202681321364183 0.042306129749004655
0 0.40126466751098633 0.23640009073110727 0.03913094447209285 0.03809437384972206
0 0.4495856211735652 0.13683273242070124 0.026903886061448317 0.025792617064255934
0 0.5759543638962966 0.12340151346646823 0.020250467153695915 0.02016162872314453
0 0.4949177962083083 0.4407194577730619 0.017035410954402044 0.016818853525015023
0 0.3906298784109262 0.014920583138099084 0.020161555363581732 0.02041770861699031
0 0.3509661601139949 0.10382887033315805 0.027867243840144232 0.027768428509051982
0 0.5290301029498761 0.5032328092134916 0.018159939692570612 0.018390655517578125
