0 0.21341329354506272 0.5014142990112305 0.02743695332453801 0.027617527888371393
0 0.13184934396010178 0.9498797196608323 0.024391944591815654 0.024409074049729567
0 0.3502652828509991 0.37645589388333833 0.026035602276141826 0.026251866267277643
0 0.28786230087280273 0.07682768198160025 0.05282446054311899 0.053089416944063626
0 0.2831714703486516 0.5700784829946665 0.01856818565955529 0.0185849116398738
0 0.3284598130446214 0.8438736842228816 0.03244488055889423 0.032027904803936295
0 0.5537994824923002 0.6785648786104642 0.03079370351938101 0.030785047090970553
0 0.676020622253418 0.9372401604285607 0.02564576955942007 0.02585572462815505
0 0.4211425047654372 0.09531019284174992 0.03253173828125 0.03262534508338341
0 0.1623204488020677 0.6203516446627103 0.01855923579289363 0.018474872295673076
0 0.4492691480196439 0.5572385787963867 0.024800960834209736 0.02492948678823618
0 0.6583433151245117 0.5871554888211764 0.018036915705754206 0.018051000741811898
0 0.375543080843412 0.1297771197098952 0.037319330068734974 0.03778837277339055
0 0.830038437476525 0.6494368039644681 0.017565213716947116 0.017704303448016826
0 0.7741490877591647 0.024469971656799316 0.04369794405423678 0.0431824830862192
0 0.7319093850942758 0.9886700556828425 0.0186764643742488 0.017669677734375
0 0.21587830323439378 0.9225518153263972 0.017364061795748197 0.0177004887507512
0 0.4766593346228966 0.08604898819556603 0.036302346449631914 0.03597347552959736
0 0.2309575080871582 0.15923463381253755 0.02289581298828125 0.023141650053171012
0 0.41860096271221453 0.18845629692077637 0.017372718224158652 0.017290372114915114
0 0.3771026684687688 0.9301872253417969 0.019180884728064902 0.019106644850510817
0 0.9208566959087665 0.479433719928448 0.016333800095778245 0.016268363365760215
0 0.44029874068040115 0.1945802248441256 0.02259547893817608 0.022493839263916016
0 0.7050294142503005 0.8624974764310397 0.016368572528545674 0.01644750741811899
0 0.46233771397517276 0.04677267716481136 0.02238801809457632 0.02254319190979004
0 0.5276743815495417 0.04279984419162457 0.018806017362154447 0.01894823404458853
0 0.8689551720252404 0.32025505946232724 0.017836350661057692 0.017908829909104567
0 0.14783089894514817 0.26827322519742525 0.02418046731215257 0.024699687957763672
0 0.24174367464505708 0.6366072434645432 0.01833974398099459 0.018407528217022236
0 0.6083504603459284 0.7153343053964468 0.016296239999624398 0.016249583317683294
0 0.33084935408372146 0.9223310030423678 0.01566791534423828 0.015732985276442308
0 0.6148224243750939 0.1288735683147724 0.016482793367826022 0.016509202810434196
0 0.6991238227257361 0.5825047859778771 0.016284355750450723 0.016143211951622598
0 0.6986251244178185 0.0806490366275494 0.017813902634840745 0.018053861764761116
0 0.22412577042212853 0.030481725931167603 0.030013047731839694 0.029922957603748027
0 0.29086050620445836 0.6647462111253005 0.01933002471923828 0.019202599158653848
0 0.15914269594045785 0.6448827890249399 0.015847132756159857 0.015878824087289665
0 0.19739415095402643 0.21120973733755258 0.0218048829298753 0.021922991825984076
0 0.4265080965482272 0.832423576941857 0.01679200392503005 0.016680203951322116
0 0.3076876676999606 0.13727389849149263 0.01673151896550105 0.016760642711932842
0 0.21652137316190279 0.6074757209190955 0.014422196608323317 0.014665897075946514
0 0.2627972456125113 0.25526389708885777 0.016849004305326022 0.016611612760103665
0 0.2129483039562519 0.12444697893582858 0.017854066995474007 0.01788645524245042
0 0.23513166721050555 0.42484151400052583 0.014446662022517277 0.014731627244215745
0 0.25915244909433216 0.34850054520827073 0.015610474806565505 0.015656251173753005
0 0.36462138249323917 0.13875897114093488 0.023777594933143027 0.02366210864140437
0 0.29471441415640026 0.4008329831636869 0.01751422882080078 0.0177001953125
0 0.6530257004957932 0.9425153732299805 0.02210573049692007 0.0222476078913762
0 0.3081320615915152 0.3496556282043457 0.014159129216120793 0.014206739572378306
0 0.4263287690969614 0.12151916210467999 0.020807633033165567 0.02058300605187049
0 0.6535845536452073 0.8618121513953576 0.023441021259014424 0.02377466055063101
0 0.6948074194101187 0.9914674025315505 0.01559903071476863 0.013280428372896634
0 0.5178894629845252 0.01864151542003338 0.02250495323768029 0.022831472066732552
0 0.21864139116727388 0.20310423924372747 0.019032625051645134 0.019089772151066706
0 0.319970571077787 0.016495538445619438 0.024681971623347357 0.02500160153095539
0 0.29581387226398176 0.007005920776954064 0.0237581913287823 0.013074774008530837
0 0.2966836415804349 0.19905673540555513 0.020386439103346605 0.02056547311636118
0 0.41898448650653547 0.8517203697791467 0.014411339393028846 0.014476189246544471
0 0.439538625570444 0.06887658742757943 0.032333080585186295 0.03241373942448543
0 0.6143353535578802 0.7682302915132962 0.01494304950420673 0.014857952411358174
0 0.10080873049222507 0.7818421583909255 0.014585054837740384 0.014760090754582332
0 0.2925342046297513 0.703422106229342 0.015529229090763973 0.015468010535606971
0 0.33542717420137846 0.8288748814509466 0.01871336423433744 0.018607506385216348
0 0.21661523672250602 0.3036787143120399 0.01777025369497446 0.018094246204082783
0 0.3703194764944223 0.7921523314255935 0.014483158405010518 0.014603541447566105
0 0.6497252537653997 0.030063720849844124 0.023015829233022835 0.023505761073185846
0 0.8809339083158053 0.9571630037747897 0.014328883244441105 0.014283987192007212
0 0.1859147732074444 0.454927921295166 0.014421829810509315 0.01454023214486929
0 0.4700760474571815 0.7903225972102239 0.017590889563927285 0.01739648672250601
0 0.07574315254504864 0.6140397145197942 0.0144197023831881 0.014274890606219951
0 0.19933935312124398 0.3273710837730995 0.015834661630483773 0.015362372765174279
0 0.20583453545203576 0.03564859582827641 0.018644112807053786 0.01874013588978694
0 0.21423761661236101 0.1660435933333177 0.0205078858595628 0.020020741682786208
0 0.4754258669339694 0.7827238669762244 0.017443290123572715 0.017525452833909255
0 0.340577822465163 0.1537053768451397 0.02138372567983774 0.021757969489464395
0 0.3363930262052096 0.1361389893751878 0.019351665790264424 0.019761397288395807
0 0.7152323356041541 0.08359443224393405 0.019677235529972956 0.019633582005133994
0 0.8116347239567683 0.022000860709410448 0.021120218130258415 0.02102595567703247
0 0.23686023858877328 0.45543487255389875 0.013490676879882812 0.013666593111478366
0 0.07155544941241924 0.35640599177433896 0.028617180310762845 0.02710723876953125
0 0.5875711441040039 0.5451335906982422 0.014453447782076322 0.0147398435152494
0 0.6775694627028245 0.10522131736461933 0.014694507305438701 0.014319218122042142
0 0.5802445411682129 0.6941515115591196 0.017370957594651442 0.017390617957481973
0 0.5389075646033654 0.03480533223885756 0.016778945922851562 0.016946228650900032
0 0.26415304037240833 0.4169776256267841 0.0147248781644381 0.015107081486628605
0 0.7600524608905499 0.9405540319589468 0.015492072472205529 0.015797541691706732
0 0.658663823054387 0.13822104380680963 0.017237443190354567 0.017133144231942985
0 0.20907977911142203 0.4250799325796274 0.0150755368746244 0.015423114483173076
0 0.05630927360974825 0.6506017538217398 0.014042927668644832 0.014066549447866587
0 0.8220851604755108 0.6619805556077224 0.025948157677283652 0.026697452251727764
0 0.4018230438232422 0.12675038667825553 0.01431428469144381 0.014806802456195537
0 0.48741876162015474 0.025304260162206795 0.019898341252253607 0.02041447162628174
0 0.12198769129239596 0.7141405252309946 0.014778797443096455 0.014842400184044471
0 0.35612876598651594 0.3118158487173227 0.018776526817908652 0.01861733656663161
0 0.27375345963698167 0.11345453445728008 0.027120370131272536 0.02674133961017315
0 0.44339312039888823 0.06555156065867497 0.03024453383225661 0.03117364186507005
0 0.7035063230074369 0.9791126984816331 0.015069521390474759 0.015431477473332332
0 0.07669511208167443 0.35444134932297927 0.021285643944373496 0.02171164292555589
0 0.5844574708205003 0.03040601656987117 0.014560185945951022 0.014651170143714318
0 0.22907231404231146 0.1121529615842379 0.015767757709209736 0.015401656811053935
0 0.6917817776019757 0.9242904369647686 0.014269168560321514 0.01429279033954327
0 0.4408590610210712 0.17301295353816107 0.01676603463979868 0.01662929241473858
0 0.7970408659714919 0.6761718163123498 0.02619758019080529 0.02612128624549279
0 0.47167414885300857 0.7884364494910607 0.020029214712289665 0.01938629150390625
0 0.2576873302459717 0.24319608394916242 0.016817569732666016 0.016898228571965143
0 0.24156885880690354 0.29543326451228213 0.014374476212721605 0.014371835268460788
0 0.14500309870793268 0.7282653221717248 0.014045495253342848 0.014237330510066105
0 0.4990866000835712 0.6956955836369441 0.013640183668870192 0.013616121732271634
0 0.42494839888352615 0.21508495624248797 0.017979548527644232 0.01824158888596755
0 0.18112714474017805 0.23269040767963117 0.024384241837721605 0.025069676912747897
0 0.06776309930361234 0.3585926936222957 0.02548516713655912 0.02406178987943209
0 0.7378846682035006 0.5934326098515437 0.014064788818359375 0.013919610243577223
0 0.7879494887131911 0.053103900872744046 0.02611365685096154 0.02555544559772198
0 0.3237146230844351 0.20180698541494516 0.01770753126878005 0.017845593965970553
0 0.28853814418499285 0.2100695096529447 0.018163681030273438 0.01836373255803035
0 0.08264007018162654 0.9444663708026593 0.014300401394183818 0.014540158785306491
0 0.6085637532747709 0.6791013570932242 0.014713800870455228 0.01494128887469952
0 0.653320679297814 0.8588449037992038 0.02093344468336839 0.020504878117487982
0 0.12794267214261568 0.04349714976090651 0.014216789832481971 0.01457509627709022
0 0.6906050168550931 0.1175154997752263 0.02216500502366286 0.021546675608708307
0 0.67779724414532 0.3268548525296725 0.014245693500225361 0.0140228271484375
0 0.38330973111666167 0.9541210027841421 0.015719780555138223 0.015358704787034255
0 0.7831015953650842 0.8057725612933819 0.014101762038010817 0.01427151606633113
0 0.6299064342792218 0.050795871477860674 0.014375539926382212 0.014345361636235164
0 0.5762486091026893 0.9302908824040339 0.01425618391770583 0.014112765972430889
0 0.6591931856595553 0.8385581970214844 0.015067173884465145 0.015036803025465745
0 0.16033535737257737 0.2971016443692721 0.018984391139103815 0.019168560321514424
0 0.32312877361591047 0.19886361635648286 0.02146456791804387 0.021515919612004206
0 0.3134738481961764 0.40229283846341646 0.01787084799546462 0.017639967111440804
0 0.4045999233539288 0.9778371957632211 0.01708558889535757 0.016913340641902044
0 0.7604139768160306 0.10273093443650466 0.014838292048527645 0.01495669438288762
