0 0.41056713691124547 0.8070628826434796 0.04420001690204327 0.044367276705228366
0 0.6457052964430589 0.5651220908531775 0.022508914654071514 0.022693340594951924
0 0.5265266711895282 0.8638621110182542 0.026340337900015023 0.02637202923114483
0 0.23644368465130144 0.5583245204045222 0.05601783899160532 0.05630287757286659
0 0.8070659637451172 0.2605285094334529 0.04263393695537861 0.04303404001089243
0 0.7281541090745193 0.05094832640427809 0.024279374342698317 0.024558819257296048
0 0.6021473224346454 0.23685330611008865 0.023622879615196817 0.023810826815091647
0 0.5182092373187726 0.6739307550283579 0.024509503291203424 0.024594673743614785
0 0.49875589517446667 0.5441213020911584 0.024315760685847357 0.02384024399977464
0 0.3870710226205679 0.6488378231342022 0.026797074538010817 0.02718514662522536
0 0.26657676696777344 0.600095088665302 0.03734309856708233 0.03726812509390024
0 0.7187868265005258 0.5505749995891864 0.0335699228140024 0.03310342935415415
0 0.4408531922560472 0.5914977880624624 0.025750380295973558 0.02581948500413161
0 0.5921186300424429 0.3441745317899264 0.018764495849609375 0.018826411320612982
0 0.5368764583881085 0.7175394204946665 0.026374963613656852 0.026431890634390023
0 0.6913940723125751 0.10618053949796237 0.042487804706280045 0.0426795299236591
0 0.47878122329711914 0.6548770024226263 0.021643785329965446 0.021775172306941107
0 0.594869980445275 0.0638424616593581 0.018784009493314303 0.018454359127924994
0 0.23762768965501052 0.7723269829383264 0.021391575153057393 0.02124757033128005
0 0.6455238048846905 0.9298127247737005 0.02162757286658654 0.021568151620718148
0 0.6754027146559495 0.04801995020646315 0.026674417349008415 0.026840212253423836
0 0.7434221414419321 0.9578467149000901 0.026660625751201924 0.026355449969951924
0 0.22417833254887506 0.6719528344961313 0.019168963799109824 0.01930104769193209
0 0.7425506298358624 0.8922345088078425 0.029775032630333535 0.0297848628117488
0 0.4022811742929312 0.5732357318584735 0.021640190711388223 0.021625665517953727
0 0.3317143733684833 0.7659939986008865 0.021332667424128607 0.02143067580003005
0 0.2838150721329909 0.0884860845712515 0.021132212418776292 0.02151357210599459
0 0.2721054003788875 0.03981670049520639 0.025696754455566406 0.02574192789884714
0 0.5600840495182917 0.8707152880155123 0.020764570969801683 0.020854803232046273
0 0.40107154846191406 0.09506348463205191 0.01891943124624399 0.01876269854032076
0 0.2801904311546913 0.3490497882549579 0.01672227566058819 0.016717177170973558
0 0.7996990497295673 0.05147518102939312 0.019301781287560098 0.019044133333059456
0 0.5411587495070237 0.34568130053006685 0.019464492797851562 0.01938020266019381
0 0.5525246033301721 0.32800182929405797 0.025449679448054388 0.025688611544095553
0 0.2338264538691594 0.6863015981820914 0.02108904031606821 0.021404853233924277
0 0.649026137131911 0.11510086059570312 0.020786432119516227 0.02085252908559946
0 0.5928321985098032 0.9257012880765475 0.018746449397160456 0.018845778245192308
0 0.7599730858435998 0.4317937264075646 0.02000735356257512 0.01999356196476863
0 0.5872870225172776 0.10644293748415433 0.02129085247333233 0.021294098633986253
0 0.7619413962730994 0.7512638385479267 0.0229644775390625 0.023213753333458535
0 0.34093629396878755 0.8588496721707858 0.023521863497220553 0.02382029019869291
0 0.7864694595336914 0.6064039010267991 0.016545809232271634 0.016336954556978665
0 0.7584249056302584 0.527769712301401 0.023583045372596152 0.023595002981332634
0 0.29515845959003156 0.7875432968139648 0.022999286651611328 0.022868816669170674
0 0.6929076268122747 0.9519608570979192 0.0182949946476863 0.018165001502403848
0 0.3585202877338116 0.7912883758544922 0.01860193105844351 0.018658858079176683
0 0.5249206836407001 0.3329798991863544 0.03245236323429988 0.03241927807147686
0 0.7061215914212741 0.030852492039020244 0.03682752755972055 0.036669180943415716
0 0.5481780125544622 0.5854932711674616 0.016408333411583535 0.016435696528508112
0 0.1696772208580604 0.6603717803955078 0.01884805239163912 0.02118961627666767
0 0.8206373361440805 0.40607555095966047 0.017048762394831732 0.017020005446213942
0 0.4950049106891339 0.14615902533897987 0.0210419434767503 0.021356949439415567
0 0.3054902736957257 0.08304528089670035 0.016873799837552585 0.016603396489070013
0 0.7359823080209585 0.27543163299560547 0.022700383112980768 0.02245781971858098
0 0.2322373756995568 0.6106860087468073 0.05372770016009991 0.05443925123948317
0 0.29186168083777797 0.9411078232985276 0.019233336815467246 0.0193478510929988
0 0.41315122751089245 0.2646356729360727 0.029558328481820915 0.030077420748197116
0 0.6433572769165039 0.40929603576660156 0.015000856839693509 0.014725171602689303
0 0.22070162112896258 0.09087547889122596 0.01988638364351713 0.019897937774658203
0 0.6347796366764948 0.20125831090486968 0.018637877244215745 0.018685194162222054
0 0.31558950130756086 0.9669399995070237 0.01638485835148738 0.01644413287823017
0 0.24315602962787336 0.6409586392916166 0.016225594740647536 0.016174903282752402
0 0.7832770714393029 0.4507299203139085 0.015489431527944712 0.01573459918682392
0 0.5685789401714618 0.671390753525954 0.014545734112079326 0.014775349543644832
0 0.47640096224271333 0.17676536853496844 0.021971775935246393 0.022304828350360576
0 0.7292663867657001 0.17034451778118426 0.014252295860877404 0.014157735384427585
0 0.557007202735314 0.06187466016182533 0.014659881591796875 0.014541259178748498
0 0.5795498994680551 0.07371404537787804 0.015006065368652344 0.01500562521127554
0 0.4679047144376315 0.30094192578242374 0.017607688903808594 0.01755688740656926
0 0.3556025211627667 0.7528099646935096 0.03229251274695763 0.032394115741436295
0 0.2166472581716684 0.14298777396862322 0.023210855630727913 0.023151416044968825
0 0.6814837822547326 0.5805619313166692 0.023711277888371393 0.024042129516601562
0 0.3681944333589994 0.31980015681340146 0.014446111825796274 0.01437084491436298
0 0.7387189131516677 0.2615353877727802 0.021245809701772835 0.021055001478928786
0 0.47132161947397083 0.07186179436170138 0.018308052649864785 0.01824317528651311
0 0.8137524678156927 0.36979029728816104 0.015531980074368991 0.015729757455679085
0 0.5775242585402268 0.6156894243680514 0.01598336146428035 0.01586429889385517
0 0.6205308620746319 0.18280905943650466 0.014598406278170072 0.01483455071082482
0 0.6314478654127854 0.25621902025662935 0.017773848313551683 0.0178832274216872
0 0.384759389437162 0.7690535325270432 0.015614582942082332 0.01567503122182993
0 0.7996603158804086 0.9365483797513522 0.015482389009915866 0.01586767343374399
0 0.40149332926823544 0.11692251608921932 0.015035409193772536 0.014853954315185547
0 0.7245324941781851 0.9613234446598933 0.014539571908804087 0.014576985285832332
0 0.3664836149949294 0.2254772186279297 0.01519012451171875 0.015289636758657603
0 0.6940458737886869 0.06574596808506893 0.04099214993990385 0.040806275147658125
0 0.20592682178203875 0.606175422668457 0.0239104491013747 0.023637038010817308
0 0.7732727344219501 0.1653743157019982 0.01809208209698017 0.01835492941049429
0 0.6409730177659255 0.7157655862661508 0.017366849459134616 0.017463097205528848
0 0.7214213151198167 0.7848876072810247 0.014900794396033654 0.015117791982797476
0 0.4284389936006986 0.42020742709820086 0.014620120708759014 0.015068420997032752
0 0.5698580008286697 0.6927764599139874 0.013946313124436598 0.013855567345252404
0 0.6772025181696966 0.8063723490788386 0.014372312105618991 0.014256990872896634
0 0.5009175814115084 0.37980226370004505 0.015042525071364183 0.015181321364182692
0 0.2833516047551082 0.6595370219304011 0.014120688805213341 0.014146511371319111
0 0.5579222899216872 0.5090995201697717 0.013825489924504207 0.0138093508206881
0 0.7842316260704627 0.4824253228994516 0.01367657001201923 0.013716037456805889
0 0.5494743860684909 0.09565357061532828 0.013854246873121995 0.013864939029400166
0 0.2410445213317871 0.051999339690575234 0.016152235177847054 0.016118306380051833
0 0.4325569226191594 0.03937310438889723 0.0191040772658128 0.01921584285222567
0 0.6003195322476901 0.5231110499455378 0.014132352975698618 0.01413866189809946
0 0.1760400625375601 0.43302165544950044 0.014578709235558143 0.014397767873910757
0 0.5815405478844275 0.3005496905400203 0.01407916729266827 0.013968761150653545
0 0.7214724467350886 0.09122952131124643 0.02247472909780649 0.02275397227360652
0 0.7755674215463492 0.5668822068434495 0.024166107177734375 0.02441582312950721
0 0.6860204843374399 0.35548973083496094 0.021724700927734375 0.021587665264423076
0 0.30550487224872297 0.7652873259324294 0.016416256244365986 0.016506341787484977
0 0.5632473505460299 0.6340449406550481 0.024000828082744893 0.023739741398737982
0 0.6882233986487756 0.0674631824860206 0.030471361600435697 0.03210363938258244
0 0.2581199866074782 0.24965829115647536 0.013844856849083534 0.013735147622915415
0 0.5580152364877554 0.27590060234069824 0.0136567629300631 0.013808030348557692
0 0.502743280850924 0.3423316662128155 0.016355514526367188 0.016222146841195915
0 0.29433905161344087 0.049586158532362715 0.02056594995351938 0.020526409149169922
0 0.28052146618182844 0.27422088843125564 0.014246500455416165 0.014268324925349308
0 0.6767065341656024 0.36090513376089245 0.014370258037860576 0.014850763174203726
0 0.6158179503220779 0.006639062212063716 0.01948972848745493 0.012783522789294902
0 0.34844369154710036 0.730425761296199 0.015893055842472956 0.015661973219651442
0 0.6365955059344952 0.21552548041710487 0.01578521728515625 0.015769518338716947
0 0.26595497131347656 0.7702129070575421 0.014307095454289364 0.013968834510216346
0 0.7373428344726562 0.26830482482910156 0.025006220890925482 0.029317195598895732
0 0.5289217875554011 0.275203668154203 0.020749899057241585 0.020557403564453125
0 0.2615702152252197 0.111899366745582 0.014414237095759464 0.014304326130793644
0 0.6811725909893329 0.03072288861641517 0.0164034916804387 0.015710638119624212
0 0.6049393140352689 0.09145725690401517 0.01889463571401743 0.019080455486591045
0 0.23498696547288161 0.8077190105731671 0.014058736654428335 0.014067429762620192
