0 0.6638129307673528 0.8005294799804688 0.04480479313777043 0.04444679847130409
0 0.3752022156348595 0.45485525864821214 0.0229491453904372 0.022893905639648438
0 0.14642003866342398 0.49023078038142276 0.02107891669640174 0.021232971778282754
0 0.42472347846397984 0.04192912578582764 0.018929261427659255 0.01884894875379709
0 0.26168126326340896 0.6987719902625451 0.019074073204627402 0.019375727726862982
0 0.7875213623046875 0.7397711827204778 0.01907172569861779 0.019260113055889424
0 0.22514882454505333 0.6700137211726263 0.03161804492657001 0.03126995380108173
0 0.7727143214299128 0.7288369398850661 0.01825890174278846 0.018402833205003005
0 0.29152132914616513 0.7135843130258414 0.018892948444073018 0.018863091102013223
0 0.5723548669081467 0.22368962948138899 0.01797169905442458 0.018042564392089844
0 0.5417637825012207 0.9167346954345703 0.024443846482496995 0.024773671076847956
0 0.24563514269315279 0.7271405733548678 0.01671754396878756 0.01659701420710637
0 0.2486579418182373 0.6624340644249549 0.017676866971529447 0.017672612116887018
0 0.5599340292123648 0.9097208609947791 0.03604463430551382 0.03633425785945012
0 0.26292030627910906 0.6034920032207782 0.016457631037785456 0.016452495868389424
0 0.5486351893498347 0.8913244834313025 0.022529235252967246 0.022365276630108174
0 0.8700400132399339 0.7475400337806115 0.017948737511268027 0.01792320838341346
0 0.16924850757305437 0.5746300037090595 0.015175452599158654 0.015129896310659556
0 0.6103469408475436 0.9142081920917218 0.015514813936673678 0.015399345984825721
0 0.17490247579721305 0.055432879007779635 0.014524533198429989 0.014666465612558218
0 0.9244967240553635 0.7694241450383112 0.01651147695688101 0.016513237586388223
0 0.2610043195577768 0.6582863881037786 0.017465848189133864 0.01747732896071214
0 0.30936431884765625 0.4628018599290114 0.015528385455791768 0.015616416931152344
0 0.31193003287682164 0.49445676803588867 0.015886453481820915 0.016024002662071817
0 0.28368722475492036 0.5254678726196289 0.01723179450401893 0.017751253568209134
0 0.11786150932312012 0.39136842580942005 0.014409065246582031 0.014572216914250301
0 0.171538573044997 0.4522016965425931 0.01595313732440655 0.01582175034743089
0 0.34055541111872745 0.7565635534433218 0.0145112551175631 0.014510521521935096
0 0.5125228808476374 0.9287449763371394 0.013973602881798377 0.014086209810697116
0 0.37989418323223406 0.7791505960317758 0.015318357027493991 0.014909744262695312
0 0.22486683038564828 0.19356386478130633 0.01343837151160607 0.013389990879939152
