0 0.49874595495370716 0.08381207172687237 0.03673883584829477 0.03693703504709097
0 0.20589296634380633 0.471835943368765 0.04031445429875301 0.04069166917067308
0 0.43766293158897984 0.06376560834737924 0.033868056077223554 0.033999039576603815
0 0.266356504880465 0.6266838954045222 0.021006437448354866 0.020760169396033652
0 0.5462305362407978 0.14578639543973482 0.02584706819974459 0.02606333219088041
0 0.02652158186985896 0.628888570345365 0.02541194512293889 0.025609529935396634
0 0.6218718015230619 0.9055548447829026 0.02167221216055063 0.021921304556039665
0 0.1775183127476619 0.7184339670034555 0.02520616237933819 0.02508999751164363
0 0.5573923404400165 0.6356111673208383 0.021024263822115384 0.021159538855919473
0 0.26404850299541766 0.3777645551241361 0.024796375861534707 0.024872853205754206
0 0.48303956251878005 0.1288756957420936 0.020937406099759616 0.02087512383094201
0 0.5944466957679162 0.20404802835904634 0.023081265963040866 0.023253587576059196
0 0.2365898352402907 0.46517555530254656 0.021308312049278848 0.021106133094200723
0 0.8140771572406476 0.24733987221351036 0.01962412320650541 0.01965757516714243
0 0.12153398073636569 0.6711871807391827 0.021573763627272386 0.021679511437049277
0 0.47967037787804234 0.18611838267399713 0.018753638634314902 0.01890387901893029
0 0.5253487366896409 0.25556208537175107 0.019256151639498197 0.019246394817645732
0 0.41798290839562047 0.1687614550957313 0.021939497727614183 0.022037652822641227
0 0.5481008749741775 0.09580410443819486 0.02065108372614934 0.020891116215632513
0 0.5518374076256385 0.6899846883920523 0.02218143756573017 0.022349137526292067
0 0.36954446939321667 0.017050307530623216 0.021021476158728965 0.02138693516071026
0 0.2581389867342435 0.7136292090782752 0.01791535891019381 0.017779130202073317
0 0.9053882452157828 0.18911361694335938 0.02414365915151743 0.02409186730018029
0 0.7596517709585336 0.6185364356407752 0.01735687255859375 0.01706211383526142
0 0.15841216307419997 0.5552161290095403 0.02417292961707482 0.024263675396259014
0 0.20433748685396635 0.6877737778883714 0.018920458280123197 0.018947307880108174
0 0.035332326705639176 0.53827454493596 0.018304916528555062 0.018236086918757513
0 0.7300770099346454 0.09645108076242301 0.018840202918419473 0.01887688269981971
0 0.2423857175386869 0.681798714857835 0.01853348658635066 0.01840694134051983
0 0.11432715562673715 0.5590145404522235 0.017554649939903848 0.017669017498309795
0 0.07918176284203163 0.1151581360743596 0.04025117709086491 0.04048849986149715
0 0.5612208659832294 0.1295309616969182 0.01763615241417518 0.017750923450176533
0 0.18290039209219125 0.3655131780184232 0.016996236947866585 0.016956182626577523
0 0.09384857691251315 0.3269624343285194 0.01679226068349985 0.01712483626145583
0 0.4731214963472806 0.8584062136136569 0.0207061767578125 0.02058234581580529
0 0.7389227060171274 0.4856816805326022 0.021014873798076924 0.021114055926983174
0 0.11194370343134953 0.44813676980825573 0.01617849790132963 0.016047257643479567
0 0.7417155045729417 0.6133298873901367 0.01671570997971755 0.016505021315354567
0 0.48577360006479114 0.940038094153771 0.0161898686335637 0.016250023475060098
0 0.6494095142071064 0.3757944840651292 0.016425499549278848 0.016434449415940505
0 0.13005843529334435 0.5691707317645733 0.017468819251427285 0.01742069537823017
0 0.9362120261559119 0.32159035022442156 0.01697569627028245 0.016917008620042067
0 0.11845863782442533 0.7328867545494666 0.016251050508939303 0.01620967571551983
0 0.5562487382155198 0.16455676005436823 0.016310398395244893 0.01617270249586839
0 0.43250582768366885 0.8970027336707482 0.01592122591458834 0.016050192025991585
0 0.5634688230661246 0.00907766131254343 0.016998291015625 0.01602318424444932
0 0.8413847409761869 0.9919734367957482 0.018182901235727165 0.013514005220853366
0 0.058677930098313555 0.07481068831223708 0.016764237330510065 0.016683541811429538
0 0.7132313068096454 0.20509795042184684 0.015359731820913462 0.015568843254676232
0 0.1514596205491286 0.25397597826444185 0.015574308542104868 0.015758661123422477
0 0.8341781909649189 0.24408813623281625 0.017754481388972357 0.017458695631760817
0 0.5535140404334435 0.27066810314471906 0.01695075401893029 0.01684251198401818
0 0.9809420658991888 0.2980766296386719 0.015134664682241587 0.015128135681152344
0 0.49878377180833083 0.25341514440683216 0.01561436286339393 0.015854688791128304
0 0.2044986944932204 0.5156429730928861 0.014715854938213643 0.014934099637545072
0 0.030334889888763428 0.30673613915076625 0.024424121930049017 0.02449453794039213
0 0.7066169885488657 0.01877911503498371 0.015105467576246995 0.01514202356338501
0 0.7225017547607422 0.9097694983849158 0.014865875244140625 0.015279769897460938
0 0.3818628237797664 0.31708948428814226 0.014808214627779447 0.014624595642089844
0 0.2567614775437575 0.9193109365609976 0.014558498676006611 0.014511988713191105
0 0.018809969608600322 0.8391799926757812 0.014893375910245456 0.014974153958834134
0 0.6211258814885066 0.2307608310992901 0.01592287650475135 0.015950826498178337
0 0.05310378624842717 0.5528816810021033 0.015024056801429162 0.015076563908503605
0 0.6216349234947791 0.13710139347956732 0.014322280883789062 0.014386433821458083
0 0.450564091022198 0.3977638391348032 0.01422412578876202 0.014340620774489183
0 0.19484391579261193 0.7130988194392278 0.01468959221473107 0.014855018028846154
0 0.06094477268365713 0.34569835662841797 0.04017009184910701 0.03956677363469051
0 0.21388770983769342 0.6147167499248798 0.01378770974966196 0.013741419865534855
0 0.887755980858436 0.18551153403062087 0.014999829805814303 0.015181541442871094
0 0.0879504864032452 0.8685753162090595 0.014920601477989784 0.015045899611253005
0 0.8134252108060397 0.1890851901127742 0.014641394981971154 0.015159093416654147
0 0.8679382617657001 0.9510120978722205 0.01575323251577524 0.015735772939828727
0 0.08330932030310997 0.13843943522526667 0.023062444650209867 0.024191984763512246
0 0.2184484188373272 0.26753994134756237 0.01443019280066857 0.014443397521972656
0 0.6537020756648138 0.3626428750845102 0.014108511117788462 0.014034271240234375
0 0.08137924854572003 0.5702173526470478 0.015000159923846904 0.014780484713040866
0 0.04086045118478628 0.6622585883507361 0.014480171295312734 0.014423076923076924
0 0.8389254349928635 0.1207963411624615 0.014911358173076924 0.014958840150099535
0 0.1940148977132944 0.20668682685265174 0.013870826134314904 0.013803702134352464
0 0.18543758759131798 0.9296258779672476 0.014242135561429538 0.014405910785381611
0 0.06020820140838623 0.620265007019043 0.014226876772367038 0.01424716069148137
0 0.47062081557053786 0.0715065415088947 0.014009915865384616 0.013929431255047139
0 0.10208635146801288 0.41781293428861177 0.014586705427903395 0.01443789555476262
0 0.8293976416954627 0.008606134125819573 0.014001406156099759 0.014213861181185795
0 0.566210673405574 0.0630760697218088 0.017049495990459736 0.017376294502845176
