0 0.7592308337871845 0.20118111830491286 0.08285801227276142 0.08296438363882211
0 0.40398935171274036 0.6458317683293269 0.0692738753098708 0.07016963225144607
0 0.8946550809420072 0.5095514150766226 0.04317767803485577 0.04430330716646635
0 0.7003894952627329 0.23090241505549505 0.030193475576547477 0.030328017014723558
0 0.7334559513972356 0.346342160151555 0.02263612013596755 0.022710506732647236
0 0.8289899092454177 0.9677923642672025 0.027774223914513223 0.027829977182241585
0 0.553131653712346 0.701134021465595 0.027561261103703424 0.027514531062199518
0 0.9570021262535682 0.8654194611769456 0.023551794198843148 0.023794174194335938
0 0.7857394585242639 0.6169599386361929 0.023743262657752402 0.023776971376859225
0 0.903691658606896 0.9377737778883714 0.02228370079627404 0.02235588660606971
0 0.6423777800339919 0.9378906396719126 0.01962588383601262 0.019537852360652044
0 0.3717773144061749 0.6774006623488206 0.025477042564978965 0.025934219360351562
0 0.5272381489093487 0.5539050469031701 0.03247642517089844 0.03268711383526142
0 0.804618762089656 0.9093490013709435 0.03211124126727764 0.03196863027719351
0 0.4992792056157039 0.932591071495643 0.02011717282808744 0.020149817833533652
0 0.8483219146728516 0.03797259468298692 0.017718095045823317 0.017747342586517334
0 0.7267953432523288 0.25329705385061413 0.04010215172400841 0.0401306885939378
0 0.4881712840153621 0.8417565272404597 0.019710394052358773 0.019801800067608174
0 0.21309511478130633 0.7183050008920523 0.028274682851938102 0.028523665208082933
0 0.300091395011315 0.23784993245051458 0.01724378879253681 0.01710066428551307
0 0.9093096806452825 0.2861324640420767 0.023775540865384616 0.024080533247727614
0 0.552695054274339 0.8992264087383564 0.026253773615910456 0.02649512657752404
0 0.699226819551908 0.8268714317908654 0.019530369685246393 0.018930581899789665
0 0.6309923758873572 0.48723422563993013 0.033041147085336536 0.032930814302884616
0 0.9812717437744141 0.1256591906914344 0.017508286696213942 0.017595988053541917
0 0.7216596603393555 0.9174028543325571 0.01801168001615084 0.018098831176757812
0 0.8378340647770808 0.47171732095571667 0.016676682692307692 0.016658782958984375
0 0.1110075437105619 0.5809559455284705 0.01660783474261944 0.016654087946965143
0 0.7229433059692383 0.7048300229586087 0.01728952847994291 0.017408077533428486
0 0.29888266783494216 0.9540714850792518 0.01916657961331881 0.019198197584885817
0 0.7141885757446289 0.5917940139770508 0.016345977783203125 0.01629015115591196
0 0.7348423004150391 0.28516749235299915 0.021677457369290866 0.021704343649057243
0 0.7375709827129657 0.6401621745182917 0.016041095440204326 0.01619412348820613
0 0.7998092357928936 0.8889673673189603 0.032792311448317304 0.033325488750751205
0 0.9523744583129883 0.6693884042593149 0.02628150353064904 0.025858952448918268
0 0.843711779667781 0.41226834517258865 0.01624576862041767 0.016507368821364183
0 0.9756984710693359 0.18673614355234 0.043852586012620196 0.07561822120959942
0 0.5664578951322116 0.9846889055692233 0.018811152531550482 0.018741607666015625
0 0.6373612330510066 0.02284405781672551 0.015873542198768027 0.015800484097920932
0 0.8046179551344651 0.9351825714111328 0.01946684030386118 0.0192562983586238
0 0.649405259352464 0.5361499052781326 0.026848279512845553 0.02638391348031851
0 0.9768546177790716 0.2476833967062143 0.015859163724459134 0.015638461479773887
0 0.5768107634324294 0.4028177261352539 0.056394723745492786 0.05672660240760216
0 0.5277600655188928 0.06554085474747878 0.01464388920710637 0.014513932741605319
0 0.6895891336294321 0.7840287135197566 0.023161814762995794 0.022853998037484977
0 0.7063652918888972 0.5362584774310772 0.018451837392953727 0.018473111666165866
0 0.7573361763587365 0.49659589620736927 0.02289434579702524 0.022700969989483174
0 0.8412092649019681 0.25043060229374814 0.047502957857572116 0.04748692879310021
0 0.5373403842632587 0.4782743453979492 0.0369410881629357 0.036579278799203724
0 0.8094172110924354 0.5879613436185397 0.014736028817983774 0.014890964214618389
0 0.623352784376878 0.547733893761268 0.02155865155733549 0.021478946392352764
0 0.6172539637638972 0.5182019747220553 0.036963389470027044 0.03673758873572716
0 0.7300244844876803 0.13250264754662147 0.014111152062049279 0.014082871950589694
0 0.6752628913292518 0.37412540729229266 0.026530632605919473 0.026698479285606973
0 0.7793339949387771 0.7610282897949219 0.02098538325383113 0.021219253540039062
0 0.9284798548771784 0.40736910013052136 0.07652576153094952 0.0774685786320613
0 0.3335406596844013 0.9908783986018255 0.016841961787297174 0.015471091637244591
0 0.7323760252732497 0.5099738927987906 0.018479567307692308 0.018382732684795674
0 0.6843505272498498 0.6444755700918344 0.017280431894155648 0.017618912916917067
0 0.7162986168494592 0.5248036751380334 0.01659085200383113 0.01717860882098858
0 0.5261028729952298 0.7510726635272686 0.015070034907414364 0.01530764653132512
0 0.5208672009981595 0.10364208771632268 0.013874347393329326 0.014070767622727614
0 0.8322290273813101 0.5466610835148737 0.01804175743689904 0.017880733196551982
0 0.47396366412823016 0.880036133986253 0.015385114229642428 0.01571200444148137
0 0.7563711313100961 0.5930455647982084 0.01451873779296875 0.014860079838679386
0 0.9701275458702674 0.47750098888690656 0.019240746131310098 0.01927947998046875
0 0.8295462681696966 0.884062987107497 0.026541783259465143 0.026800155639648438
0 0.5112328896155725 0.2807454329270583 0.014321400569035457 0.014444571274977464
0 0.526518674997183 0.5126312696016752 0.04061478834885817 0.0406957773061899
0 0.4690524614774264 0.5605253806480994 0.032962652353140026 0.03342701838566707
0 0.7028214381291316 0.4868745803833008 0.018336369441105768 0.018204615666316107
0 0.8325121219341571 0.8877039689284104 0.02115455040564904 0.021420405461237982
0 0.7638724400446966 0.602874389061561 0.01615480276254507 0.015765556922325723
0 0.7732947422907903 0.853642096886268 0.014806894155649038 0.014779897836538462
0 0.8805483304537259 0.2027471248920147 0.08303774320162259 0.08414019071138822
0 0.7089163706852839 0.5344475232637845 0.019908611591045674 0.020314876849834736
0 0.2845142621260423 0.7093140528752253 0.02456514651958759 0.024680210993840143
0 0.4286644275371845 0.7022245847261869 0.05668199979341947 0.05673657930814303
0 0.8166662362905649 0.32070185587956357 0.02773460975060096 0.028383328364445612
