0 0.8766244741586539 0.06056529742020827 0.041289989764873795 0.0414424859560453
0 0.9206685286301833 0.6321248274583083 0.037652822641225964 0.03747114768395057
0 0.645358892587515 0.2695811345027043 0.021158365102914665 0.021144940302922174
0 0.6319970350999099 0.6239045950082632 0.021573580228365384 0.021658714000995342
0 0.16501879692077637 0.551308118380033 0.19747051825890174 0.20045955364520734
0 0.8308996787438025 0.2685112219590407 0.019785074087289665 0.019867530235877402
0 0.5889974740835336 0.9160528916579026 0.020831474891075723 0.020815189068134014
0 0.02973771095275879 0.20994089199946478 0.03385142179635855 0.0343773915217473
0 0.6632278148944561 0.9381841512826773 0.01841911902794471 0.018351628230168268
0 0.9348110052255484 0.37644261580247146 0.023293568537785456 0.023334209735576924
0 0.34352625333345854 0.8463900639460638 0.019567342904897835 0.01941343454214243
0 0.04040552102602445 0.5067824583787185 0.021378427743911743 0.021150955787071817
0 0.49019611798799956 0.551257060124324 0.019125865055964544 0.018964180579552285
0 0.07554850211510292 0.012709388366112342 0.03137931456932655 0.024211635956397422
0 0.5833363166222205 0.7185997596153846 0.018670302170973558 0.018644186166616585
0 0.3836188316345215 0.11206246339357816 0.07846150031456581 0.07781718327448918
0 0.9722633361816406 0.33277320861816406 0.020905127892127402 0.020826339721679688
0 0.511562860929049 0.6859135260948768 0.020538183358999398 0.02062401404747596
0 0.39733527256892276 0.016543729947163507 0.018759800837590143 0.018424689769744873
0 0.3253319080059345 0.13966535604917085 0.03235552861140324 0.03266453742980957
0 0.8688694146963266 0.4138594407301683 0.019089478712815505 0.019161077646108773
0 0.8283307735736554 0.10382940218998836 0.01730185288649339 0.017116766709547777
0 0.030101207586435173 0.44409788571871245 0.01936995066129244 0.019556632408728965
0 0.39969657017634463 0.5219587912926307 0.016212903536283053 0.01616837428166316
0 0.9574057505680964 0.3787720753596379 0.01997977036696214 0.020179308377779447
0 0.6219750184279221 0.10804899839254525 0.016866097083458535 0.01674063389117901
0 0.4363710696880634 0.27955121260422927 0.017664249126727764 0.017563012930063102
0 0.2165678097651555 0.9414664048414964 0.01727148202749399 0.017192547137920674
0 0.975390727703388 0.7704756076519306 0.018590780404897835 0.01840386023888221
0 0.8256441263052133 0.3875253383929913 0.016648512620192308 0.016672574556790866
0 0.7014862940861628 0.4880697177006648 0.01797309288611779 0.018085626455453727
0 0.3842344284057617 0.42166412793673 0.03426023629995493 0.0341639151939979
0 0.9008048130915716 0.8028624607966497 0.017199296217698317 0.017324300912710335
0 0.15480470657348633 0.10994151922372672 0.01964910213763897 0.01975712409386268
0 0.3021526336669922 0.04630214892900907 0.06332969665527344 0.0632420411476722
0 0.7391091126662034 0.44431073849017805 0.021145453819861777 0.021143619830791768
0 0.4505059535686786 0.9139613371628982 0.01666597219613882 0.016631199763371393
0 0.5517666890070989 0.008253392691795643 0.02300262451171875 0.015591597327819237
0 0.9656774080716647 0.6104365862332858 0.017221597524789665 0.017294663649338942
0 0.6707576604989859 0.32835784325232875 0.014912678645207332 0.014832276564378005
0 0.15047445664039025 0.7672318678635818 0.022612351637620192 0.022885249211237982
0 0.3449487319359413 0.28380581048818737 0.014942756065955529 0.014911504892202524
0 0.1785739385164701 0.7996226090651292 0.017458328833946817 0.017481877253605768
0 0.7220853658822867 0.4677930245032677 0.018398284912109375 0.01839469029353215
0 0.22893080344566932 0.9175594036395733 0.015531319838303786 0.015472852266751803
0 0.19852117391733023 0.588138800400954 0.015975438631497897 0.016008377075195312
0 0.1863705745110145 0.4870957594651442 0.015513933621920072 0.015604019165039062
0 0.5289941200843225 0.7696475982666016 0.015181761521559495 0.015115884634164663
0 0.04306844564584585 0.6009751099806565 0.07984073345477764 0.14432716369628906
0 0.6581558814415565 0.7557908571683444 0.014672792874849759 0.014728252704326924
0 0.03421525084055387 0.8555664649376502 0.018498507829812858 0.01837921142578125
0 0.924343255849985 0.9123797783484826 0.015052208533653846 0.01495067889873798
0 0.7059741387000451 0.47319140801062953 0.017302879920372598 0.017436100886418268
0 0.08033504852881798 0.6937929300161508 0.014291616586538462 0.014602367694561299
0 0.25322070488562953 0.4442269251896785 0.03706719325138973 0.037368480975811295
0 0.5715307822594275 0.21129630162165716 0.014423076923076924 0.014389624962439904
0 0.6272709186260517 0.36136821600107044 0.014408698448768029 0.014518297635591947
0 0.3679620302640475 0.23835213367755598 0.01435683323786809 0.014470797318678636
0 0.8067835294283353 0.015226663305209233 0.014967698317307692 0.014731524082330557
0 0.9653117106511042 0.4635261388925406 0.014107777522160457 0.014357053316556491
0 0.3290877709021935 0.7428053342379056 0.015027706439678486 0.015127035287710337
0 0.7484997969407302 0.49762901893028844 0.013840601994441105 0.01398174579326923
0 0.5648644520686223 0.9278430938720703 0.014905929565429688 0.014632004957932692
0 0.668370613685021 0.09746720240666316 0.014386690579927884 0.014372862302339993
0 0.6125774383544922 0.056878309983473554 0.014679835392878605 0.014679376895611104
0 0.42625970106858474 0.7317208510178786 0.014395493727463942 0.014281346247746395
0 0.23369205915010893 0.16072372289804313 0.020425026233379658 0.020894573285029486
0 0.4542086674616887 0.8437357682448167 0.014047475961538462 0.014272836538461538
0 0.21082830429077148 0.20670105860783503 0.03542878077580379 0.03467376415546124
0 0.8120573483980619 0.0651356944671044 0.015196286714993991 0.01532141061929556
0 0.5676130514878494 0.6332957927997296 0.013698797959547777 0.01391132061298077
0 0.2586507797241211 0.7368081166194036 0.014821859506460337 0.014501424936147837
0 0.12236747374901405 0.7249098557692307 0.014964543856107272 0.014733534592848558
0 0.4290936176593487 0.8097975804255559 0.014186639052170973 0.014245546781099759
0 0.2921425379239596 0.11193545965047982 0.017674079308143027 0.01786204484792856
0 0.7187601236196665 0.9436195813692533 0.014348837045522837 0.014149885911207933
0 0.9102968069223257 0.09366846084594727 0.01443774883563702 0.01439820803128756
0 0.42917306606586164 0.6579746833214393 0.014133820166954627 0.014145484337439904
0 0.9860123854417068 0.9381432166466346 0.013901783869816707 0.014506266667292668
0 0.1699827634371244 0.20318233049832857 0.027303622319148138 0.027507231785700872
0 0.779480714064378 0.5007522656367376 0.014075059157151442 0.014076526348407451
0 0.17711334962111253 0.10111401631281926 0.01772645803598257 0.018257874708909255
0 0.13022333842057449 0.2623259471012996 0.020116310853224535 0.02089236332820012
0 0.497617611518273 0.348726199223445 0.01402113987849309 0.014119808490459736
0 0.7229125683124249 0.13927204792316145 0.014049823467548076 0.014014115700354943
0 0.3667144775390625 0.910948606637808 0.014411632831280049 0.014556151169996995
