0 0.47025137681227464 0.1598040140592135 0.1848485653217022 0.18515689556415266
0 0.6531028747558594 0.7022797511174128 0.07029870840219352 0.0701282207782452
0 0.6630987020639273 0.8545004037710336 0.048447829026442304 0.048454578106219955
0 0.5539214060856745 0.90349608201247 0.0492399655855619 0.04858486468975361
0 0.6936363807091346 0.7198445246769831 0.0650796156663161 0.06414031982421875
0 0.3589862309969388 0.35492302821232724 0.03637262491079477 0.03601543719951923
0 0.5448879828819861 0.5028492120596079 0.03751666729266827 0.03781333336463341
0 0.3970172588641827 0.5361926739032452 0.04201023395244892 0.042039137620192304
0 0.5298644946171687 0.6737963603093073 0.03454751234788161 0.034721667949969955
0 0.6539752666766827 0.7855666233943059 0.02881446251502404 0.02931946974534255
0 0.635127801161546 0.5114582868722769 0.02643746596116286 0.026749170743502103
0 0.4757876762977013 0.915310786320613 0.03496712904710036 0.034673250638521634
0 0.45028796562781703 0.40653478182279146 0.03183320852426382 0.03203142606295072
0 0.5422876064593976 0.7611312866210938 0.03275431119478666 0.033383882962740384
0 0.47896847358116734 0.8831244982205905 0.03940875713641827 0.03939951383150541
0 0.5488619070786697 0.3537260935856746 0.03382543417123648 0.03391309884878305
0 0.3933229446411133 0.6425597851092999 0.03686318030724159 0.03695209209735577
0 0.3898805838364821 0.6828611814058744 0.021668140704815205 0.02155127892127404
0 0.5539643214299128 0.8066693819486178 0.02830343980055589 0.028446490948016826
0 0.5740452179541955 0.5100403565626878 0.03058932377741887 0.03061808072603666
0 0.3329597619863657 0.7811861038208008 0.024301822368915264 0.024386479304387018
0 0.5956210356492263 0.659693351158729 0.03847973163311298 0.03822414691631611
0 0.35312747955322266 0.41636980496920073 0.02219361525315505 0.022312457744891826
0 0.7023996940025916 0.6214237213134766 0.03202409010667067 0.03269268916203426
0 0.497045847085806 0.7339539161095252 0.030401156498835638 0.030373353224534255
0 0.4467335847707895 0.461972530071552 0.021585904634915866 0.0215300780076247
0 0.562399277320275 0.616090334378756 0.02472540048452524 0.024416410006009616
0 0.49596089583176833 0.6708040971022385 0.02561466510479267 0.02521485548753005
0 0.47529154557448167 0.4933213454026442 0.025664549607496995 0.025734974787785456
0 0.43974986443152797 0.5573403285099909 0.026232792780949518 0.026501802297738884
0 0.5363040337195764 0.561435919541579 0.03146699758676382 0.03131543673001803
0 0.5070238480201135 0.38450857309194714 0.026624386127178486 0.026706842275766227
0 0.32123719728910005 0.4506349196800819 0.01920450650728666 0.01921360309307392
0 0.42218538431020886 0.45707134100107044 0.02768736619215745 0.028308941767765924
0 0.37177181243896484 0.5788241899930514 0.029800268319936898 0.029388281015249398
0 0.3867701016939603 0.4854913858266977 0.030376581045297477 0.030396314767690804
0 0.3042179987980769 0.39662837982177734 0.028493954585148737 0.029577108529897835
0 0.5812967006976788 0.2634660280667819 0.018689449016864482 0.01883081289438101
0 0.5993129290067233 0.548472367800199 0.026892588688777044 0.027037327106182393
0 0.5760035514831543 0.7828207749586839 0.036172646742600664 0.0356901608980619
0 0.4191123889042781 0.5798764595618615 0.023119412935697116 0.022854144756610576
0 0.5505544955913837 0.7827890836275541 0.021995177635779746 0.022293971135066107
0 0.6195241487943209 0.5836388514592097 0.02436538843008188 0.024434456458458535
0 0.6103505354661208 0.7009507692777194 0.01744563762958233 0.017558758075420674
0 0.31225160452035755 0.562703902904804 0.024132636877206657 0.023993418766902044
0 0.34444830967829776 0.30673984380868763 0.043407586904672474 0.04403187678410457
0 0.6590011303241436 0.532478405879094 0.025861299954927884 0.02607572995699369
0 0.424987059373122 0.5387225517859826 0.018298809344951924 0.018190383911132812
0 0.5954502179072454 0.724408589876615 0.021812879122220553 0.021818014291616585
0 0.6493437840388372 0.49051042703481823 0.02102044912484976 0.021058376018817607
0 0.4705457320580116 0.5229226992680476 0.021139144897460938 0.021225342383751504
0 0.49924428646381086 0.5724576803354117 0.024362490727351263 0.024497032165527344
0 0.49801371647761417 0.5500403184157151 0.01739223186786358 0.017568294818584736
0 0.5288717563335712 0.5254141734196589 0.017265906700721152 0.017105762775127705
0 0.6982668363131009 0.8511681189903846 0.02068358201246995 0.020345247708834134
0 0.45223137048574596 0.7267739222599909 0.02724742889404297 0.02772375253530649
0 0.47890549439650315 0.5837081762460562 0.019563748286320612 0.01950865525465745
0 0.6970785581148587 0.6761644803560697 0.04054054847130409 0.04049888023963341
0 0.5473570090073806 0.4416937461266151 0.02350792518028846 0.023552674513596755
0 0.43227533193734974 0.6278629302978516 0.03307562607985277 0.03235893983107347
0 0.40678016956035906 0.22993538929865912 0.028183130117563102 0.02756958741408128
0 0.34099963995126575 0.7205054943378155 0.03648706582876352 0.03647906963641827
0 0.6288035466120794 0.627779667194073 0.02776468717134916 0.027903190025916465
0 0.6124649047851562 0.9157786736121545 0.026529752291165866 0.026712564321664665
0 0.4413246008066031 0.5348827655498798 0.016352433424729567 0.016000747680664062
0 0.36409297356238735 0.6313853630652795 0.025759770320012018 0.026175572321965143
0 0.45940589904785156 0.7827525505652795 0.018569212693434495 0.018744835486778848
0 0.3609501765324519 0.47219012333796573 0.024628419142503005 0.024729215181790866
0 0.4875408686124362 0.9518268291766827 0.02692860823411208 0.026848426231971152
0 0.43822508591871995 0.7111753317025992 0.03191933265099159 0.032016900869516224
0 0.4689143254206731 0.6660667566152719 0.02055637653057392 0.0207675053523137
0 0.4542967722966121 0.909816888662485 0.019431480994591348 0.019585536076472357
0 0.4286573850191556 0.3722346379206731 0.02483984140249399 0.02416860140286959
0 0.5871178186856784 0.9100793691781851 0.02270683875450721 0.022339747502253607
0 0.6502158825214093 0.9311084747314453 0.018587846022385817 0.018648147583007812
0 0.39626128856952375 0.4225628926203801 0.018837855412409857 0.018962860107421875
0 0.4537178919865535 0.8047026120699369 0.02824577918419471 0.028059739332932692
0 0.44245378787700945 0.8675935451801007 0.018160673288198616 0.018287071814903848
0 0.5228792337270883 0.7020752246563251 0.019350785475510817 0.019613119272085335
0 0.4110592328585111 0.6195009671724759 0.033066969651442304 0.032171432788555436
0 0.36690213130070615 0.5581276233379657 0.020558503957895134 0.020604793842022236
0 0.6099549807035006 0.675357305086576 0.014656800490159255 0.015050594623272236
0 0.590697141794058 0.6360963674692007 0.017609229454627402 0.017426710862379808
0 0.6929693955641526 0.8282858775212214 0.021467062143179085 0.021799527681790866
0 0.3802017798790565 0.60907716017503 0.028161268967848558 0.028197068434495192
0 0.6955185670119065 0.476652218745305 0.016466140747070312 0.016398136432354268
0 0.3543528776902419 0.7751034223116361 0.017950791579026442 0.017857918372521035
0 0.6237244239220252 0.604962789095365 0.021715457622821514 0.02151063772348257
0 0.43318583415104794 0.9417618238008939 0.01714317615215595 0.017229226919320915
0 0.2956414589515099 0.4771745755122258 0.02008848923903245 0.02416053185096154
0 0.4352320157564603 0.511144417982835 0.03107144282414363 0.031246185302734375
0 0.32130072667048526 0.650545046879695 0.017692932715782754 0.017394139216496393
0 0.5038407765902005 0.894440430861253 0.018208797161395732 0.018789144662710335
0 0.39103214557354266 0.5885723920968863 0.01917266845703125 0.019342349125788763
0 0.5491508337167593 0.40384453993577224 0.016030091505784255 0.016092300415039062
0 0.33417973151573765 0.707588635958158 0.02534961700439453 0.02519402137169471
0 0.6289169604961689 0.5572910308837891 0.017940227801983174 0.017879486083984375
0 0.4768438706031212 0.7137498121995193 0.023730718172513522 0.023918738731971152
0 0.4575325892521785 0.6377900196955755 0.025824620173527643 0.02614006629356971
0 0.3371879504277156 0.6332014524019681 0.016268290006197415 0.016519693227914665
0 0.290134833409236 0.64525633591872 0.022136981670673076 0.022590050330528848
0 0.4085261271550105 0.6681368901179388 0.019149193396935098 0.019172081580528848
0 0.5067272919874924 0.6945910086998572 0.026213866013746995 0.026760394756610576
0 0.47858403279231143 0.7988357543945312 0.02188425797682542 0.0221405029296875
0 0.6272079761211689 0.7838665155264047 0.01892251234788161 0.018975184513972357
0 0.675515394944411 0.8189546878521259 0.019989013671875 0.020096412071814902
0 0.5286301099337064 0.8878611051119291 0.020122381357046273 0.020244745107797477
0 0.3872599968543419 0.513317768390362 0.016821641188401442 0.01668570591853215
0 0.43700075149536133 0.4376055644108699 0.016176663912259616 0.016259046701284554
0 0.5660115755521334 0.7598607723529522 0.01956000694861779 0.019385557908278245
0 0.5854045427762545 0.950579569889949 0.019007169283353366 0.019070258507361777
0 0.5949550041785607 0.7483916649451623 0.016258093026968148 0.016106385451096755
0 0.4801118557269757 0.6046994282649114 0.026998519897460938 0.026885839608999398
0 0.45841264724731445 0.8201371706449069 0.023512840270996094 0.024157597468449518
0 0.3190288543701172 0.4985493880051833 0.016510376563439004 0.016791123610276442
0 0.32315958463228667 0.17966435505793646 0.04557374807504507 0.05986931690802941
0 0.6342441852276142 0.9146888439471905 0.017849555382361777 0.018016228309044473
0 0.30430848781879133 0.35844531426062953 0.016527836139385518 0.016724586486816406
0 0.3160288884089543 0.6975823915921725 0.02638589418851412 0.026554987980769232
0 0.4436502456665039 0.7475697444035456 0.016802347623384915 0.016848197350135215
0 0.4173185641948993 0.6519918441772461 0.017495228694035456 0.017170245830829326
0 0.29144995029156023 0.5561881432166467 0.028595777658315804 0.03553317143366887
0 0.481011830843412 0.7562497945932242 0.019007169283353366 0.019106351412259616
0 0.33411524846003604 0.1363774538040161 0.032043090233435996 0.0319215517777663
0 0.33284748517549956 0.6619808490459735 0.015328554006723257 0.015139359694260817
0 0.3674238645113431 0.7597211691049429 0.017411305354191706 0.01723626943734976
0 0.37663379082312953 0.44497035099909854 0.017211327185997598 0.016876954298753005
0 0.37220103924091047 0.39794074572049654 0.01492617680476262 0.014860079838679386
0 0.7074388357309195 0.5525795129629282 0.019405658428485576 0.02328315147986779
0 0.344784846672645 0.7609858146080604 0.021132542536808893 0.021226882934570312
0 0.6355310586782602 0.4926454837505634 0.013604677640474759 0.013903397780198317
0 0.3653075144841121 0.5104251274695764 0.023505430955153245 0.02316907735971304
0 0.34459976049569935 0.6035878841693585 0.01708815648005559 0.016812984759990986
0 0.4247885483961839 0.7475654895489032 0.02497717050405649 0.025286160982572116
0 0.6626258996816782 0.5727587479811448 0.027068504920372598 0.027145972618689902
0 0.2966920412503756 0.5202600772564228 0.016017767099233773 0.015860557556152344
0 0.6478770329402044 0.3125780545748197 0.03625077467698317 0.03651044918940617
0 0.6319084167480469 0.9678343259371244 0.017954019399789665 0.018082545353816107
0 0.6400362895085261 0.5881976714501014 0.025343968318058893 0.02489933600792518
0 0.6020395572368915 0.6061319938072791 0.01600368206317608 0.015893936157226562
0 0.5172867041367751 0.8577154599703275 0.02028523958646334 0.019971113938551683
0 0.41320228576660156 0.7527407866257888 0.025596765371469352 0.02520150404710036
0 0.5069938806387094 0.6914002345158503 0.02247443565955529 0.02253869863656851
0 0.6781804011418269 0.604229633624737 0.027875166672926683 0.027047083928034857
0 0.6698917975792518 0.4434654162480281 0.024080716646634616 0.023694992065429688
0 0.5029489077054538 0.6073022255530725 0.016400263859675482 0.016562681931715745
0 0.4366941818824181 0.6472644805908203 0.019769888657789964 0.019221379206730768
0 0.3558695866511418 0.5281476240891677 0.017209566556490384 0.016762660099909857
0 0.5002128527714655 0.8141368719247671 0.019852638244628906 0.019878387451171875
0 0.5514782392061673 0.6382909921499399 0.020337765033428486 0.020243718073918268
0 0.5525608062744141 0.9836996518648587 0.0295716065626878 0.02897306588979868
0 0.3507581857534555 0.6794725564809946 0.015391056354229268 0.015495006854717549
0 0.4884490599999061 0.6159040744488056 0.017338312589205228 0.017696233896108773
0 0.3661225759066068 0.7097356502826397 0.016456090486966647 0.016330132117638223
0 0.3367151847252479 0.55874542089609 0.03229258610652043 0.032792164729191706
0 0.4376564025878906 0.3935372279240535 0.01596978994516226 0.016884803771972656
0 0.62079591017503 0.9927968245286208 0.02211614755483774 0.013678330641526442
0 0.4356860380906325 0.5084049518291767 0.026346500103290264 0.02568516364464393
0 0.3626828927260179 0.5121706449068509 0.018378551189716045 0.01907656742976262
0 0.4812473517197829 0.5585636725792518 0.016715049743652344 0.01570554879995493
0 0.700194578904372 0.9265047220083383 0.0181732177734375 0.017834296593299277
0 0.5363733585064228 0.8534697019136869 0.022517864520733174 0.02356543907752404
0 0.4808811041025015 0.71436280470628 0.026296322162334736 0.023084200345552884
0 0.6657695036668044 0.9896634908822867 0.019784047053410456 0.016001481276292067
0 0.597111885364239 0.807557619535006 0.02159712864802434 0.021805689885066107
0 0.5709973115187424 0.9360938439002404 0.020155833317683294 0.02043885451096755
0 0.7198227368868314 0.8389566861666166 0.01663354726938101 0.0163421630859375
0 0.7252049079308143 0.8188499303964468 0.015337723952073317 0.015843024620643027
0 0.6856583815354568 0.5641771096449631 0.017076932466947116 0.017113612248347357
0 0.34446316498976487 0.5130226061894343 0.018059803889347956 0.01792174119215745
0 0.5217315233670748 0.5430146364065317 0.015935164231520433 0.015676278334397536
0 0.48252259767972505 0.6003657120924729 0.01995996328500601 0.0194089596088116
0 0.7016328664926382 0.9090733161339393 0.015984608576847956 0.015837742732121393
0 0.34361923657930815 0.556271479679988 0.019940743079552285 0.02078709235558143
0 0.3972018315241887 0.44501198255098784 0.017999795766977165 0.01801776885986328
0 0.6539742396428034 0.5089923418485202 0.015766437237079326 0.016382877643291768
0 0.6219108288104718 0.49700157458965594 0.015378658588115986 0.014669711773212139
0 0.5234240018404447 0.962258559006911 0.014991466815655049 0.015185722937950721
0 0.4143267044654259 0.3233362344595102 0.03176337022047777 0.03208343799297626
0 0.5607100266676682 0.7397609123816857 0.01717207981989934 0.017124469463641826
0 0.41227025252122146 0.3503141403198242 0.01692361098069411 0.01680887662447416
0 0.6378492208627554 0.569553962120643 0.018183194673978366 0.017196508554311898
0 0.7034295155451848 0.9103293052086463 0.017302439762995794 0.01727162874661959
0 0.41934776306152344 0.7494084284855769 0.030208881084735576 0.030124811025766227
0 0.33287862630990833 0.7449688544640174 0.015418199392465444 0.015660212590144232
0 0.4556433604313777 0.8130862162663386 0.03137779235839844 0.03217154282789964
0 0.5782577441288874 0.6875121776874249 0.014343701876126803 0.014075646033653846
0 0.5469635449923002 0.9632868399986854 0.015731224646935098 0.015953650841346152
0 0.4569112704350398 0.44195762047400844 0.01887651590200571 0.019265248225285456
0 0.6311655778151292 0.9346311275775616 0.015768784743088942 0.015522443331204928
0 0.4935163351205679 0.8539265852708083 0.021420845618614785 0.020901606633112982
0 0.31060145451472354 0.5375854785625751 0.02573539660527156 0.025090731107271634
0 0.48395288907564604 0.8219076303335336 0.015856449420635518 0.015345059908353366
0 0.7073309971736028 0.5061218921954815 0.015212132380558895 0.016329178443321817
0 0.4660612986637996 0.697976332444411 0.01961862123929537 0.01814123300405649
0 0.423343695127047 0.6742682823768029 0.020081006563626803 0.019477257361778848
0 0.3537417191725511 0.6278505325317383 0.020609195415790264 0.02220315199631911
0 0.48251625207754284 0.8004015409029447 0.023817135737492487 0.023363260122445915
0 0.6320921090932993 0.35829753142136794 0.02161436814528245 0.021830998934232272
0 0.31639997775738055 0.10865937746488132 0.02455300551194411 0.028174987206092246
0 0.5227252886845515 0.6307688492995042 0.015401620131272536 0.015136131873497596
0 0.47643932929405797 0.6369677323561448 0.01703365032489483 0.017296424278846152
0 0.36654156904954177 0.18424635667067307 0.04070854187011719 0.04128896273099459
0 0.6401619544396033 0.5682277312645545 0.01697965768667368 0.01668974069448618
0 0.2977864375481239 0.6578923005324143 0.015628888056828424 0.01559741680438702
0 0.35053847386286807 0.5690682851351224 0.016581315260667067 0.016658709599421576
0 0.3581383044903095 0.2150266537299523 0.018089881310096152 0.01820542262150691
