0 0.4076039974506085 0.9282529537494366 0.07014626723069411 0.07013746408315805
0 0.3865457314711351 0.5922910616948054 0.045422994173490085 0.045554747948279746
0 0.5512060018686148 0.47342857947716344 0.061487638033353366 0.0610650869516226
0 0.482698367192195 0.6337454135601337 0.043782747708834134 0.04395088782677284
0 0.3606722905085637 0.42960720795851487 0.06313808147723858 0.06387805938720703
0 0.6515860924353967 0.6025408231295072 0.03448354280911959 0.03488834087665264
0 0.5204880054180439 0.8011268469003531 0.04844951629638672 0.048656316903921276
0 0.33423020289494443 0.39869015033428484 0.044684190016526446 0.04463459895207332
0 0.5895086435171274 0.6411274396456205 0.03525851323054387 0.03505926865797777
0 0.6822853821974534 0.43450091435359073 0.027599921593299277 0.027778772207406852
0 0.26935856158916766 0.92822082226093 0.03420404287484976 0.03369463407076322
0 0.28810787200927734 0.6990737181443435 0.03407632387601412 0.03397354712853065
0 0.49608813799344575 0.3934556520902194 0.06400577838604267 0.06364169487586388
0 0.5309688861553485 0.7251999928401067 0.035097709068885215 0.03542812053973858
0 0.5550237068763146 0.9349007239708533 0.02343119107759916 0.023333916297325723
0 0.6143046159010667 0.915112568781926 0.02564518268291767 0.025888883150540866
0 0.6040273079505334 0.6813119741586539 0.03951116708608774 0.03988089928260216
0 0.3519212282620944 0.86785888671875 0.029814500075120192 0.029950948861929085
0 0.30145962421710676 0.6310617740337665 0.024268920604999248 0.023909935584435098
0 0.3746531559870793 0.845314466036283 0.032367559579702526 0.032393382145808294
0 0.26361782734210676 0.7509231567382812 0.019437899956336387 0.019542987530048076
0 0.32344385293813854 0.7311800443209134 0.02248558631310096 0.0227206303523137
0 0.509129891028771 0.5216290400578425 0.029729843139648438 0.030245414147010215
0 0.365536799797645 0.6172386316152719 0.03560711787297176 0.035474190345177285
0 0.6365267680241511 0.8292820270244892 0.0359186025766226 0.03599841778094952
0 0.5604754227858323 0.9704667604886569 0.023035049438476562 0.023120293250450723
0 0.2982938106243427 0.8900724557729868 0.024184520427997295 0.02441230187049279
0 0.5686732805692233 0.6853665571946365 0.020507665780874398 0.020420661339393027
0 0.403601206265963 0.3253528888408954 0.06781313969538762 0.06897515517014724
0 0.5166158676147461 0.631318239065317 0.029294380774864785 0.028912177452674277
0 0.37096320665799654 0.6817891047551081 0.026082919194148138 0.025765052208533652
0 0.5699708645160382 0.8241012279803936 0.028057391826923076 0.028588221623347357
0 0.3646239867577186 0.798184688274677 0.019082949711726263 0.01935856158916767
0 0.6771690662090595 0.86334778712346 0.03146068866436298 0.031507638784555286
0 0.6696268228384165 0.6351870023287259 0.02899023202749399 0.028645148644080527
0 0.32244286170372594 0.342810190640963 0.01864315913273738 0.018215766319861777
0 0.3746345960176908 0.8788434542142428 0.02248727358304537 0.022040147047776442
0 0.7111624204195462 0.5007178600017841 0.03585727398212139 0.03632516127366286
0 0.7313954279972956 0.4501209992628831 0.024630326491135817 0.024520433866060697
0 0.3405259939340445 0.7191269214336689 0.016750188974233773 0.016495631291316107
0 0.5013223794790415 0.7696916140042819 0.02330471919133113 0.023303398719200723
0 0.33142779423640323 0.660182366004357 0.019916387704702523 0.01959565969613882
0 0.706327878511869 0.34387749892014724 0.06639627309945914 0.06695835406963642
0 0.3164843045748197 0.8508824568528396 0.02424942530118502 0.024248563326322116
0 0.29172919346736026 0.7739240206204928 0.024666859553410456 0.02462005615234375
0 0.37842215024507964 0.7578452183650091 0.022571563720703125 0.022364249596228965
0 0.6817087026742789 0.3978618108309232 0.027202606201171875 0.027117435748760518
0 0.4831646772531363 0.8006657086885892 0.020793694716233473 0.020787605872521035
0 0.4269126745370718 0.9731075580303485 0.019319681020883415 0.01942928020770733
0 0.4445754564725436 0.785304803114671 0.01605987548828125 0.016547276423527643
0 0.4217377075782189 0.5004767271188589 0.030421697176419772 0.031087215130145732
0 0.38690002147968 0.8942090548001803 0.026114537165715143 0.02561158400315505
0 0.6159598277165339 0.7523111196664664 0.035902756911057696 0.036466158353365384
0 0.3932930872990535 0.7389623201810397 0.021227469811072715 0.021213531494140625
0 0.348700266617995 0.3265777367811937 0.02053700960599459 0.020929336547851562
0 0.3578241788423978 0.7690635827871469 0.021724700927734375 0.021784122173602764
0 0.5806436171898475 0.782414803138146 0.024838594289926384 0.024697083693284255
0 0.663787108201247 0.345971731039194 0.035631033090444714 0.0359187492957482
0 0.32270519550030047 0.2899345801426814 0.025786913358248197 0.025470770322359525
0 0.4499538861788236 0.9314469557542068 0.026220028217022236 0.02590032724233774
0 0.7368290974543645 0.9221688784085788 0.03832112825833834 0.03786967350886418
0 0.37909441727858323 0.9900659414438101 0.03035574692946214 0.01935151907113882
0 0.44864573845496547 0.6151955311114972 0.02045924846942608 0.020656072176419772
0 0.2718242131746732 0.180484074812669 0.019884769733135518 0.02018583737886869
0 0.3675029461200421 0.544262959406926 0.017122562115009014 0.01703775846041166
0 0.7358187161959134 0.6430810048029973 0.02144593458909255 0.021644005408653848
0 0.6559626505925105 0.8420688922588642 0.02412752004770132 0.0239715576171875
0 0.6558465957641602 0.3982078478886531 0.030714035034179688 0.031273181621844955
0 0.45539525838998646 0.34862613677978516 0.023709223820612982 0.023905534010667067
0 0.5335579285254846 0.935214849618765 0.021037761981670674 0.020977313701923076
0 0.45253779337956357 0.5885326678936298 0.021712669959435098 0.022100301889272835
0 0.5526230885432317 0.7684572660006009 0.019092413095327523 0.019093733567457933
0 0.3310997302715595 0.8304929733276367 0.02320700425368089 0.022795897263746995
0 0.672428717980018 0.7842964759239783 0.017222477839543268 0.016762219942533053
0 0.45575328973623425 0.37723974081186146 0.03004594949575571 0.03067332047682542
0 0.50347533592811 0.7215419916006235 0.01921228262094351 0.018559089073768027
0 0.2798028542445256 0.7260248477642353 0.017614181225116435 0.017689044658954326
0 0.32266796552217925 0.3776095463679387 0.019796298100398138 0.01953257047213041
0 0.6711796980637771 0.9872137216421274 0.020752540001502402 0.01995673546424279
0 0.6840231235210712 0.27459216117858887 0.022002000075120192 0.02180770727304312
0 0.39275338099553037 0.49063836611234224 0.03337361262394832 0.03331184387207031
0 0.632061664874737 0.9747772216796875 0.01764400188739483 0.017766218919020433
0 0.4427785139817458 0.6374847705547626 0.027177957388070915 0.027483720045823317
0 0.6186497028057392 0.6209611892700195 0.016607394585242637 0.01675238976111779
0 0.4683705109816331 0.8308464197012094 0.01961033160869892 0.01986532944899339
0 0.36391522334172177 0.7222520388089694 0.019080528846153848 0.019509095412034255
0 0.32722333761361927 0.49988544904268706 0.02884505345271184 0.02834804241473858
0 0.5240208919231708 0.7746095657348633 0.024295586806077223 0.024646172156700723
0 0.4348564881544847 0.8127613067626953 0.01979211660531851 0.0202328608586238
0 0.337585999415471 0.7054735330434946 0.01642263852632963 0.01622640169583834
0 0.6992282867431641 0.5956589258634127 0.02717737051156851 0.0268399898822491
0 0.4331968014056866 0.8885539128230169 0.023632049560546875 0.02340830289400541
0 0.7441819997934195 0.5912332901587853 0.028856717623197116 0.03181648254394531
0 0.7204283200777494 0.7758947519155649 0.01777824988731971 0.017582526573768027
0 0.5215393946721003 0.36641513384305513 0.015315716083233174 0.01518858396089994
0 0.3037071228027344 0.8696358020489032 0.016851205092210036 0.01764678955078125
0 0.3082100428067721 0.9832210540771484 0.028251794668344352 0.02822142380934495
0 0.7277064690223107 0.7938628563514123 0.03452975933368389 0.03443409846379207
0 0.28763528970571667 0.23215871590834397 0.017885795006385215 0.017846437600942757
0 0.26380069439227766 0.8308196434607873 0.021040916442871094 0.021579448993389424
0 0.4216471085181603 0.6359541232769306 0.01623050983135517 0.0161746098445012
0 0.7193591778094952 0.840723624596229 0.019793290358323317 0.019834078275240384
0 0.7092602803156927 0.2760925659766564 0.02234825721153846 0.022378187913161058
0 0.41652606083796573 0.8168999598576472 0.01911016610952524 0.018611761239858773
0 0.3322165929354154 0.7829506213848407 0.0152894533597506 0.01533977801983173
0 0.5745088870708759 0.9548831352820764 0.020458808312049277 0.019973314725435697
0 0.2935269062335675 0.7518027378962591 0.017426784221942607 0.017202230600210335
0 0.5999645086435171 0.9844206296480619 0.017925409170297477 0.017795562744140625
0 0.6576174222506009 0.8066172966590295 0.027217571551983174 0.026799422044020433
0 0.511595212496244 0.8736454156728891 0.015215800358698918 0.015399492703951322
0 0.7422147897573618 0.5449774815486028 0.027775984544020433 0.030409886286808893
0 0.47786793342003453 0.2685670485863319 0.03613912142240084 0.03597211837768555
0 0.3465893085186298 0.34339068486140323 0.01435103783240685 0.01424701397235577
0 0.26015888727628267 0.9867865489079402 0.021205351902888372 0.020202489999624398
0 0.592163269336407 0.8081662838275616 0.023425982548640326 0.02377157944899339
0 0.5741221354557917 0.7558243091289814 0.027199671818659857 0.027697636530949518
0 0.2849270013662485 0.2534628097827618 0.01630379603459285 0.016615684215839092
0 0.5726201350872333 0.6308177801278921 0.022263526916503906 0.021330613356370192
0 0.32589208162747896 0.8915911454420823 0.02649101844200721 0.02594786423903245
0 0.3151638691241925 0.35835596231313854 0.01693593538724459 0.01674065223106971
0 0.5995027101956881 0.962956061730018 0.01527874286358173 0.015522296612079326
0 0.7195474184476413 0.03763849918658917 0.03133128239558293 0.031812621996952936
0 0.5280764286334698 0.8927483191856971 0.01739641336294321 0.0173794673039363
0 0.4055659587566669 0.7152365904587966 0.016907325157752402 0.016552558312049277
0 0.499111322256235 0.7217537806584284 0.01702880859375 0.017459575946514424
0 0.6782902937669021 0.37726431626539964 0.015495887169471154 0.015523470365084134
0 0.43521639016958386 0.9489335280198318 0.015133931086613582 0.015084486741286058
0 0.6842683645395132 0.9587245354285607 0.02017387977013221 0.02025633591871995
0 0.4219903579125038 0.7194008460411658 0.015902592585637018 0.015774066631610576
0 0.28736239213209885 0.8683192913348858 0.019747183873103216 0.019590231088491585
0 0.38029061830960786 0.8016510009765625 0.0167388916015625 0.017070770263671875
0 0.6976798130915716 0.7628832596998948 0.015220055213341346 0.015124100905198317
0 0.5959390493539664 0.6161567981426532 0.017842953021709736 0.017654969142033503
0 0.5210956426767203 0.23996778634878305 0.03356170654296875 0.0330052742591271
0 0.5155547948984 0.6533066676213191 0.017615391657902643 0.017527066744290866
0 0.598610731271597 0.7921835092397836 0.018201681283804085 0.017857184776893027
0 0.2720485833974985 0.7770095971914438 0.01822941119854267 0.018215179443359375
0 0.3243488898644081 0.8932342529296875 0.02010213411771334 0.020584546602689303
0 0.34072421147273135 0.547332396874061 0.01574875758244441 0.016400557297926683
0 0.4437065124511719 0.2858825463515062 0.020610809326171875 0.02100027524507963
0 0.7497906318077674 0.6602603472196139 0.018489837646484375 0.02165075448843149
0 0.40291555111224836 0.7872150127704327 0.016387425936185397 0.016297267033503607
0 0.6307546175443209 0.6894763799814078 0.014381702129657451 0.014677194448617788
0 0.347588795882005 0.6708971170278696 0.015552960909329928 0.015773186316856973
0 0.6862068176269531 0.791289916405311 0.015175746037409855 0.015033135047325721
0 0.7451585622934195 0.9510050553541917 0.017512688269981973 0.01761788588303786
0 0.7379823831411508 0.27630147567162144 0.017509607168344352 0.01824177228487455
0 0.4357291001539964 0.9919808461115911 0.021879196166992188 0.015785657442533053
0 0.32149659670316255 0.6781164316030649 0.015545331514798678 0.01552875225360577
0 0.5000972014207107 0.6519994002122146 0.018720480111929085 0.01885399451622596
0 0.6152711281409631 0.8670391669640174 0.01761495150052584 0.017357459435096152
0 0.4184415523822491 0.6706874553973858 0.014315385084885817 0.014905195969801683
0 0.4346917959359976 0.7700622265155499 0.014704337486853966 0.014418088472806491
0 0.722594481248122 0.9879263364351712 0.026265070988581732 0.02091363760141226
0 0.706487068763146 0.8640047953679011 0.016659369835486777 0.016631493201622598
0 0.36303457847008336 0.580482556269719 0.014676607572115384 0.01488480201134315
0 0.72222166794997 0.8718229440542368 0.017948150634765625 0.01823572012094351
0 0.2636878307049091 0.16854697007399339 0.017148164602426384 0.01835016103891226
0 0.5454122836773212 0.9855623978834885 0.022210194514347956 0.022551316481370192
0 0.6075692543616662 0.8170889340914212 0.015953210683969352 0.016039041372445915
0 0.26267508360055775 0.22992737476642316 0.016161038325383112 0.01727496660672701
0 0.7498664855957031 0.7036512081439679 0.017618912916917067 0.02351863567645733
0 0.6984002039982722 0.8575876676119291 0.015934283916766826 0.016028477595402643
0 0.6575656303992639 0.9545879364013672 0.016911726731520433 0.01733060983511118
0 0.6098193755516639 0.9511117201585036 0.016218112065241888 0.015738854041466348
0 0.6536708978506235 0.949855584364671 0.02582241938664363 0.025605128361628607
0 0.5792438433720515 0.6641952808086689 0.0147553957425631 0.014794276310847355
0 0.44945632494412935 0.2606377051426814 0.026817761934720553 0.027008056640625
0 0.6510982513427734 0.4703964453477126 0.016789362980769232 0.0168301508976863
0 0.6813135880690354 0.6126459928659292 0.01599737314077524 0.015994512117826022
0 0.2880892753601074 0.8469093029315655 0.01430372091440054 0.014184071467472957
0 0.3012847166794997 0.5944762963515061 0.02709484100341797 0.026834414555476263
0 0.6967793978177584 0.38152621342585635 0.01648741502028245 0.0165557861328125
0 0.29959627298208386 0.9591344686654898 0.01705191685603215 0.0167544438288762
0 0.6566517903254583 0.9526579930232122 0.020788926344651442 0.020258683424729567
0 0.7095452822171725 0.8910978757418119 0.015512319711538462 0.015324079073392428
0 0.5185494789710412 0.24072713118333083 0.02587890625 0.026628494262695312
0 0.2608471650343675 0.5917844772338867 0.014966781322772685 0.014928377591646634
0 0.3079376220703125 0.7217492323655349 0.015620671785794772 0.01567224355844351
0 0.616663199204665 0.9637539936945989 0.020596137413611777 0.020872116088867188
0 0.5120428525484525 0.4339979611910306 0.038134208092322715 0.03752414996807392
0 0.6122606717623197 0.7245685870830829 0.01590596712552584 0.015909341665414665
0 0.60925659766564 0.5243233900803786 0.017308748685396634 0.017522371732271634
0 0.6312276400052584 0.866851806640625 0.016545809232271634 0.017197242149939902
0 0.25083142060499924 0.9684912608220027 0.022133020254281852 0.023202015803410456
0 0.2648146335895245 0.1398338354550875 0.025174361008864183 0.03335072444035457
0 0.4335041412940392 0.6541138428908128 0.016915321350097656 0.016927132239708535
0 0.27711780254657453 0.9568822567279522 0.026171170748197116 0.025931725135216348
0 0.7083629461435171 0.5739120336679312 0.02740199749286358 0.027503086970402643
0 0.511256217956543 0.8363950435931866 0.017633878267728366 0.01738768357496995
0 0.5189392016484187 0.6527410653921274 0.017246466416579027 0.017459869384765625
0 0.6546242053692157 0.8605458919818585 0.016240633451021634 0.016052686251126803
0 0.402160277733436 0.6974236414982722 0.015582598172701322 0.015121753399188701
