0 0.22593186451838568 0.9080456953782302 0.20082598466139573 0.18375073946439302
0 0.210921415915856 0.2813548308152419 0.14966983061570388 0.14979025033804086
0 0.6301293006310096 0.17068173335148737 0.25872307557326096 0.25926964099590594
0 0.516914807833158 0.6906410364004282 0.18491965073805589 0.18027511009803185
0 0.4706592559814453 0.8557780339167669 0.07522230881911057 0.07535171508789062
0 0.6242908331064078 0.19983588732205904 0.05267260624812199 0.05253417675311749
0 0.48154948307917667 0.45001484797551083 0.11489134568434495 0.11524508549616887
0 0.7509635778573843 0.08258909445542556 0.0557710207425631 0.056079392249767594
0 0.37921780806321365 0.4026389488807091 0.044327075664813705 0.04479144169734074
0 0.4336998646075909 0.2958723765153151 0.04792220775897686 0.04762110343346229
0 0.7782300802377554 0.2880536959721492 0.04523424001840445 0.04510703453650841
0 0.457424310537485 0.33158669104942906 0.04156765571007362 0.04147749680739183
0 0.16952089162973258 0.04065860234774076 0.04682848086723915 0.04688730606665978
0 0.6358614701491135 0.10263592463273269 0.021637843205378607 0.02182800953204815
0 0.5550551414489746 0.28280702004065883 0.06226136134221004 0.06276482802170974
0 0.8392087496243991 0.9574907743013822 0.020955892709585335 0.020869621863731973
0 0.6879127209003155 0.029221238998266365 0.021445347712590143 0.021596005329718955
0 0.7122568717369666 0.9032444587120643 0.019528902493990384 0.019184112548828125
0 0.6049880614647498 0.8955687009371244 0.03691284473125751 0.03664559584397536
0 0.4931765336256761 0.2618554922250601 0.09526854294996995 0.09574941488412711
0 0.24582983897282526 0.014047168768369235 0.022730900691105768 0.022615946256197415
0 0.5029982786912185 0.3444358385526217 0.01725431588979868 0.01721983689528245
0 0.854187745314378 0.6204891204833984 0.045345453115609974 0.061445969801682696
0 0.7071756216195914 0.5249300003051758 0.023531253521259014 0.023788011991060697
0 0.21487766045790452 0.5181900171133188 0.03144278893103966 0.031473013070913464
0 0.8501378572904147 0.030212285426946785 0.05987079326923077 0.058711652572338395
0 0.1664579831636869 0.4184122819166917 0.016971881573016826 0.017008561354417067
0 0.34074779657217175 0.4094908054058368 0.05715370178222656 0.057084303635817304
0 0.8161277770996094 0.026333657594827507 0.018132429856520433 0.018443942070007324
0 0.7725475017841046 0.21370425591102013 0.03171627338115986 0.03169096433199369
0 0.6538908298198993 0.3823271164527306 0.021281609168419473 0.021695430462176982
0 0.6125552837665265 0.36776073162372297 0.016234911405123197 0.016242100642277643
0 0.7246266878568209 0.8035992842454177 0.07887913630558895 0.07936961834247296
0 0.5195154410142165 0.3926354188185472 0.016793030958909255 0.016705806438739482
0 0.63292906834529 0.4245317899263822 0.01788330078125 0.017935826228215143
0 0.5188468786386343 0.5548496979933518 0.03491959205040565 0.03447371262770433
0 0.6947529866145208 0.33997073540320766 0.01598842327411358 0.015957465538611777
0 0.4680908276484563 0.2301168991969182 0.01831370133620042 0.01846482203556941
0 0.400174801166241 0.2674836745628944 0.02789908189039964 0.027990304506742038
0 0.5338387122521033 0.3866705527672401 0.020123995267427884 0.02025120074932392
0 0.28287528111384463 0.35540114916287935 0.04596798236553486 0.04580776508037861
0 0.4208079484792856 0.3334160584669847 0.02701421884390024 0.026523443368765023
0 0.2562722976391132 0.03714371644533598 0.014887186197134165 0.014748885081364559
0 0.3358251131497897 0.48310224826519305 0.015552667471078726 0.015590154207669772
0 0.38686400193434495 0.9168555919940655 0.015415044931265024 0.015688969538762018
0 0.8265593602107122 0.4780619694636418 0.032095689039963946 0.032021742600661054
0 0.8283194028414212 0.9899629446176382 0.018280909611628607 0.0166928217961238
0 0.7668492977435772 0.40125802847055286 0.015588026780348558 0.015437933114858774
0 0.21372575026292068 0.26543200933016264 0.0216829960162823 0.021750743572528545
0 0.3010074542118953 0.01658284320281102 0.015524057241586538 0.015417830302165104
0 0.5655464025644156 0.584071159362793 0.06349468231201172 0.06315099276029147
0 0.7588528853196365 0.9736884190486028 0.021824469933143027 0.02247766348031851
0 0.7517781624427209 0.6923874341524564 0.09460610609788161 0.09411210280198318
0 0.8378478563748873 0.8995044414813702 0.02072877150315505 0.020735814021183893
0 0.7286083514873798 0.01973868333376371 0.015203035794771634 0.015265841896717366
0 0.3647606923029973 0.5428091562711276 0.027376908522385817 0.02776329333965595
0 0.33134255042442906 0.09042086968055138 0.017003719623272236 0.01707777610191932
0 0.6437541521512545 0.8936116145207331 0.029611587524414062 0.029999806330754206
0 0.31001699887789214 0.26727060171274036 0.052358352220975436 0.053043512197641224
0 0.4243467771089994 0.5767203477712778 0.028309455284705527 0.028436587407038763
0 0.3697156539330116 0.5752974290114182 0.032590499291053183 0.032960011408879206
0 0.21111231583815354 0.15095859307509202 0.01507869133582482 0.014974043919489933
0 0.7077064514160156 0.20207533469566932 0.016651740440955527 0.016644697922926683
0 0.22918334374060997 0.3070736298194298 0.014974080599271335 0.014770434452937199
0 0.7851797984196589 0.3412279715904823 0.014367617093599759 0.014585935152493991
0 0.7742564861591046 0.8842472663292518 0.021534259502704326 0.02128425011268029
0 0.8602171677809495 0.43683393184955305 0.019264661348783053 0.01953543149507963
0 0.4379369295560397 0.995262439434345 0.015945874727689303 0.008586883544921875
0 0.6659003037672776 0.5131437961871808 0.0146177732027494 0.01483616462120643
0 0.6462921729454627 0.8925114411574143 0.03543912447415865 0.03608997051532452
0 0.5147711680485652 0.09081435203552246 0.020493580744816706 0.02056290553166316
0 0.840846061706543 0.10858684319716233 0.015714205228365384 0.01591693438016451
0 0.7630308591402494 0.1577768509204571 0.014563633845402645 0.014570969801682692
0 0.7310588543231671 0.31829217764047474 0.015526404747596154 0.015482829167292668
0 0.7288179397583008 0.8832762791560247 0.037713270920973554 0.03797193673940805
0 0.2715331957890437 0.05322980880737305 0.01661399694589468 0.01656794548034668
0 0.4440600688640888 0.20290653522198016 0.04365136073185848 0.045108721806452826
0 0.8069741175724909 0.18847889166611892 0.041234529935396634 0.04150185218224159
0 0.5662708282470703 0.7806133857140174 0.027987553523137018 0.027909205510066107
0 0.3329395881065956 0.30469151643606335 0.03254963801457332 0.032267240377572864
0 0.29875674614539516 0.3113063665536734 0.04162671015812801 0.043210121301504284
0 0.48291712540846604 0.6067819595336914 0.018224422748272236 0.018218260544996995
0 0.42705590908343977 0.03717760397837712 0.026464388920710638 0.026611694922814004
0 0.7455774453970102 0.46771753751314604 0.023632342998798076 0.02370166778564453
