0 0.3341217407813439 0.2868459224700928 0.02552487299992488 0.025348443251389723
0 0.7120885115403396 0.19336506036611703 0.025093225332406852 0.02514230287992037
0 0.19209876427283654 0.586855594928448 0.019588287060077373 0.019495010375976562
0 0.7030529609093299 0.47933468451866734 0.026072282057542067 0.02592306870680589
0 0.8016184293306791 0.3516421318054199 0.019344916710486777 0.01953579829289363
0 0.8116926780113807 0.14045429229736328 0.017976907583383415 0.018187999725341797
0 0.7540716024545523 0.25481319427490234 0.02037943326509916 0.020594376784104567
0 0.8647565108079177 0.6209683051476111 0.019562647892878607 0.019433241624098558
0 0.7173428168663611 0.41684253399188703 0.017448572012094352 0.017200323251577523
0 0.30393475752610427 0.26281479688791126 0.01865086188683143 0.018638427440936748
0 0.7761211395263672 0.4262043512784518 0.02380224374624399 0.02387824425330529
0 0.1447317783649151 0.38910260567298305 0.019065710214468148 0.01903233161339393
0 0.8561625113854041 0.5301046371459961 0.018919724684495192 0.01884768559382512
0 0.6456717711228591 0.5477432471055251 0.017522665170522835 0.01779321523813101
0 0.7272200951209435 0.5753440856933594 0.019807815551757812 0.019778031569260817
0 0.2935771942138672 0.2753910284775954 0.016286593217116136 0.016548743614783652
0 0.7583233759953425 0.8782522494976337 0.01687446007361779 0.016700304471529447
0 0.8617534637451172 0.4705506104689378 0.01776284437913161 0.01783928504356971
0 0.197098053418673 0.49434485802283656 0.016202853276179388 0.01596348102276142
0 0.8328996805044321 0.2998645489032452 0.01643826411320613 0.016290591313288763
0 0.44765443068284255 0.5786903087909405 0.01682582268348107 0.016670373769906852
0 0.16518926620483398 0.8730065272404597 0.016332259544959433 0.016402611365685098
0 0.6991012279803936 0.7575547878558819 0.016568110539362982 0.01663075960599459
0 0.662945820735051 0.7591224817129282 0.02065101036658654 0.02089852553147536
0 0.8205490112304688 0.48035489595853365 0.016362997201772835 0.01618165236253005
0 0.835197008573092 0.5458916884202224 0.01565727820763221 0.015577463003305288
0 0.8147367330697867 0.29857316383948695 0.015585972712590145 0.01568940969613882
0 0.5505925692044772 0.6816274202786959 0.017414093017578125 0.017488919771634616
0 0.534817989055927 0.7356609931358924 0.017702249380258415 0.017789693979116585
0 0.4682465333205003 0.05615412271939791 0.016299687899076022 0.016396595881535456
0 0.38569780496450573 0.5547105349027194 0.016263815072866585 0.016108292799729567
0 0.7928504943847656 0.40817620204045224 0.016339962299053486 0.01650260044978215
0 0.8437918149507962 0.5071136034451998 0.015573941744290866 0.015652876633864183
0 0.6640831140371469 0.7735732151911809 0.01743947542630709 0.017452239990234375
0 0.4486410067631648 0.8287319036630484 0.015480481661283053 0.015272727379432091
0 0.3116912841796875 0.7095974408663236 0.01480572040264423 0.014708152184119591
0 0.38889697881845325 0.5328833506657527 0.01855021256666917 0.018600317148061898
0 0.7672903354351337 0.9730243682861328 0.01917604299692007 0.018839322603665866
0 0.1870298018822303 0.6177875812237079 0.020641033466045674 0.020667589627779447
0 0.24027888591472918 0.34634069296029896 0.0175933837890625 0.01753520965576172
0 0.49250096541184646 0.01510190275999216 0.017823439378004808 0.017973418419177715
0 0.7124833327073318 0.5081138610839844 0.014975180992713341 0.015087714562049279
0 0.18611849271334135 0.8165042583759015 0.016176590552696817 0.015963921180138223
0 0.6463457987858698 0.46669193414541393 0.014904315655048076 0.014940481919508714
0 0.763762694138747 0.6464300889235276 0.014696267934945913 0.014679982112004207
0 0.3106425725496732 0.6212850717397836 0.015073922964242788 0.015310580913837139
0 0.3669861646798941 0.448849788078895 0.016440171461838942 0.016280687772310697
0 0.7272416628324069 0.791511975801908 0.019811190091646634 0.019505133995643027
0 0.18245968451866737 0.11855504145989051 0.01512740208552434 0.015373138281015249
0 0.4283005641056941 0.18409175139207107 0.018671769362229567 0.01889690986046424
0 0.3782220987173227 0.7242386891291692 0.017919393686147835 0.018470910879281852
0 0.23288143598116362 0.28824494435237 0.015850287217360277 0.01567393082838792
0 0.6255474090576172 0.4107500223013071 0.015590667724609375 0.01549999530498798
0 0.7640295762282151 0.7430058992826022 0.019939129169170674 0.02019530076246995
0 0.45262589821448695 0.7015677965604342 0.015186456533578726 0.015352542583759014
0 0.2091849400446965 0.2771500073946439 0.015420656937819261 0.01537792499248798
0 0.51257691016564 0.9870430872990534 0.01866920177753155 0.017378733708308294
0 0.28475029651935285 0.24435369785015398 0.014968468592717098 0.015702320979191706
0 0.8370448626004733 0.828182733975924 0.015626027033879206 0.01590420649601863
0 0.5024853853078989 0.6269038273737981 0.014449486365685096 0.014468706571138822
0 0.3394936781663161 0.44953713050255406 0.015554208021897536 0.015620891864483174
0 0.5050010314354529 0.5817110355083759 0.014615645775428185 0.014630684485802284
0 0.28786787619957555 0.9635476332444411 0.014798677884615384 0.014886709359975962
0 0.12288331985473633 0.3412883465106671 0.013801207909217248 0.014399455143855168
0 0.4051520274235652 0.605595955481896 0.014618800236628605 0.014571703397310697
0 0.7372201772836539 0.6971607208251953 0.016116215632512018 0.016228309044471152
0 0.19158278978787935 0.37463114811823917 0.016298697544978216 0.016084964458759014
0 0.23180279364952674 0.39603809209970325 0.016954348637507513 0.01661960895244892
0 0.5297235342172476 0.21885783855731672 0.018590707045335036 0.018755766061636116
0 0.5673682873065655 0.6000904303330642 0.014797504131610576 0.014901161193847656
0 0.7479856931246244 0.7160480939424955 0.014405470628004808 0.014487486619215745
0 0.5568788968599759 0.23956838020911583 0.017980575561523438 0.018009039071890023
0 0.7513903104341947 0.7036273662860577 0.015009073110727163 0.015194232647235576
0 0.16817760467529297 0.7407608032226562 0.018473405104417067 0.018275921161358174
0 0.28556013107299805 0.35256378467266375 0.017822705782376803 0.01791220444899339
0 0.3692113436185397 0.737612430865948 0.015285345224233774 0.015401986929086538
0 0.43489918342003453 0.621956311739408 0.016840567955603965 0.0168454096867488
0 0.44829845428466797 0.7563932858980619 0.015328040489783654 0.015578049879807692
0 0.1781463989844689 0.4685145891629733 0.017518997192382812 0.01697085453913762
0 0.7643910921536959 0.8399141751802884 0.015240742610051082 0.015539902907151442
0 0.5240468245286208 0.7783998342660757 0.015428543090820312 0.015025652371920072
0 0.7957430619459885 0.297241944533128 0.014974153958834134 0.015001883873572716
0 0.2769395388089694 0.3469200867872972 0.014996528625488281 0.014773882352388822
0 0.28310020153339094 0.39928627014160156 0.015734379108135518 0.015898777888371393
0 0.7262274668766902 0.703787583571214 0.013951961810772236 0.013885498046875
0 0.6122712722191443 0.2941257953643799 0.014095086317795973 0.013982552748460036
0 0.441316164456881 0.6890492072472205 0.015517161442683293 0.015468597412109375
0 0.23505082497229943 0.922206291785607 0.01664433112511268 0.016644111046424277
0 0.7543012178861178 0.9703266437237079 0.015300457294170674 0.015078911414513221
0 0.8032461313100961 0.8319173959585336 0.014238504263070913 0.014151939978966346
0 0.23458110369168794 0.7755245795616736 0.016209492316612832 0.015956291785606973
0 0.7952976226806641 0.8645889575664814 0.014189500075120192 0.013763134296123799
0 0.38739798619196963 0.5308776268592248 0.018462401169996995 0.018455358651968148
0 0.13566899299621582 0.4065996316763071 0.018255307124211237 0.018372609065129206
0 0.3120716168330266 0.4573979010948768 0.014456528883713942 0.014828168428861178
0 0.8738670349121094 0.9363151697012094 0.023064539982722357 0.023263931274414062
0 0.3794119908259465 0.7131574337299054 0.014308929443359375 0.014183631310096154
0 0.25689066373384917 0.051078007771418646 0.015802896939791165 0.016220532930814303
0 0.49437904357910156 0.8398911402775691 0.01637693551870493 0.01620630117563101
0 0.5492832477276142 0.38019312345064604 0.01497041262113131 0.015351515549879808
0 0.5731147252596341 0.503741557781513 0.01613008058988131 0.016008743873009317
0 0.21933966416579026 0.1424948894060575 0.015105027418870192 0.015397346936739408
0 0.3609563387357272 0.6575220548189603 0.014544853797325721 0.01455218975360577
0 0.23498190366304839 0.3987169632544884 0.017566167391263522 0.017544306241548978
0 0.5930450879610502 0.2353962384737455 0.015448203453650841 0.01558072750384991
0 0.8739670973557693 0.5375381616445688 0.020595697256234977 0.021649727454552285
0 0.6774845123291016 0.6729132578923152 0.013949174147385817 0.013843242938701924
0 0.23505174196683443 0.3301084224994366 0.016534805297851562 0.017194601205679085
0 0.3651288839486929 0.4470752202547513 0.016821641188401442 0.017135179959810697
0 0.5457282433143029 0.6966753739577073 0.014977748577411357 0.015172224778395433
0 0.8051157731276292 0.891512944148137 0.019948812631460335 0.020043299748347357
0 0.2697756473834698 0.5531091690063477 0.016151941739595853 0.01620762164776142
0 0.4261413354140062 0.18243463222797102 0.018994258000300482 0.018976945143479567
0 0.8111116702740009 0.6330383007342999 0.013193717369666466 0.013178165142352764
0 0.2511798051687387 0.40906748404869664 0.01759639153113732 0.017868702228252705
0 0.6248600299541767 0.3700102659372183 0.015266125018780049 0.015361712529109074
0 0.5058900026174692 0.9218758803147536 0.014127364525428185 0.01416309063251202
0 0.8637497241680439 0.8212046256432166 0.01463611309344952 0.014922655545748197
0 0.49489901616023135 0.7300630716177133 0.014917813814603366 0.014285014225886418
0 0.8038447453425481 0.8890577463003305 0.01871519822340745 0.0182955815241887
0 0.6761121016282302 0.6840635446401743 0.013955042912409855 0.01391132061298077
0 0.8232520910409781 0.874402119563176 0.015232673058143029 0.015616783728966346
0 0.6331370427058294 0.23286300439101 0.013414676372821514 0.013648399939903846
0 0.17275043634267953 0.8216191071730393 0.014726932232196514 0.014593124389648438
0 0.45016934321476865 0.6223426965566782 0.014919721163236178 0.015258348905123197
0 0.21241532839261568 0.3599227758554312 0.014195882357083835 0.014147391686072716
0 0.40639569209172177 0.6792050141554612 0.015328187208909255 0.014970485980694111
0 0.25514918107252854 0.976570569551908 0.015536014850323018 0.015552960909329928
0 0.515776120699369 0.9284698046170748 0.01810000492976262 0.017898706289438102
0 0.1727752685546875 0.37755074867835414 0.016124578622671273 0.016206007737379808
0 0.428562384385329 0.681179193349985 0.013907652634840745 0.01400463397686298
0 0.17925288127018854 0.4966783890357384 0.013825343205378605 0.01374985621525691
0 0.22456946739783654 0.6656246185302734 0.015230618990384616 0.01498882587139423
0 0.5355631754948542 0.22196138822115385 0.024718211247370794 0.02463509486271785
0 0.7303051581749549 0.7986070192777194 0.016643377450796273 0.016212903536283053
0 0.13775728299067572 0.36902622076181263 0.01537473385150616 0.015411450312687801
0 0.1710052490234375 0.373291382422814 0.023267159095177285 0.023127042330228366
0 0.4200952970064603 0.554560661315918 0.014211067786583534 0.014383756197415866
0 0.5546668492830716 0.23715576758751503 0.018104039705716647 0.018360724815955527
0 0.152512238575862 0.4512469951923077 0.014913155482365536 0.014765519362229567
0 0.25358222081111026 0.6887760162353516 0.0138551271878756 0.01385952876164363
0 0.2599451175102821 0.08609439776493953 0.016120360447810247 0.016175343440129206
0 0.8042837289663461 0.8190778585580679 0.014286334698016826 0.014555711012620192
0 0.29511396701519305 0.09421592492323655 0.014434154217059795 0.014539865347055288
0 0.4316669977628268 0.47051554459791917 0.013916382422814002 0.014248187725360576
0 0.35391499445988583 0.4779857121981107 0.013518993671123799 0.013576580927922176
