0 0.7006557171161358 0.11192041177016038 0.11143699059119591 0.11131059206449069
0 0.6464870893038236 0.36536924655620867 0.22216180654672477 0.22514930138221154
0 0.26843531315143293 0.24729816730205828 0.06961782162006085 0.0698091066800631
0 0.6357399867131159 0.22227140573354867 0.060079721304086536 0.060070037841796875
0 0.6768160599928635 0.7011485466590295 0.04061977679912861 0.04027278606708233
0 0.24601316452026367 0.153686340038593 0.03196984070997972 0.031715649824876055
0 0.9718833336463342 0.6871265264657828 0.04853204580453726 0.050187917856069714
0 0.8825827378493089 0.27360472312340367 0.07464042076697716 0.07513655149019681
0 0.36394893206082857 0.23355548198406512 0.07568806868333083 0.07635985887967624
0 0.3878013170682467 0.7163973588209885 0.03239939762995793 0.03256137554462139
0 0.15330711694864127 0.029834912373469427 0.02879951550410344 0.02906461862417368
0 0.05178632186009334 0.009940367478590745 0.020981788635253906 0.018486151328453652
0 0.9600216792179987 0.42272167939406174 0.03154695951021635 0.03163917248065655
0 0.10323043969961312 0.1438461450430063 0.035297393798828125 0.036108897282527044
0 0.17933878531822792 0.41022308056171125 0.021484925196721003 0.021566390991210938
0 0.0680833963247446 0.6378375566922702 0.04932445746201735 0.04945285503680889
0 0.39580737627469575 0.8043777759258564 0.022701850304236777 0.02256950965294471
0 0.583687268770658 0.1230008785541241 0.039385428795447715 0.04007812646719126
0 0.6939251973078802 0.5903369463407077 0.023620458749624398 0.02370584928072416
0 0.42810359367957485 0.3049889344435472 0.02769631605881911 0.02756639627309946
0 0.14065215220818153 0.1339099957392766 0.02186157153202937 0.02195420631995568
0 0.39506057592538685 0.16835924295278695 0.01847098423884465 0.01831531524658203
0 0.03258916964897743 0.2709480799161471 0.026840650118314303 0.02680829855111929
0 0.33324520404522234 0.12157655679262601 0.023902379549466647 0.023967797939593975
0 0.18709798959585336 0.5652802540705755 0.0610205576970027 0.061475166907677285
0 0.9387953831599309 0.23955596410311186 0.066070556640625 0.0664824339059683
0 0.29204344749450684 0.30220658962543195 0.05329187099750225 0.053116211524376504
0 0.05588124348567082 0.3594551086425781 0.016973403783944938 0.016950020423302285
0 0.7804657862736628 0.14784426872546858 0.05753898620605469 0.05791174448453463
0 0.16897010803222656 0.016461744904518127 0.016260770651010368 0.01640613950215853
0 0.22784843811622033 0.18775529127854568 0.017297047835129958 0.01730045905480018
0 0.6605190130380484 0.5369301209082971 0.041074312650240384 0.04120907416710487
0 0.971156120300293 0.11733483351193942 0.034650215735802285 0.03501992959242601
0 0.20021746708796576 0.5047969084519607 0.02906065720778245 0.028708971463716947
0 0.10188715274517353 0.1133116575387808 0.01735819303072416 0.017272545741154596
0 0.11524183933551495 0.20472425680894119 0.016858559388380785 0.016695095942570612
0 0.5263286370497483 0.37119073134202224 0.051984346829927884 0.05177849989670973
0 0.09190160494584304 0.08191169225252591 0.017258754143348105 0.017263857217935417
0 0.18011788221505973 0.7631464738112229 0.015859640561617337 0.01592841515174279
0 0.45393771391648513 0.698996690603403 0.017670704768254206 0.01757504389836238
0 0.24781395838810846 0.8695797553429236 0.017905382009652946 0.017993046687199518
0 0.039038438063401446 0.5204209547776443 0.03288761469034048 0.032910713782677285
0 0.09715987168825589 0.29902034539442796 0.016148915657630332 0.016302145444429837
0 0.8176061190091647 0.08381421749408428 0.018459613506610576 0.01853884641940777
0 0.3993412898137019 0.623837397648738 0.017706944392277643 0.017597051767202523
0 0.5183427884028509 0.0582354710652278 0.01925813234769381 0.019173402052659255
0 0.6136225920457107 0.28476630724393404 0.01803926321176382 0.017972652728740986
0 0.25792782123272234 0.07356119155883789 0.01688663776104267 0.01696608616755559
0 0.31211024064284104 0.39549691860492414 0.02735563424917368 0.02729056431696965
0 0.4474921960097093 0.7925923420832708 0.019114054166353665 0.019062335674579326
0 0.8503291790301983 0.1816854843726525 0.05103257986215445 0.05124598283034105
0 0.5860031201289251 0.1535876805965717 0.03617653479942909 0.03592305917006273
0 0.7554078468909631 0.5237597685593826 0.024038021381084736 0.02409641559307392
0 0.5277792123647836 0.31936315389779896 0.023753532996544473 0.0239412601177509
0 0.7844335115872897 0.3618469971876878 0.024779393122746393 0.025056105393629808
0 0.5376627995417669 0.26546696516183704 0.03900762704702524 0.039019217857947715
0 0.3795035802401029 0.14940210489126352 0.01722607245812049 0.01741317602304312
0 0.45542672964242786 0.28229185251089245 0.01932496290940505 0.01901523883526142
0 0.5599601085369403 0.08361619252424973 0.03463583726149339 0.03504754946782039
0 0.6423463821411133 0.6122682277972882 0.0166323735163762 0.016794644869290866
0 0.4451371706449069 0.4457402596106896 0.029905245854304388 0.03015929002028245
0 0.8611260927640475 0.3185575925386869 0.02225670447716346 0.022538258479191706
0 0.4541090451754056 0.527705192565918 0.01762668903057392 0.017568588256835938
0 0.43656620612511265 0.5027322769165039 0.029481227581317607 0.029276627760667067
0 0.8687970088078425 0.1068570797259991 0.022359114426832933 0.022603548490084134
0 0.3855593021099384 0.3476481804480919 0.03728683178241436 0.03805967477651743
0 0.17702634517963117 0.31072458854088414 0.026824584374060996 0.026911808894230768
0 0.22775703210097092 0.5235451918381911 0.059318835918719955 0.060282267056978665
0 0.24795869680551383 0.01181770173402933 0.038883355947641224 0.022712159615296584
0 0.24109244346618652 0.7166624802809495 0.04789308401254507 0.04746569119966947
0 0.00555543486888592 0.21578509990985578 0.011080613503089318 0.016573245708759014
0 0.034830916386384234 0.5558565579927884 0.014640234983884372 0.014675433819110576
0 0.6977827365581806 0.5323122464693509 0.07032379737267128 0.06933226952185997
0 0.6100280468280499 0.03500726589789757 0.01742715101975661 0.017471955372737005
0 0.9531572782076322 0.39161021892841047 0.03533788827749399 0.03519014211801382
0 0.7824497222900391 0.6034878950852615 0.03323510976938101 0.032880342923677884
0 0.5157563869769757 0.2183847794165978 0.0221402094914363 0.021941184997558594
0 0.6657456618088943 0.22184192217313325 0.015176332913912259 0.015243713672344502
0 0.1456595200758714 0.5582257784329928 0.022989823268010065 0.02292662400465745
0 0.25906018110421986 0.48979795896089995 0.026836358583890475 0.027057354266826924
0 0.3593736795278696 0.5407542448777419 0.0211029052734375 0.021378297072190505
0 0.6607079139122596 0.3602173145000751 0.018848419189453125 0.018791638887845553
0 0.4606205133291391 0.02552443055006174 0.01600309518667368 0.01588409222089327
0 0.2994343684269832 0.4979703609759991 0.027219772338867188 0.026506717388446514
0 0.7606647931612455 0.4898046346811148 0.028658500084510215 0.02850958017202524
0 0.6805817530705378 0.6102740214421198 0.02514795156625601 0.02533692580003005
0 0.31697845458984375 0.6466652796818659 0.02418945385859563 0.024402911846454326
0 0.7918968934279221 0.49282132662259615 0.028211006751427285 0.028174180250901442
0 0.9278722909780649 0.4533089857835036 0.018909454345703125 0.01935093219463642
0 0.4496799615713266 0.16002814586345965 0.02223939162034255 0.02230226076566256
0 0.6097732690664438 0.01521864991921645 0.024903517503004808 0.02473379556949322
0 0.5768226476816031 0.6844638677743765 0.022258171668419473 0.02245917687049279
0 0.08982993089235745 0.9620304107666016 0.02815723419189453 0.028511927678034857
0 0.8172685183011569 0.488039860358605 0.0236663818359375 0.02360255901630108
0 0.7085555149958684 0.9873985877403846 0.015273167536808895 0.015433824979341947
0 0.33761736062856823 0.3958157025850736 0.020560484666090745 0.020807412954477165
0 0.3537610127375676 0.1345217778132512 0.01630122844989483 0.016404041877159707
0 0.7873372298020583 0.09081128927377555 0.014967698317307692 0.0149232057424692
0 0.9465035658616286 0.11396428254934457 0.016414935772235576 0.016554960837730996
0 0.8306655883789062 0.18103749935443586 0.0159915043757512 0.016153702369103067
0 0.07092934388380784 0.2959627554966853 0.015067687401404748 0.014934576474703275
0 0.49541532076322115 0.025282722253065843 0.024290084838867188 0.0243760714164147
0 0.8415601436908429 0.13874147488520697 0.04313571636493389 0.04321076319767879
0 0.4392837377694937 0.13575464028578538 0.030802800105168268 0.031098659221942607
0 0.5257477760314941 0.1960749075962947 0.02050957312950721 0.020809650421142578
0 0.7651779468242939 0.3858228096595177 0.020503997802734375 0.020436727083646335
0 0.6282819601205679 0.10631242165198693 0.016529083251953125 0.0163729741023137
0 0.21092519393334022 0.040370202981508695 0.015100369086632362 0.015093509967510518
0 0.7173648980947641 0.4956513551565317 0.02240723830003005 0.022058780376727764
0 0.8024079249455378 0.04967091633723332 0.09458101712740384 0.09316242658174954
0 0.00812407353749642 0.26917527272151065 0.016237867566255424 0.017284246591421273
0 0.4864041255070613 0.0716217251924368 0.014348396888146034 0.01452014079460731
0 0.6276553227351263 0.17316084641676682 0.014217229989858774 0.014113389528714694
0 0.1315936125241793 0.20746972010685846 0.014517949177668644 0.014532015873835636
0 0.6286760476919321 0.5794588602506198 0.07664343026968148 0.07625631185678336
0 0.4065986780019907 0.17596288827749398 0.07396140465369591 0.07423827281365028
0 0.4945249557495117 0.15582345082209662 0.03137559157151442 0.03088255111987774
0 0.668705573448768 0.47394965245173526 0.017272362342247598 0.01694312462439904
0 0.6962921436016376 0.2529476972726675 0.019459064190204326 0.01963949203491211
0 0.46871067927433896 0.20732465157142052 0.018011093139648438 0.017797029935396634
0 0.41871136885422927 0.5153581545903132 0.02119621863731971 0.021421139056865986
0 0.7442665100097656 0.8204931846031775 0.01477344219501202 0.014864261333759014
0 0.18003511428833008 0.15092176657456619 0.014082028315617489 0.014074032123272236
0 0.41322121253380406 0.2450863764836238 0.017786026000976562 0.017742743858924277
0 0.31920832854050857 0.683270527766301 0.015149483313927284 0.015089181753305288
0 0.7147117027869592 0.17528271675109863 0.03470391493577223 0.034734102395864636
0 0.32317322951096755 0.6664246779221755 0.02241941598745493 0.023735926701472357
0 0.3952916952279898 0.49131011962890625 0.01856715862567608 0.018550579364483174
0 0.1060636593745305 0.7991649921123798 0.0657957883981558 0.06551859929011418
0 0.7593845954308143 0.4421723439143254 0.04416700509878305 0.043798006497896634
0 0.40422799037053037 0.42238041070791393 0.03012246351975661 0.030165892380934495
0 0.6085381141075721 0.24989364697383 0.01968691899226262 0.019759985116811898
0 0.41681836201594424 0.5305076012244592 0.03215327629676232 0.03161048889160156
0 0.4472811038677509 0.3257176692669208 0.02920370835524339 0.029202607961801384
0 0.7547504718487079 0.6047011888944186 0.01847047072190505 0.01885678217961238
0 0.2608554179851825 0.8444412671602689 0.026352809025691107 0.026477960439828727
0 0.7538568056546725 0.3334950667161208 0.014905195969801683 0.015158726618840145
0 0.4372892379760742 0.07601518814380352 0.06230024191049429 0.06269564995398888
0 0.7481067364032452 0.4704866409301758 0.03415547884427584 0.03438656146709736
0 0.894312124985915 0.031950065722832315 0.031168424166165866 0.03249226166651799
0 0.4341590221111591 0.6012748571542593 0.015628594618577223 0.015760495112492487
0 0.6685055219210111 0.751953858595628 0.017735407902644232 0.017912938044621393
0 0.4002963579618014 0.5874362725477952 0.014606915987454928 0.014619827270507812
0 0.5826912293067346 0.6098389258751502 0.013396409841684194 0.0134583986722506
0 0.7179850064791166 0.3872531744150015 0.016193389892578125 0.016498639033390924
0 0.4502863517174354 0.19450294054471529 0.013410274799053486 0.013786535996657152
0 0.5634061739994929 0.9340672859778771 0.06141816652738131 0.06124657850999098
0 0.5016676095815805 0.33654234959528995 0.024277246915377103 0.024190462552584134
0 0.20627120824960563 0.6390016995943509 0.013683539170485277 0.01359264667217548
0 0.4547346555269681 0.07091711117671086 0.022137935344989482 0.02216344613295335
0 0.4883284568786621 0.4222068786621094 0.01412494365985577 0.014107484083909255
0 0.4183140534621019 0.5321455735426682 0.02585293696476863 0.02578001755934495
0 0.10932658268855168 0.15617598020113432 0.01405053872328538 0.013859244493337778
0 0.04536383885603685 0.22765203622671273 0.016308188438415527 0.015863345219538763
0 0.6969635303203876 0.5443040774418757 0.08092557466947116 0.07969929621769832
0 0.6712752122145432 0.49383963071382964 0.023806645320012018 0.024251937866210938
0 0.7173323998084435 0.47371482849121094 0.01624914316030649 0.01606442378117488
0 0.3049316773047814 0.6157506796029898 0.03182015052208534 0.03122285696176382
0 0.39224822704608625 0.4282127527090219 0.014499517587515024 0.014912898723895732
0 0.7445926666259766 0.5758628111619216 0.030409592848557692 0.03044781318077674
0 0.974421867957482 0.1882042151231032 0.01855894235464243 0.01798842503474309
0 0.937325330880972 0.33774067805363583 0.03681637690617488 0.03748336205115685
0 0.9168803875262921 0.029981060669972345 0.06623253455528846 0.06091947280443632
0 0.27032177264873797 0.4134634824899527 0.0249938231248122 0.025059259854830228
0 0.33237332564133865 0.4366314961360051 0.06559819441575271 0.0679933107816256
0 0.5827883206881009 0.21772533196669358 0.022772495563213643 0.023172965416541465
0 0.07586796925618099 0.08676567444434533 0.0173109036225539 0.01784225610586313
0 0.8096698614267203 0.0975424968279325 0.014267261211688701 0.014395732146043044
0 0.908543586730957 0.43386143904465896 0.03165230384239784 0.030461824857271634
0 0.8057555418748122 0.22645136026235727 0.013689921452448918 0.013597415043757511
0 0.6303669122549204 0.7263669967651367 0.03454941969651442 0.0341955331655649
0 0.46770517642681414 0.34700863177959734 0.029434057382436898 0.03030527555025541
0 0.9905031644381009 0.30348865802471453 0.015523470365084134 0.022405624389648438
0 0.8070728595440204 0.34802634899432844 0.013416290283203125 0.013725207402155949
0 0.43099645467904896 0.40183529487022984 0.013647959782527043 0.013843609736515926
0 0.8569624974177434 0.14482480746049148 0.06963377732496995 0.06950849753159744
0 0.6493078378530649 0.3490442862877479 0.0195620610163762 0.019559420072115384
0 0.9932390359731821 0.37859968038705677 0.013360537015474759 0.059180186345027044
0 0.9895141308124249 0.6556974557729868 0.01871461134690505 0.025119781494140625
0 0.06929510373335618 0.11243869708134578 0.014108749536367564 0.014128391559307393
0 0.23342330639178938 0.501923341017503 0.0403289061326247 0.04023067767803486
0 0.18766931387094352 0.6896045391376202 0.032904441540057845 0.032860975999098554
