0 0.162594538468581 0.5245319146376389 0.05126682611612173 0.05153949444110577
0 0.2783191754267766 0.7918602870060847 0.04990100860595703 0.05033962543194111
0 0.26885128021240234 0.4454068403977614 0.041788467994103067 0.04232700054462139
0 0.6422816790067233 0.49121834681584287 0.031456287090594955 0.031329961923452526
0 0.5536650144136869 0.7384536449725811 0.03580782963679387 0.035719651442307696
0 0.7535484020526593 0.6106174909151517 0.04303271953876202 0.04312280508188101
0 0.4231865589435284 0.6944772280179538 0.026798761807955228 0.027019207294170674
0 0.49176953389094424 0.6788870738102839 0.031363487243652344 0.03142092778132512
0 0.21402608431302583 0.3310923943152794 0.025064468383789062 0.025360547579251803
0 0.43407399837787336 0.9834021788377029 0.024610372690054085 0.024509723369891826
0 0.7926122225247897 0.29024641330425555 0.040863330547626205 0.04089172069842999
0 0.5744929680457482 0.6641163459190955 0.025452613830566406 0.025520911583533652
0 0.9578139231755183 0.1757038373213548 0.021837968092698317 0.021885248330923226
0 0.13536363381605881 0.28969374069800746 0.02069535622229943 0.02066520544198843
0 0.3002462020287147 0.6951468541071966 0.020336371201735277 0.020335857684795674
0 0.4914529873774602 0.9767961502075195 0.02394250723031851 0.02392123295710637
0 0.057081094154944785 0.4427241545457106 0.019437148020817682 0.019503226647010215
0 0.23125079961923453 0.8100289564866286 0.01863853748028095 0.018513019268329326
0 0.45847423260028547 0.9086392476008489 0.02321199270395132 0.02306703420785757
0 0.3011077367342435 0.45356141603910005 0.04070193950946514 0.040836260868952826
0 0.710874997652494 0.3357699834383451 0.01785454383263221 0.017954532916729268
0 0.6380161138681265 0.9785619148841271 0.019872518686147835 0.01981324415940505
0 0.2249729449932392 0.8778990232027494 0.018990369943472054 0.019169734074519232
0 0.3913153134859525 0.5835937353280874 0.022265507624699518 0.02243218055138221
0 0.44314369788536656 0.41582422990065354 0.020991985614483174 0.020988317636343148
0 0.86992674607497 0.7990705049954928 0.02750367384690505 0.027341402493990384
0 0.6883557393000677 0.18314585318932167 0.01889771681565505 0.01914361807016226
0 0.8784955098078802 0.5897374519935021 0.02315183786245493 0.023477554321289062
0 0.45203399658203125 0.858127080477201 0.0204928471491887 0.020548893855168268
0 0.5323791870704064 0.9903831481933594 0.019107671884390023 0.014621734619140625
0 0.23636979323167068 0.9598548595721905 0.01911310049203726 0.01874512892503005
0 0.6061295729417068 0.2504333716172438 0.017298038189227764 0.017397367037259616
0 0.3297174893892728 0.44450077643761265 0.019225634061373197 0.01924294691819411
0 0.7105526557335486 0.6916624215932993 0.026293387779822715 0.026280329777644232
0 0.23678706242487982 0.9167495874258188 0.03115565960223858 0.03121669475848858
0 0.177550902733436 0.2056274047264686 0.01781573662391076 0.017826960637019232
0 0.8229812475351187 0.806771498460036 0.017241698044996995 0.017005333533653848
0 0.781401120699369 0.8947976919320914 0.01917574955866887 0.019180444570688102
0 0.2985387215247521 0.48142425830547625 0.016952881446251504 0.017010908860426683
0 0.5508576906644381 0.28391273205096906 0.017722496619591348 0.01746848913339468
0 0.3288099215580867 0.4879562304570125 0.01794749039870042 0.017755508422851562
0 0.35230350494384766 0.17817302850576547 0.015970816979041465 0.016008377075195312
0 0.627026631281926 0.541008839240441 0.019466400146484375 0.019349024846003607
0 0.9516526735745944 0.6952912990863507 0.023648188664362982 0.023401700533353366
0 0.2415160949413593 0.7760297335111178 0.018968948951134317 0.019040034367487982
0 0.49125150533822864 0.8633795518141526 0.019265174865722656 0.019383650559645433
0 0.8475723266601562 0.6321912912222055 0.027075840876652643 0.027208768404447116
0 0.22443591631375825 0.49434518814086914 0.01614233163686899 0.016096188471867487
0 0.8173577235295222 0.2911522021660438 0.028139261099008415 0.027488891895000752
0 0.6995836404653696 0.19753129665668195 0.020784671490009014 0.020880479079026442
0 0.9490204591017503 0.985557115994967 0.01709116422213041 0.01725182166466346
0 0.3205597950862004 0.47225167201115537 0.02428465623121995 0.024204180790827826
0 0.9272927504319411 0.8522561880258414 0.016647485586313102 0.0166323735163762
0 0.19729113578796387 0.745272709773137 0.016472559708815355 0.016675508939302884
0 0.9255935962383564 0.33266063836904675 0.018912828885591947 0.01885832273043119
0 0.5897078147301307 0.7273581578181341 0.0256045414851262 0.025210747352013223
0 0.8129788912259616 0.5921902289757361 0.01670984121469351 0.01627518580510066
0 0.677890630868765 0.8908937160785382 0.01625647911658654 0.01642579298753005
0 0.599854432619535 0.6203164320725661 0.0290676997258113 0.029395140134371243
0 0.6124040163480319 0.873937386732835 0.02230248084435096 0.022359701303335335
0 0.1966075347020076 0.11261477837195763 0.015677672166090745 0.015490385202261118
0 0.9116953336275541 0.9374839342557467 0.015334496131310096 0.015248518723707933
0 0.5883397689232459 0.7431463094858023 0.021630140451284554 0.021274273212139424
0 0.9458119319035456 0.26432019013624924 0.015868993905874398 0.01589206548837515
0 0.2746054759392372 0.8481904543363131 0.01495515383206881 0.014954346876878005
0 0.2830180755028358 0.42116077129657453 0.016939603365384616 0.016746374276968148
0 0.4080539850088266 0.5397046896127554 0.016435623168945312 0.016271297748272236
0 0.6996567799494817 0.7152608724740835 0.016542874849759616 0.016247675969050482
0 0.7079233022836539 0.8656795208270733 0.017002692589393027 0.016991248497596152
0 0.6983668987567608 0.5600190529456506 0.016997410700871393 0.016728914701021634
0 0.65831785935622 0.2039203277001014 0.024743006779597357 0.0237423823429988
0 0.7086601257324219 0.10894560813903809 0.015259962815504808 0.015230398911696214
0 0.2898939572847806 0.4947387988750751 0.014844967768742489 0.014687464787409855
0 0.7615064474252554 0.41781784937931943 0.014487339900090145 0.014540892380934495
0 0.31194507158719575 0.07002687454223633 0.015030567462627705 0.015193444031935472
0 0.6394444245558518 0.9490836216853216 0.016141891479492188 0.01604153559758113
0 0.8628292083740234 0.9387980241041917 0.016174756563626803 0.016193976769080527
0 0.9704620654766376 0.5427288275498611 0.011552957388070913 0.020775648263784554
0 0.8726322467510517 0.9246705862192007 0.015559709989107572 0.015475053053635817
0 0.748469719519982 0.7757987242478591 0.01808768052321214 0.018052027775691107
0 0.8314682887150691 0.3805927863487831 0.019977863018329326 0.01941226078913762
0 0.25061328594501203 0.9427567995511569 0.018686808072603665 0.0190731928898738
0 0.9231133094200721 0.9196260158832257 0.018472671508789062 0.01831685579740084
0 0.905465346116286 0.6963356458223783 0.015723301814152643 0.01576511676494892
0 0.8123233501727765 0.3168633167560284 0.020160821767953727 0.020657906165489785
0 0.7760031773493841 0.7438553296602689 0.019590377807617188 0.019396855280949518
0 0.1562796556032621 0.7098880180945764 0.01454624762901893 0.014586228590745192
0 0.9476002913254958 0.6039676666259766 0.01738592294546274 0.017431992750901442
0 0.3435077667236328 0.4613233713003305 0.025069456834059495 0.023984175461989183
0 0.6285875760591947 0.776331534752479 0.016966893122746393 0.01721044687124399
0 0.9196258691641 0.7022040440486028 0.016830004178560697 0.017008414635291465
0 0.5396389594444861 0.7072447263277494 0.014346636258638822 0.014237037071814904
0 0.2330179397876446 0.9854988685021033 0.015070878542386569 0.01512439434344952
0 0.8177041273850661 0.724214113675631 0.015060131366436299 0.015397878793569712
0 0.9273135845477765 0.8051393949068509 0.014937474177433895 0.015373523418719951
0 0.8347195845383865 0.5315632086533767 0.016405252309945915 0.016576546889085036
0 0.8256984123816857 0.6599812874427209 0.018198746901292067 0.01787229684682993
0 0.7968942202054538 0.5853899442232572 0.024727454552283652 0.024940344003530648
0 0.9323781086848333 0.6129823464613694 0.015422821044921875 0.015623752887432393
0 0.8167886000413161 0.6731339968167819 0.019587590144230768 0.01962867149939904
0 0.9167662400465745 0.8944542224590595 0.014870570256159855 0.014653425950270433
0 0.5514617333045373 0.9078062497652494 0.02859218303973858 0.02758026123046875
0 0.7590484619140625 0.2582281736227182 0.017473954420823317 0.017729942615215596
0 0.5829090338486892 0.7569085634671725 0.015516721285306491 0.016186934251051683
0 0.2785959243774414 0.9692467909592849 0.017448828770564154 0.017287767850435697
0 0.8172547267033503 0.38455944794874924 0.021595881535456732 0.0218198482806866
0 0.8135486015906701 0.7429909339317908 0.016956916222205527 0.01669135460486779
0 0.5836051794198843 0.863613275381235 0.033228507408728965 0.032777052659254804
0 0.5449552536010742 0.9042390676645132 0.015665201040414665 0.0159609867976262
0 0.04734495969919058 0.5488609900841346 0.014781456727247972 0.014644916240985576
0 0.587178266965426 0.6252957857572116 0.017335965083195612 0.017281752366286058
0 0.09598302841186523 0.9390092996450571 0.0279843257023738 0.027889545147235576
0 0.6355944413405198 0.19446428005511945 0.01601263192983774 0.01607968257023738
0 0.5372695922851562 0.6766179891733023 0.014267848088191105 0.014401949368990384
0 0.6394876333383414 0.6572007399338943 0.013922764704777645 0.013961498553936299
0 0.5023603806128869 0.7802401322584885 0.017934725834773138 0.017997154822716348
0 0.21848612565260667 0.8928999534020057 0.016641616821289062 0.016367985652043268
0 0.4978792117192195 0.8931044065035306 0.014570016127366286 0.014840932992788462
0 0.6075959572425256 0.5741333594689002 0.0472865471473107 0.04725779019869291
0 0.25116652708787185 0.2777283008282001 0.013726527874286357 0.013971622173602764
0 0.2866826057434082 0.5628720430227426 0.014653719388521634 0.014488513653094951
0 0.6139692893395057 0.8711082751934345 0.018041317279522236 0.01786466745229868
0 0.9056931275587815 0.8877950815054086 0.014687318068284255 0.014770801250751201
0 0.6612179095928485 0.20198893547058105 0.01877139164851262 0.019866393162653997
0 0.5785836439866286 0.9209131094125601 0.024588804978590745 0.024792010967548076
0 0.8370436154879056 0.6468070103571966 0.019131293663611777 0.01909050574669471
0 0.870644789475661 0.6611104378333459 0.013549217810997596 0.013711929321289062
0 0.6551671394935021 0.20691930330716646 0.022063622107872598 0.0217131834763747
0 0.8275293203500601 0.6661299191988431 0.01773379399226262 0.01755039508526142
0 0.9368971311129056 0.9929607097919171 0.020516028771033652 0.012760749230018029
0 0.1794113012460562 0.8468600053053635 0.015601341540996846 0.015513786902794471
0 0.5835453180166391 0.9901927067683294 0.016035079956054688 0.013947706956129808
0 0.5522788854745718 0.9157900443443885 0.01723905710073618 0.016257065993088942
0 0.20654711356529823 0.7548431983360877 0.017224238469050482 0.017204871544471152
0 0.0932177396921011 0.4402154042170598 0.014011273017296424 0.013999498807466947
