0 0.34823296620295596 0.8573471949650691 0.11597112508920523 0.11473230215219352
0 0.28398996133070725 0.8993238302377554 0.056598626650296725 0.05611419677734375
0 0.3008560950939472 0.9495357366708609 0.05007784183208759 0.05035855219914363
0 0.47380396036001354 0.1429449961735652 0.023290487436147835 0.02335383341862605
0 0.5131965050330529 0.9267606735229492 0.15990037184495193 0.14659896263709435
0 0.28916505666879505 0.43203243842491734 0.019121500161977913 0.019349024846003607
0 0.24964178525484526 0.8738340231088492 0.02535709967980018 0.024832798884465143
0 0.3783106437096229 0.8514512869027945 0.01922152592585637 0.019129092876727764
0 0.7376965742844802 0.23397953693683332 0.02338834909292368 0.023454959575946514
0 0.7241133176363431 0.9592471489539514 0.021293493417593148 0.02134117713341346
0 0.521977057823768 0.1017451102917011 0.023792780362642728 0.02378533436701848
0 0.6008483079763559 0.9880861135629507 0.01772587115948017 0.017476595365084134
0 0.42662822283231294 0.8574123382568359 0.10368589254525992 0.10264235276442307
0 0.41121893662672776 0.7612309089073768 0.020864046536959134 0.020717767568734977
0 0.5491697971637433 0.44452381134033203 0.016937255859375 0.01670705355130709
0 0.5134333830613357 0.692509651184082 0.01794881087083083 0.01800991938664363
0 0.41132596822885364 0.5000873345595139 0.016654381385216348 0.016686659592848558
0 0.5153874617356521 0.8092467968280499 0.02641912607046274 0.026381272536057692
0 0.6602639418381911 0.5399502240694486 0.017272362342247598 0.017066368689903848
0 0.6980955417339618 0.5760982953585111 0.01879149216871995 0.01915711622971755
0 0.3646119191096379 0.4125376481276292 0.016692528357872598 0.016719964834359977
0 0.500640869140625 0.09094623418954703 0.023983001708984375 0.02416541026188777
0 0.2520314363332895 0.7626505631666917 0.019491819234994743 0.019448206974909857
0 0.4977875122657189 0.6580054209782527 0.01708984375 0.017394432654747598
0 0.5363636750441331 0.5934694730318509 0.018366593580979567 0.018704341008112982
0 0.5201542927668645 0.5960339032686673 0.018149595994215745 0.018335782564603366
0 0.24683710244985727 0.8198042649489182 0.019362486325777493 0.019309557401216947
0 0.5720076927771935 0.5691959674541767 0.023836429302509014 0.023441167978140023
0 0.5532310559199407 0.5848649098322942 0.021050673264723558 0.021314034095177285
0 0.6382355323204627 0.055175176033606894 0.01578492384690505 0.0157471803518442
0 0.339787299816425 0.767651631281926 0.0188295657818134 0.01879295935997596
0 0.5371823677649865 0.07503012510446402 0.01623997321495643 0.015857934951782227
0 0.6823322589580829 0.5724991284883939 0.015442481407752404 0.01551070580115685
0 0.31209538533137393 0.7248503611637995 0.01615003439096304 0.016215691199669473
0 0.5767225118783804 0.10981053572434646 0.0155641115628756 0.015355476966271034
0 0.590788327730619 0.16617732781630296 0.01546170161320613 0.015373706817626953
0 0.7024627098670373 0.37771169955913836 0.13347567044771635 0.23520183563232422
0 0.5050120720496545 0.5982778989351712 0.01622288043682392 0.016010284423828125
0 0.30356183418860805 0.09030000980083759 0.014099781329815205 0.014216166276198167
0 0.3982341472919171 0.27176820314847505 0.014409578763521634 0.014465992267315205
0 0.2612944199488713 0.7481632232666016 0.02071839112501878 0.020769852858323317
0 0.2670065439664401 0.21586832633385292 0.014646786909836989 0.014511035038874699
0 0.4601347263042743 0.08390997006342961 0.018003170306865986 0.017977421100323018
0 0.49449759263258714 0.9698514204758865 0.016230216393103965 0.016599214993990384
0 0.26926862276517427 0.7220533811129056 0.01450817401592548 0.014439656184269832
0 0.23590513376089242 0.8524247683011569 0.018259415259728067 0.019710687490609977
0 0.45361687586857724 0.7662809812105619 0.014226693373460036 0.014394906850961538
0 0.7061210779043344 0.9620685577392578 0.1299924116868239 0.07463983389047477
0 0.713139167198768 0.07442424389032218 0.015242356520432692 0.015284217320955716
0 0.5919696367703952 0.18170646520761344 0.013756091778094951 0.013692635756272536
0 0.6504619304950421 0.2933020775134747 0.014372898982121395 0.0146028078519381
0 0.5873745404756986 0.5529658611004169 0.016260293813852165 0.016318908104529746
0 0.6425883953387921 0.3318614959716797 0.015347113976111779 0.015284318190354567
0 0.3177780371445876 0.9948303516094501 0.02088583432711088 0.009452526385967549
0 0.2867941122788649 0.07439683950864352 0.015214626605694111 0.015080562004676232
0 0.23602091349088228 0.7598122816819411 0.01763578561636118 0.02221855750450721
0 0.4429437197171725 0.724906481229342 0.014321107130784255 0.014412219707782451
0 0.6063123849722055 0.12330299157362717 0.014254936805138221 0.01427459716796875
0 0.5855284470778245 0.1448515745309683 0.014067723200871395 0.014306270159207858
0 0.32081809410682094 0.6800424869243915 0.015346086942232572 0.015284905066856971
0 0.718069810133714 0.6886609884408804 0.01393420879657452 0.013929220346304087
0 0.5630230903625488 0.10649461929614727 0.01637092003455529 0.01627911054171049
0 0.6979915912334735 0.5557889938354492 0.015925774207481973 0.015470431401179386
0 0.6137539790226862 0.0898271523989164 0.013719411996694712 0.013869285583496094
0 0.6854592103224534 0.5599853809063251 0.013131068303034855 0.013251084547776442
