0 0.5843930611243615 0.5980723087604229 0.03825935950646034 0.038313718942495495
0 0.6516333359938401 0.8371292994572566 0.028111971341646634 0.028507819542518027
0 0.5324207452627329 0.16377529731163612 0.0273739741398738 0.027507635263296273
0 0.5577534895676833 0.5635925439687876 0.02045015188363882 0.020201903123121995
0 0.43715572357177734 0.9872547296377329 0.017873177161583535 0.017624488243689902
0 0.6256307455209585 0.8782278207632211 0.020756611457237832 0.020854656512920674
0 0.7603484667264498 0.20198649626511794 0.02037781935471755 0.02051089360163762
0 0.5584857647235577 0.30365511087270886 0.018503629244290866 0.01835346221923828
0 0.4263310799231896 0.5948674495403583 0.02173775892991286 0.021868779109074518
0 0.7942292140080378 0.23454996255727914 0.0182949946476863 0.018176739032451924
0 0.6372046837439904 0.5038567689748911 0.01736303476186899 0.017565066997821514
0 0.7049547342153696 0.15525247500492975 0.019940889798677884 0.01990362314077524
0 0.13620990973252517 0.8024733616755559 0.018312747661884014 0.018221928523137018
0 0.9134280865009015 0.2036009935232309 0.016375028170072116 0.02008544481717623
0 0.14460035470815805 0.12230991400205173 0.017797103294959433 0.01763264949505146
0 0.4849339265089769 0.12595015305739182 0.01669913071852464 0.0168457214648907
0 0.6895305926983173 0.2152544535123385 0.018854728111853965 0.018741901104266826
0 0.22728371620178223 0.2779083251953125 0.016824979048508864 0.016796258779672477
0 0.40395179161658656 0.7621238415057843 0.017799964317908652 0.017736288217397835
0 0.45184821348923904 0.7707250301654522 0.02164921393761268 0.021918516892653245
0 0.5892404042757474 0.16372101123516375 0.017429571885329027 0.017528607295109674
0 0.524106135735145 0.20699420342078576 0.0163723872258113 0.01638375795804537
0 0.4209759785578801 0.8449463477501502 0.027343383202185996 0.027350205641526442
0 0.6437838627741888 0.6175674291757437 0.017900613638070915 0.018047626201923076
0 0.2899272625262921 0.42713788839486927 0.01656950437105619 0.016703458932729866
0 0.6882712290837214 0.7499866485595703 0.031231806828425482 0.03106102576622596
0 0.854088123028095 0.20554498525766227 0.028348482572115384 0.028647606189434346
0 0.4413661223191481 0.7575332935039814 0.019149193396935098 0.01883829556978666
0 0.4594604418827937 0.32599243750939 0.016606624309833232 0.01667301471416767
0 0.4122813664949857 0.686253914466271 0.023861078115609977 0.023846846360426683
0 0.9061119373028095 0.12862879496354324 0.017065781813401442 0.017171291204599235
0 0.19080774600689226 0.24167948502760667 0.017886015085073616 0.01801160665658804
0 0.4450468650230995 0.7963069035456731 0.017888435950646035 0.017911324134239785
0 0.4822499935443585 0.9706353407639724 0.017747879028320312 0.017743037297175482
0 0.49413556319016677 0.15678752385652983 0.016522921048677884 0.016693628751314603
0 0.2051546757037823 0.261884120794443 0.02603883009690505 0.02603013698871319
0 0.8590649824876052 0.3149852752685547 0.016171675461989183 0.016202651537381686
0 0.3622959577120267 0.4450636643629808 0.015950863177959736 0.015756607055664062
0 0.5990724563598633 0.0381037936760829 0.018244229830228366 0.018489539623260498
0 0.8479446998009315 0.38938316932091344 0.01543896014873798 0.015498821551983174
0 0.587363756619967 0.7452697020310622 0.0178677485539363 0.01786349369929387
0 0.5531115165123572 0.1441702934411856 0.015375430767352764 0.01580053109389085
0 0.5623997174776517 0.47060559346125674 0.016576766967773438 0.016275846041165866
0 0.5364031424889197 0.6575006338266226 0.01686521676870493 0.01680579552283654
0 0.6478384458101712 0.11229923138251671 0.015057196983924279 0.015039920806884766
0 0.8727538769061749 0.8596505385178786 0.017367436335637018 0.01761010976938101
0 0.24947177446805513 0.30874886879554164 0.015327160175030049 0.015421573932354268
0 0.6490243031428411 0.0183484829389132 0.015907140878530648 0.016010820865631104
0 0.7092072413517878 0.7209680997408353 0.016476997962364785 0.016387059138371393
0 0.7594630901630108 0.9306095563448392 0.02458029526930589 0.024671261127178486
0 0.45367571023794323 0.8389116433950571 0.025357393118051384 0.024997124305138223
0 0.3614367338327261 0.6997679196871244 0.023367588336651143 0.023414758535531852
0 0.7758344503549429 0.2414375635293814 0.014841226431039663 0.014815440544715295
0 0.4916572570800781 0.7362964336688702 0.021084418663611777 0.021511664757361777
0 0.28699950071481556 0.13776718653165376 0.01753517297598032 0.01759683168851412
0 0.7545754359318659 0.18483246289766753 0.015454512376051683 0.015631822439340446
0 0.7940847690288837 0.19005082203791693 0.015104293823242188 0.014886269202599159
0 0.7402782440185547 0.5868022992060735 0.021411308875450723 0.02145246359018179
0 0.4063531435452975 0.8571690779465896 0.02823462853064904 0.028354938213641826
0 0.45540732603806716 0.6558694105881911 0.0182950680072491 0.017851756169245794
0 0.44456151815561146 0.4830636978149414 0.014656507051908053 0.014735735379732572
0 0.7706449948824369 0.7437377342810998 0.015513933621920072 0.015439840463491587
0 0.5842054807222806 0.138614847109868 0.014793836153470553 0.015004359758817233
0 0.7056902371920072 0.903040152329665 0.016116802509014424 0.016271004310021035
0 0.4726174794710599 0.9504500169020432 0.01576093526986929 0.015654637263371393
0 0.49540171256432164 0.61138916015625 0.015022497910719652 0.015191004826472355
0 0.4348145998441256 0.8323788276085486 0.016583662766676683 0.01651455805851863
0 0.5202670464148889 0.593711779667781 0.0167080805851863 0.016448241013746995
0 0.4540694310114934 0.08083851520831768 0.014922068669245793 0.014866407100970928
0 0.6249895829420823 0.669364489041842 0.0149078369140625 0.015038416935847355
0 0.5311776674710788 0.7274749462421124 0.015021250798152043 0.015019490168644832
0 0.7813324561485877 0.7738001163189228 0.018484995915339544 0.018689082219050482
0 0.526471211360051 0.6671560727632962 0.015240742610051082 0.015092409574068509
0 0.44884212200458234 0.42404035421518177 0.014373559218186598 0.014390065119816707
0 0.7677194155179538 0.8175411224365234 0.017711492685171273 0.017611576960637018
0 0.2212985845712515 0.08787773205683781 0.014853330758901743 0.014928377591646634
0 0.21727785697350135 0.24908810395460862 0.01580363053541917 0.01580656491793119
0 0.48445547544039214 0.7981881361741286 0.017690365131084736 0.01762243417593149
0 0.6282493884746845 0.45831658289982724 0.014336806077223558 0.014348323528583232
0 0.5232130930973933 0.5071419935960036 0.013795412503756009 0.013746261596679688
0 0.288237791794997 0.46228320782001203 0.014223025395320011 0.014259411738469051
0 0.5968767312856821 0.33287437145526594 0.013921590951772837 0.014042120713454027
0 0.9084795438326322 0.23450356263380784 0.01532451923076923 0.015590154207669772
0 0.5808727191044734 0.9312433829674354 0.015028146597055288 0.014795890221228966
0 0.44976274783794695 0.12890385664426363 0.014237037071814904 0.014252185821533203
0 0.7007590807401217 0.2805152672987718 0.014597232525165264 0.014712920555701623
0 0.5800907428448017 0.18279181993924654 0.015056536747859074 0.01486983666053185
0 0.4890292974618765 0.05349570054274339 0.01433394505427434 0.014172205558189979
0 0.480871714078463 0.8331473423884466 0.01607087942270132 0.016170795147235576
0 0.44707364302415115 0.579159663273738 0.018584618201622598 0.018673089834359977
0 0.7162846051729642 0.9736222487229568 0.014450366680438701 0.014621587900015024
0 0.4735612135667067 0.5675583252540002 0.01580179654634916 0.015891662010779746
0 0.44831341963547927 0.8176705287053034 0.01608613821176382 0.016005589411808893
0 0.10164945859175462 0.7331063197209284 0.013989705305833083 0.014112912691556491
0 0.48628172507652867 0.7795248031616211 0.015486203707181491 0.015683687650240384
0 0.8809099930983323 0.8383329831636869 0.01397250248835637 0.014146364652193509
0 0.39297690758338344 0.8651730464054987 0.023093590369591348 0.0222317622258113
0 0.6672174747173603 0.21539136079641488 0.016194857083834134 0.016321475689227764
0 0.6207432380089393 0.7938120181743915 0.015051768376277043 0.015265538142277645
0 0.8261188360360953 0.6810031303992639 0.015111483060396634 0.014972686767578125
0 0.562634541438176 0.3633409646841196 0.01392988058236929 0.013904278094951924
0 0.6045385507436899 0.7834970034085788 0.014289489159217248 0.014162797194260817
0 0.6359933706430289 0.4316172966590294 0.013487889216496395 0.013588978694035457
0 0.5636893052321214 0.12574006960942194 0.01401974604679988 0.01417398452758789
0 0.76537719139686 0.26192646760206956 0.01447589580829327 0.014525706951434795
0 0.5238019503079928 0.2469193201798659 0.014639560992901143 0.015169510474571815
0 0.8120281512920673 0.7954176389254056 0.019500585702749398 0.01908419682429387
0 0.4877636249248798 0.16919385469876802 0.01601233849158654 0.015914550194373496
0 0.4656069095318134 0.7846012849074143 0.022609710693359375 0.02202268747182993
0 0.5009298324584961 0.03322338599425096 0.014332111065204326 0.014574775329002967
0 0.3288275645329402 0.8771110681387094 0.01875921396108774 0.01919731727013221
0 0.5788538272564228 0.4293501927302434 0.013645025400015024 0.013609225933368389
0 0.33165917029747594 0.05420902142157921 0.01865240243765024 0.019047902180598333
0 0.45852800515981823 0.5707585995013897 0.014511988713191105 0.014369377723106971
0 0.46638195331280047 0.8252670581524189 0.01612677940955529 0.015942940345177285
0 0.5071991040156438 0.50699861233051 0.019633073073167067 0.02001058138333834
0 0.3348108438345102 0.9792128342848557 0.12247833838829628 0.0406031975379357
0 0.7532515159020057 0.9892408664409931 0.01465621361365685 0.01429279033954327
0 0.506739066197322 0.5113983154296875 0.01843122335580679 0.018409582284780648
0 0.4581874700692984 0.8077090336726263 0.018468123215895433 0.017878312330979567
0 0.30276837715735805 0.5238928428063025 0.016501500056340143 0.01657559321476863
0 0.1328892891223614 0.624255106999324 0.014785363123967098 0.014748499943659855
0 0.825525870689979 0.07089553429530217 0.013626685509314904 0.013538305576031025
0 0.6255602469811072 0.31011698796198917 0.014284427349384014 0.014470742299006535
0 0.3132893488957332 0.5140010393582858 0.016582323954655573 0.016535098736102764
0 0.402400383582482 0.8598273350642278 0.029750677255483773 0.029161893404447116
0 0.09263155093559852 0.6381935706505408 0.013524568997896634 0.01385791485126202
0 0.46429113241342396 0.8277940016526443 0.017080967242901143 0.017476008488581732
0 0.44649626658513 0.8446039053109976 0.019618767958420973 0.020663041334885817
0 0.7757533146784856 0.7564522669865534 0.01453693096454327 0.014581533578725962
0 0.9135225736177884 0.7828423426701472 0.013082064115084134 0.014612931471604567
0 0.7716473799485427 0.18929740098806527 0.015069081233097957 0.015246868133544922
