0 0.2382218837738037 0.60437745314378 0.12779151476346529 0.12861266502967247
0 0.49402706439678484 0.6903467911940354 0.10386980496920072 0.10324815603402945
0 0.3073104528280405 0.17168131241431603 0.027756434220534105 0.027484380281888522
0 0.6186778728778546 0.9606982011061448 0.04649763840895433 0.04666416461651142
0 0.373963135939378 0.18658238190871018 0.0352935791015625 0.035239806542029746
0 0.4290618162888747 0.25141440905057466 0.022626143235426683 0.02265508358295147
0 0.18802309036254883 0.11190150334284855 0.020803084740271933 0.020844202775221605
0 0.13605240675119254 0.6933555603027344 0.01935016191922701 0.01962867149939904
0 0.7782470262967623 0.10459539523491493 0.02276332561786358 0.02307715782752404
0 0.5580749144920936 0.11308278487278865 0.0184323237492488 0.01828204668485201
0 0.4290282909686749 0.3304740098806528 0.017077812781700723 0.017069229712853067
0 0.2059463354257437 0.09746014154874362 0.01723780998816857 0.017311829787034255
0 0.3433691171499399 0.9653732593242939 0.10964938310476449 0.06241519634540264
0 0.3932241659898024 0.9213884793795072 0.02322996579683744 0.023607400747445915
0 0.3349329141470102 0.30181697698739857 0.02638523395244892 0.02634407923771785
0 0.5912636243380033 0.9284793413602389 0.017523985642653245 0.017587661743164062
0 0.3099824098440317 0.21778163543114296 0.024794578552246094 0.025058672978327826
0 0.20235303732065055 0.2988500961890587 0.018601197462815505 0.01873302459716797
0 0.31056708555955154 0.11136058660653922 0.018979292649489183 0.01885223388671875
0 0.13703546157250038 0.04067589686467098 0.019721324627216045 0.01961159476867089
0 0.2511051618135892 0.6775193581214318 0.016300274775578424 0.016364170954777643
0 0.6387157440185547 0.4592476257911095 0.026218707744891826 0.026642505939190205
0 0.13100812985346869 0.28447730724628156 0.01959393574641301 0.021522888770470254
0 0.34960251588087815 0.2001014489393968 0.02379153325007512 0.023720814631535456
0 0.18106768681452826 0.8774604063767654 0.06114695622370793 0.06153180049015926
0 0.3625017679654635 0.34599964435283953 0.01813360360952524 0.01814585465651292
0 0.8124625866229718 0.7642184771024264 0.015934577355018027 0.0159609867976262
0 0.16585748012249285 0.9899038901695838 0.01694338138286884 0.015727996826171875
0 0.3122290831345778 0.3806459720318134 0.016544488760141227 0.016608605018028848
0 0.7801377956683819 0.7402280660775992 0.0166775630070613 0.016632666954627402
0 0.4633125892052284 0.26646111561701846 0.016570017887995794 0.016523434565617487
0 0.5994457098153921 0.3114924064049354 0.023449090810922477 0.023682502599862907
0 0.25660071006188023 0.7539669917179987 0.017734307509202223 0.017952552208533652
0 0.5431059690622183 0.8813366523155799 0.01782072507418119 0.01773218008188101
0 0.7373374058650091 0.9396742307222806 0.020169478196364183 0.020389556884765625
0 0.28795605439406174 0.9238464648907001 0.015224970304048978 0.015288132887620192
0 0.8254868434025691 0.18654948014479417 0.014604715200570913 0.01473544194148137
0 0.3682468854464017 0.3048120461977445 0.01547688704270583 0.01572429216825045
0 0.13791325459113488 0.7996490918673002 0.01755048678471492 0.017710465651292067
0 0.20949737842266375 0.9370384216308594 0.024339749262883112 0.02477117685171274
0 0.3928978259746845 0.10879237835223858 0.05576823307917668 0.05566530961256761
0 0.7657586611234225 0.725926032433143 0.014974740835336538 0.015122340275691105
0 0.1373793620329637 0.39307403564453125 0.03312021035414476 0.04390496474045973
0 0.2932565395648663 0.33382360751812273 0.015575702373798076 0.015535281254695011
0 0.8573440405038687 0.7839078169602615 0.014649757972130409 0.014821859506460337
0 0.16892763284536508 0.16997012725243202 0.016759945796086237 0.016876367422250602
0 0.4674971653864934 0.07485391543461727 0.015036656306340145 0.0146636962890625
0 0.3500829843374399 0.025018724111410286 0.016713362473707933 0.016712665557861328
0 0.8112562619722806 0.7213237469012921 0.01459972675030048 0.014448019174429087
0 0.17829396174504206 0.13109894899221566 0.014968321873591496 0.015075243436373197
0 0.7455068734975961 0.6147294044494629 0.013594700739933895 0.013588318457970252
0 0.4169626969557542 0.903323246882512 0.018931462214543268 0.018802642822265625
0 0.38759488325852615 0.47992544907789964 0.020818416888897236 0.02126737741323618
0 0.8508159197293795 0.8827853569617639 0.04359582754281851 0.04364365797776442
0 0.37182228381817156 0.5696027829096868 0.11033424964317909 0.10970122997577374
