0 0.17220482459435096 0.23729535249563363 0.07391988314115085 0.07449432519766
0 0.3695650100708008 0.04540484685164232 0.05715604928823618 0.05769283037919264
0 0.42047573969914365 0.6974576069758489 0.040751090416541465 0.04058529780461238
0 0.8267342494084284 0.17422151565551758 0.04133517925555889 0.0418625519825862
0 0.5514634205744817 0.19098083789532 0.037714591393103965 0.03766980538001427
0 0.7351245146531326 0.3495978575486403 0.019213016216571514 0.019095934354341947
0 0.8053112030029297 0.5076391513531024 0.024553445669320915 0.024527769822340745
0 0.776019023014949 0.6764443470881536 0.02983239980844351 0.02975009037898137
0 0.47979039412278396 0.3610247465280386 0.018775499784029447 0.018681892981896035
0 0.9030970793503982 0.657501220703125 0.02407968961275541 0.02390289306640625
0 0.6879862271822416 0.5627717971801758 0.029093815730168268 0.02963432898888221
0 0.09906814648554875 0.91865297464224 0.03423186448904184 0.0349273681640625
0 0.4414664782010592 0.27866002229543835 0.022220464853140023 0.022191781264085036
0 0.61548585158128 0.9144334059495193 0.021422312809870794 0.021602924053485576
0 0.5996216260469877 0.3071744625384991 0.023111783541165866 0.023263197678786058
0 0.8591483189509466 0.7724411304180439 0.022873805119441107 0.02281042245718149
0 0.2725149668180026 0.4418334594139686 0.02194822751558744 0.021999212411733773
0 0.7951729847834661 0.5666910685025729 0.023511886596679688 0.023573948786808893
0 0.4929516132061298 0.8474356577946589 0.02268820542555589 0.022957728459284857
0 0.2511344872988187 0.8703696911151593 0.020583446209247295 0.02034612802358774
0 0.4273104667663574 0.45091540996844953 0.019963191105769232 0.02007132310133714
0 0.9058977273794321 0.31391701331505406 0.029156611515925482 0.0297696040226863
0 0.872226568368765 0.32957319112924427 0.01965185312124399 0.019705552321213942
0 0.388024770296537 0.6126656532287598 0.01784647428072416 0.017900980435884915
0 0.3135210183950571 0.6665807870718149 0.016866757319523737 0.01670705355130709
0 0.8670275027935321 0.9424404731163611 0.023328194251427285 0.023488851693960335
0 0.14770514231461745 0.03902718195548424 0.01974173692556528 0.01997976119701679
0 0.6835121741661658 0.4570506536043607 0.01590875478891226 0.01582673879770132
0 0.11480639531062199 0.12495914789346549 0.020905458010160007 0.0210874264056866
0 0.5131113712604229 0.14110185549809381 0.016471275916466348 0.016257872948279746
0 0.8977427849402795 0.7410948093120868 0.020500036386343148 0.020639419555664062
0 0.1008926721719595 0.10935451434208797 0.019167019770695612 0.019081959357628457
0 0.2511339554419884 0.9138851165771484 0.017411525432880107 0.017345281747671273
0 0.4613915223341722 0.543315263894888 0.021097476665790264 0.021087499765249398
0 0.4920524817246657 0.14173888243161714 0.017317918630746696 0.01713714232811561
0 0.27273139586815465 0.586088987497183 0.016187264369084284 0.01614233163686899
0 0.8388250791109525 0.60851317185622 0.027245154747596152 0.027515998253455527
0 0.47833706782414365 0.6134093357966497 0.019752869239220254 0.019586563110351562
0 0.09902506608229417 0.7587207647470328 0.016762843498816855 0.016849517822265625
0 0.5687302809495193 0.8310200617863581 0.016411707951472357 0.01627936730018029
0 0.430391238285945 0.9175875003521259 0.01895765157846304 0.018834040715144232
0 0.5928942606999323 0.7962179917555589 0.016940483680138223 0.01686829787034255
0 0.0923161506652832 0.8363584371713492 0.02258909665621244 0.024568851177509014
0 0.64324584374061 0.9921766427847055 0.025844573974609375 0.014077113224909855
0 0.481320674602802 0.8319509946382962 0.017516502967247598 0.017512394831730768
0 0.4492168426513672 0.756531495314378 0.01647039560171274 0.016419630784254808
0 0.5379146429208609 0.8263105245736929 0.016583956204927884 0.016703092134915866
0 0.6230318362896259 0.9626559477586013 0.015626173753004808 0.015790792611929085
0 0.8800954085129958 0.5847683319678674 0.022543980525090143 0.022306368901179388
0 0.5745205512413611 0.3518216059758113 0.016554759098933294 0.016676682692307692
0 0.15592178931603065 0.9172609035785382 0.020414049808795635 0.020516615647536058
0 0.7935007535494291 0.9637087308443509 0.0205532954289363 0.02056297889122596
0 0.35863421513484073 0.9443617600661057 0.015796147860013522 0.0159304692195012
0 0.3804897161630484 0.4672867701603816 0.014677781325120192 0.014858099130483774
0 0.2879045009613037 0.541607930110051 0.014790094815767728 0.015013474684495192
0 0.7456126579871545 0.33644309410682094 0.0179904057429387 0.017568074739896335
0 0.7644447913536658 0.15755123358506423 0.014773148756760817 0.014790901770958534
0 0.6715649824876052 0.04164847960838905 0.015637324406550482 0.015981527475210335
0 0.45092296600341797 0.5005388259887695 0.014757303091195913 0.014677928044245793
0 0.15086036462050217 0.44622278213500977 0.01491242188673753 0.014981416555551382
0 0.4931061084453876 0.7488425328181341 0.014491521395169772 0.014481764573317308
0 0.5276621305025541 0.9911387516902044 0.0157315180851863 0.013879042405348558
0 0.33453952349149263 0.3872840587909405 0.015463975759652944 0.015470944918118991
0 0.6682381263146033 0.9476489287156326 0.015596389770507812 0.015603579007662259
0 0.6414357698880709 0.6393467829777644 0.021657210129957933 0.021818894606370192
0 0.36465901594895583 0.6818700937124399 0.01502381838285006 0.014891991248497596
0 0.36429126446063703 0.8984631024874173 0.014876145582932692 0.014754221989558293
0 0.14295997069432184 0.7092323303222656 0.015027944858257588 0.014927497276893029
0 0.37505487295297474 0.7284415318415716 0.015923793499286357 0.01606016892653245
0 0.8477339377770057 0.06620862392278817 0.014551309438852163 0.014525826160724346
0 0.5497077795175406 0.3362501584566556 0.014920308039738582 0.015058810894305889
0 0.6431851020226111 0.2637997040381798 0.014997922457181491 0.015295688922588643
0 0.388611756838285 0.7788869417630709 0.016112621013934795 0.015798568725585938
0 0.5474498455341046 0.6803323305570163 0.01654654282789964 0.01678290733924279
0 0.3789695959824782 0.2382513559781588 0.014586155231182393 0.014580139747032752
0 0.2642348362849309 0.610169924222506 0.014624632321871243 0.014807187593900241
0 0.833500495323768 0.28412022957435024 0.014098387498121995 0.014014757596529447
0 0.8989527775691106 0.6254729491013747 0.014313331017127404 0.01443936274601863
0 0.47227540382972133 0.950808598445012 0.01697371556208684 0.016868738027719352
0 0.4899624311006986 0.5164869015033429 0.01434634282038762 0.014394906850961538
0 0.3599229592543382 0.7256475595327524 0.015307206373948317 0.015361785888671875
0 0.16976440869844878 0.11275309782761794 0.022846808800330527 0.022015479894784782
0 0.6643559382512019 0.44472309259267956 0.019959669846754808 0.019812877361591045
0 0.7796041782085712 0.9043403038611779 0.017384749192457933 0.0173797607421875
0 0.8154656336857722 0.29316203410808855 0.013618175800030049 0.013526733104999248
0 0.09876742729773888 0.5175342193016639 0.013742777017446665 0.01389760237473708
0 0.4574609903188852 0.09549521482907809 0.014894192035381611 0.01480428989116962
0 0.9113040337195764 0.4993312175457294 0.02019647451547476 0.029725001408503607
0 0.33087833111102766 0.741785269517165 0.015464489276592549 0.015447323138897236
0 0.16703275533822867 0.11457647727085994 0.018845154688908503 0.01912852434011606
0 0.7844390869140625 0.28112191420335036 0.016841301551231973 0.01675561758188101
0 0.9138848231388972 0.8132306612454928 0.01192004864032452 0.016276139479417067
0 0.6005772810715896 0.8403811087975135 0.014024807856633114 0.013932154728816105
0 0.8451987046461839 0.7449666536771334 0.013946973360501803 0.014026054969200721
0 0.8237387583805964 0.9215038006122296 0.014278558584359976 0.014369671161358174
0 0.6205128889817458 0.7939737760103666 0.014978115375225361 0.015287252572866587
0 0.8768733097956731 0.7279883164625901 0.014377007117638221 0.014399014986478366
0 0.1606591664827787 0.9040464254525992 0.014843491407541128 0.015404627873347355
0 0.5005070612980769 0.0368017485508552 0.015156819270207332 0.015402009853949914
0 0.8806243309607873 0.5819582572350135 0.026644193209134616 0.026548238900991585
0 0.9155318920428936 0.3594106160677396 0.012202629676231971 0.013855934143066406
0 0.3105655816885141 0.8006114226121169 0.01450951282794659 0.014602954571063701
0 0.8004553868220403 0.9925135098970853 0.016713949350210335 0.013043917142427884
