0 0.07319238552680382 0.1990965696481558 0.09593433600205642 0.09627673259148231
0 0.3566558544452374 0.6246909361619216 0.06075360224797176 0.061579190767728366
0 0.14644496257488543 0.5631575584411621 0.03991079330444336 0.03985522343562199
0 0.6107172599205604 0.0149471083512673 0.028981575599083535 0.028113651734132033
0 0.6785909212552584 0.505270371070275 0.018596795889047477 0.01844186049241286
0 0.9170434658343976 0.5714242641742413 0.019489435049203727 0.019665057842548076
0 0.9282869192270132 0.11966149623577411 0.03380041856032152 0.03400505506075346
0 0.48258172548734224 0.7699781564565805 0.024529090294471152 0.02476325401893029
0 0.2798428535461426 0.5145584619962252 0.15036502251258263 0.15040859809288612
0 0.08870919851156381 0.9662903272188627 0.019315022688645583 0.019329951359675482
0 0.589389287508451 0.5239445246182955 0.02662812746488131 0.026448763333834134
0 0.7344264984130859 0.43993062239426833 0.032224214993990384 0.03187839801494892
0 0.3333874849172739 0.653419567988469 0.016515071575458232 0.016659076397235576
0 0.74219116797814 0.1519934214078463 0.017734380868765023 0.017667000110332783
0 0.8332072037916917 0.17508363723754883 0.015938392052283652 0.015873468839205228
0 0.5308176920964167 0.8586163154015174 0.016484480637770433 0.016606257512019232
0 0.5058678847092849 0.17629309800954965 0.015615463256835938 0.015622322375957783
0 0.35582645122821516 0.8993556682880108 0.016716150137094352 0.016575446495643027
0 0.11141280027536246 0.3950323691734901 0.01917134798490084 0.018971663254957933
0 0.3231176229623648 0.8344959845909705 0.016049751868614785 0.015909341665414665
0 0.47449471400334287 0.09662299889784592 0.01645792447603666 0.016549403850848857
0 0.230867495903602 0.07611646102024959 0.017273902893066406 0.017304768929114707
0 0.15354778216435358 0.12136596899766189 0.022449640127328727 0.02244703586284931
0 0.1125172284933237 0.027076274156570435 0.026827372037447415 0.027164720571958102
0 0.7324275970458984 0.45818761678842396 0.025976914625901442 0.02582550048828125
0 0.28514742851257324 0.503454171694242 0.016568514016958382 0.016195297241210938
0 0.8840914506178635 0.6229771834153396 0.04398492666391226 0.0434419191800631
0 0.7354271962092473 0.5190851504986103 0.015519508948692909 0.015439987182617188
0 0.03662759065628052 0.08351405767294076 0.017128806847792406 0.016982940527109
0 0.21443869517399713 0.8122373727651743 0.014362848722017728 0.014373192420372596
0 0.7016080709604117 0.14838297550494856 0.01468658447265625 0.014622174776517428
0 0.6966746403620794 0.38629964681772083 0.021747882549579326 0.021369787362905648
0 0.0730562164233281 0.8451804381150466 0.015012511840233436 0.014999976524939904
0 0.4369301429161659 0.6066244565523587 0.013738778921274038 0.013966707082895132
0 0.3784251579871544 0.5120249528151292 0.014291910024789663 0.014475308931790866
0 0.0464244714150062 0.16727711604191706 0.015249288999117337 0.015515767610990085
0 0.665958624619704 0.6957391592172476 0.013976170466496395 0.014282813439002404
0 0.030069837203392617 0.30316662788391113 0.031119364958543044 0.03104961835421049
0 0.7647998516376202 0.5282399837787335 0.013520754300631009 0.013742006742037259
0 0.31128454208374023 0.13979665132669303 0.015798568725585938 0.01573496598463792
0 0.35246808712299055 0.21623818690960223 0.014274303729717549 0.01430669197669396
0 0.30921613253079927 0.23103455396798941 0.015599617591271034 0.015566165630634014
0 0.7433954385610727 0.37381564653836763 0.01923957237830529 0.01918631333571214
0 0.5445969654963567 0.3210262885460487 0.013917922973632812 0.014118047860952524
0 0.2689474912790152 0.03253808388343224 0.09687856527475211 0.06238370675307054
0 0.3055596351623535 0.39312384678767276 0.014159789452185998 0.014093839205228366
0 0.3180657900296725 0.4928344946641188 0.013965900127704326 0.01406566913311298
