0 0.30307993522057164 0.9845460745004507 0.029778480529785156 0.027156536395733174
0 0.1922895724956806 0.2753462608043964 0.02933846987210787 0.02947073716383714
0 0.35965923162607044 0.5157081897442157 0.020657099210298978 0.020801764268141527
0 0.05895472489870512 0.11791596962855412 0.01959357811854436 0.019685873618492715
0 0.3207102188697228 0.8467057301447942 0.018027232243464544 0.01809516319861779
0 0.20348050044133112 0.4034208884605995 0.015817935650165264 0.015734159029447116
0 0.30506192720853365 0.8956206395075872 0.015092116135817308 0.014821859506460337
0 0.9639924856332632 0.7663466380192683 0.01562646719125601 0.015714645385742188
0 0.6129153691805326 0.35841758434589094 0.014645576477050781 0.014724217928372897
0 0.5154413076547476 0.1553666775043194 0.01394352546105018 0.01381837404691256
0 0.270235355083759 0.8278423456045297 0.014012630169208232 0.01396648700420673
