0 0.6263002248910757 0.9619393715491662 0.07187975369966947 0.07020187377929688
0 0.335874997652494 0.13121993725116438 0.030605609600360576 0.0306699092571552
0 0.6620075519268329 0.8547502664419321 0.025645329402043268 0.025746272160456732
0 0.07559553476480338 0.6421349598811223 0.025194314809945915 0.025143843430739183
0 0.6596351036658654 0.45090803733238805 0.025104229266826924 0.025207959688626803
0 0.6134928923386794 0.16772515957172102 0.03328396723820613 0.033808497282174915
0 0.2255873313316932 0.3426830585186298 0.029421072739821214 0.029373755821814902
0 0.4956736931434044 0.1748182590191181 0.028873370243952826 0.029215225806603067
0 0.969561503483699 0.5422361814058744 0.020536422729492188 0.020212833697979268
0 0.4236475137563852 0.1081251731285682 0.027835845947265625 0.02801792438213642
0 0.10472187629112831 0.9020567673903245 0.021423890040471003 0.02157284663273738
0 0.23057717543381911 0.12388429274925819 0.02060237297644982 0.020683875450721152
0 0.7599956805889423 0.25459815905644345 0.017572402954101562 0.0175784551180326
0 0.131470460158128 0.496122250190148 0.01828758533184345 0.01836681365966797
0 0.37070380724393404 0.767220717210036 0.020504144521859977 0.02070030799278846
0 0.16225816653325006 0.16588544845581055 0.020003795623779297 0.019928932189941406
0 0.3907455297616812 0.40177220564622146 0.026803016662597656 0.026871461134690505
0 0.07097669289662288 0.5232963562011719 0.018130293259253867 0.018154437725360576
0 0.5239937122051532 0.8189375950739934 0.018657097449669473 0.0183566166804387
0 0.6489244607778696 0.6496341411884015 0.017215435321514424 0.017404556274414062
0 0.3330900485698993 0.07715173868032602 0.02069546626164363 0.020708817702073317
0 0.3632791225726788 0.7323292952317458 0.01640180441049429 0.0162503169133113
0 0.17622320468609148 0.028296461472144492 0.017761890704815205 0.017860398842738226
0 0.34804083750798154 0.021092497385465182 0.015983141385591947 0.01589460441699395
0 0.6267110384427584 0.5405496450570914 0.015384967510516826 0.01542069361760066
0 0.9680174314058744 0.640224970304049 0.017483931321364183 0.017741570105919473
0 0.797611823448768 0.4285946259131798 0.016136756310096152 0.01601233849158654
0 0.3472041350144606 0.07947756693913387 0.015048393836388221 0.015291800865760216
0 0.05229962789095365 0.19535211416391227 0.016824117073645957 0.01666853978083684
0 0.07833598210261418 0.9140729170579177 0.015724076674534723 0.015738267164963942
0 0.03911741421772884 0.2901145128103403 0.015211142026461087 0.015138772817758413
0 0.06249314088087816 0.21566486358642578 0.01681236120370718 0.01672231234036959
0 0.49369122431828427 0.7978326357327975 0.0154115236722506 0.015507037823016826
0 0.8139123183030349 0.5475685046269343 0.024333660419170674 0.0245969478900616
0 0.36585485018216646 0.3868689170250526 0.021594854501577523 0.021666673513559196
0 0.14348077774047852 0.6713193746713492 0.015441087576059194 0.015125568096454326
0 0.4724319898165189 0.034529887712918796 0.015019563528207632 0.014943168713496281
0 0.32590697361872745 0.6575720860407903 0.015088448157677284 0.015269939716045674
0 0.2485325153057392 0.3951415282029372 0.016868444589468148 0.016385591947115384
0 0.622653814462515 0.48436715052678037 0.015692784236027643 0.015709656935471755
0 0.730042237501878 0.34060500218318057 0.014802932739257812 0.014707565307617188
0 0.6501510326678936 0.625307743365948 0.015771132249098558 0.016058701735276442
0 0.9436443035419171 0.08899033069610596 0.014680422269381009 0.014754020250760592
0 0.7152541233943059 0.5948379956758939 0.015163128192608174 0.014863087580754207
0 0.9615817436805139 0.43439887120173526 0.014689225416917067 0.014806013840895433
0 0.33825335135826695 0.7481513390174279 0.015700927147498496 0.01574853750375601
0 0.7152349031888522 0.7326517838698167 0.014597379244290866 0.01464388920710637
0 0.26049617620614857 0.017405218802965604 0.014440976656400241 0.014256738699399508
0 0.08775552419515756 0.25971352137052095 0.014161164943988506 0.01410359602708083
0 0.6424388885498047 0.6632866492638221 0.014962416428786058 0.014638754037710337
0 0.6519605196439303 0.38679001881526065 0.014209747314453125 0.01407168461726262
0 0.19690198164719802 0.29189016268803525 0.014071097740760216 0.014069006993220402
0 0.6371486370380108 0.3913116455078125 0.014267261211688701 0.014309222881610576
0 0.43600786649263823 0.18442887526292068 0.013646932748647837 0.014035444993239183
0 0.021802865541898288 0.5110480235173152 0.014718564657064585 0.014775642981896034
0 0.1327836146721473 0.9122735537015475 0.014605375436636118 0.014595912053034855
0 0.48908329010009766 0.09154328933128944 0.013278961181640625 0.013416437002328726
0 0.7138335154606745 0.3931014354412372 0.014916786780724159 0.014800658592810998
