0 0.7931352028479943 0.5478448867797852 0.06663043682391827 0.06692812992976262
0 0.7506781357985276 0.25454774269690883 0.0712880354661208 0.07256537217360276
0 0.1368690820840689 0.6088813635019156 0.06132921805748573 0.09560056833120492
0 0.1356969246497521 0.22327368076031023 0.05107586200420673 0.051372454716609076
0 0.19468270815335786 0.4149328378530649 0.14936260076669547 0.14885066105769232
0 0.30270121647761417 0.6543401571420523 0.039822871868426986 0.03982338538536659
0 0.48388070326585036 0.027897360233160164 0.022971373337965745 0.022688375069544867
0 0.15789552835317758 0.862109110905574 0.026447442861703727 0.026378631591796875
0 0.5902047524085412 0.767394285935622 0.023791386530949518 0.023784344012920674
0 0.8501710158128005 0.846410531264085 0.025456355168269232 0.025565220759465143
0 0.2693347197312575 0.6374062024630033 0.01874373509333684 0.018590486966646634
0 0.3212589850792518 0.3891170941866361 0.04161761357234074 0.04184744908259465
0 0.6556510191697341 0.659589253939115 0.05616452143742488 0.05599374037522536
0 0.785500746506911 0.39222196432260364 0.02813852750338041 0.0280154301570012
0 0.874224589421199 0.6773746197040265 0.03355818528395433 0.05121905987079327
0 0.5873123315664438 0.028696110615363486 0.03142987764798678 0.03143175748678354
0 0.19957982576810396 0.8644208174485427 0.02090798891507662 0.020937992976262018
0 0.617765866793119 0.09312226222111629 0.022351778470552884 0.022559679471529447
0 0.38444878504826474 0.5324346468998835 0.02267147944523738 0.022828322190504808
0 0.7288957742544321 0.5408398921673114 0.020538330078125 0.02052754622239333
0 0.38813363588773286 0.43067631354698765 0.021132542536808893 0.021117283747746393
0 0.6271195044884315 0.48517847061157227 0.04063294484065129 0.040380624624399036
0 0.41394813244159406 0.40396620677067685 0.02049592825082632 0.020535835852989785
0 0.8445437504695013 0.5033170993511493 0.018435845008263223 0.018375103290264424
0 0.4692286711472731 0.41493489192082333 0.021309925959660456 0.021448355454664964
0 0.1175687863276555 0.9773065126859225 0.017204834864689753 0.020488445575420674
0 0.6672926682692307 0.2575353659116305 0.027033145611102764 0.027001417600191556
0 0.7994788976816031 0.5794125336867112 0.031307073739858776 0.03170416905329777
0 0.1370998896085299 0.7488519962017353 0.01913169714120718 0.019145085261418268
0 0.32110027166513294 0.1203307555272029 0.02322813180776743 0.023285407286423903
0 0.22133486087505633 0.5681956364558294 0.01817945333627554 0.018259415259728067
0 0.642738782442533 0.30295564578129697 0.020541851337139424 0.020729688497690055
0 0.3633392040546124 0.7437685452974759 0.049361155583308294 0.04968804579514723
0 0.18711513739365798 0.635954710153433 0.01562921817486103 0.015555895291841947
0 0.6216597923865685 0.3386479891263522 0.017670851487379808 0.01775352771465595
0 0.40160138790424055 0.4890532126793495 0.0158535883976863 0.015882198627178486
0 0.5734834671020508 0.04015442041250376 0.021997451782226562 0.02194661131271949
0 0.3996297762944148 0.3811670450063852 0.025036371671236478 0.02502309359036959
0 0.6273546952467698 0.8334456223707932 0.02217234097994291 0.0222933842585637
0 0.2547276753645677 0.8127929980938251 0.04422547267033504 0.04448377169095553
0 0.24227989636934721 0.25515233553372896 0.029752804682804987 0.029484895559457634
0 0.8651860310481145 0.5912146201500525 0.016468634972205527 0.01659393310546875
0 0.7232074737548828 0.5527208034808819 0.014449486365685096 0.013891880328838643
0 0.2586426001328688 0.04757420833294208 0.017655005821814902 0.01749254190004789
0 0.4410262474646935 0.23833300517155573 0.01795064485990084 0.017948297353891227
0 0.16646997745220476 0.9781889548668494 0.015636407412015475 0.015383353600135216
0 0.8800775821392353 0.5739573698777419 0.01519481952373798 0.015180734487680288
0 0.8463128896859976 0.2084958736713116 0.04036272489107572 0.040946006774902344
0 0.5758146506089431 0.1714028578538161 0.017572549673227165 0.01759969271146334
0 0.15300530653733474 0.9286237129798303 0.014357420114370493 0.014284280630258413
0 0.7036559765155499 0.38310791895939755 0.01857933631310096 0.018706688514122598
0 0.3453349333543044 0.4432322061978854 0.017201790442833535 0.017379173865685098
0 0.44440680283766526 0.02099926655109112 0.017119921170748197 0.01689264292900379
0 0.6135725608238807 0.11010341460888202 0.014089144193209134 0.014005440932053786
0 0.19903850555419922 0.44085832742544323 0.10518889243786152 0.10184229337252103
0 0.6063972619863657 0.8122828556941106 0.019394067617563102 0.019303541917067308
0 0.1435529635502742 0.06183388599982628 0.08181931422306941 0.10164889922508827
0 0.7718012883112981 0.11230969429016113 0.01931175818810096 0.01943228794978215
0 0.8337183732252854 0.16706437330979568 0.021212211022010215 0.021030132587139424
0 0.47974087641789365 0.5362279231731708 0.030216510479266826 0.03174891838660607
0 0.1681839135976938 0.5738087067237267 0.019264367910531852 0.01921815138596755
0 0.6066436767578125 0.14830402227548453 0.020579411433293268 0.020552671872652493
0 0.8376496388362005 0.10317169702970065 0.07604496295635517 0.07579187246469352
0 0.5836344498854417 0.6243884746844952 0.044458976158728965 0.04371041517991286
0 0.8135810265174279 0.49307016225961536 0.015497941237229567 0.015482755807729868
0 0.20971037791325495 0.6396920864398663 0.01425618391770583 0.014333871694711538
0 0.3411103762113131 0.5076667345487155 0.014747839707594652 0.014890670776367188
0 0.7759501383854792 0.6546162825364333 0.018874681912935697 0.018366006704477165
0 0.3683939713698167 0.18405939982487604 0.06327526385967548 0.06383060492002048
0 0.16721846507145807 0.1759159381573017 0.059951571317819446 0.060311500842754655
0 0.6818625376774714 0.8567216579730694 0.027045470017653245 0.02732218228853666
0 0.19680151572594276 0.285249086526724 0.032816446744478665 0.032173450176532455
0 0.6572380065917969 0.9003922389103816 0.014234396127554087 0.014514336219200721
0 0.18545216780442458 0.5151536648090069 0.01742069537823017 0.017526920025165264
0 0.6989520146296575 0.4753237504225511 0.020244891826923076 0.020219802856445312
0 0.1282282517506526 0.8138157771183894 0.014540488903339092 0.01461043724646935
0 0.7061581244835486 0.043801385622758135 0.017113612248347357 0.01705801486968994
0 0.6510353088378906 0.09657006997328538 0.014346049382136418 0.014405764066256009
