0 0.6472097543569711 0.1280520329108605 0.20198319508479193 0.20769588763897234
0 0.16637836969815767 0.27667867220365083 0.02672606248121995 0.026823924137995794
0 0.5569905501145583 0.4743946148799016 0.02201989980844351 0.021892254169170674
0 0.2562830448150635 0.5764929331265963 0.02153917459341196 0.021557000967172477
0 0.12034062238839957 0.5116570179279034 0.01972789030808669 0.019640629108135518
0 0.10206301395709698 0.34079426985520583 0.02191781997680664 0.021840609036959134
0 0.22762017983656663 0.10314205976632926 0.019284395071176384 0.019372940063476562
0 0.17413854598999023 0.24663576712975135 0.025417547959547777 0.025426571185772236
0 0.9717900202824519 0.6815002147967999 0.019589350773737982 0.019506014310396634
0 0.007188170002057002 0.19791379341712365 0.01444474091896644 0.017438741830679085
0 0.7066384095412034 0.6306056976318359 0.01567356403057392 0.015791672926682692
0 0.05169775394292978 0.20540864651019758 0.0153657289651724 0.015329947838416466
0 0.6993540250338041 0.9494895935058594 0.016338348388671875 0.016271151029146634
0 0.833767817570613 0.007872574604474582 0.015782282902644232 0.014472823876601
0 0.77148254101093 0.38526747776911807 0.014639927790715145 0.01448836693396935
0 0.27582847155057466 0.0464787116417518 0.014483818641075721 0.014610657325157752
0 0.9746536841759315 0.28369905398442197 0.013873467078575721 0.01420747316800631
