0 0.30513673562269944 0.9898818823007437 0.021017771500807542 0.015137892503004808
0 0.11507272720336914 0.40722164740929234 0.03169690645658053 0.03232266352726863
0 0.46911921867957485 0.7303308340219351 0.019771722646859977 0.019818232609675482
0 0.5167312622070312 0.4144883889418382 0.01813785846416767 0.01804667252760667
0 0.5629773873549241 0.11975354414719802 0.023014582120455228 0.023235816221970778
0 0.8633098602294922 0.9291092799260066 0.019469041090745192 0.019599327674278848
0 0.4045902398916391 0.8271361130934495 0.021595881535456732 0.021822415865384616
0 0.793124272273137 0.71704835158128 0.020297710712139424 0.020375912006084736
0 0.03482918555919941 0.9086363132183368 0.019618401160606973 0.019582308255709134
0 0.7504172691932092 0.7475486168494592 0.018856048583984375 0.018690989567683294
0 0.6705527672400842 0.871420640211839 0.02086668748121995 0.02072759775015024
0 0.22099124468289888 0.31510199033297026 0.01735096711378831 0.017348509568434495
0 0.7617702484130859 0.1404723570897029 0.018503922682542067 0.018392672905555137
0 0.8330057584322416 0.26011281747084397 0.020304753230168268 0.020184150108924277
0 0.9079300807072566 0.9843042813814603 0.018621004544771634 0.01869377723106971
0 0.3266446040226863 0.9007364419790415 0.019183819110576924 0.0191800044133113
0 0.8271989822387695 0.6006215168879583 0.017531174879807692 0.017586634709284857
0 0.8038065983698919 0.36703696617713344 0.020300791813777044 0.0201874512892503
0 0.3042637751652644 0.277075327359713 0.017521051260141227 0.01747740232027494
0 0.8588117452768179 0.6941312643197867 0.016124431903545674 0.016038161057692308
0 0.7042183509239783 0.3044951879061185 0.01548297588641827 0.015630135169396035
0 0.545251516195444 0.4395773227398212 0.01617284921499399 0.01600815699650691
0 0.5844707489013672 0.2296903683589055 0.016001041118915264 0.016077408423790567
0 0.8131776956411508 0.9149433282705454 0.017914992112379808 0.01759499769944411
0 0.5023106795090896 0.8387203216552734 0.015507331261268029 0.01576995849609375
0 0.329836185161884 0.14644959339728722 0.01776460500863882 0.01771862690265362
0 0.01916588728244488 0.8214320402878982 0.017859261769514818 0.02726437495304988
0 0.09921494814065787 0.5304420177753155 0.01586440893319937 0.015802383422851562
0 0.017714287226016704 0.7083187836867112 0.01444180653645442 0.016672427837665264
0 0.773080092210036 0.30449052957388073 0.018396817720853366 0.01860325153057392
0 0.5951015032254733 0.2682953247657189 0.017179048978365384 0.016799339881310098
0 0.8054230029766376 0.9244977510892428 0.018519768348106973 0.018015347994290866
0 0.1916980743408203 0.5184268217820388 0.014705144442044772 0.014550282404972957
0 0.8362601353571966 0.2076876713679387 0.033416454608623795 0.03378105163574219
0 0.8090685330904447 0.9463976346529447 0.015221228966346154 0.015040177565354567
0 0.5346240997314453 0.1898639018719013 0.014866462120643029 0.014906809880183293
0 0.8078930928156927 0.7301308558537409 0.016468194814828727 0.0165408207820012
0 0.43059444427490234 0.46552746112530047 0.01568001967210036 0.015994438758263223
0 0.6005580608661358 0.2825207526867206 0.022971960214468148 0.02407525135920598
0 0.2888675102820763 0.45748204451340896 0.01551364018366887 0.015317476712740384
0 0.3819835369403546 0.5654798287611741 0.01485274388239934 0.014853990994966947
0 0.2619887865506686 0.6483111014732947 0.014747179471529447 0.014777550330528846
0 0.3912204595712515 0.8179944845346304 0.014994107759915866 0.015058370736929087
0 0.5840095373300406 0.657656376178448 0.014707125150240384 0.01476287841796875
0 0.07098472118377686 0.29244356888991135 0.015623055971585788 0.015739881075345553
0 0.019101537190950833 0.4668964972862831 0.0119361739892226 0.016995063194861777
0 0.6995251728938177 0.8209887284498948 0.015524497398963341 0.015633803147536058
0 0.7989425659179688 0.5245240651644193 0.014451246995192308 0.01472773918738732
0 0.021341069386555597 0.492431273827186 0.016118127566117506 0.026047779963566706
0 0.5168857574462891 0.2767101801358737 0.03239176823542668 0.0322114137502817
0 0.2590059683873103 0.5576499058650091 0.014353385338416466 0.014220604529747596
0 0.48026187603290266 0.45672871516301083 0.014185391939603366 0.014082688551682692
0 0.5541335986210749 0.35199451446533203 0.01639586228590745 0.015780228834885817
0 0.9164022298959585 0.16167442615215594 0.014392265906700721 0.014619973989633413
0 0.5975509790273813 0.2837832891024076 0.02939018836388221 0.03014542506291316
0 0.9624748229980469 0.8612705377432016 0.014974007239708534 0.015180587768554688
