0 0.30640554428100586 0.7548641791710486 0.11199224912203275 0.1121532733623798
0 0.2905227220975436 0.42621634556696963 0.040889813349797174 0.040772658128004804
0 0.3490643868079552 0.5639996895423303 0.10616573920616737 0.10598314725435697
0 0.6315458004291241 0.9033063741830679 0.03518236600435697 0.03511868990384615
0 0.4267133566049429 0.4689781482403095 0.04620067889873798 0.0457612551175631
0 0.475919796870305 0.35053722675030047 0.03907350393442007 0.03871462895320012
0 0.26633181938758266 0.39521393409142125 0.03177914252647987 0.039274949293870196
0 0.4374945347125714 0.3255480986375075 0.04180490053617037 0.04186250613285945
0 0.2635472004230206 0.5576198284442608 0.029277287996732272 0.042653450599083535
0 0.5749145654531626 0.33532010591947115 0.038515677818885215 0.03829618600698618
0 0.6685441090510442 0.45920496720534104 0.030591671283428486 0.03041252723106971
0 0.7026144174429086 0.38954771482027495 0.02797522911658654 0.02776938218336839
0 0.6559313260591947 0.8842752896822416 0.03130399263822115 0.030903449425330527
0 0.6745211527897761 0.11130705246558556 0.0331567617563101 0.03301844230064979
0 0.5003022047189566 0.4499212411733774 0.023258796105018027 0.023353136502779447
0 0.7371925207284781 0.6481220538799579 0.020327347975510817 0.020457047682542067
0 0.28532811311575085 0.4937373674832858 0.01926455130943885 0.01925820570725661
0 0.38160118689903844 0.23589501014122596 0.020833969116210938 0.02058572035569411
0 0.6769214043250451 0.3890801209669847 0.033696688138521634 0.03370871910682091
0 0.686942614041842 0.1669145547426664 0.01673096876878005 0.016760716071495645
0 0.2664315883929913 0.01926107590015118 0.022820399357722357 0.023067080057584323
0 0.3012718604161189 0.5960517296424279 0.021687104151799128 0.02161436814528245
0 0.6414021712083083 0.6661398227398212 0.02286382821890024 0.023142007681039665
0 0.45215430626502406 0.9881119361290565 0.022716522216796875 0.022266387939453125
0 0.32444095611572266 0.8360101993267353 0.01970335153432993 0.019705699040339544
0 0.5392273389376127 0.9787870553823618 0.020427190340482272 0.020608168381911058
0 0.2990851035484901 0.6346004192645733 0.017669164217435397 0.017842806302584134
0 0.7048664093017578 0.48690165006197417 0.028202937199519232 0.028248126690204326
0 0.6396606885469877 0.31657013526329625 0.01740749065692608 0.01751841031588041
0 0.6611065497765174 0.669852770291842 0.01876654991736779 0.018352361825796273
0 0.3043200236100417 0.09711337089538574 0.021015277275672324 0.02126281078045185
0 0.3331911380474384 0.866412089421199 0.01999634962815505 0.020450298602764424
0 0.580056777367225 0.5089887472299429 0.017843173100398138 0.017971038818359375
0 0.44247854672945464 0.43085134946382964 0.03487851069523738 0.034748224111703724
0 0.4276946507967435 0.381012696486253 0.025422022892878607 0.025770187377929688
0 0.4005272938654973 0.4343312703646146 0.04247782780573918 0.042616844177246094
0 0.6774275853083684 0.8643259635338416 0.018235133244441107 0.018468563373272236
0 0.5527628385103666 0.46812857114351714 0.02307745126577524 0.023493546705979567
0 0.41125913766714245 0.6558560591477615 0.03994596921480619 0.03949385422926683
0 0.29039925795335036 0.6870900667630709 0.016806822556715745 0.016692675076998197
0 0.29288779772244966 0.3994324757502629 0.02149515885573167 0.021387687096228965
0 0.3726468819838304 0.11455801817087027 0.016797946049616888 0.016943858220027044
0 0.6723392193134015 0.9227632375863882 0.015689556415264424 0.015872368445763223
0 0.3734894899221567 0.930302253136268 0.017289455120380107 0.017298478346604567
0 0.5691021772531363 0.07228526702293983 0.049040721012995794 0.04871755379896898
0 0.5588762576763446 0.6624091221736028 0.015610914963942308 0.015600791344275841
0 0.25839734077453613 0.6103574679448054 0.01982875970693735 0.029141719524676982
0 0.6378467266376202 0.1471398793734037 0.01521007831280048 0.015140753525954027
0 0.2758734959822435 0.221038451561561 0.016078765575702373 0.01609501471886268
0 0.26734410799466646 0.3364273218008188 0.02326481158916767 0.022799565241887018
0 0.7269224020150992 0.006299953048045819 0.03561753493088942 0.012376063145123996
0 0.6983372614933894 0.5243409963754507 0.014803372896634616 0.015006285447340745
0 0.5611573732816256 0.047576496234306924 0.03438377380371094 0.03371840256911058
0 0.4172061406649076 0.11042477534367488 0.014879446763258714 0.014773992391733022
0 0.7410786702082708 0.7582704103910006 0.015006432166466346 0.01527874286358173
0 0.50112823339609 0.24034687188955453 0.0364985099205604 0.03625403917752779
0 0.6487052624042218 0.2246254040644719 0.0236053466796875 0.02382498521071214
0 0.4010005364051232 0.9942765602698693 0.030823194063626803 0.01119525615985577
0 0.45855448796198917 0.3523117212148813 0.014033977801983174 0.013818300687349759
0 0.603977423447829 0.029845911722916823 0.06520506051870492 0.059512120026808515
0 0.29235509725717396 0.38120555877685547 0.019779058603140023 0.020227725689227764
0 0.5641073080209585 0.26204641048724836 0.09235954284667969 0.09203257927527794
0 0.4192405847402719 0.1980140392596905 0.016734930185171273 0.01681364499605619
0 0.5708739940936749 0.9486116262582632 0.014103229229266826 0.014383756197415866
0 0.34267454880934495 0.14860044992887056 0.027737837571364183 0.027445242955134466
0 0.701478517972506 0.8989505034226638 0.020876224224384014 0.020810347336989183
0 0.7271490830641526 0.922337898841271 0.015134664682241587 0.014845774723933293
0 0.2696548425234281 0.3614960450392503 0.034609427818885215 0.035270397479717545
0 0.7189622292151818 0.07945616428668682 0.036287894615760215 0.036477900468386136
0 0.5642507993257962 0.41869273552527797 0.014837705172025241 0.014751581045297476
0 0.5114296399630033 0.16239500045776367 0.03830425555889423 0.037880200606126055
0 0.4754517995394193 0.3006988305311937 0.018815260667067308 0.01904010772705078
0 0.4257054328918457 0.06054712258852445 0.01426087892972506 0.014235487351050744
0 0.38286561232346755 0.2757606506347656 0.013528970571664663 0.01336200420673077
0 0.3703007331261268 0.0468513690508329 0.015814854548527643 0.016121644240159255
0 0.526887453519381 0.5508841734666091 0.06802896352914664 0.06853499779334435
0 0.2888237146230844 0.026234947718106784 0.017934432396521933 0.01805246793306791
0 0.4837496830866887 0.22534612508920523 0.021671148446890023 0.02125681363619291
0 0.5032603924091046 0.2813800298250638 0.02396539541391226 0.023996719947228067
0 0.294421911239624 0.38059495045588565 0.02349061232346755 0.023956152108999398
0 0.29674685918367827 0.3789679453923152 0.028574393345759466 0.029013853806715745
