0 0.35018810859093297 0.21176886558532715 0.10837804354154147 0.10798091154832107
0 0.38663445986234224 0.9582281846266526 0.04550787118765024 0.04514107337364784
0 0.5966087488027719 0.7683861072246845 0.020331676189716045 0.019999284010667067
0 0.5544854310842661 0.7593693366417518 0.02881468259371244 0.028504004845252402
0 0.5530142417320838 0.31405067443847656 0.02036432119516226 0.020204544067382812
0 0.3575899417583759 0.9666610864492563 0.03394024188701923 0.032731276292067304
0 0.4683824319105882 0.7612460209773138 0.0365447998046875 0.036823272705078125
0 0.4706558814415565 0.6583745662982647 0.018143947307880107 0.018354415893554688
0 0.27155226927537185 0.2541814217200646 0.03070629560030424 0.03423382685734676
0 0.3601436981788048 0.9864899561955378 0.03237614264855018 0.020670083852914665
0 0.42061640666081357 0.759493901179387 0.017569615290715143 0.017628009502704326
0 0.3661791728093074 0.4009671944838304 0.016249730036808893 0.016319128183218148
0 0.6678842397836539 0.21216091742882362 0.038163405198317304 0.03818988800048828
0 0.5770321625929612 0.8408145904541016 0.03645045940692608 0.03607177734375
0 0.6828353588397686 0.6483214451716497 0.09030679556039664 0.1209272237924429
0 0.4411481710580679 0.8587014124943659 0.017298038189227764 0.017556117131159857
0 0.6722484001746545 0.5557372753436749 0.02140984168419471 0.02172426077035757
0 0.6921895834115835 0.9372634887695312 0.016515144935021035 0.016259120060847357
0 0.4289981768681453 0.9602347887479342 0.01768919137807993 0.01803720914400541
0 0.4602829126211313 0.9140717433049128 0.014820172236515926 0.014739403357872596
0 0.6190162071814904 0.9776010513305664 0.03776260522695688 0.03671117929311899
0 0.3653678894042969 0.3059059656583346 0.016944298377403848 0.016753270075871393
0 0.6420183181762695 0.9334944211519681 0.022840353158804085 0.022387577937199518
0 0.44994427607609677 0.5728760499220628 0.021428621732271634 0.021245662982647236
0 0.5023885873647836 0.7969946494469275 0.058157113882211536 0.05795830946702223
0 0.31708394564115083 0.3041859773489145 0.01808313223031851 0.018447289100060098
0 0.3926569131704477 0.4311709403991699 0.028506352351262018 0.027622149540827826
0 0.3588465910691481 0.5862649404085599 0.02237246586726262 0.022288689246544473
0 0.40378563220684344 0.9858496005718524 0.02920400179349459 0.021655742938701924
0 0.5326790442833533 0.39105642758882964 0.01851632044865535 0.0183255122258113
0 0.5891732435960036 0.2944631576538086 0.027669759897085335 0.02765802236703726
