0 0.3073460872356708 0.20013952255249023 0.11664133805495042 0.12676609479464018
0 0.4227743148803711 0.6469435325035682 0.05084419250488281 0.051285963792067304
0 0.6276083726149339 0.27573262728177583 0.08012800950270432 0.07958933023306039
0 0.6529480127187876 0.584962037893442 0.06167910649226262 0.060228127699631914
0 0.6384921440711389 0.18045898584219125 0.04579632098858173 0.04549730741060697
0 0.7293902910672702 0.3486791023841271 0.04628694974459135 0.05989287449763371
0 0.2862540024977464 0.6695159031794622 0.03681468963623047 0.03672702495868389
0 0.6464573053213266 0.35463993365948016 0.03466165982759916 0.034511712881234974
0 0.623263799227201 0.03724148869514465 0.03459358215332031 0.0348010384119474
0 0.4764651885399452 0.11226802605849046 0.06265192765455979 0.06384480916536771
0 0.6625071305495042 0.7639379501342773 0.029011359581580527 0.029090441190279447
0 0.7044246380145733 0.1799456889812763 0.029177445631760817 0.02887381040132963
0 0.3517852563124437 0.3682962931119479 0.03475174537071815 0.034412310673640326
0 0.45920889194195086 0.1986386592571552 0.027037767263559196 0.027218011709359977
0 0.5765113463768592 0.9654207963209885 0.07074788900522086 0.06736579308143029
0 0.6790885191697341 0.972870239844689 0.026438492995042067 0.026363959679236777
0 0.4457014524019681 0.6884905741764948 0.022272843580979567 0.022011390099158652
0 0.658168205848107 0.1365880507689256 0.022968292236328125 0.023190938509427585
0 0.5186943641075721 0.5953695590679462 0.024915548471304085 0.02499815133901743
0 0.29148345727186936 0.3504019517164964 0.032063997708834134 0.03230857849121094
0 0.7280687185434195 0.2948149350973276 0.020864339975210335 0.020742526421180137
0 0.6247089092548077 0.8265294295090896 0.02242898941040039 0.022411639873798076
0 0.7249560722937951 0.6320428114670974 0.024727454552283652 0.024546990027794473
0 0.4369680698101337 0.6036913211529071 0.02873567434457632 0.028853489802433893
0 0.3849590008075421 0.9174910325270432 0.023009667029747598 0.022901388315054085
0 0.33102875489455 0.4552067243135892 0.030418836153470553 0.029953883244441107
0 0.5631700662466196 0.13133760598989633 0.023651856642503005 0.0237576227921706
0 0.5659201695368841 0.2969042704655574 0.022003320547250602 0.021798353928786058
0 0.6235938439002404 0.7967844009399414 0.018368354210486777 0.01835779043344351
0 0.7006992193368765 0.9368333082932693 0.033577258770282455 0.03303747910719652
0 0.40020385155311 0.17669266920823318 0.01804527869591346 0.018160086411696214
0 0.3008494743934044 0.9578279348520132 0.09395819443922776 0.08045108501727764
0 0.5078725081223708 0.3018174905043382 0.022416334885817308 0.022362488966721755
0 0.456274546109713 0.9069465490487906 0.02084805415226863 0.02117641155536358
0 0.5307887150691106 0.6561310107891376 0.02581361623910757 0.0257870600773738
0 0.6512251633864182 0.9713968863854041 0.017275150005634014 0.017450626079852764
0 0.6772488080538236 0.6773095497718225 0.017488479614257812 0.01788946298452524
0 0.5080421154315655 0.4674199177668645 0.023912429809570312 0.024073674128605768
0 0.4798429929293119 0.44511725352360654 0.018254500169020433 0.018105286818284255
0 0.4001285112821139 0.3361034393310547 0.023726536677433893 0.023389669565054085
0 0.7012109022874099 0.31521103932307315 0.039193960336538464 0.038480098430926986
0 0.4244811718280499 0.3018666230715238 0.019826082082895134 0.019581171182485726
0 0.6026193545414851 0.7080730291513296 0.018074182363656852 0.01806039076585036
0 0.491210203904372 0.05046159029006958 0.015554354741023136 0.01564153341146616
0 0.46415849832388073 0.5992648051335261 0.02810845008263221 0.028122681837815505
0 0.2770528793334961 0.012410259017577538 0.020557623643141527 0.02093861882503216
0 0.26114595853365385 0.425352536714994 0.020555789654071514 0.02048338376558744
0 0.5175709357628455 0.7725601196289062 0.034592701838566706 0.034601651705228366
0 0.5886465952946589 0.7429871192345252 0.018242689279409554 0.018681746262770433
0 0.4304175010094276 0.3636178236741286 0.016690474290114183 0.01648125281700721
0 0.2699416967538687 0.44376431978665865 0.018719819875863884 0.018576988807091348
0 0.6997554485614483 0.3786471073444073 0.018893608680138223 0.01898479461669922
0 0.4152073860168457 0.3532436444209172 0.01867954547588642 0.018546471228966348
0 0.6096153992872971 0.6491345625657302 0.01673272939828726 0.016910552978515625
0 0.36135130662184495 0.3405141463646522 0.03054662851186899 0.030414067781888522
0 0.2945361870985765 0.07021605509978074 0.015586046072152944 0.01580483179826003
0 0.36361012092003453 0.09893365089709942 0.017267447251539964 0.017310711053701546
0 0.3510263149554913 0.7110380026010367 0.017104222224308893 0.017321659968449518
0 0.6302645023052509 0.22202687997084397 0.024624751164362982 0.02465618573702299
0 0.670814954317533 0.329742064842811 0.01705345740685096 0.01676177978515625
0 0.3984215076153095 0.49158389751727766 0.01674035879281851 0.016682258019080527
0 0.5404656483576848 0.07278468975654015 0.028106249295748197 0.027999676190889798
0 0.7064004311194787 0.12751170305105355 0.015839503361628607 0.01580348381629357
0 0.5517386656541091 0.546761366037222 0.0182952880859375 0.01843877939077524
0 0.49518709916334885 0.5004471265352689 0.020023932823768027 0.01989907484788161
0 0.32106773669903094 0.07959955472212571 0.016727300790640023 0.017103048471304085
0 0.45813520138080305 0.7326220732468826 0.02438200437105619 0.024453089787409857
0 0.3336005210876465 0.9367334659282978 0.021683913010817308 0.021713843712439902
0 0.47583378278292143 0.5459062136136569 0.020795161907489482 0.020777042095477764
0 0.3620292223416842 0.5735805951631986 0.03506381695087139 0.03439125647911659
0 0.29828526423527646 0.5039703662578876 0.015146989088792067 0.015265391423152043
0 0.37928097064678484 0.4222060717069186 0.015454805814302884 0.01522357647235577
0 0.3480333181527945 0.42617515417245716 0.018772198603703424 0.01955406482403095
0 0.6389475602370042 0.4924271290118878 0.015751765324519232 0.015955264751727764
0 0.348354486318735 0.46666600153996396 0.016329398522010215 0.01638060349684495
0 0.34399047264686 0.8885864844689002 0.028391324556790866 0.028722616342397835
0 0.6453111355121319 0.2055228306696965 0.02198028564453125 0.02210888495812049
0 0.5849514007568359 0.7034452878511869 0.019745753361628607 0.019943824181189902
0 0.6779802762545072 0.6934842329758865 0.017712226280799277 0.017956660344050482
0 0.5188791935260479 0.4465208420386681 0.019899441645695612 0.019768128028282754
0 0.6196174621582031 0.7364463806152344 0.01646085885854868 0.016575446495643027
0 0.26579578106219953 0.8551513965313251 0.042331732236422025 0.042541210467998795
0 0.40325245490440953 0.5139409578763522 0.017678334162785456 0.017597051767202523
0 0.26982743923480695 0.8809201900775616 0.02667698493370643 0.02688745351938101
0 0.32465604635385364 0.4779511965238131 0.0182647705078125 0.018038823054387018
0 0.6194083874042218 0.7541811282818134 0.01979681161733774 0.01919247553898738
0 0.6754913330078125 0.17478029544536883 0.020795088547926683 0.02087886516864483
0 0.616965073805589 0.37957319846520055 0.026971963735727165 0.027285355788010817
0 0.41528826493483323 0.9946953700138972 0.03044583247258113 0.010404586791992188
0 0.6065648519075834 0.4929491923405574 0.015020297123835636 0.014952292809119591
0 0.6602133237398587 0.45082913912259615 0.01746955284705529 0.017626248873197116
0 0.4257033421443059 0.933624267578125 0.017572843111478366 0.017663955688476562
0 0.312223874605619 0.43917421194223255 0.021286579278799202 0.021118310781625602
0 0.5017630503727839 0.3812965246347281 0.02047392038198618 0.020477441641000602
0 0.31671560727632964 0.5668594653789814 0.014855091388408955 0.01515491192157452
0 0.30614344890301043 0.6207560759324294 0.019908061394324668 0.01994954622708834
0 0.6489714842576247 0.39479673825777495 0.034990163949819714 0.035057361309344955
0 0.48792556615976185 0.5298219093909631 0.023723528935359076 0.023892916165865384
0 0.557531320131742 0.39421730775099534 0.017256663395808294 0.017323053800142728
0 0.36735395284799427 0.7943250949566181 0.031024345984825723 0.030689532940204326
0 0.44378368671123797 0.75451109959529 0.01781625014085036 0.01778749319223257
0 0.39870166778564453 0.679407339829665 0.02157108600323017 0.021787056556114785
0 0.6157355675330529 0.7788960383488581 0.019313262059138372 0.019015678992638223
0 0.4209494957557091 0.3314916170560397 0.016010797940767728 0.016242394080528848
0 0.5750772402836726 0.7270562098576472 0.02234488267164964 0.02310004601111779
0 0.752235485957219 0.8224503443791316 0.016223614032451924 0.016990074744591348
0 0.4975161919227013 0.5161984517024114 0.01777927692119892 0.017464270958533652
0 0.61815122457651 0.13373815096341646 0.014998069176307091 0.014713580791766826
0 0.6799902549156775 0.923866712130033 0.016578821035531852 0.01659569373497596
0 0.5508345457223746 0.11291368191058819 0.01866318629338191 0.018380348499004658
0 0.43392496842604417 0.5581165460439829 0.015940446120042067 0.016069558950570915
0 0.4551663031944862 0.42709721051729643 0.023204876826359674 0.02361583709716797
0 0.6414136153001052 0.7716771639310397 0.016799486600435697 0.016411414513221152
0 0.26974318577693057 0.6510765369121845 0.01621099618765024 0.015944847693810098
0 0.46558156380286586 0.9573402404785156 0.015088154719426082 0.015117058387169471
0 0.7317006037785456 0.8034491905799279 0.014772121722881611 0.015103560227614183
0 0.5192279815673828 0.043032196851877064 0.015965021573580228 0.015477306567705594
0 0.4851672099186824 0.3587956795325646 0.017231867863581732 0.017337652353140023
0 0.30515263630793643 0.6433180295504056 0.022371952350323018 0.021994957557091348
0 0.4803310907804049 0.9431953430175781 0.017175014202411357 0.017128577599158652
0 0.5976402576153095 0.2339345491849459 0.01604432326096755 0.015932596646822415
0 0.4443787428048941 0.7873762570894681 0.023540276747483473 0.023952484130859375
0 0.5871485196627103 0.39837191655085635 0.022008455716646634 0.02312014653132512
0 0.27313788120563215 0.267974853515625 0.017293159778301533 0.017345281747671273
0 0.711447128882775 0.7295805124136118 0.015479454627403846 0.015443655160757212
0 0.4416388731736403 0.8417160327617939 0.0205841798048753 0.0204620361328125
0 0.6948981651893029 0.8259367576012244 0.014345609224759616 0.014206519493689904
0 0.4545082679161659 0.4237510974590595 0.026806758000300482 0.02760182894193209
0 0.34940455510066104 0.09150267564333402 0.017031082740196817 0.017547002205481894
0 0.5551990729111892 0.2507078464214618 0.01672532008244441 0.016630246089054987
0 0.317624202141395 0.33681084559513974 0.018125313978928786 0.018205716059758112
0 0.2878992740924542 0.6044986431415265 0.01838089869572566 0.01866259941687951
0 0.7013466174785907 0.8147275631244366 0.02227607140174279 0.021784855769230768
0 0.2891200138972356 0.5284814100999099 0.015188290522648739 0.0153044187105619
0 0.6673760047325721 0.30560847429128796 0.023613856388972357 0.02373368923480694
0 0.30350298147935134 0.5996655684251052 0.014713397392859826 0.014798677884615384
0 0.5723801392775315 0.4014125237098107 0.01876963101900541 0.019057053786057692
0 0.5246244944058932 0.2869420601771428 0.01991690122164213 0.019946575164794922
0 0.41633110779982346 0.18539857864379883 0.016048211317795973 0.015937658456655648
0 0.741772725031926 0.5516889645503118 0.025735121506911058 0.026390442481407754
0 0.7273317483755258 0.08004061075357291 0.015984608576847956 0.01607682154728816
0 0.2544074058532715 0.6129021644592285 0.015304271991436299 0.01545884059025691
0 0.4147063402029184 0.5984354385962853 0.01667470198411208 0.016749748816856973
0 0.2625874372629019 0.6316453493558444 0.01649027604323167 0.016400263859675482
0 0.6661374018742487 0.4721241730910081 0.014367470374474159 0.014252882737379808
0 0.4290206248943622 0.21288189521202674 0.015561177180363582 0.015656324533315804
0 0.557091602912316 0.3695773711571327 0.02185219984788161 0.021123079153207634
0 0.3712632472698505 0.6648409916804388 0.015458033635066105 0.015530806321364183
0 0.4472817641038161 0.4131515943087064 0.017301119290865384 0.017625075120192308
0 0.7027463912963867 0.503287095289964 0.014363508958082933 0.014422343327448918
0 0.6325594095083383 0.4834448741032527 0.013662631695087139 0.0141754150390625
0 0.5131417787992038 0.07913153905134934 0.017771207369290866 0.0182803777547983
0 0.3955223010136531 0.196867796090933 0.017167384807880107 0.016735663780799277
0 0.6065939389742337 0.4431511072012094 0.01589488983154297 0.016096775348369893
0 0.6164820744441106 0.40294705904447115 0.022628233982966497 0.023039891169621393
0 0.3696008828970102 0.5676203507643479 0.017788226787860576 0.018426895141601562
0 0.4416960936326247 0.8980128948505108 0.015277642470139723 0.015705402080829326
0 0.5096568327683669 0.14973193865555984 0.04103550544151893 0.0399783758016733
0 0.7089777726393479 0.5590529075035682 0.018378331111027643 0.01834869384765625
0 0.6257730630727915 0.4056751544658954 0.024781300471379206 0.025175828200120192
0 0.2511592094714825 0.8281395251934345 0.02978354233961839 0.03128800025353065
0 0.3149905571570763 0.3072333886073186 0.015170977665827824 0.015192215259258565
0 0.37915457212007964 0.3500575285691481 0.01819155766413762 0.018326759338378906
0 0.35561612936166614 0.8542521550105169 0.01810293931227464 0.018228677602914665
0 0.3649447514460637 0.9902442785409781 0.02995410332312951 0.01870859586275541
0 0.3479714026817909 0.3281402587890625 0.013116249671349159 0.012969677264873799
0 0.2971058808840238 0.058226713767418496 0.014734304868257962 0.014930321620060848
0 0.36936041025015026 0.9909738393930289 0.023562211256760817 0.017299945537860576
0 0.5999249678391677 0.3614799059354342 0.02220469254713792 0.022762298583984375
0 0.6387717907245343 0.46050570561335635 0.016231536865234375 0.016413028423602764
0 0.4326209288377028 0.35008764266967773 0.014859346243051382 0.01439204582801232
0 0.35547733306884766 0.8996797708364633 0.01887365487905649 0.018109541672926683
0 0.48836957491361177 0.2736934515146109 0.013726307795597957 0.013451649592472957
0 0.6046479298518255 0.575035388653095 0.01725622323843149 0.0168914794921875
0 0.5695494505075308 0.4334267836350661 0.015143247751089243 0.015348434448242188
0 0.559965207026555 0.5915313133826623 0.01614511930025541 0.016041975754957933
0 0.6348240192119892 0.04893187376169058 0.015789325420673076 0.01563690258906438
0 0.5515480041503906 0.052282204994788535 0.015368241530198317 0.015582112165597769
0 0.6186202122614934 0.5841624553386981 0.014716185056246243 0.015084926898662861
0 0.6521368760329026 0.48899481846736026 0.014082688551682692 0.014406204223632812
0 0.2722353201646071 0.5229784158559946 0.016848050631009616 0.016843649057241585
0 0.5304851531982422 0.05490316794468807 0.01634392371544471 0.01645797949570876
0 0.5895715126624475 0.34146448282095104 0.01645044180063101 0.01656767038198618
0 0.7389068603515625 0.5330361586350661 0.014695240901066707 0.014692453237680288
0 0.2774386405944824 0.6359807527982272 0.016672427837665264 0.016405839186448317
0 0.46164145836463344 0.7293532444880559 0.026233086219200723 0.027161524846003607
0 0.26177252255953276 0.41072977506197417 0.015207180610069862 0.01499630854679988
0 0.30890681193425107 0.6219768524169922 0.020832281846266527 0.020920716799222507
0 0.5646001742436335 0.6117699696467473 0.01728512690617488 0.01756888169508714
0 0.6057951266948993 0.3577579718369704 0.034849313589242786 0.03351725064791166
0 0.3702230453491211 0.30613018916203427 0.013691388643704928 0.013535132774939904
0 0.6770650423490084 0.14597529631394607 0.016106825608473558 0.01601718022273137
0 0.44358381858238805 0.7683774507962741 0.01636079641488882 0.016342016366811898
0 0.46448373794555664 0.013376300151531514 0.02447341038630559 0.021644308016850397
0 0.5288929205674392 0.05265873212080736 0.015723375173715446 0.01574112818791316
0 0.631837404691256 0.6506012403048002 0.013911614051231971 0.013846177321213942
0 0.574816630436824 0.3403495641855093 0.015936778141902044 0.015398025512695312
0 0.5679352100078876 0.8335189819335938 0.0460667243370643 0.044735101553109974
0 0.557061085334191 0.5059124873234675 0.014578892634465145 0.014900794396033654
0 0.621457026554988 0.4041315959050105 0.027741028712346003 0.02711061330942007
0 0.7366133469801682 0.38439053755540115 0.01410366938664363 0.014525120074932393
0 0.7332297105055589 0.12588828343611497 0.015235607440655049 0.01540061143728403
0 0.4071482878464919 0.11652587927304782 0.015260549692007212 0.015449450566218449
0 0.6435735409076397 0.3137405468867375 0.019936488224909857 0.019788668705866888
0 0.6859559279221755 0.8397362048809345 0.015172224778395433 0.014975914588341346
0 0.6500627811138446 0.9254125448373648 0.017557437603290264 0.016800953791691706
0 0.378359501178448 0.3476708485529973 0.021661758422851562 0.02120663569523738
0 0.45627351907583386 0.03466068781339205 0.016260440532977764 0.01632972864004282
0 0.7553888467641977 0.8854214594914362 0.012755467341496395 0.01598358154296875
0 0.6864833098191482 0.3928358004643367 0.016766181358924277 0.01688993894136869
0 0.5447226304274339 0.02164691686630249 0.014229994553786058 0.014235293635955224
0 0.6014155607957107 0.6789032862736628 0.013510850759652944 0.01340015117938702
0 0.6205853682297927 0.44695025223952073 0.01585707297691932 0.017136206993689902
0 0.6404972076416016 0.8367759264432467 0.01851624708909255 0.01824951171875
0 0.5097256073584924 0.8394664617685171 0.015923353341909554 0.016600828904371995
0 0.6017092191256009 0.3601842293372521 0.027228868924654447 0.027570577768179085
0 0.4586502221914438 0.8262293155376728 0.020737574650691107 0.02094752971942608
0 0.31636619567871094 0.5909149463360126 0.01847553253173828 0.018535467294546273
0 0.5585245719322791 0.3521585097679725 0.019188073965219352 0.019066297090970553
0 0.5788902869591346 0.5308314103346604 0.015263924231896034 0.015402720524714543
0 0.47901248931884766 0.5117884415846604 0.0179443359375 0.017761817345252402
0 0.7270512214073768 0.6739318554217999 0.01482391357421875 0.014594738300030049
0 0.5244756845327524 0.9882633502666767 0.022216063279371995 0.021215292123647835
0 0.44941205244797927 0.41757466242863583 0.02240452399620643 0.023615396939791165
0 0.6497746981107272 0.9286006047175481 0.022710653451772835 0.02323634807880108
