0 0.7345739511343149 0.05503792487657987 0.026135664719801683 0.025879704035245456
0 0.8078070420485276 0.034068249739133395 0.030589763934795674 0.030792823204627402
0 0.8201592518733098 0.08657648013188289 0.024512364314152643 0.024914186734419603
0 0.7106851431039664 0.01086486761386578 0.025647383469801683 0.020783905799572285
0 0.8542933830848107 0.04644254079231849 0.0249176025390625 0.024782712642963115
0 0.8522126124455378 0.09043666032644418 0.026118351862980768 0.026169190040001504
0 0.247938871383667 0.8736548790564904 0.018215069404015176 0.018138592059795674
0 0.8689000056340144 0.07687001044933613 0.022399315467247598 0.022492757210364707
0 0.6545782822829026 0.012514604971959041 0.020653357872596152 0.020547949350797214
0 0.3662580343393179 0.6216604526226337 0.018044691819411058 0.017883740938626803
0 0.8684595548189603 0.05957151376284086 0.017029982346754808 0.017115116119384766
0 0.8302230834960938 0.02408763995537391 0.024078369140625 0.023304462432861328
0 0.8332465245173528 0.05973936044252836 0.018493065467247598 0.018284430870643027
0 0.686406135559082 0.02683974917118366 0.016774691068209134 0.017005498592670146
0 0.3582779810978816 0.47306618323692906 0.017801651587853067 0.017665863037109375
0 0.5638867158156174 0.8816402141864483 0.015484443077674279 0.01549999530498798
0 0.5736243174626277 0.05428520532754751 0.016133968646709736 0.01636536304767315
0 0.7780161637526292 0.008887337377438178 0.027317927433894232 0.017083327357585613
0 0.885798454284668 0.06644948629232553 0.01628714341383714 0.016218258784367487
0 0.4662669621981107 0.8211878263033353 0.015385921184833232 0.015558682955228366
0 0.6252435537484976 0.9016487415020282 0.01451404278094952 0.014554537259615384
0 0.7767354525052584 0.06748190751442543 0.015803997333233174 0.015693361942584697
0 0.783112305861253 0.28465054585383487 0.014866462120643029 0.014713800870455228
0 0.08959863736079289 0.36004194846520055 0.014478243314302884 0.014326755817119893
0 0.4909048080444336 0.6877021055955154 0.01493681394136869 0.015367654653695913
0 0.1654829978942871 0.3486055594224196 0.013992603008563701 0.014180696927584134
0 0.754761108985314 0.04856798282036415 0.016165513258713942 0.015874624252319336
0 0.7916262700007513 0.055904498467078574 0.014031923734224759 0.013806654856755184
0 0.35784398592435396 0.07826434648953952 0.014296605036808895 0.014409317420079159
0 0.13778939613929161 0.21787337156442496 0.01378165758573092 0.01391917008620042
