0 0.5792239262507513 0.5592257793133075 0.028363741361177884 0.027974862318772536
0 0.6740930997408353 0.24948857380793646 0.02539796095628005 0.025612427638127253
0 0.3874834500826322 0.21677292310274565 0.020019091092623197 0.020078072181114785
0 0.7377739686232346 0.04445174107184777 0.027970534104567308 0.027863383293151855
0 0.5569641773517315 0.41456035467294544 0.020467611459585335 0.020537963280310996
0 0.2998391114748441 0.4087889011089618 0.024706657116229717 0.024422718928410456
0 0.735369608952449 0.4174292270953839 0.021197979266826924 0.02124632321871244
0 0.3719056202815129 0.37745094299316406 0.01985344519981971 0.019718023446890023
0 0.6184638830331656 0.42827474153958833 0.02486581068772536 0.02457112532395583
0 0.22483101257911095 0.22174826035132775 0.02163069064800556 0.02169355979332557
0 0.2988927914546086 0.31106196917020357 0.01909153278057392 0.01928094717172476
0 0.4137734266427847 0.027630148025659416 0.020659886873685397 0.020767982189471904
0 0.36847936190091646 0.20707992406991813 0.019196583674504206 0.019421137296236478
0 0.17583113450270432 0.07438569802504319 0.020963008587176982 0.0209655028123122
0 0.11645333583538349 0.7595072526198167 0.018632118518535908 0.018847245436448317
0 0.17536475108220026 0.5017691392164964 0.01770628415621244 0.017824906569260817
0 0.6181942866398737 0.25267186531653774 0.01683176480806791 0.01692482141348032
0 0.50464233985314 0.4527102617117075 0.01796612372765174 0.017894598153921273
0 0.7507847272432767 0.18574655972994292 0.016393661499023438 0.016466067387507513
0 0.39443214123065656 0.40533663676335263 0.016579407912034255 0.016384711632361777
0 0.2779819415165828 0.20690353100116438 0.01842645498422476 0.018320010258601263
0 0.49392399421105015 0.4840528048001803 0.01735848646897536 0.01732767545259916
0 0.5638316961435171 0.3898782730102539 0.01634700481708233 0.016272618220402643
0 0.07057785987854004 0.4992887790386493 0.015179120577298678 0.015166576092059795
0 0.42239211155818057 0.5980706948500413 0.02079494182880108 0.02051822955791767
0 0.13777454999776986 0.8242362829355093 0.01571374673109788 0.015614729661207933
0 0.5376423322237455 0.9301210550161508 0.015945948087252103 0.0155029296875
0 0.20978447107168344 0.05736514238210825 0.015246391296386719 0.015195002922644982
0 0.5850838881272536 0.3670035508962778 0.014984864455003005 0.015072162334735576
0 0.3723481618441068 0.164673218360314 0.017951305095966045 0.01822060805100661
0 0.16071798251225397 0.2272171974182129 0.014529081491323618 0.014337392953725962
0 0.8580945821908804 0.63342101757343 0.013759906475360576 0.013795852661132812
0 0.4870396393996019 0.4084649085998535 0.014446331904484676 0.014426304743840145
0 0.6327036344088041 0.29590107844426083 0.014857072096604567 0.014992347130408654
0 0.41364295666034406 0.5911892377413236 0.016392927903395433 0.016268510084885817
0 0.8665549204899714 0.3451026769784781 0.013397950392503005 0.013533812302809495
0 0.3138101284320538 0.5501982615544245 0.013725005663358249 0.013746041517991286
0 0.7101995027982272 0.292633790236253 0.013928633469801683 0.013900096599872295
0 0.23154225716224083 0.3730937150808481 0.013400701376108022 0.013656983008751502
0 0.36179036360520583 0.09737927180070144 0.013488549452561598 0.013566695726834811
0 0.6300823505108173 0.9580431718092698 0.13544255036574143 0.08233114389272836
