0 0.40385605738713193 0.8907201473529522 0.04709889338566707 0.04731325002817007
0 0.7248177161583533 0.8428667508638822 0.03076597360464243 0.030440697303185098
0 0.47325735825758714 0.6773154918964093 0.02530075953556941 0.0254977299616887
0 0.4792323112487793 0.728699097266564 0.020094651442307692 0.02029242882361779
0 0.16550797682542068 0.5018496146568885 0.021849338824932393 0.02206567617563101
0 0.2868099579444298 0.35138298914982724 0.02196810795710637 0.0216219975398137
0 0.5025138488182654 0.3480345285855807 0.0227353022648738 0.022970859821026143
0 0.7984673426701472 0.8819461235633264 0.021061530480018027 0.021128434401292067
0 0.7011874272273138 0.3309301229623648 0.018548231858473558 0.01837767087496244
0 0.21846767572256234 0.8741034727830154 0.01822486290564904 0.018473258385291465
0 0.2608945553119366 0.4761224893423227 0.01693248748779297 0.01692852607140174
0 0.09287254626934345 0.5261326569777268 0.016935385190523587 0.017227686368502103
0 0.6946751521183894 0.26386884542611927 0.016582489013671875 0.01681173764742338
0 0.9019962457510141 0.6771524135883038 0.016214810884915866 0.016123551588792067
0 0.10991492638221154 0.36673729236309344 0.01947175539456881 0.01967466794527494
0 0.18777128366323617 0.8966312408447266 0.015561764056865986 0.015522003173828125
0 0.21243711618276742 0.456726441016564 0.01670661339393029 0.017042013315054085
0 0.08216669009282039 0.7720210735614483 0.020941477555495042 0.020705296443058893
0 0.052338710198035605 0.7792141987727239 0.019173053594735954 0.019268329326923076
0 0.7963512127216046 0.3522842480586125 0.015112803532527043 0.015009733346792368
0 0.1420899721292349 0.7533677174494817 0.024149491236760065 0.024503561166616585
0 0.06809060848676242 0.008912885991426615 0.016057913119976338 0.015629606751295235
0 0.07070976954240066 0.764090317946214 0.023305764565101035 0.02329841026893029
0 0.10852528535402738 0.7653867281400241 0.015586247810950646 0.015299576979417067
0 0.14546792323772723 0.626554929293119 0.014986845163198618 0.01499176025390625
0 0.21967216638418344 0.3989386191734901 0.01615282205434946 0.01597463167630709
0 0.1752463304079496 0.2594206149761493 0.015220055213341346 0.014978482173039364
0 0.2373650807600755 0.26020119740412784 0.015137672424316406 0.014742594498854417
0 0.20181756753187913 0.8219492985652044 0.015093033130352315 0.014985598050631009
0 0.05702345187847431 0.751286139855018 0.015509752126840444 0.015418712909405049
0 0.6695566910963792 0.6558971405029297 0.017038492056039665 0.01647802499624399
0 0.06664774968073918 0.8167189084566556 0.01786967424245981 0.018039703369140625
0 0.23943128952613243 0.4538954221285306 0.014272433060866136 0.014578819274902344
0 0.11283102402320275 0.3529303257281964 0.01642927756676307 0.016681524423452523
0 0.08310962640322171 0.33988248384915865 0.014996216847346379 0.015541810255784255
0 0.77007323044997 0.8930160815899189 0.015519949106069712 0.015844198373647835
0 0.6198965952946589 0.849255268390362 0.014364535991962139 0.014475162212665264
0 0.4844628113966722 0.34503621321458083 0.01461337162898137 0.014319053063025841
0 0.4778784971970778 0.7048414670504056 0.014370991633488582 0.01463024432842548
0 0.14867749580970177 0.7665516046377329 0.017657133249136116 0.01851199223445012
0 0.21113047232994667 0.43743335283719575 0.014555894411527194 0.01473551530104417
0 0.1532452289874737 0.46118802290696365 0.013365232027493991 0.013381371131310096
0 0.31366777420043945 0.3176818627577562 0.014145484337439904 0.013982479388897236
0 0.5855916830209585 0.6202295009906476 0.015742668738731973 0.015599324153019832
0 0.32001469685481143 0.8651759807880108 0.013985120333158053 0.013848818265474759
0 0.5670085686903733 0.6574466411884015 0.014302473801832933 0.014425130990835337
0 0.7933585827167218 0.7666785900409405 0.013710608849158654 0.013809790978064904
0 0.9360209978543795 0.09227266678443322 0.014496583205003005 0.01464385252732497
0 0.5829330591055063 0.43890021397517276 0.013855714064378005 0.013994510357196514
0 0.4350726787860577 0.10960932878347543 0.015348067650428185 0.015641175783597507
0 0.3199803278996394 0.44904011946458083 0.015340511615459736 0.015330828153170072
0 0.4536926562969501 0.3469636623676007 0.015299210181603065 0.015359878540039062
0 0.7269222552959735 0.7982373604407678 0.013876988337590145 0.013674075786884014
0 0.674817158625676 0.2947278389563927 0.0143585205078125 0.014539498549241286
0 0.13869358943058893 0.6554588904747596 0.01600819367628831 0.015623092651367188
0 0.8182675288273737 0.900206785935622 0.014113206129807692 0.014406350942758413
0 0.8354046894953802 0.8078463627741888 0.014421903170072116 0.013916602501502404
