0 0.27217813638540417 0.043621801413022555 0.0921621322631836 0.08480604795309213
0 0.7829223045935998 0.061032419021313004 0.06692974384014423 0.06674341972057636
0 0.17949438095092773 0.1966236187861516 0.059917523310734674 0.05989206754244291
0 0.46762591141920823 0.578034914456881 0.04388904571533203 0.044244032639723554
0 0.47647865001971906 0.8741421332726111 0.02593509967510517 0.026076536912184495
0 0.9535538600041316 0.7071258838360126 0.028857891376201924 0.02876135019155649
0 0.585572389455942 0.30390618397639346 0.02977730677678035 0.029850079463078424
0 0.6428064199594351 0.5977981273944561 0.020925375131460335 0.02074564420259916
0 0.39927563300499547 0.7478920129629282 0.022202711838942308 0.02260721646822416
0 0.7334023989163913 0.5691618552574744 0.0211026118351863 0.0211789791400616
0 0.9807881575364333 0.3301101831289438 0.024180192213792067 0.024065457857572116
0 0.9783960489126352 0.5753450393676758 0.017575484055739183 0.017796956575833835
0 0.9231882828932542 0.4107740842379056 0.018265650822566107 0.018217967106745794
0 0.5132636657127967 0.3632175005399264 0.0166012690617488 0.016565469595102165
0 0.943967158977802 0.9696863614595853 0.016515585092397835 0.016617408165564902
0 0.7418398490318885 0.056839475264916055 0.014528714693509616 0.014261502486008864
0 0.8361882429856521 0.07344627380371094 0.017574897179236777 0.017437494718111478
0 0.549659802363469 0.08629421087411734 0.015173251812274639 0.015377558194673978
0 0.8829482151911809 0.14869931110968956 0.016457777756911058 0.01661372184753418
0 0.8027004095224234 0.008601894745459924 0.025979115412785456 0.01675048928994399
0 0.6616780207707331 0.39883943704458386 0.015496180607722355 0.01546023442195012
0 0.31268123479989857 0.40812371327326846 0.01853664104755108 0.019001007080078125
0 0.6652996356670673 0.4371925500723032 0.014676314133864183 0.014619973989633413
0 0.3933914257929875 0.29629072776207555 0.014834183913010817 0.014585421635554386
0 0.8211556948148288 0.5247614933894231 0.0141754150390625 0.014226179856520433
0 0.29090301807110125 0.851157701932467 0.015054005842942458 0.015204502986027645
0 0.5830454459557166 0.8332008948692908 0.014262712918795072 0.014291910024789663
0 0.33043208489051235 0.37170989696796125 0.014741604144756611 0.014952879685621995
0 0.6055044761070838 0.2526780641995944 0.014053051288311299 0.014323968153733473
