0 0.690059074988732 0.16309452056884766 0.04240740262545072 0.042473288682790905
0 0.801055908203125 0.26837836779080904 0.14829312838040865 0.14862786806546724
0 0.35238163287823016 0.06836349689043485 0.05181048466609074 0.05143938614771916
0 0.3123605434711163 0.3544178009033203 0.05582543519827036 0.05574182363656851
0 0.2773445752950815 0.03279221057891846 0.06432588283832257 0.062313043154202975
0 0.6065482359666091 0.7324476975661057 0.027422978327824518 0.027563828688401442
0 0.5540888126079853 0.8211152003361628 0.03467559814453125 0.0347143319936899
0 0.1711550125708947 0.5201753836411697 0.02087849837083083 0.020788852985088643
0 0.33499651688795823 0.7237123342660757 0.027674161470853366 0.02778478769155649
0 0.6468122922457181 0.8558606367844802 0.024225381704477165 0.024295806884765625
0 0.6976814270019531 0.6465719663179837 0.02835845947265625 0.028622553898737982
0 0.7202518903292142 0.963958740234375 0.0705556135911208 0.06590476402869591
0 0.5225386986365685 0.1779637336730957 0.020544052124023438 0.02075033921461839
0 0.3753971686730018 0.841055649977464 0.026061424842247598 0.026164715106670674
0 0.6419494335467999 0.22998518210190994 0.01945671668419471 0.019312455103947565
0 0.46810282193697417 0.6401612208439753 0.025772975041316107 0.0256344721867488
0 0.28502445954542893 0.5388160118689904 0.019956368666428786 0.020018650935246393
0 0.7216713978694036 0.5466344539935772 0.02259239783653846 0.022649471576397236
0 0.21250744966360238 0.5051328218900241 0.022129132197453424 0.022182391240046576
0 0.6095713101900541 0.30633108432476336 0.02020850548377404 0.020084527822641227
0 0.24253357373751128 0.2597200136918288 0.026188997121957634 0.026236570798433743
0 0.44028792014488805 0.9808873396653396 0.01865665729229267 0.019080382127028245
0 0.5931157698998084 0.09374158199016865 0.029157711909367487 0.029181590447059043
0 0.7808871636023889 0.6840160076434796 0.021660731388972357 0.021581503061147835
0 0.27971564806424654 0.45831716977632964 0.01804663584782527 0.01793978764460637
0 0.49629809306218076 0.898900398841271 0.023505651033841647 0.02362852830153245
0 0.3517313003540039 0.2569922117086557 0.01733545156625601 0.017060096447284404
0 0.6242895859938401 0.591312628525954 0.020884000338040866 0.020843946016751803
0 0.3115103794978215 0.7217618502103366 0.018976816764244668 0.019140977125901442
0 0.11330052522512582 0.14340582260718712 0.03299625103290264 0.047561388749342695
0 0.24019921742952788 0.4007213299091046 0.019728330465463493 0.019625003521259014
0 0.6593919900747446 0.17863251612736628 0.019264808067908652 0.019285128666804388
0 0.11652730061457707 0.5144241773165189 0.019545610134418193 0.019605049720177285
0 0.19736412855295035 0.685176262488732 0.018341834728534404 0.018061271080603965
0 0.2802901268005371 0.9736433762770432 0.017225265502929688 0.017211033747746393
0 0.2529398294595572 0.5637733386113093 0.017596318171574518 0.017764971806452826
0 0.3145899405846229 0.09788168393648587 0.019962439170250527 0.01993707510141226
0 0.5159863692063552 0.33585772147545445 0.01813983917236328 0.017904134897085335
0 0.16699708425081694 0.23553661199716422 0.017855387467604417 0.017704523526705228
0 0.4262569500849797 0.8474624340350811 0.01788176023043119 0.01802855271559495
0 0.13484859466552734 0.08949362314664401 0.06575584411621094 0.06694089449368991
0 0.3126127536480243 0.17934197645920974 0.023255146466768704 0.02327618232140174
0 0.5768861403832068 0.21001326120816743 0.018833453838641826 0.019116291633019082
0 0.7429284315842849 0.7082633238572341 0.018400045541616585 0.01825552720289964
0 0.2825201107905461 0.32521581649780273 0.018682333139272835 0.018695611220139723
0 0.4571513396043044 0.7070928720327524 0.018495706411508415 0.01859591557429387
0 0.7331196711613581 0.5110081159151517 0.015912569486177884 0.01603419964130108
0 0.26656248019291806 0.15885022970346305 0.022295071528508112 0.022358454190767728
0 0.34238290786743164 0.1350562205681434 0.017181910001314603 0.017232986596914437
0 0.18548499620877779 0.5757565498352051 0.016808069669283353 0.01664843926062951
0 0.687713256249061 0.6274478618915265 0.016877247737004206 0.016862135667067308
0 0.15295960352971003 0.5595362736628606 0.015937365018404447 0.016200872567983773
0 0.1483480196732741 0.36526848719670224 0.019091312701885518 0.01914185744065505
0 0.3271993857163649 0.6423209263728216 0.01592283982496995 0.015873542198768027
0 0.3686829346876878 0.5839751316950872 0.016093620887169473 0.015911102294921875
0 0.6164043866671048 0.33152154775766224 0.014843280498798076 0.014769627497746395
0 0.2525954980116624 0.42589154610267055 0.0158385863670936 0.015755286583533652
0 0.2170545871441181 0.029477788851811335 0.07208758134108323 0.05816893394176777
0 0.5278841165395883 0.8308203770564153 0.01800874563363882 0.0179446293757512
0 0.2701227114750789 0.11003639147831844 0.060287108788123496 0.05935265467717098
0 0.2235121910388653 0.7157655862661508 0.01608426754291241 0.01610741248497596
0 0.45443817285391 0.19030508628258339 0.016161331763634317 0.016131180983323317
0 0.40681673930241513 0.8299554678109976 0.0157467768742488 0.0159152104304387
0 0.44259122701791614 0.6991446568415716 0.015809132502629206 0.015869727501502402
0 0.19404436991764948 0.1208345706646259 0.025557591364933893 0.02580569340632512
0 0.39589951588557315 0.05269480210084181 0.02201527815598708 0.021805919133699857
0 0.49582297985370344 0.5443853231576773 0.025685970599834736 0.025667337270883415
0 0.4422824199383075 0.5686431297889123 0.015368975125826322 0.015542250413161058
0 0.5109445131742038 0.4487124956571139 0.02509161142202524 0.02576277806208684
0 0.4948269037099985 0.7761044135460486 0.01792628948505108 0.017854837270883415
0 0.7330875396728516 0.6862861926739032 0.014620560866135817 0.014640221228966346
0 0.5819563865661621 0.6494604257436899 0.015476373525766226 0.01570921677809495
0 0.2959159337557279 0.7668625758244441 0.015214333167442909 0.015098278339092549
0 0.3284922379713792 0.39365533682016224 0.019452608548677884 0.019732548640324518
0 0.6753204052264874 0.6027668439424955 0.015440867497370793 0.015504983755258413
0 0.2716519649212177 0.8538216810960036 0.01544497563288762 0.01531512920673077
0 0.42560357313889724 0.2580715326162485 0.01505110814021184 0.014965204092172476
0 0.8754523350642278 0.09183177581200233 0.016112841092623197 0.016264035151554987
0 0.6327373798076923 0.03901814497434176 0.053014351771428034 0.05337972824390118
0 0.48097812212430513 0.5743045073289138 0.014902921823354868 0.015020810640775241
0 0.34450457646296573 0.15359846445230338 0.016609632051908053 0.016389755102304313
0 0.5521763288057767 0.4088568320641151 0.033566841712364785 0.03315661503718449
0 0.5388086759127103 0.22772147105290338 0.016568110539362982 0.01648569107055664
0 0.6395254868727464 0.7706228402944711 0.015298403226412259 0.015212719257061299
0 0.33524168454683745 0.4665946960449219 0.014841813307542067 0.01479647709773137
0 0.5046611932607797 0.06591015137158908 0.02018136244553786 0.020257042004511908
0 0.15722263776339018 0.49570256013136643 0.014017389370844914 0.0140687502347506
0 0.5035405525794396 0.9477961613581731 0.016942977905273438 0.01696953406700721
0 0.7188345102163461 0.8713792654184195 0.016115922194260817 0.016035813551682692
0 0.3425034743088942 0.6817503709059495 0.014923902658315806 0.015035775991586538
0 0.4749694604140062 0.07964013173029973 0.018322064326359674 0.01778123928950383
0 0.537477970123291 0.7330219562237079 0.015290260314941406 0.015214186448317308
0 0.8091900165264423 0.6700184161846454 0.016140571007361777 0.016362410325270433
0 0.17093372344970703 0.3353443145751953 0.016418603750375602 0.016423738919771634
0 0.5275760063758264 0.21100234985351562 0.02343471233661358 0.023500589224008415
0 0.5233377309945914 0.415925539456881 0.016262054443359375 0.01630856440617488
0 0.46781598604642427 0.18021268111008865 0.015674297626201924 0.01562786102294922
0 0.19877708875215971 0.4802418855520395 0.014661715580866886 0.014580506544846755
0 0.7487151072575495 0.6905656227698693 0.015311314509465145 0.015488844651442308
0 0.46054935455322266 0.0558357651417072 0.014947817875788761 0.014835018378037673
0 0.46888842949500453 0.08411020499009353 0.015195259681114784 0.015158355236053467
0 0.8677219977745643 0.04819271656183096 0.06774080716646634 0.09487611513871413
0 0.870938594524677 0.10941027677976169 0.0148468017578125 0.01488639758183406
0 0.5182555272028997 0.9584687306330755 0.015531833355243389 0.015416805560772236
0 0.1146782269844642 0.03629863949922415 0.03812736731309157 0.043424445849198565
0 0.16574775255643404 0.934826924250676 0.014772781958946815 0.014898300170898438
0 0.5638298988342285 0.6816987991333008 0.01458894289456881 0.014446698702298678
0 0.5190892219543457 0.9476905235877404 0.01536391331599309 0.01605048546424279
0 0.7832574110764724 0.2607533564934364 0.014906369722806491 0.015076160430908203
0 0.5886581861055814 0.2509161142202524 0.015151243943434495 0.015277715829702524
0 0.20679218952472395 0.9721510960505559 0.014471971071683444 0.01437069819523738
0 0.5110511779785156 0.14225415083078238 0.015127768883338341 0.015053345606877254
0 0.6363600217379056 0.6588379786564753 0.016972761887770433 0.01688414353590745
0 0.24356772349430963 0.8757893488957331 0.014829782339242788 0.014799264761117788
0 0.2561023968916673 0.6102904539841872 0.014372862302339993 0.014286628136268029
0 0.4483044697688176 0.956093641427847 0.014784299410306491 0.015191444983849159
0 0.47147130966186523 0.08213395338792068 0.017421135535606973 0.01710748213988084
0 0.24193492302527794 0.19990570728595441 0.015053749084472656 0.015371359311617337
0 0.5082521438598633 0.8768298075749323 0.01595145005446214 0.016383244441105768
0 0.11505583616403434 0.44850404445941633 0.015820906712458685 0.015680753267728366
0 0.5617898060725286 0.03715061453672556 0.058892323420597956 0.062101588799403265
0 0.36367629124568057 0.1688095789689284 0.017277057354266826 0.017520904541015625
0 0.1431935475422786 0.17590735508845404 0.020698052186232347 0.02069399907038762
0 0.3520931830772987 0.8439889320960412 0.015799302321213942 0.015759101280799277
0 0.20782048885638899 0.9456597841702975 0.015140680166391226 0.015147575965294471
0 0.5562933041499212 0.9082378974327674 0.014601707458496094 0.014764345609224759
0 0.2831733776972844 0.7913674574631911 0.014300713172325721 0.014373192420372596
0 0.18038364557119516 0.7624843303973858 0.015592281634990986 0.015620598426231971
0 0.37042577450092024 0.5165392068716196 0.015233626732459435 0.015065706693209134
0 0.6538228988647461 0.09055560368757981 0.016028184157151442 0.01656957773061899
0 0.7553000083336463 0.14142854397113508 0.014301593487079326 0.014561946575458232
0 0.24117196523226225 0.06980585134946383 0.04347918583796574 0.043331494698157676
0 0.7355983440692608 0.9083894582895132 0.03773351816030649 0.03761218144343449
0 0.7279033660888672 0.8034210205078125 0.01461322490985577 0.014486753023587741
0 0.5844538762019231 0.16643643379211426 0.018142186678372897 0.018457816197321966
0 0.19949670938345102 0.7719681079571064 0.08694810133713943 0.0858303950383113
0 0.664738288292518 0.15063993747417742 0.014447285578801082 0.0144959596487192
0 0.26773980947641224 0.20445823669433594 0.014280906090369591 0.014322427602914663
0 0.880370360154372 0.21245844547565168 0.024672288161057692 0.024796779339130107
0 0.35838083120492786 0.18926869905911958 0.021120511568509616 0.021575267498309795
0 0.7408430392925556 0.565775834597074 0.016448387732872598 0.016713362473707933
0 0.634607901939979 0.6619812892033503 0.018075209397536058 0.017911324134239785
0 0.41646183454073393 0.9877543082604041 0.015483269324669471 0.015454952533428486
0 0.30602268072275013 0.5088864839993991 0.013620816744290866 0.013585163996769832
0 0.30406775841346156 0.07490940277393048 0.032968961275540866 0.03232209499065693
