0 0.548043104318472 0.4225834332979642 0.0289456294133113 0.029011946458082933
0 0.5786504011887771 0.4964786676260141 0.031091616703913763 0.03078145247239333
0 0.4126674211942233 0.7430689885066106 0.019832904522235576 0.01983789297250601
0 0.7622719544630784 0.5771853373600886 0.024271598229041465 0.02432705805851863
0 0.6113168276273288 0.6536437548123873 0.021154256967397835 0.02117582467886118
0 0.7654496706449069 0.6883183992826022 0.027233123779296875 0.027216691237229567
0 0.6879385434664212 0.9459404578575721 0.01734777597280649 0.017452533428485576
0 0.8719679025503305 0.4081474450918344 0.019028443556565505 0.01889969752385066
0 0.08920012987576999 0.6311930142916166 0.01719056642972506 0.017070916982797477
0 0.47296927525446963 0.7922527606670673 0.01639278118426983 0.016347444974459134
0 0.6357097625732422 0.6192962939922626 0.01624914316030649 0.01651338430551382
0 0.6278073237492487 0.644383063683143 0.016819293682391826 0.017054044283353366
0 0.4315239099355844 0.9486252711369441 0.01642153813288762 0.01622933607835036
0 0.11202445397010216 0.1646453050466684 0.015214846684382511 0.015094940478985127
0 0.5146579742431641 0.05326348084669847 0.01552273676945613 0.015228014725905199
0 0.18851746045626128 0.794743904700646 0.0148469117971567 0.014896979698768029
0 0.8378202731792743 0.9915391481839694 0.015421060415414663 0.013962672306941105
0 0.7081039868868314 0.474364684178279 0.014361308171198918 0.014507000262920674
0 0.08427000045776367 0.6034277035639837 0.015026977429023156 0.014865435086763822
0 0.18730713770939753 0.5720689480121319 0.013997077941894531 0.014105283297025241
0 0.18385034341078538 0.7761622208815354 0.01460115726177509 0.014878346369816707
0 0.7574487832876352 0.7091522216796875 0.013937730055588942 0.013965900127704326
0 0.770315903883714 0.7779722947340745 0.015260549692007212 0.015519949106069712
0 0.3433862099280724 0.09344589710235596 0.014327929570124699 0.014298769143911509
0 0.08472026311434232 0.5910415649414062 0.015299283541165866 0.015120579646183895
0 0.7675252327552209 0.05460241666206947 0.013945652888371395 0.013743033775916466
0 0.9010265790499173 0.7935880514291617 0.014335045447716346 0.014364095834585337
