0 0.826001240656926 0.7878476656400241 0.1371636023888221 0.13672579251802885
0 0.8995874845064603 0.1371771188882681 0.09551796546349159 0.09459308477548453
0 0.2789769539466271 0.48998627295860875 0.0887751946082482 0.08800814701960637
0 0.3425284165602464 0.32886119989248425 0.16307392487159142 0.15965014237623948
0 0.488494506249061 0.9121984335092398 0.034424781799316406 0.034216660719651446
0 0.5497502547044021 0.03689792293768663 0.04982156019944411 0.04971937491343571
0 0.7163749107947717 0.347508063683143 0.04615695659930889 0.04615937746488131
0 0.8243523377638596 0.6829707805926983 0.03974415705754207 0.04003436748798077
0 0.27122167440561146 0.017046803465256326 0.036792901846078724 0.031983840924042925
0 0.3633148486797626 0.24001389283400315 0.04084469721867488 0.041123463557316706
0 0.7338163669292743 0.05910572638878456 0.030491755558894232 0.030779343384962816
0 0.46701658689058745 0.09659200448256272 0.030741104712853067 0.03075438279371995
0 0.36858177185058594 0.6037010046151968 0.03295766390286959 0.03280331538273738
0 0.4803934830885667 0.12038383117088905 0.02852175785945012 0.028503784766564004
0 0.5354094138512244 0.0871427242572491 0.025664402888371393 0.025767294260171745
0 0.06130153857744657 0.6656398773193359 0.030597879336430475 0.03090638380784255
0 0.2570681938758263 0.11818956411801852 0.031244351313664362 0.0308075501368596
0 0.4640366847698505 0.38019110606266904 0.05681558755727915 0.05732096158541166
0 0.9285163879394531 0.5616898903479943 0.07450455885667068 0.07524593059833233
0 0.7790743020864633 0.41414345227755034 0.023801363431490384 0.023831954369178183
0 0.4912867179283729 0.7128970072819636 0.05224125201885517 0.05211492685171274
0 0.28608065385084885 0.05487723533923809 0.026411093198336087 0.02645277976989746
0 0.3815021881690392 0.130797606248122 0.026535914494441107 0.02666165278508113
0 0.7664034183208759 0.09368126208965595 0.020016596867487982 0.01977374003483699
0 0.21555786866408128 0.2695953662578876 0.038608697744516224 0.0385136971106896
0 0.1702881959768442 0.9741967274592473 0.023292394784780648 0.023140980647160456
0 0.5727570607112005 0.8530955681434045 0.022141529963566706 0.022402396568885215
0 0.5726528534522424 0.36183555309589094 0.020537156325120192 0.02053943047156701
0 0.5832236363337591 0.4674623195941632 0.018894048837515023 0.01892691392164964
0 0.9258403044480544 0.3094672423142653 0.02202151371882512 0.021970528822678786
0 0.4976989672734187 0.9498279278094952 0.025457162123460036 0.025491861196664665
0 0.7503968018751878 0.1953278688284067 0.06942294194148137 0.07040548324584961
0 0.6638705180241511 0.345979250394381 0.03936004638671875 0.0394133054293119
0 0.9449706444373498 0.6991169269268329 0.02140632042518029 0.021670121413010817
0 0.4183966563298152 0.9438984210674579 0.018991470336914062 0.01877623337965745
0 0.45811935571523815 0.9298874048086313 0.021584144005408652 0.021536753727839544
0 0.9388346305260291 0.836407734797551 0.02030666057880108 0.020024226262019232
0 0.7568853818453275 0.4576882949242225 0.0256655766413762 0.025467799260066107
0 0.7991588299091046 0.4561938505906325 0.016260587252103366 0.016290811391977165
0 0.5361423492431641 0.6236522381122296 0.029985721294696514 0.030171907865084134
0 0.37915713970477766 0.08398575966174786 0.019207881047175482 0.01930654965914213
0 0.14631918760446402 0.7537265190711389 0.016743293175330527 0.017001518836388223
0 0.6555354778583233 0.5385178786057693 0.017883887657752402 0.017703863290640023
0 0.0815495619407067 0.5799044095552884 0.017479731486393854 0.017562132615309495
0 0.2281981614919809 0.6026515960693359 0.025255423325758714 0.025285720825195312
0 0.2759802524860089 0.7893106020413913 0.017176261314978965 0.017025287334735576
0 0.7113500741811899 0.9171832891610953 0.016821934626652643 0.016915101271409255
0 0.893221928523137 0.21936787091768706 0.05160331726074219 0.051709615267240085
0 0.3398552674513597 0.8146588252140925 0.016567817101111777 0.01628699669471154
0 0.08398101880000187 0.10477601564847507 0.01757258176803589 0.01779825870807354
0 0.4647340774536133 0.824040046105018 0.01664572495680589 0.01649607144869291
0 0.7033977508544922 0.5067310333251953 0.017681708702674277 0.01773980947641226
0 0.11419120201697716 0.543580385354849 0.01590437155503493 0.01594704848069411
0 0.8672765585092398 0.264434447655311 0.015970670259915866 0.015895513387826774
0 0.692629887507512 0.3648406175466684 0.0254977299616887 0.025829315185546875
0 0.3135970189021184 0.6514095159677359 0.015454494036160983 0.015380565936748799
0 0.6572900918813852 0.6543647325955905 0.0395501943734976 0.039017750666691706
0 0.44082120748666614 0.38340994027944714 0.017548341017503005 0.01751841031588041
0 0.3137633983905499 0.11353613780095027 0.024254303712111253 0.024195267603947565
0 0.050660133361816406 0.2613076980297382 0.04228819333589994 0.06747781313382663
0 0.7935688312237079 0.05566107309781588 0.030313931978665866 0.030490838564359225
0 0.26849754040057844 0.20426497092613807 0.029838928809532754 0.0303646967961238
0 0.4215753995455228 0.3726689265324519 0.02626206324650691 0.026567899263822116
0 0.6551375755896935 0.37609496483436 0.023363846998948317 0.023649289057804987
0 0.8605833787184495 0.8755072080172025 0.017409398005558893 0.017307868370643027
0 0.0554392383648799 0.9830223963810847 0.016277129833514873 0.01626733633188101
0 0.6172398787278396 0.9474544525146484 0.014733387873722957 0.014735588660606971
0 0.6989710881159856 0.1868607264298659 0.03011483412522536 0.03030223112839919
0 0.7024361537053034 0.10680206922384408 0.015023158146784855 0.014867910972008338
0 0.9237669431246244 0.5169163117041955 0.03313123262845553 0.03326716789832482
0 0.4838730005117563 0.2764447285578801 0.03926842029278095 0.03969992124117338
0 0.21087235670823318 0.3223742338327261 0.06570383218618539 0.06627875107985276
0 0.6366759080153245 0.272690461232112 0.03699992253230168 0.03723977162287785
0 0.22567352881798378 0.13425366695110613 0.0187378663283128 0.018884805532602165
0 0.14045324692359337 0.31244303629948544 0.039090706751896784 0.038766714242788464
0 0.0876148847433237 0.9137483009925256 0.015086100651667668 0.014962269709660457
0 0.6764656947209284 0.24854674706092247 0.03656446016751803 0.03695179865910457
0 0.47838306427001953 0.048595231312971846 0.028081453763521634 0.027764274523808405
0 0.5987573770376352 0.5113856609051044 0.038767301119290866 0.038682204026442304
0 0.5150976914625901 0.15884623160729042 0.025384169358473558 0.025707538311298076
0 0.5525574684143066 0.3776116737952599 0.017371984628530648 0.017391351553109977
0 0.8459754356971154 0.462031731238732 0.025621854341947116 0.025415640610914964
0 0.3010489023648776 0.581217729128324 0.014767206632173978 0.014625842754657451
0 0.09229241884671725 0.013443972055728618 0.048762573645665094 0.026051406676952656
0 0.24240691845233625 0.20278288767887995 0.020529820368840143 0.02039924034705529
0 0.04854321021300096 0.8876569454486554 0.014603660656855656 0.014997629018930288
0 0.06663664487692025 0.4505172876211313 0.03297288601215069 0.033048116243802585
0 0.6868526752178485 0.33154828731830305 0.0196990966796875 0.01984427525446965
0 0.5309482721182016 0.7386058660653921 0.04144984025221605 0.0421594473031851
0 0.2854062777299147 0.09192894972287692 0.01783580046433669 0.017899623283973105
0 0.5479276363666241 0.6574093745304987 0.014284794147198018 0.014420435978816105
0 0.5162635216346154 0.758211796100323 0.04497542748084435 0.04553413391113281
0 0.21491272632892316 0.047591832967904896 0.05876981295072115 0.05934546544001652
0 0.7267478062556341 0.6515037830059345 0.015998253455528848 0.016077481783353366
0 0.06332620749106774 0.5551139024587778 0.03022911915412316 0.03002467522254357
0 0.7120604881873498 0.782230964073768 0.0649569584773137 0.06345338087815505
0 0.25073814392089844 0.18022581247182992 0.01983033693753756 0.02001366248497596
0 0.915706047644982 0.8298744788536658 0.016864189734825723 0.016993009127103366
0 0.3496567652775691 0.9917619411761944 0.022669131939227764 0.014422930203951322
0 0.10957285991081825 0.2050456817333515 0.01515047366802509 0.015183412111722507
0 0.516018060537485 0.38206265522883487 0.024905571570763223 0.025156534635103665
0 0.9351891737717849 0.5631850682772123 0.014389331524188701 0.015543497525728665
0 0.6916922055757962 0.6960855630727915 0.015952477088341348 0.015781989464393027
0 0.809940925011268 0.5111260414123535 0.024257953350360576 0.024395502530611478
0 0.7069958906907302 0.04351257819395799 0.016392927903395433 0.01642126303452712
0 0.7204033778263972 0.7117880307711087 0.01593164297250601 0.015828352708082933
0 0.1745906059558575 0.031006022141529962 0.031214457291823167 0.03206836718779344
0 0.2732939353355995 0.7268390655517578 0.015540526463435246 0.01572564932016226
0 0.5341300964355469 0.9235541270329402 0.01991125253530649 0.019670779888446514
0 0.5180694139920748 0.9135704040527344 0.017739222599909857 0.017419961782602165
0 0.6806813753568209 0.17349499922532302 0.06136996929462139 0.060520025400015026
0 0.19424946491534895 0.9318396494938777 0.015942940345177285 0.015932229849008415
0 0.8131823172936072 0.019074515654490545 0.015749124380258415 0.015556285014519325
0 0.08075277621929462 0.07461004073803242 0.02242832458936251 0.022272806901198167
0 0.3367440150334285 0.7366412969735953 0.08043868725116436 0.07992759117713341
0 0.45167152698223406 0.40846824645996094 0.03952495868389423 0.03877889193021334
0 0.22075117551363432 0.016089021013333246 0.025663155775803786 0.026101408096460197
0 0.49683570861816406 0.010068214856661283 0.014467239379882812 0.014767211217146654
0 0.33855148462148815 0.4345393547644982 0.09378734001746544 0.09326685391939603
0 0.6432213416466346 0.39811090322641224 0.021927026601938102 0.021951822134164665
0 0.4813199043273926 0.7407825176532452 0.03357711205115685 0.03434151869553786
0 0.13514129932110125 0.7203959685105544 0.013841885786790114 0.013708554781400241
0 0.9267114492563101 0.20098678882305437 0.017427884615384616 0.017531211559589092
0 0.6835223711453952 0.9025783538818359 0.014113352848933293 0.014275477482722355
0 0.3568871571467473 0.07163814856455876 0.028353177584134616 0.028325181740980882
0 0.860200441800631 0.7073389200063852 0.0394749274620643 0.04024446927584135
0 0.9074824406550481 0.7945417257455679 0.0142974853515625 0.014379941500150241
0 0.667803690983699 0.17888358923105094 0.03676106379582332 0.03744811278123122
0 0.10672318018399753 0.18575649995070237 0.020130670987642728 0.020401551173283503
0 0.42432487927950346 0.578676333794227 0.02427049783559946 0.023892549368051384
0 0.22468163416935846 0.3620181450477013 0.03342591799222506 0.033332531268780045
0 0.18560149119450495 0.9890625293438251 0.014275367443378154 0.013764014610877404
0 0.08578227116511418 0.6713595757117639 0.01444073823782114 0.014430999755859375
0 0.6007270812988281 0.28777551651000977 0.030216363760141227 0.03056936997633714
