0 0.27266619755671573 0.8522262573242188 0.19633909372182992 0.20627652681790865
0 0.20787301430335411 0.1301816151692317 0.0775155287522536 0.09184028552128719
0 0.3020449234889104 0.02291547105862544 0.06279927033644456 0.045118446533496566
0 0.6852050194373498 0.5055821858919584 0.05921378502478966 0.05934707935039814
0 0.26735811967116135 0.49056097177358776 0.06887113131009616 0.0688637953538161
0 0.7452997060922476 0.2275563386770395 0.16751392071063703 0.2826104530921349
0 0.5269280213576096 0.7660151261549729 0.05936490572415865 0.05958762535682091
0 0.2591252143566425 0.8185819479135367 0.03211065439077524 0.032245635986328125
0 0.45834057147686297 0.2287753178523137 0.02364635467529297 0.023688022906963643
0 0.6916245680588943 0.5542985475980319 0.06429232083834134 0.06397687471829928
0 0.2043000734769381 0.7272716668935922 0.04922940180851863 0.049651072575495794
0 0.7903604507446289 0.8636524493877704 0.026301017174353965 0.026198753943810098
0 0.7026434678297776 0.016133507856955893 0.021607032189002402 0.021978222406827487
0 0.35117149353027344 0.6134091157179612 0.03721926762507512 0.0372766348031851
0 0.6479301452636719 0.012159024293606099 0.0217129633976863 0.020940922773801364
0 0.6911296844482422 0.08754156186030461 0.0406957773061899 0.04081029158372145
0 0.5258159270653358 0.6417733705960788 0.05019363990196815 0.05053578890286959
0 0.4889962122990535 0.3880013685960036 0.026021370520958535 0.026063919067382812
0 0.24772233229417068 0.29758205780616176 0.02913104570828951 0.029046242053692158
0 0.6171318200918344 0.83879881638747 0.025512255155123197 0.025572850153996393
0 0.6684405987079327 0.8660043569711539 0.029202094444861777 0.029185955341045674
0 0.6173331187321589 0.6531907595120944 0.04489458524263822 0.04431460453913762
0 0.44159786517803484 0.3276583965008075 0.01951144291804387 0.01949009528526893
0 0.2903346281785231 0.9708090562086839 0.03860253554124098 0.03882334782527043
0 0.27970490088829625 0.5267806419959435 0.05284412090594952 0.053537735572228067
0 0.36130608045137846 0.4474686842698317 0.020035670353816107 0.019963777982271634
0 0.45695099463829625 0.27146321076613206 0.024358749389648438 0.024457344642052285
0 0.7471981048583984 0.3929282701932467 0.01966711191030649 0.019815738384540264
0 0.19025685237004206 0.49382561903733474 0.0368810066810021 0.03864200298602764
0 0.7435469994178185 0.3419828414916992 0.026072868934044473 0.026339310866135817
0 0.41559637509859526 0.07244655719170204 0.01757078904371995 0.017827859291663535
0 0.7827129364013672 0.023834336262482863 0.023546365591195915 0.023570212034078743
0 0.7176518073448768 0.6429833632249099 0.02342385512131911 0.023271707388070915
0 0.7429331999558669 0.8217551158024714 0.020774694589468148 0.0207211421086238
0 0.6894347851092999 0.7682374807504507 0.021964439978966348 0.022033251248873197
0 0.40654791318453276 0.1132950232579158 0.018077850341796875 0.017980135404146634
0 0.6461902031531701 0.7191875164325421 0.018003023587740384 0.017922328068659857
0 0.5698499312767615 0.8569134198702298 0.021128287682166465 0.02124507610614483
0 0.27581244248610276 0.5535531777601975 0.050812134375939004 0.05116000542273888
0 0.2607502570519081 0.40221335337712216 0.031001861278827373 0.030188633845402643
0 0.329011476956881 0.5622711548438439 0.018517567561222956 0.018471204317533053
0 0.7744639470027044 0.3188485365647536 0.03915141179011418 0.03972809131328876
0 0.27837408505953276 0.5831926785982572 0.038861017960768476 0.03976887923020583
0 0.7990184197059045 0.8131847381591797 0.021752577561598558 0.022075946514423076
0 0.3905328603891226 0.24774998884934646 0.022815997783954326 0.022785443526047926
0 0.1919874227963961 0.012785104604867788 0.01731260006244366 0.017134010791778564
0 0.5778894424438477 0.42774149087759167 0.015766143798828125 0.015820723313551683
0 0.3898162841796875 0.6142110090989333 0.019356507521409255 0.019701737623948317
0 0.5297718048095703 0.4508200792165903 0.018833160400390625 0.018884732173039362
0 0.32506003746619594 0.10622103397662823 0.02138519287109375 0.02133068671593299
0 0.5458379892202524 0.668744527376615 0.042769358708308294 0.04341198847844051
0 0.35922919786893404 0.7158320500300481 0.01625934013953576 0.0160977290226863
0 0.46928860591008115 0.04666697978973389 0.01663809556227464 0.01672218396113469
0 0.28152759258563703 0.2846122154822716 0.01580502436711238 0.01566740182729868
0 0.6700322077824519 0.5451496931222769 0.029797774094801683 0.03176579108605018
0 0.17748627295860878 0.3388367432814378 0.01735401153564453 0.01994477785550631
0 0.694788566002479 0.7863448216364934 0.022760978111853965 0.022415748009314902
0 0.7505465287428635 0.03539028076025156 0.0168002201960637 0.016417209918682393
0 0.4473320154043344 0.49237706111027646 0.04887859637920673 0.04925815875713642
0 0.44463194333589995 0.19374299049377441 0.01641420217660757 0.01662863217867338
0 0.7001919379601111 0.7991963900052584 0.01670969449556791 0.01673155564528245
0 0.4413006122295673 0.6289414625901443 0.025860713078425482 0.025834303635817308
0 0.22694327281071588 0.2193119342510517 0.022878573491023138 0.022855758666992188
0 0.601710319519043 0.2164453909947322 0.02142201937161959 0.021458772512582634
0 0.18422299164992112 0.05458400799677922 0.016125825735238884 0.01604001338665302
0 0.27954479364248425 0.9507644359882061 0.017835543705866888 0.018229557917668268
0 0.23879025532649115 0.8931799668532151 0.018629734332744893 0.018684827364408053
0 0.465788327730619 0.6880598068237305 0.017491267277644232 0.017242431640625
0 0.2712715955880972 0.11064412043644832 0.0448152835552509 0.04514672205998348
0 0.21300073770376352 0.04873890601671659 0.015576435969426082 0.015619415503281813
0 0.8184818854698768 0.0525283905176016 0.01633585416353666 0.016211161246666543
0 0.256132015815148 0.3677167525658241 0.0218502558194674 0.02213280017559345
0 0.6621814140906701 0.6550083160400391 0.01703027578500601 0.017165257380558893
0 0.3835139641394982 0.2619478885944073 0.017136353712815505 0.01710359866802509
0 0.2676513378436749 0.6897631425123948 0.016577867361215446 0.01639072711651142
0 0.7634279544536884 0.3634014129638672 0.02945577181302584 0.03073912400465745
0 0.8148701007549579 0.4268839909480168 0.015144788301908053 0.01512908935546875
0 0.5616490290715144 0.690285169161283 0.0421595940223107 0.041459156916691706
0 0.21722624852107122 0.42781965549175555 0.017795342665452223 0.01770943861741286
0 0.5369201073279748 0.9167696145864633 0.02569888188288762 0.025641514704777643
0 0.7629838356604943 0.3675077511714055 0.025304060715895433 0.025173407334547777
0 0.5583653083214393 0.18599341465876654 0.015449083768404447 0.015378438509427585
0 0.26050703342144305 0.9664667569673978 0.027862988985501803 0.0279849125788762
0 0.21529621344346267 0.9233149014986478 0.02274630619929387 0.022782252385066107
0 0.24479018724881685 0.9309261028583233 0.014351661388690654 0.014140495887169471
0 0.5676383972167969 0.9206158564640925 0.03554659623366136 0.03609026395357572
0 0.26716017723083496 0.4408204738910382 0.022488153897798978 0.022287662212665264
0 0.2730270165663499 0.06107251919232882 0.01775015317476713 0.01842817893395057
0 0.5267068422757663 0.12914063380314753 0.014571556678185096 0.014760127434363732
0 0.3784895676832933 0.14998765175159162 0.026395651010366585 0.026222394062922552
0 0.7228650313157302 0.5057777258066031 0.015140533447265625 0.015215506920447716
0 0.7550574082594651 0.7947213099553034 0.016934028038611777 0.01685171860914964
0 0.7326979270348182 0.5601194088275616 0.014485432551457332 0.014683723449707031
0 0.566876117999737 0.9095340141883264 0.017383428720327523 0.01697819049541767
0 0.43826594719519985 0.2718203434577355 0.015909194946289062 0.016254168290358324
0 0.34303679833045375 0.22202719174898589 0.017268621004544772 0.017387830294095553
0 0.660300768338717 0.6372715876652644 0.0384527353140024 0.03639367910531851
0 0.6531630295973557 0.11588047100947453 0.044062100923978366 0.04541283387404222
0 0.22274365791907677 0.6329308289747971 0.015169217036320614 0.015137745783879207
0 0.20037581370427057 0.7747509296123798 0.03338212233323317 0.03198594313401442
0 0.5543670654296875 0.5217913114107572 0.017574163583608773 0.01738709669846755
0 0.6446927877572867 0.7327485451331506 0.015222256000225361 0.014627603384164663
0 0.5194222376896784 0.33679760419405425 0.018253399775578424 0.017974706796499398
0 0.48160149500920224 0.5406968776996319 0.02182432321401743 0.022072718693659857
0 0.6639168079082782 0.6546451128446139 0.01994939950796274 0.020680941068209134
0 0.8015124981219952 0.812792704655574 0.025840172400841348 0.026187016413762018
0 0.43772998222937953 0.2950622852032001 0.014532529390775241 0.014589896568885216
0 0.6136424724872296 0.9594626059898963 0.015541956974909855 0.015814707829402044
0 0.35709439791165865 0.09522905716529259 0.014233955970177284 0.014391679030198317
0 0.24451204446645883 0.240202023432805 0.021575927734375 0.021505209115835335
0 0.3127248470599835 0.10713389286628136 0.050373004033015326 0.051238225056574896
0 0.33694876157320464 0.20952298091008112 0.01500687232384315 0.015021104079026442
0 0.4593354738675631 0.7093953352708083 0.01683954092172476 0.016461592454176683
0 0.6475716370802659 0.12845419920407808 0.027354607215294473 0.0280456909766564
0 0.40753331551185024 0.08351270052102897 0.015231719383826623 0.014782483761127178
0 0.2881544553316556 0.4031805992126465 0.028111091026893027 0.02858880849984976
0 0.4365821985098032 0.2832318636087271 0.014846361600435697 0.01459066684429462
0 0.36208460881159854 0.9441529787503756 0.013949907743013822 0.013955483069786659
0 0.5627029125507061 0.6942352881798377 0.032373281625600964 0.03403825026292067
0 0.5254058471092811 0.18195188962496245 0.016272471501277044 0.016589898329514723
0 0.4820431929368239 0.5041143343998835 0.02230350787823017 0.02269268035888672
0 0.5233220320481521 0.9212504166823167 0.01857156019944411 0.018979586087740384
0 0.3127937316894531 0.5023873402522161 0.01899418464073768 0.018999246450570915
0 0.5615520110497108 0.7015913449800931 0.02026990743783804 0.0199432373046875
0 0.35605929448054385 0.9257765549879807 0.014339887178861178 0.0146942138671875
0 0.7987967271071214 0.19231823774484488 0.018926620483398438 0.01905514643742488
0 0.27936821717482346 0.8658596185537485 0.014367433694692759 0.014379207904522236
0 0.4503322748037485 0.20561788632319525 0.013963259183443509 0.014333981734055739
0 0.2894383943997897 0.4056898263784555 0.023200181814340446 0.02370614271897536
0 0.573420524597168 0.1822489224947416 0.017295984121469352 0.017338019150954027
0 0.6474788372333233 0.10639894925631009 0.023869147667518027 0.02330614970280574
0 0.2469193018399752 0.4461538608257587 0.015288499685434194 0.015918438251201924
0 0.6499195098876953 0.12039798956650954 0.03738051194411058 0.04101998989398663
