0 0.24189996719360352 0.3778935945951022 0.13693934220534104 0.13844842177170974
0 0.8510577128483698 0.7258434295654297 0.03779866145207332 0.03809356689453125
0 0.6598997849684495 0.5193867683410645 0.024106832650991585 0.02428737053504357
0 0.8464849178607647 0.7972880143385667 0.01806215139535757 0.018094282883864183
0 0.7418928879957932 0.6050262451171875 0.01972814706655649 0.01983041029710036
0 0.8434273646428034 0.6879894550030048 0.0196072505070613 0.019458477313701924
0 0.498994387113131 0.874214245722844 0.017664395845853366 0.01801916269155649
0 0.5549989480238694 0.9863915076622596 0.016101910517765924 0.016129420353816107
0 0.6417346367469201 0.3053690286783072 0.03157659677358774 0.03147686444796049
0 0.7332842900202825 0.5903186064500076 0.016948993389423076 0.017305520864633415
0 0.3971084448007437 0.49800696739783656 0.019531616797814004 0.01935430673452524
0 0.6591870968158429 0.7204363896296575 0.020211439866286058 0.020306807297926683
0 0.7831476651705228 0.5976108404306265 0.09688127957857572 0.09881797203650841
0 0.6715006461510291 0.9407584117009089 0.017397660475510817 0.017470873319185697
0 0.3545915163480319 0.1442894018613375 0.03300813528207632 0.03311472672682542
0 0.7558576143704928 0.7563680502084585 0.015192178579477163 0.015179267296424279
0 0.18267737902127779 0.6864279967087966 0.015719780555138223 0.015587439903846154
0 0.6920792506291316 0.8063882681039664 0.03159493666428786 0.031810760498046875
0 0.30877117010263294 0.8558692198533279 0.018023197467510518 0.018002876868614785
0 0.3947914196894719 0.6365950657771184 0.023050675025353067 0.0230563237116887
0 0.654217793391301 0.655215336726262 0.015402867243840145 0.015212132380558895
0 0.49763378730187047 0.801325798034668 0.025945663452148438 0.026337550236628607
0 0.19542200748737043 0.14638172663175142 0.0465245980482835 0.046135939084566556
0 0.26779475578894985 0.6500406998854417 0.018859496483435996 0.018707862267127402
0 0.8654042757474459 0.8818197983961839 0.014739109919621395 0.017786759596604567
0 0.23136263627272385 0.7385746882512019 0.015708519862248346 0.015696012056790866
0 0.6065538112933819 0.7097634535569411 0.015579517071063701 0.015578049879807692
0 0.8500375014085036 0.5738898057204026 0.014268728402944712 0.014310763432429386
0 0.8126456920917218 0.8521072681133564 0.03100717984713041 0.03174444345327524
0 0.6539469498854417 0.6323199638953576 0.01985755333533654 0.019757197453425482
0 0.4457558118380033 0.7561893463134766 0.01662136958195613 0.016686219435471755
0 0.6900586348313552 0.9458383413461539 0.015045752892127404 0.014911358173076924
0 0.7552333244910607 0.6113036962655874 0.015037976778470553 0.015033721923828125
0 0.23929419884314904 0.16041201811570388 0.029413736783541165 0.029656520256629355
0 0.6268708155705378 0.48740566693819487 0.014746739314152645 0.014915906465970553
0 0.4980623538677509 0.7978235391470102 0.02386474609375 0.023882499107947715
0 0.34810264293964094 0.7503500718336839 0.017987984877366286 0.01812890859750601
0 0.49670989696796125 0.805660027724046 0.021789990938626803 0.021916316105769232
0 0.33657015286959135 0.17654965474055365 0.02856870797964243 0.02894434562096229
0 0.5795310093806341 0.8762347881610577 0.04112434387207031 0.04072482769305889
0 0.7086747242854192 0.7130857614370493 0.014040286724384014 0.013820061316856971
0 0.5000130580021784 0.7932721651517428 0.01837950486403245 0.017588688777043268
0 0.14937721765958345 0.4789891242980957 0.04137075864351713 0.044325094956618086
0 0.48798685807448167 0.8546859301053561 0.02470251230093149 0.024801107553335335
0 0.4594816794762245 0.6918418590839093 0.0186005372267503 0.01794580312875601
0 0.5180248113778921 0.366697017963116 0.030035899235652044 0.029975744394155648
0 0.8364463219275842 0.04507421530210055 0.016574859619140625 0.01645966447316683
0 0.6515767024113581 0.9585985770592322 0.025891524094801683 0.026690849891075723
0 0.3837547302246094 0.5869159698486328 0.020984649658203125 0.021009298471304085
0 0.4654257114116962 0.7045442141019381 0.019244267390324518 0.019867530235877402
0 0.18438651011540338 0.11033706481640156 0.016826776357797477 0.017016245768620417
0 0.8424838139460638 0.8487820258507361 0.014109244713416466 0.014245253342848558
0 0.2976414973919208 0.9070012752826397 0.3417059825016902 0.18668042696439302
0 0.5385381258451022 0.776934550358699 0.01777957035945012 0.01808313223031851
0 0.459712762099046 0.6790714997511643 0.016895294189453125 0.016376201923076924
0 0.3003366727095384 0.061030140289893516 0.014997739058274489 0.015719890594482422
0 0.2798187182499812 0.18198336087740385 0.018703387333796576 0.018612128037672777
0 0.2066936492919922 0.8046216231126052 0.01335004659799429 0.013354668250450721
0 0.818581067598783 0.7021431556114783 0.027117215670072116 0.027443519005408652
0 0.3410676075862004 0.23959680703970102 0.01914640573354868 0.018892728365384616
