0 0.5323096055250901 0.10314510418818547 0.07247558006873497 0.071213777248676
0 0.5688478763286884 0.4851536750793457 0.10572594862717849 0.10624394050011268
0 0.6295249645526593 0.5499625205993652 0.03829072071955754 0.03826134021465595
0 0.38111261221078724 0.6284701273991511 0.07293539780836839 0.07362659160907452
0 0.3643943346463717 0.4378089904785156 0.03285540067232572 0.03313658787653996
0 0.6907719098604642 0.2996421227088341 0.042828926673302285 0.04337721604567308
0 0.7258604489839994 0.22630918942964995 0.017014430119441107 0.01726377927339994
0 0.3683469478900616 0.7005375348604642 0.043154349693885215 0.04367197476900541
0 0.29643698839040905 0.6715119435237005 0.03160252937903771 0.031446016751802884
0 0.7353800260103666 0.6321409665621244 0.018757159893329326 0.018800001878004808
0 0.7405675741342398 0.65217348245474 0.0345463385948768 0.03511722271259014
0 0.3844735072209285 0.5557499665480393 0.07910302969125602 0.07970017653245193
0 0.6330524591299204 0.2569764210627629 0.023432218111478366 0.023112076979417067
0 0.49774800814115083 0.8751878004807693 0.02335196274977464 0.02313232421875
0 0.46215182084303635 0.6124398524944599 0.03674521813025841 0.03641077188345102
0 0.6675902146559495 0.13472366333007812 0.027443812443659857 0.02750051938570463
0 0.49239503420316255 0.2287309719966008 0.03440570831298828 0.034278539510873646
0 0.4569862072284405 0.444004278916579 0.04410244868351863 0.044071050790640026
0 0.47043052086463344 0.11873555183410645 0.045507577749399036 0.045549796177790716
0 0.43336952649630034 0.985600471496582 0.03303329761211689 0.028976000272310697
0 0.5783218603867751 0.8498153686523438 0.01661058572622446 0.01671321575458233
0 0.5431806124173678 0.5379865352924054 0.01703805189866286 0.017183450552133415
0 0.3574900993934044 0.4798899430495042 0.017478355994591348 0.017581939697265625
0 0.6906722142146184 0.13796501893263596 0.01706871619591346 0.017042196713961087
0 0.33967652687659633 0.7735971304086539 0.021167828486515924 0.021421285775991585
0 0.6906937085665189 0.4673037895789513 0.01705771226149339 0.016775204585148737
0 0.7369488202608548 0.17222285270690918 0.027897027822641227 0.027384574596698467
0 0.4739535405085637 0.8168013646052434 0.022475609412560098 0.022484999436598558
0 0.641147833604079 0.45838165283203125 0.027878394493689902 0.02794016324556791
0 0.2899447221022386 0.8986751116239108 0.02563175788292518 0.025769160344050482
0 0.6487567608173077 0.9162273406982422 0.02560600867638221 0.025677020733173076
0 0.668305910550631 0.26891741385826695 0.022832723764272835 0.022822086627666768
0 0.6943492155808669 0.44867926377516526 0.025455768291766826 0.025707098153921273
0 0.6359301346998948 0.8062650240384616 0.04008043729341947 0.03991347092848558
0 0.3760881790748009 0.6692981719970703 0.018652622516338643 0.01860207777756911
0 0.3216130550091083 0.8245985324566181 0.022272843580979567 0.022433941180889424
0 0.4771130268390362 0.15232141201312727 0.05263159825251652 0.053795961233285755
0 0.5888131581819974 0.12518463684962347 0.017829161423903245 0.01797784291780912
0 0.5069000170781062 0.1038361329298753 0.02235551980825571 0.022573104271521933
0 0.5413841467637283 0.8518072275015024 0.024725987361027643 0.02473625769981971
0 0.3608949367816632 0.9041925577016977 0.022544273963341348 0.02278768099271334
0 0.6893276801476111 0.7466119619516226 0.03920423067533053 0.04029347346379207
0 0.5457955507131723 0.9765561177180364 0.018233666053185098 0.018325952383188102
0 0.3041681693150447 0.5044230681199294 0.025972403012789212 0.026216947115384616
0 0.7478117576012244 0.29891443252563477 0.014569796048677884 0.019146552452674277
0 0.39395728478064906 0.7994544689471905 0.018868519709660456 0.01888245802659255
0 0.706276746896597 0.7531464650080755 0.029277508075420674 0.028946656447190505
0 0.39841358478252703 0.9823559247530423 0.022005374615009014 0.022091205303485576
0 0.6600752610426682 0.31823121584378755 0.028455000657301683 0.028673905592698317
0 0.44822043638962966 0.7769905970646784 0.020325293907752402 0.02032954876239483
0 0.6748183323786809 0.32866727388822115 0.028624607966496393 0.028036851149338942
0 0.6341470571664664 0.7738882211538461 0.02106167719914363 0.0214236332820012
0 0.6324259684636042 0.5194332416240985 0.03749979459322416 0.03870443197397085
0 0.41731680356539214 0.971922360933744 0.023329808161808893 0.023497654841496393
0 0.29333213659433216 0.8443723825307993 0.01841878890991211 0.01795343252328726
0 0.6699384542611929 0.7912494952862079 0.023080825805664062 0.023142594557542067
0 0.6519925777728741 0.9559533045842097 0.015341098491962139 0.015478574312650241
0 0.7295406048114483 0.3998456368079552 0.03323657696063702 0.033265920785757214
0 0.439699649810791 0.8393303797795222 0.020737281212439902 0.02051397470327524
0 0.3271320416377141 0.8031468024620643 0.022310770474947415 0.022241885845477764
0 0.6824018038236178 0.808462876539964 0.029254033015324518 0.029382705688476562
0 0.467867191021259 0.7269721397986779 0.02354277097261869 0.023767471313476562
0 0.3828926086425781 0.7741659604586087 0.020474360539362982 0.020302699162409857
0 0.2649691655085637 0.9059651448176458 0.015966488764836237 0.015738854041466348
0 0.7206852252666767 0.37739144838773286 0.01810631385216346 0.017629623413085938
0 0.35367987706111026 0.329894652733436 0.020338058471679688 0.020477735079251803
0 0.5761818885803223 0.06668980763508724 0.039441402141864486 0.04028427600860596
0 0.6210757769071139 0.8480732257549579 0.023374557495117188 0.023264371431790866
0 0.5717534285325271 0.7742469494159405 0.015739881075345553 0.01568456796499399
0 0.5039602059584397 0.7815460058359 0.01844031994159405 0.018473698542668268
0 0.24750225360576922 0.6719813713660607 0.015175195840688853 0.015688676100510817
0 0.7032479506272536 0.7199074671818659 0.01883418743426983 0.01887028033916767
0 0.6340015117938702 0.2170437482687143 0.024037581223707933 0.02420674837552584
0 0.589892680828388 0.209320435157189 0.03212327223557692 0.032076542194073014
0 0.5618168023916391 0.861846923828125 0.021205902099609375 0.021190349872295674
0 0.6903935945951022 0.4141082396874061 0.018366887019230768 0.01832998715914213
0 0.7236109513502854 0.4611999805157001 0.027213610135591947 0.027362896845890924
0 0.31814197393564075 0.8809658930851862 0.017266053419846755 0.017257250272310697
0 0.27908387550940883 0.5536562846257136 0.035707253676194414 0.034818796011117786
0 0.2963128456702599 0.5792772953326886 0.028732666602501504 0.02809568551870493
0 0.6552861287043645 0.2961607346167931 0.019570424006535456 0.0196682856633113
0 0.3635605298555814 0.8242887350229117 0.014879373403695913 0.015050154465895433
0 0.3902679223280687 0.38571555797870344 0.01574853750375601 0.015595069298377404
0 0.3897547355064979 0.933877211350661 0.020461082458496094 0.02063751220703125
0 0.3145264478830191 0.5802184618436373 0.04268910334660457 0.0416570810171274
0 0.44568237891564 0.5400059039776142 0.016032585730919473 0.01602451617901142
0 0.6866456545316256 0.22704117114727312 0.015233846811147837 0.0154572633596567
0 0.5245879980234 0.6866549711961013 0.01922431358924279 0.018794719989483174
0 0.6438042567326472 0.2859334212083083 0.01616492638221154 0.016045130216158353
0 0.5209572131817157 0.7778104635385367 0.017038492056039665 0.017508873572716348
0 0.6715263219980093 0.4499637163602389 0.017075758713942308 0.01719944293682392
0 0.28633227715125453 0.8562038861788236 0.014999059530404897 0.015262457040640024
0 0.38833893262423 0.7459430694580078 0.025334504934457634 0.024852752685546875
0 0.30089088586660534 0.8607288507314829 0.020746231079101562 0.020888695350060098
0 0.710783078120305 0.168409145795382 0.020971004779522236 0.020978890932523288
0 0.26476590449993426 0.029750537413817186 0.021772164564866286 0.022477530516110934
0 0.6369876861572266 0.8988613715538611 0.026848426231971152 0.026009779710036058
0 0.5451969733605018 0.7177430666410006 0.013833706195537861 0.013917482816256009
0 0.6554018167349008 0.8099974118746244 0.02126620366023137 0.022426458505483773
0 0.3236234738276555 0.761439690223107 0.015635050260103665 0.015343299278846154
0 0.2681390322171725 0.8155855032113882 0.01660457024207482 0.016599508432241585
0 0.4377618936391977 0.9644379982581506 0.016510890080378607 0.016330132117638223
0 0.40583258408766526 0.7095889311570388 0.016106898968036357 0.016152015099158652
0 0.5487106029803936 0.8747406739455003 0.0217589598435622 0.022339454064002402
0 0.377259767972506 0.9316881619966947 0.014524313119741587 0.014785179725060096
0 0.30722751984229457 0.6058144202599158 0.025667153871976413 0.025434347299429085
0 0.26589808097252476 0.04681802712954008 0.018118858337402344 0.01790156501990098
0 0.7235937852125901 0.894869510944073 0.017388563889723558 0.017425390390249398
0 0.5532761353712815 0.8827422948984 0.03217623783991887 0.03324743417593149
0 0.3696252749516414 0.5825877556434045 0.046797679020808294 0.04749914316030649
0 0.35209259620079625 0.7816844353309045 0.015095197237454928 0.015228564922626201
0 0.7427403376652644 0.21127796173095703 0.025145310621995192 0.035378602834848255
0 0.254345912199754 0.7182616453904372 0.025597498967097357 0.02518888620229868
0 0.38283740557157075 0.7306161293616662 0.03994178771972656 0.04084983238807091
0 0.3826904296875 0.4955357038057767 0.030586976271409255 0.030926924485426683
0 0.34665613908034104 0.9025372725266677 0.01384265606219952 0.014565981351412259
0 0.30657111681424654 0.43059605818528396 0.02760615715613732 0.02743046100323017
0 0.711640871488131 0.7290625939002404 0.016772343562199518 0.016897054818960335
0 0.6170407808743991 0.42856319134051984 0.018662672776442308 0.018581537099984977
0 0.29342981485220104 0.9272437462439904 0.021687727708082933 0.02161583533653846
0 0.30104604134192836 0.06476907088206364 0.01847677964430589 0.01888710718888503
0 0.3823217245248648 0.7365266359769381 0.03685760498046875 0.0378259512094351
0 0.46877497893113357 0.7826807315532978 0.015752865717961237 0.015817788931039665
0 0.453611814058744 0.5883800800030048 0.019442631648137018 0.01936648442195012
0 0.5374876169057993 0.9613232979407678 0.014419995821439303 0.014340620774489183
0 0.25565587557279146 0.6317198826716497 0.015275294964130107 0.01565698476938101
0 0.33024054307204026 0.4166218317472018 0.020210999708909255 0.019856673020582933
0 0.6818385491004357 0.9619511824387771 0.029719132643479567 0.0310055659367488
0 0.4846969017615685 0.15151563057532677 0.03784986642690805 0.03902438970712515
0 0.47226663736196667 0.013790350693922777 0.020190312312199518 0.020487501071049616
0 0.38471097212571365 0.5008168587317834 0.02481988760141226 0.024828617389385518
0 0.4638565503633939 0.9813450299776517 0.02231935354379507 0.02259371830866887
0 0.3388672241797814 0.8127605731670673 0.01917406228872446 0.018610440767728366
0 0.47951731315025914 0.8433697773860052 0.01781573662391076 0.017980282123272236
0 0.39453491797814 0.7232124622051532 0.01839292966402494 0.018112035898061898
0 0.6777583635770358 0.18959454389718863 0.05567081157977764 0.05501835162823017
0 0.37508509709284854 0.7283655313345102 0.02370115426870493 0.025694627028245192
0 0.3800359139075646 0.1886453995337853 0.016312819260817308 0.016219212458683893
0 0.5552797317504883 0.8016289931077224 0.022583594689002402 0.022629664494441107
0 0.6564112443190354 0.8138424799992487 0.0208432124211238 0.021063877986027643
0 0.29200183428250825 0.33994146493765026 0.015493539663461538 0.015474172738882212
