0 0.1543421378502479 0.5147358820988581 0.07793711698972262 0.07649414355938251
0 0.9142355552086463 0.8462980710543119 0.026912395770733174 0.026900658240685098
0 0.8565251277043269 0.9134041712834284 0.027973761925330527 0.02782410841721755
0 0.5295053995572604 0.786084248469426 0.04094534653883714 0.04110453679011418
0 0.7348880034226638 0.17824341700627253 0.03272232642540565 0.03271983220027043
0 0.6839116903451773 0.330627808204064 0.02237554696890024 0.02230666233943059
0 0.20994417483990008 0.8858356475830078 0.019962090712327223 0.019812657282902643
0 0.12524201319767878 0.03884215079821073 0.019127020469078652 0.018956908812889688
0 0.8088264465332031 0.4071258031404935 0.020891923170823317 0.020774401151216947
0 0.2991194725036621 0.7281875610351562 0.020811154292179987 0.020994919996995192
0 0.06628593114706186 0.525758486527663 0.024286691959087666 0.02434686514047476
0 0.6677828568678635 0.07304014609410213 0.021279408381535456 0.02145064794100248
0 0.778620353111854 0.671722412109375 0.07251739501953125 0.07383992121769832
0 0.22697622959430402 0.7576775184044471 0.018074512481689453 0.017764751727764424
0 0.8832737115713266 0.8024915548471304 0.017540711622971755 0.017701075627253607
0 0.07530795610868014 0.03702314541890071 0.024454355239868164 0.024590299679682806
0 0.9186744689941406 0.0659714753811176 0.01702147263746995 0.017132649054894082
0 0.8608150482177734 0.7588701981764573 0.018963153545673076 0.018987215482271634
0 0.8000992995042068 0.21456634081326997 0.019079061654897835 0.019057347224308893
0 0.05671701981471135 0.3683936779315655 0.019313537157498874 0.019093146690955527
0 0.9077776395357572 0.4442996611961952 0.0164187504695012 0.016289417560283955
0 0.8362335791954627 0.3635123326228215 0.016590411846454326 0.016411194434532754
0 0.28502203867985654 0.5197929602402908 0.017856011023888223 0.01783862480750451
0 0.6357521644005408 0.0606649793111361 0.022965064415564902 0.02285169638120211
0 0.680998288668119 0.6407715724064753 0.022936894343449518 0.022774476271409255
0 0.3212432861328125 0.538422914651724 0.021439185509314902 0.021610846886268027
0 0.8664764991173377 0.05684905785780687 0.01614981431227464 0.015968872950627253
0 0.32444231326763445 0.4944691291222206 0.020577063927283652 0.020433939420259915
0 0.5025335458608774 0.03966999970949613 0.015980867239145134 0.016242660008943997
0 0.17760680272028997 0.645661133986253 0.01600052760197566 0.016211876502403848
0 0.13972126520597017 0.35631832709679234 0.026928828312800482 0.027485774113581732
0 0.6428059798020583 0.5718607535729041 0.018735152024489183 0.018613521869365986
0 0.22097363838782677 0.5436681600717398 0.01663097968468299 0.01637876950777494
0 0.33558207291823167 0.5206796939556415 0.017197242149939902 0.01747263394869291
0 0.05030311987950252 0.8127295420720027 0.019200985248272236 0.019397588876577523
0 0.858499160179725 0.6319297643808218 0.016970414381760817 0.016771463247445915
0 0.5698752770057092 0.7398954538198618 0.036702522864708535 0.036507826585036054
0 0.6579500345083383 0.5377399738018329 0.01894202599158654 0.018716078538161058
0 0.061144654567425065 0.4543727728036734 0.017972542689396784 0.01791543226975661
0 0.6837235964261569 0.6011222325838529 0.01696161123422476 0.016838587247408353
0 0.039542161501370944 0.6656653330876277 0.01756700873374939 0.017242284921499398
0 0.15336367717156044 0.6988595815805289 0.025380849838256836 0.02549156775841346
0 0.9285488128662109 0.5914726990919846 0.015916971059945915 0.01613470224233774
0 0.1706542418553279 0.3100453523489145 0.017175747798039362 0.01727918478158804
0 0.2091239599081186 0.09982037544250488 0.015890194819523737 0.01595607170691857
0 0.668643071101262 0.2073242297539344 0.015951009897085335 0.015845702244685247
0 0.2765838916485126 0.6370787987342248 0.015269646277794471 0.015358998225285457
0 0.8705573448768029 0.9610186356764573 0.016231830303485576 0.016234911405123197
0 0.16792627481313852 0.658817878136268 0.015702100900503304 0.015623092651367188
0 0.227066315137423 0.6116988842303936 0.016134042006272536 0.01611474844125601
0 0.758632073035607 0.16981077194213867 0.015671950120192308 0.015435879047100361
0 0.6101725651667669 0.9710398453932542 0.023810460017277643 0.023505577674278848
0 0.7956326558039739 0.6077853716336764 0.026706695556640625 0.02645448537973257
0 0.43065958756666917 0.010706132421126733 0.016474503737229567 0.016753756082974948
0 0.35318932166466344 0.10003196276151217 0.016555932851938102 0.01653740956233098
0 0.40916659281804013 0.13959912153390738 0.015715819138746995 0.015851314251239482
0 0.8377764775202825 0.7738351088303786 0.017505499032827523 0.017363328200120192
0 0.14750644793877235 0.5544265967149001 0.035776156645554766 0.035543001615084134
0 0.6019539833068848 0.6542822030874399 0.022884222177358773 0.02307730454664964
0 0.7446308135986328 0.006685237471873944 0.015593748826246995 0.012452460252321683
0 0.6047171079195462 0.06910229646242581 0.02289126469538762 0.022866120705237754
0 0.2833706415616549 0.5367527008056641 0.016886270963228665 0.01690512437086839
0 0.7535241933969351 0.4548316735487718 0.01514141376201923 0.015061158400315505
0 0.3162835928109976 0.9925330235407903 0.01608613821176382 0.013259594257061299
0 0.3633416982797476 0.6849846473106971 0.02277968480036809 0.022749974177433893
0 0.8818864088792068 0.5352112696721003 0.014390798715444712 0.014469733605018029
0 0.8220316079946665 0.7798228630652795 0.016575446495643027 0.016777185293344352
0 0.8506172620333158 0.1574262839097243 0.014573170588566707 0.01469113276554988
0 0.967197271493765 0.5226861513577975 0.016460712139423076 0.016476851243239183
0 0.9708518981933594 0.4336811945988582 0.01575778080866887 0.02529760507436899
0 0.9613921825702374 0.368042725783128 0.015153444730318509 0.015454512376051683
0 0.8687808697040265 0.6848875192495493 0.015060131366436299 0.015313955453725962
0 0.36214964206402117 0.6389301006610577 0.07913846236008865 0.08087613032414363
0 0.1490510610433725 0.642424069918119 0.027385638310359076 0.027068504920372598
0 0.7188843947190505 0.7614718217116135 0.017374772291917067 0.01627012399526743
0 0.5373130578261155 0.5261253943810096 0.014276577876164364 0.014025468092698317
0 0.6855253072885367 0.4257045158973107 0.015002910907451924 0.014972173250638522
0 0.4929838547339806 0.884669303894043 0.01780091799222506 0.017726898193359375
0 0.1251804278447078 0.3249512452345628 0.031518165881817155 0.031944568340594955
0 0.1916657594534067 0.4861783981323242 0.015898924607496995 0.01599605266864483
0 0.9640684127807617 0.5964230023897611 0.014982957106370192 0.014747032752403846
0 0.2999294170966515 0.990394665644719 0.01985905720637395 0.01627173790564904
0 0.7098444425142728 0.9027800926795373 0.03135945246769832 0.031485337477463946
0 0.7594412290132962 0.2427675357231727 0.014565101036658654 0.01469868880051833
0 0.960205078125 0.7224599398099459 0.027859321007361777 0.027936788705679085
0 0.6502342224121094 0.7390836568979117 0.016236231877253607 0.01606589097243089
0 0.6697854995727539 0.13078968341533953 0.014718862680288462 0.01484984617966872
0 0.7147226333618164 0.7591212346003606 0.05771636962890625 0.0565649179311899
0 0.8547578958364633 0.6972147134634165 0.020259270301231973 0.020366668701171875
0 0.5738615622887244 0.17681052134587213 0.01430511474609375 0.0143888913668119
0 0.08503022560706505 0.7591730998112605 0.02982675112210787 0.029906052809495192
0 0.11691421728867751 0.759678473839393 0.015516079389131986 0.015448496891902043
0 0.23682812544015738 0.6815663851224459 0.01449126463669997 0.014833303598257212
0 0.7077613977285532 0.26688639934246355 0.014917080218975361 0.015215470240666317
0 0.9079338220449594 0.7366005824162409 0.017400007981520433 0.017218663142277643
0 0.6011249102078952 0.9708989216731145 0.01906923147348257 0.019928712111253005
0 0.2736048331627479 0.5633656795208271 0.018465702350323018 0.018425501309908353
0 0.6889002873347356 0.2765933550321139 0.014467386099008413 0.014741640824538011
0 0.1801922504718487 0.6324275090144231 0.015630061809833232 0.015786097599909857
0 0.0505369993356558 0.011291174934460567 0.014887571334838867 0.015229078439565806
0 0.26773430750920224 0.6721944808959961 0.014582670651949368 0.014730746929462139
0 0.19583804790790266 0.35280532103318435 0.016426966740534857 0.016291251549353965
0 0.04794942874174852 0.3485860824584961 0.015576041661776029 0.015695571899414062
