0 0.07907286974099967 0.3326550263624925 0.043483844170203574 0.04318985572228065
0 0.23380495951725885 0.7346027814424955 0.02991793705866887 0.029808191152719352
0 0.02846428522696862 0.9286847481360803 0.018891421648172233 0.01863259535569411
0 0.049026090365189776 0.8084888458251953 0.018187898855942946 0.018307025615985576
0 0.2485630328838642 0.8087167739868164 0.01744695810171274 0.017497869638296273
0 0.7531221096332257 0.3576180384709285 0.016372093787560098 0.01637862278864934
0 0.4293375748854417 0.23399785848764273 0.017498309795673076 0.017268584324763372
0 0.2951655387878418 0.6189622145432693 0.016371506911057692 0.016288207127497747
0 0.5147452721228967 0.42770928602952224 0.016047110924353965 0.016477218041053183
0 0.8436082693246695 0.8853869071373572 0.016204247107872598 0.01636343735914964
0 0.3195651861337515 0.34090335552509016 0.016280687772310697 0.01641420217660757
0 0.6702247032752404 0.8729497469388522 0.015883665818434495 0.015761302067683294
0 0.6240585767305814 0.19621838056124175 0.015573354867788462 0.015688015864445612
0 0.10271485035236065 0.07258014954053439 0.014988422393798828 0.01481486283815824
0 0.15478018613962027 0.03434676848925077 0.01679512170644907 0.01674530139336219
0 0.37529897689819336 0.9573877774752103 0.015376824599045973 0.015260843130258413
0 0.16678942166841948 0.012220560358120846 0.014966011047363281 0.014976347868259136
0 0.033510020146003135 0.36661162743201625 0.014431247344383826 0.014616599449744591
0 0.7874893775353065 0.19793400397667518 0.0141448974609375 0.013892613924466647
0 0.6779863650982196 0.7905335793128381 0.014032657329852764 0.014335338885967549
0 0.8201383443979117 0.6567899263822116 0.01434032733623798 0.014518150916466346
