0 0.5244488716125488 0.054369376255915716 0.14568600287804237 0.1082465465252216
0 0.43215458209698016 0.42017115079439604 0.07347767169658954 0.07494691702035758
0 0.39703537867619443 0.33995760404146635 0.048877569345327526 0.04840425344613882
0 0.4048780661362868 0.23224100699791542 0.043248616732083835 0.04352349501389723
0 0.32781142454880935 0.5294917913583609 0.06012241656963642 0.05998948904184195
0 0.3917114551250751 0.5195648486797626 0.0631102048433744 0.0637814448429988
0 0.34149826489962065 0.022835584787222054 0.04604941148024339 0.04423209337087778
0 0.6871442794799805 0.7790268384493314 0.03151292067307692 0.03174781799316406
0 0.7048568725585938 0.4866413703331581 0.03766279954176683 0.03761555598332332
0 0.29851869436410755 0.9390012300931491 0.03684300642747145 0.03666070791391226
0 0.7275032630333533 0.5280560713547927 0.04709185086763822 0.047875404357910156
0 0.26515817642211914 0.04692692940051739 0.0259551268357497 0.025624291254923895
0 0.6701529576228216 0.8300732832688552 0.036077646108774036 0.03607016343336839
0 0.4770109470073993 0.7025346022385818 0.0440672360933744 0.04330136225773738
0 0.543963725750263 0.6130558894230769 0.02912624065692608 0.02897482651930589
0 0.5320024123558631 0.37554685886089617 0.04631328582763672 0.0458679932814378
0 0.5968787853534405 0.04596849129750179 0.025057425865760215 0.024834055166978102
0 0.25787712977482724 0.021557039939440213 0.026242769681490384 0.026127109160790078
0 0.5680867708646334 0.7608600029578576 0.030217537513146035 0.030847549438476562
0 0.37257880430955154 0.8189524870652419 0.0671223126924955 0.06775401188777043
0 0.24709879435025728 0.19048821009122407 0.023896217346191406 0.025674856626070462
0 0.3831283129178561 0.8579056813166692 0.03081057621882512 0.03019993121807392
0 0.47662896376389724 0.7675724763136643 0.05254994905911959 0.05206078749436598
0 0.63213561131404 0.6351974193866436 0.024431815514197715 0.024584843562199518
0 0.5692255313579853 0.46773345653827375 0.01727118858924279 0.01743742135854868
0 0.7513949320866511 0.1693857633150541 0.019643636850210335 0.029202681321364183
0 0.30729565253624547 0.7222469036395733 0.02748892857478215 0.027645404522235576
0 0.30564172451312727 0.9062781700721154 0.025536830608661357 0.02542877197265625
0 0.33554245875431943 0.2233585577744704 0.025376319885253906 0.025444764357346755
0 0.6778737581693209 0.39483954356266904 0.025040553166316107 0.024808150071364183
0 0.26745185485252965 0.9607378152700571 0.029486656188964844 0.029607332669771634
0 0.557927315051739 0.5197248825660119 0.031434866098257214 0.0316620606642503
0 0.7127653268667368 0.308770436507005 0.02613096970778245 0.02617615919846755
0 0.3920588126549354 0.2793128857245812 0.020914371197040264 0.02078841282771184
0 0.3567959712101863 0.009742106382663433 0.03294284527118389 0.019221732249626748
0 0.28503647217383754 0.7115996434138372 0.022323241600623496 0.02237672072190505
0 0.631807987506573 0.4158622301541842 0.01949457021859976 0.019390252920297477
0 0.6112549121563251 0.711094489464393 0.022239538339468148 0.022195816040039062
0 0.29539742836585414 0.4109193361722506 0.018845191368689902 0.018767063434307393
0 0.25487831922677845 0.6012224784264197 0.03241326258732723 0.04590195875901442
0 0.3976412553053636 0.39579633566049427 0.03715830582838792 0.03836191617525541
0 0.44312286376953125 0.7307265355036809 0.047682542067307696 0.04652727567232572
0 0.6998768586378831 0.7478109506460336 0.03986167907714844 0.03987415020282452
0 0.46193438309889573 0.15780089451716497 0.015487377460186299 0.015292818729694072
0 0.6157766488882211 0.7890799595759466 0.027995513035700872 0.02728418203500601
0 0.7117149646465595 0.2589634381807767 0.020803011380709134 0.02117443084716797
0 0.45518016815185547 0.6289735940786508 0.06949586134690505 0.06967716950636643
0 0.5780383623563327 0.8659523450411283 0.03518588726337139 0.03484916687011719
0 0.5152665651761569 0.042468942128694974 0.028997421264648438 0.029185368464543268
0 0.6166986318734976 0.017571587975208577 0.02218319819523738 0.022412728804808397
0 0.49867043128380406 0.18796062469482422 0.024622403658353366 0.025197249192457933
0 0.5779538521399865 0.129317962206327 0.029293207021859977 0.029524766481839694
0 0.7446527481079102 0.05628289626194881 0.03512661273662861 0.0366208920112023
0 0.5848641028771033 0.2044509374178373 0.04269196436955379 0.04175420907827524
0 0.6030503052931565 0.8407032306377704 0.027454522939828727 0.027863575862004206
0 0.645816289461576 0.7148915070753831 0.023503963763897236 0.023703648493840143
0 0.34557650639460635 0.4207166525033804 0.0193173335148738 0.019165699298565205
0 0.6072003291203425 0.5329622121957632 0.018087093646709736 0.017996861384465143
0 0.676186781663161 0.9150929084190955 0.0187380864070012 0.018744835486778848
0 0.36139275477482724 0.9332102262056791 0.08471048795259915 0.08329479510967548
0 0.6208258408766526 0.048133290730989896 0.018728072826678935 0.018868281291081354
0 0.2969992527594933 0.05051657786736122 0.01792599604679988 0.017804365891676683
0 0.4247226348290077 0.28954291343688965 0.04225459465613732 0.04200594241802509
0 0.6001986356881949 0.009415082060373746 0.026643679692195013 0.01888987421989441
0 0.7521498753474309 0.3710932364830604 0.016616674569936898 0.017640333909254808
0 0.47466740241417515 0.45661346728985125 0.047197782076322116 0.04577181889460637
0 0.5067743888268104 0.16038175729604867 0.02751313723050631 0.027614556826077975
0 0.2787040930527907 0.9878783592810998 0.028968370877779447 0.023837456336388223
0 0.35703130868765026 0.7140291654146634 0.04322007986215445 0.043374134944035456
0 0.6094784736633301 0.10891638352320744 0.01881518730750451 0.018949618706336387
0 0.32840703083918643 0.48787784576416016 0.01864455296443059 0.018680572509765625
0 0.2967436680426964 0.428135505089393 0.019788338587834284 0.019622435936560996
0 0.4719085693359375 0.4906455553494967 0.031184856708233174 0.03182719304011418
0 0.4673303457406851 0.018694771023897026 0.037425848153921276 0.036399087080588706
0 0.652610705449031 0.7954652492816632 0.03595190781813402 0.035981985238882214
0 0.4207530388465294 0.7976448352520282 0.028651897723858174 0.029194171612079326
0 0.3725295066833496 0.6190587557279147 0.028978421137883112 0.02877077689537635
0 0.5875543447641226 0.6815530336820163 0.028892663808969352 0.029006371131310098
0 0.6250372666579026 0.9520269540640024 0.024032739492563102 0.024001488318810098
0 0.6127763161292443 0.09369261448199932 0.01745737515963041 0.01767279551579402
0 0.7352589827317458 0.7300654191237229 0.043134249173677884 0.04542042658879207
0 0.41562784635103667 0.8661172573383038 0.02049996302678035 0.020835436307466947
0 0.6092678583585299 0.6453150235689603 0.02596569061279297 0.026024011465219352
0 0.4750484319833609 0.85747557419997 0.015134811401367188 0.014806307279146634
0 0.2853796665485089 0.20695110467764047 0.030159510098970853 0.03066393045278696
0 0.7154905612652118 0.8786420088547927 0.020844092735877402 0.02063604501577524
0 0.6347204355093149 0.16039261451134315 0.027993422288161058 0.02827626008253831
0 0.6266272618220403 0.470912346473107 0.017475128173828125 0.017526626586914062
0 0.4620356926551232 0.9764109391432542 0.03796584789569561 0.037729703463040866
0 0.6294576204740084 0.8605431776780349 0.02645287146935096 0.026547358586237982
0 0.4997363824110765 0.22370448479285607 0.01773350055401142 0.01776262430044321
0 0.2698494471036471 0.20016956329345703 0.016834552471454326 0.016222440279447116
0 0.2615319582132193 0.7021146921011118 0.026396421285775993 0.02653371370755709
0 0.3634227239168607 0.9081629239595853 0.023155725919283353 0.02416405310997596
0 0.2612004280090332 0.8148411970872146 0.01752750690166767 0.017644442044771634
0 0.5975503921508789 0.451544504899245 0.018573247469388522 0.019030350905198317
0 0.45801353454589844 0.5318092933067908 0.06849846473106971 0.06792934124286358
0 0.5919628510108361 0.2785354394179124 0.019506381108210638 0.019983181586632363
0 0.5687184700599084 0.1788778305053711 0.019698949960561898 0.01972675323486328
0 0.5197910162118765 0.6558631016657903 0.017310949472280648 0.01751122107872596
0 0.6101179856520432 0.690848864041842 0.019138336181640625 0.018930581899789665
0 0.7261289449838492 0.03777429461479187 0.017234362088716947 0.017456297691051777
0 0.4235861118023212 0.6606688866248498 0.02170254633976863 0.021936416625976562
0 0.653424336360051 0.8695628826434796 0.027085524338942308 0.0281979487492488
0 0.2881133006169246 0.03436570213391231 0.020739335280198317 0.020555537480574388
0 0.6916197263277494 0.9606627684373122 0.0365599118746244 0.036751967210036054
0 0.6389207106370193 0.16714978218078613 0.01681665273813101 0.0167540770310622
0 0.7501960167518029 0.34990567427415115 0.020205571101262018 0.02145987290602464
0 0.6780600914588342 0.6543210836557242 0.02648441608135517 0.026591080885667067
0 0.6150576151334323 0.4927253723144531 0.019212796137883112 0.019275078406700723
0 0.31969767350416917 0.764075939471905 0.060275022800152116 0.06086995051457332
0 0.4155729733980619 0.8354757749117337 0.02042843745304988 0.02043885451096755
0 0.742528328528771 0.15088393138005182 0.016823988694411058 0.01671281227698693
0 0.7568073272705078 0.10093116760253906 0.011652432955228366 0.017227026132436898
0 0.35613059997558594 0.9553435398982122 0.03880801567664513 0.03792660052959736
0 0.6630828563983624 0.23917066133939302 0.029304357675405648 0.02933663588303786
0 0.7418662584744967 0.2167987823486328 0.02733186575082632 0.027304722712590143
0 0.7018927060640775 0.4084797272315392 0.016977603618915264 0.016928379352276143
0 0.6376257676344651 0.43382806044358474 0.02016581021822416 0.020861699030949518
0 0.4641437897315392 0.7832986391507663 0.029310299799992487 0.030163104717548076
0 0.6818660589364859 0.30425843825707066 0.020145562978891227 0.02073871172391451
0 0.7089896568885217 0.12841413571284369 0.022322728083683893 0.02213632143460787
0 0.38303415591900164 0.06030887823838454 0.017756315378042366 0.017765732911916878
0 0.6486387252807617 0.21718619419978216 0.02090322054349459 0.021249917837289665
0 0.4231744179358849 0.4636514370258038 0.0240780757023738 0.02473933880145733
0 0.4404274133535532 0.9212841620812049 0.020749018742487982 0.020592616154597357
0 0.37729377012986404 0.26016934101398176 0.02109520251934345 0.02106017332810622
0 0.597926506629357 0.02158319720855126 0.017102388235238884 0.01699751615524292
0 0.34039552395160383 0.9190981938288763 0.04066261878380409 0.04069724449744591
0 0.5829815864562988 0.37551003236037034 0.016719231238731973 0.01635294694166917
0 0.3221746591421274 0.6326432594886193 0.1421345747434176 0.1379979940561148
0 0.4208239775437575 0.26881995567908656 0.041296738844651446 0.04173366840069111
0 0.3622470268836388 0.7157805516169622 0.052208973811222956 0.052530728853665866
0 0.589413569523738 0.7069619985727164 0.0179593746478741 0.018160599928635817
0 0.6367965111365685 0.16358353541447565 0.023020230806790866 0.023268910554739144
0 0.6115929897014911 0.4199028748732347 0.021512324993426982 0.022487933819110576
0 0.39220648545485276 0.6757959219125601 0.027801513671875 0.028408930851862982
0 0.541979716374324 0.4403309455284706 0.026172344501201924 0.02599936265211839
0 0.731789075411283 0.1094973637507512 0.020025986891526442 0.02108291479257437
0 0.5627690461965708 0.443389525780311 0.019074440002441406 0.01922607421875
0 0.6213054656982422 0.45115137100219727 0.017373268420879658 0.01849049788254958
0 0.5261039000291091 0.9900625669039212 0.02635985154371995 0.018204762385441706
0 0.3546375861534706 0.22696194281944862 0.017825786884014424 0.017724110529972956
0 0.29100619829618013 0.3148175753079928 0.017815369826096755 0.017624800021831807
0 0.5374986208402194 0.2510068599994366 0.018124947181114785 0.018607359666090745
0 0.2924616520221417 0.29122332426217884 0.01816903627835787 0.01801439431997446
0 0.41795869973989636 0.7995634078979492 0.035213617178109974 0.034245857825646035
0 0.7473047696627103 0.65546021094689 0.019600794865534857 0.029938624455378607
0 0.3270129423875075 0.7114655421330378 0.025350277240459736 0.026285905104417067
0 0.4872165093055138 0.1103579722917997 0.018531065720778245 0.018600592246422402
0 0.39001985696645886 0.6745193188007061 0.019510635962853067 0.019628084622896634
0 0.4237226339486929 0.32123440962571365 0.021080457247220553 0.020775281465970553
0 0.4022499231191782 0.6470534984882061 0.022173368013822116 0.022087977482722357
0 0.6042433518629807 0.8669336759127103 0.01880953862116887 0.0191195561335637
0 0.5753279832693247 0.2152991661658654 0.01678804250863882 0.01678576836219201
0 0.6114369905911959 0.3810456349299504 0.014528274536132812 0.014881427471454326
0 0.2884968610910269 0.0312767166357774 0.024119083697979268 0.024004193452688363
0 0.4705818249629094 0.022712492025815524 0.027732702401968148 0.028853838260357197
0 0.5641650419968826 0.36409653150118315 0.023989163912259616 0.02386628664456881
0 0.4410148033728966 0.315369936136099 0.01869480426494892 0.0191343014056866
0 0.36768025618333083 0.3719907540541429 0.042570847731370196 0.041416094853327826
0 0.2880690281207745 0.6283702850341797 0.017514668978177585 0.017383868877704326
0 0.7155007582444411 0.28831621316763073 0.023401993971604567 0.024154516366811898
0 0.5928102640005258 0.2161124852987436 0.01703922565166767 0.016963665301983174
0 0.7304043403038611 0.870566148024339 0.015615609975961538 0.0156704829289363
0 0.7317095536452073 0.11545348167419434 0.01921697763296274 0.02008812244121845
