0 0.7172558857844427 0.9364124444814829 0.06372319735013522 0.06357530447152945
0 0.29544028869042027 0.6372414368849534 0.12735135738666242 0.1295339144193209
0 0.7005603496844952 0.875096321105957 0.048731290377103366 0.0485228024996244
0 0.4031951610858624 0.17524942984947792 0.11844913776104267 0.11840261862828182
0 0.18782657843369704 0.3717052753155048 0.05668801527756911 0.05650520324707031
0 0.5722730343158429 0.9196546994722806 0.056043771597055286 0.055395859938401446
0 0.07699854557330792 0.7149413915780874 0.05085413272564228 0.06500493563138522
0 0.42266401877770055 0.4434375762939453 0.10024782327505258 0.10104091350848858
0 0.5567984214195838 0.6093255556546725 0.06295277522160457 0.0622400137094351
0 0.11213328288151668 0.5201785014225886 0.046049888317401595 0.0465088624220628
0 0.5972548264723557 0.8232587667611929 0.02808834956242488 0.028048295241135817
0 0.3493377978985126 0.37732975299541766 0.049820313086876504 0.049589303823617786
0 0.11266644184405987 0.4465969525850736 0.04109683403602013 0.041511829082782455
0 0.0970595249762902 0.6808860485370343 0.035643504216120794 0.03597215505746695
0 0.7878784766564002 0.9520332629864032 0.03131661048302284 0.03166814950796274
0 0.07195808337284969 0.539275572850154 0.04221444863539476 0.048401172344501205
0 0.6927058880145733 0.6790065031785232 0.027166366577148438 0.027104744544396035
0 0.23239685938908503 0.6980872521033654 0.026355816767765924 0.026204035832331732
0 0.6394128065842849 0.96417969923753 0.03560227614182692 0.03533524733323317
0 0.7678258602435772 0.10550078061910775 0.07369569631723258 0.07434795452998234
0 0.06976145964402419 0.4497558887188251 0.04104880186227652 0.045097057635967545
0 0.8088487478402945 0.816744877741887 0.027798872727614183 0.027617527888371393
0 0.640327893770658 0.7660655975341797 0.027259239783653848 0.02723517784705529
0 0.39543720392080456 0.7512959700364333 0.0190731928898738 0.01920465322641226
0 0.5374374756446252 0.2984738533313458 0.029078263502854567 0.029143003317025993
0 0.5298448709341196 0.8171718303973858 0.021948594313401442 0.021919837364783652
0 0.30529011212862456 0.33011685884915865 0.029746349041278545 0.029799241286057692
0 0.6977988023024339 0.8209561568040115 0.029969435471754808 0.02993158193734976
0 0.20360664220956656 0.4856715569129357 0.023673130915715143 0.023818456209622897
0 0.5037176792438214 0.3599558976980356 0.023092123178335335 0.023178760822002705
0 0.27634206184974086 0.7933104588435247 0.023062779353215143 0.02311853262094351
0 0.16837281447190505 0.3127635075495793 0.038402786621680625 0.038777791536771335
0 0.2589971652397743 0.40738604618952823 0.027608174544114333 0.027951974135178786
0 0.5037503242492676 0.06769750668452336 0.03022480010986328 0.03049006828894982
0 0.9099052135760968 0.8834185233482947 0.039399953988882214 0.03998521658090445
0 0.5663171548109788 0.6843461256760818 0.10182534731351413 0.10386290917029747
0 0.44246497521033656 0.6252561715932993 0.15787447415865385 0.15530732961801383
0 0.589756598839393 0.6305194267859826 0.017439915583683893 0.017703423133263223
0 0.9225355295034555 0.9300171778752253 0.021936563345102165 0.02200464101938101
0 0.5748793528630183 0.8545072995699369 0.01840342008150541 0.01838508019080529
0 0.2020859718322754 0.41439188443697417 0.02237085195688101 0.022307469294621393
0 0.09032256786639874 0.2219843864440918 0.019930949577918418 0.019963851341834433
0 0.11188110938439003 0.8597617516150842 0.022350237919734076 0.022387871375450723
0 0.7719004704402044 0.8442073235144982 0.01928564218374399 0.019228275005634014
0 0.23842529150155875 0.42099916017972505 0.023231946505033053 0.023104300865760215
0 0.7083788651686448 0.9876012068528396 0.037215012770432696 0.023125428419846755
0 0.7651342245248648 0.6057293965266302 0.02493432851938101 0.024993456326998197
0 0.17402106065016526 0.33672985663780797 0.03317946654099684 0.03329805227426382
0 0.07830425409170297 0.8816342720618615 0.02476255251811101 0.024965873131385215
0 0.6629915971022385 0.440893686734713 0.022326542780949518 0.022418975830078125
0 0.4600243935218224 0.5770330429077148 0.018135877755972054 0.018158839299128607
0 0.5195317635169396 0.10765268252446102 0.02580862778883714 0.025265235167283278
0 0.8227780415461614 0.6032482660733737 0.029482181255634014 0.029576448293832634
0 0.8963251113891602 0.7494452549861028 0.029430242685171273 0.02974862318772536
0 0.49229262425349307 0.5346422929030198 0.05696370051457332 0.05721891843355619
0 0.4547306207510141 0.37389740577110875 0.01944894057053786 0.01952699514535757
0 0.6822383587176983 0.8008658335759089 0.017042013315054085 0.017171859741210938
0 0.7561563345102164 0.39309131182157075 0.01654668954702524 0.016650566687950723
0 0.8388027778038611 0.8183736801147461 0.02893345172588642 0.029259608342097357
0 0.9351514669565054 0.8608643458439753 0.027408012977013223 0.03363800048828125
0 0.2525171866783729 0.8226132026085486 0.018115116999699518 0.017895918626051683
0 0.4555625915527344 0.03539918019221379 0.04784708756666917 0.047626917178814225
0 0.4952846673818735 0.7253444378192608 0.020357572115384616 0.020122234637920674
0 0.8798390902005709 0.07831146166874813 0.017267227172851562 0.01729168800207285
0 0.6490802764892578 0.5107442415677584 0.015706282395582933 0.015637544485238884
0 0.7112905062161959 0.03469179226801945 0.04427132239708534 0.04448845753302941
0 0.14798441300025353 0.6877319629375751 0.016764457409198467 0.016772050123948317
0 0.8010896536020132 0.8453554740318885 0.01885194044846755 0.019080088688777044
0 0.610333149249737 0.6718122042142428 0.07791299086350661 0.07838762723482572
0 0.869870112492488 0.6483594454251803 0.019229008601262018 0.019243387075570915
0 0.49486783834604114 0.8361432735736554 0.02562875014085036 0.025730719933143027
0 0.3959195063664363 0.7932896247276893 0.17212574298565203 0.17511778611403245
0 0.6859901134784405 0.570656262911283 0.03870523892916166 0.039169018085186295
0 0.30766525635352504 0.1975212830763597 0.028124552506666917 0.028492487393892728
0 0.8894368685208834 0.8928466209998498 0.031459808349609375 0.03095245361328125
0 0.49471356318547177 0.3235476933992826 0.053223023047814004 0.053268726055438705
0 0.5531618778522198 0.41135677924522984 0.015012741088867188 0.014992273770845853
0 0.05845257869133583 0.055786958107581504 0.021270623573890098 0.024237687771136943
0 0.8535716717059796 0.7981705298790565 0.029010185828575723 0.02945547837477464
0 0.6292197154118464 0.024870148071875937 0.0405729733980619 0.04079560133127066
0 0.810873765211839 0.05100942575014555 0.055694580078125 0.054931934063251205
0 0.09901968332437369 0.2958240875831017 0.018727210851816032 0.01876236842228816
0 0.2928888981158917 0.40361870252169096 0.022255970881535456 0.021986888005183294
0 0.07329955467810997 0.1572387585273156 0.019954497997577373 0.01999675310575045
0 0.9260342671320989 0.3720472775972806 0.014813056358924279 0.01493087181678185
0 0.08446977688716008 0.13737764725318322 0.019362197472498968 0.019594797721275918
0 0.2952320392315204 0.9909501442542443 0.016678700080284707 0.014882454505333534
0 0.4452928396371695 0.10383750842167781 0.022717695969801683 0.02221521964439979
0 0.7886593158428485 0.15011509565206674 0.023375877967247598 0.02361321449279785
0 0.21071300139793983 0.5395755767822266 0.03113566912137545 0.03096763904278095
0 0.5887236228355994 0.46939813173734224 0.02477440467247596 0.024556673490084134
0 0.23546748894911546 0.40486541161170375 0.014770214374248799 0.01471262711745042
0 0.8747469828679011 0.028197526931762695 0.020836316622220553 0.020718904641958382
0 0.19394768201387846 0.4018413470341609 0.018655923696664665 0.01830915304330679
0 0.22051308705256537 0.9840079087477464 0.015105650975153996 0.015211692223182091
0 0.18320472423846906 0.5062712522653433 0.017986407646766074 0.017778543325570915
0 0.6558848160963792 0.9167236915001502 0.024470109205979567 0.024403938880333535
0 0.17492783986605132 0.9787050393911508 0.01696612284733699 0.016875046950120192
0 0.712773689856896 0.10634332436781663 0.05209438617412861 0.05217621876643254
0 0.36713336064265323 0.3471528566800631 0.015839796799879808 0.015819256122295674
0 0.5774239760178786 0.7552157181959885 0.01587500939002404 0.015705108642578125
0 0.903653438274677 0.7937067472017728 0.016787015474759616 0.016858027531550482
0 0.07950401306152344 0.42458824010995716 0.0270879864692688 0.027053026052621696
0 0.3449906569260817 0.4635737125690167 0.014809681819035457 0.014821932866023136
0 0.1450528731712928 0.09015525304354154 0.017706614274245042 0.017664395845853366
0 0.4817359264080341 0.8817450450016902 0.02751922607421875 0.028096565833458535
0 0.633486454303448 0.8134244772104117 0.015206263615534855 0.015300163855919471
0 0.2153315910926232 0.8065289717454177 0.015240155733548678 0.015199514535757212
0 0.5121323145352877 0.29366973730234 0.023192405700683594 0.023315062889685996
0 0.6700952236468976 0.17984727712777945 0.025879639845628005 0.02542723142183744
0 0.6794578845684345 0.9342436423668494 0.03448134202223558 0.034273734459510215
0 0.33832645416259766 0.7091856736403245 0.04009290841909555 0.04007251446063702
0 0.27194767731886643 0.971833008986253 0.015126961928147536 0.015129382793719951
0 0.7916051424466647 0.7916959615854117 0.015984168419471152 0.016426233144906852
0 0.5086524669940655 0.7162546744713416 0.023233853853665866 0.023158146784855768
0 0.8215013650747446 0.7351288428673377 0.03539628248948317 0.035488275381234974
0 0.5187142445490911 0.504432384784405 0.021047445443960335 0.02171751169057993
0 0.28373217582702637 0.1954378348130446 0.017400704897367038 0.01715506040132963
0 0.7572057430560772 0.6963178194486178 0.01923032907339243 0.0195156977726863
0 0.38719602731557995 0.6375198364257812 0.10280198317307693 0.10750682537372296
0 0.8451715616079477 0.9888816246619592 0.020139547494741585 0.0187222407414363
0 0.8791192861703726 0.15101855534773606 0.06962878887469952 0.06877490190359262
0 0.88763427734375 0.9151040590726413 0.019788448627178486 0.019446446345402643
0 0.31079945197472203 0.8290461026705228 0.046799457990206204 0.04756986177884615
0 0.11320333297436054 0.13256423289959246 0.017424234977135293 0.01755391634427584
0 0.4421252470750075 0.08277444656078632 0.01685333251953125 0.01670083632835975
0 0.2623146130488469 0.027458548545837402 0.02065247755784255 0.02093794712653527
0 0.5492632205669696 0.2637775127704327 0.015681340144230768 0.015639268434964694
0 0.9019068204439603 0.07043635386687058 0.024174616887019232 0.024123879579397347
0 0.9417881598839393 0.5955463556142954 0.013857327974759616 0.01728967519906851
0 0.5948426906879132 0.7871608734130859 0.01418011005108173 0.013950054462139424
0 0.8640579810509315 0.3434281349182129 0.013921004075270433 0.013926212604229268
0 0.8048472771277795 0.5660658249488244 0.01702734140249399 0.01728358635535607
0 0.6164820010845478 0.8112559685340295 0.014885975764347957 0.014988532433143029
0 0.123656859764686 0.9263534545898438 0.017134666442871094 0.017788226787860576
0 0.3942388387826773 0.35764525486872745 0.015867086557241585 0.01552112285907452
0 0.589576794550969 0.24530542813814604 0.01614555945763221 0.01626436526958759
0 0.5571707945603591 0.24644549076373762 0.01411907489483173 0.014161990239070011
0 0.7840834397536057 0.4851771868192233 0.013946239764873799 0.013827837430513822
0 0.8800857250507061 0.738072762122521 0.014460050142728366 0.014321253849909855
0 0.10946682783273551 0.9210262298583984 0.01499036642221304 0.015262897198016826
0 0.5558002178485577 0.1874684187082144 0.027841567993164062 0.02779527810903696
0 0.6022587556105393 0.9626112717848557 0.01671013465294471 0.016712482158954326
0 0.6930362994854267 0.524443479684683 0.014257284311147837 0.013706353994516226
0 0.6171165613027719 0.7879059131328876 0.01384280278132512 0.013707967904897837
0 0.833896490243765 0.5640470064603366 0.024930220383864183 0.025301273052509014
0 0.8735448397122897 0.9036186658419095 0.015430450439453125 0.015175892756535457
0 0.6138042303232046 0.28657029225276065 0.02038882328913762 0.020509866567758415
0 0.6909858997051532 0.7712868910569411 0.014124063345102163 0.014374953049879808
0 0.6568651932936448 0.6005196571350098 0.03756244365985577 0.038561380826509915
0 0.7344289192786584 0.7405257591834435 0.01506350590632512 0.014873504638671875
0 0.43277949553269607 0.38898746783916766 0.025685237004206732 0.025917493380033053
0 0.8735777047964243 0.9016505754910983 0.01767143836388221 0.01757533733661358
0 0.6481282160832331 0.8526712564321665 0.014305408184344951 0.014302327082707332
0 0.18069709264315093 0.9643160013052133 0.02170848846435547 0.022044548621544473
0 0.5221424469581017 0.14065788342402533 0.014749600337101864 0.014783895932711087
