0 0.7253655653733474 0.8455311701847956 0.044864654541015625 0.04517525892991286
0 0.42735495934119594 0.972573500413161 0.05112618666428786 0.049642122708834134
0 0.5574585841252253 0.7086616662832407 0.03195733290452223 0.03229023860051082
0 0.527122790996845 0.06993001240950364 0.031443082369290866 0.03161182770362267
0 0.44243277036226714 0.2256920887873723 0.02515719487116887 0.02521507556621845
0 0.2765623972966121 0.8106511922983023 0.02247487581693209 0.022275777963491585
0 0.4727979073157677 0.2882188650277945 0.026233966533954326 0.026318770188551683
0 0.7156174733088567 0.08732329882108249 0.021733650794396035 0.02198240848687979
0 0.6777648192185622 0.6112867502065805 0.017988204956054688 0.018111595740685098
0 0.6001694752619817 0.1139207069690411 0.02038119389460637 0.020626398233266976
0 0.7094525557297927 0.3641813718355619 0.020160381610576924 0.020257949829101562
0 0.32845805241511417 0.49341209118182844 0.0206149174616887 0.020444136399489183
0 0.5710691672105056 0.1398639312157264 0.018822303185096152 0.01882589780367338
0 0.27465514036325306 0.12583022851210374 0.01860383840707632 0.01839608412522536
0 0.3152165779700646 0.7168599642240084 0.026426388667179987 0.026657984806941107
0 0.8018734271709735 0.5641717177170974 0.022594745342548076 0.022853704599233773
0 0.5089805309589093 0.1240843809567965 0.019613119272085335 0.019632376157320462
0 0.6878541799692007 0.04456024445020235 0.0209811283991887 0.02116876382094163
0 0.576445066011869 0.9891606844388522 0.019406832181490384 0.01804689260629507
0 0.7351417541503906 0.6299789135272686 0.020885760967548076 0.02095794677734375
0 0.38086949861966646 0.7247138390174279 0.019021107600285456 0.0189208984375
0 0.3935245733994704 0.3288328464214618 0.018268291766826924 0.01842924264761118
0 0.1652704385610727 0.4131518510671762 0.02712565201979417 0.027289537283090446
0 0.2330292555002066 0.8715648651123047 0.017235682560847357 0.017206925612229567
0 0.5270106975848858 0.4444645368135892 0.018858909606933594 0.018917377178485576
0 0.506562746488131 0.01920276077894064 0.01767877432016226 0.017637608142999504
0 0.570007691016564 0.24471418674175555 0.02047142615685096 0.02045723108144907
0 0.5429552518404447 0.9431727482722356 0.01703805189866286 0.01707311776968149
0 0.5267453560462365 0.39676879002497745 0.0191958500788762 0.01927053011380709
0 0.20723632665780875 0.5288430727445163 0.01707737262432392 0.016957943256084736
0 0.3996261449960562 0.6900837971613958 0.019960403442382812 0.02006369370680589
0 0.17972705914424017 0.1143954717195951 0.021535983452430137 0.021631717681884766
0 0.20164913397568923 0.3234392312856821 0.01913250409639799 0.01883242680476262
0 0.6327618085421048 0.7282342177170974 0.017684496366060697 0.01767275883601262
0 0.46252742180457485 0.9568138856154221 0.019864669212928183 0.020241370567908652
0 0.8181960032536433 0.13298567441793588 0.017067102285531852 0.016702706997211162
0 0.723711894108699 0.7794663355900691 0.017575777493990384 0.017567561222956732
0 0.3728221012995793 0.07909129216120793 0.01714434990516076 0.016878348130446214
0 0.3372680957500751 0.1350591366107647 0.01631751427283654 0.01629037123460036
0 0.6870134060199444 0.8911258990948017 0.01697569627028245 0.01699095505934495
0 0.7512168150681716 0.35574700282170224 0.01803134037898137 0.018088854276216947
0 0.5824096386249249 0.0873719178713285 0.016448387732872598 0.016280944530780498
0 0.548566304720365 0.4905713154719426 0.01754276569073017 0.017500804020808294
0 0.24689109508807844 0.7404056695791391 0.019620822026179388 0.01946566655085637
0 0.49228235391470104 0.22656842378469613 0.016270564152644232 0.01649321042574369
0 0.4527038794297438 0.5426851786099948 0.01628699669471154 0.016492623549241286
0 0.22440816805912897 0.17069600178645208 0.01755688740656926 0.017334131094125602
0 0.22860394991361177 0.633822514460637 0.018747366391695462 0.018618950477013223
0 0.3721284499535194 0.5130301255446214 0.015438519991361178 0.015658158522385817
0 0.2778713886554425 0.8693411900446966 0.01582167698786809 0.015933403602013223
0 0.3035736634181096 0.8383392920860877 0.01677531462449294 0.016649246215820312
0 0.5210559184734638 0.19384543712322527 0.016193389892578125 0.01624441146850586
0 0.2846245582287128 0.5633217738224909 0.017397733835073616 0.017519363990196817
0 0.2944495861346905 0.049423933029174805 0.01649306370661809 0.01642183157113882
0 0.3389440316420335 0.7974201349111704 0.015833194439227764 0.015855935903695915
0 0.6252481020413913 0.24976513935969427 0.015909341665414665 0.015886233403132513
0 0.6851002619816706 0.5351522885836087 0.01653744624211238 0.016382510845477764
0 0.35494158818171573 0.26804043696476865 0.016076308030348558 0.016014612638033353
0 0.8460040459266076 0.42646382405207706 0.015428102933443509 0.01824078193077674
0 0.5682388085585374 0.5865644308236929 0.01671284895676833 0.01665019989013672
0 0.22327580818763146 0.9276366600623498 0.016225741459773138 0.01648888221153846
0 0.1648843105022724 0.7370812342717097 0.019241846524752103 0.019400669978215143
0 0.340605038862962 0.5345658522385818 0.01638478499192458 0.016213050255408652
0 0.2121452551621657 0.5122357881986178 0.015095197237454928 0.01558670630821815
0 0.155138217485868 0.28417330521803635 0.017946610083946817 0.0178377444927509
0 0.4670521662785457 0.901084826542781 0.015868993905874398 0.016001481276292067
0 0.6359003507173978 0.39621785970834583 0.014767866868239183 0.014900574317345252
0 0.30143508544334996 0.8220958709716797 0.017394175896277793 0.017625955434945915
0 0.5234845234797552 0.7541895646315354 0.015371469350961538 0.015587733342097355
0 0.8450820629413311 0.5759808100186862 0.014090024507962741 0.016038234417255107
0 0.5312526409442608 0.22213106888991135 0.01992944570688101 0.02026235140286959
0 0.6361659856942984 0.609260632441594 0.015856376061072715 0.016402758084810697
0 0.7511427219097431 0.026318880227895882 0.015780228834885817 0.015746731024522048
0 0.5323109259972205 0.9583325019249549 0.015558096078725962 0.015477400559645433
0 0.4857171132014348 0.8543040202214167 0.02079142056978666 0.020849961500901442
0 0.48404546884390026 0.6492046943077674 0.016135582557091348 0.016265282264122598
0 0.7134610689603366 0.03586299144304716 0.014980903038611779 0.015124376003558818
0 0.3091333829439603 0.6709323296180139 0.015786097599909857 0.015900831956129808
0 0.5155509068415716 0.9534751451932467 0.019001300518329326 0.018654603224534255
0 0.4941561772273137 0.7393289712759165 0.015748244065504808 0.015690730168269232
0 0.4567059370187613 0.1880967800433819 0.018227357130784255 0.018587772662823018
0 0.1688993527339055 0.5224037170410156 0.015110969543457031 0.015238541823167067
0 0.5709092066838191 0.811805431659405 0.017656913170447715 0.017678480881911058
0 0.7846195514385517 0.20360227731557992 0.016215984637920674 0.016024222740760215
0 0.2737775215735802 0.3791203865638146 0.015244483947753906 0.015423041123610277
0 0.33244983966533953 0.4218846101027269 0.015843024620643027 0.015734305748572715
0 0.2573027243980995 0.9160543588491586 0.0152436769925631 0.015499408428485576
0 0.18941497802734375 0.5571944163395808 0.015057637141301082 0.014998876131497897
0 0.1626435059767503 0.15541170193598822 0.016953688401442308 0.01701835485605093
0 0.23146684353168195 0.11354488592881423 0.014338199908916768 0.01452963168804462
0 0.8483369533832257 0.2828996731684758 0.01273037837101863 0.015626173753004808
0 0.5582058979914739 0.22434702286353478 0.01581705533541166 0.01604182903583233
0 0.16788123204157904 0.37749701279860276 0.015291434067946214 0.015248958881084736
0 0.24276641698984 0.7815515811626728 0.015338384188138522 0.015379538902869591
0 0.22808005259587213 0.2457585334777832 0.015359218303973857 0.015267738929161659
0 0.5361521794245794 0.8540201920729417 0.014942462627704326 0.014972246610201322
0 0.48142616565410906 0.36108002295860875 0.014247894287109375 0.014440976656400241
0 0.5788424565241888 0.8023292834942157 0.01456759526179387 0.014937180739182692
0 0.7547019811776968 0.38402300614577073 0.01640143761268029 0.016370479877178486
0 0.3415032900296725 0.0999441146850586 0.015164008507361779 0.015389625842754658
0 0.405213869535006 0.9209476617666391 0.014939234806941105 0.01513979985163762
0 0.7752942305344802 0.4339463527386005 0.014558351956881009 0.014458362872783955
0 0.2681671656095065 0.08753648171058068 0.015313441936786357 0.015286408937894382
0 0.639676020695613 0.8800864586463342 0.01510150615985577 0.015420180100661058
0 0.2270691028008094 0.6924244807316706 0.01415252685546875 0.014455942007211538
0 0.28164219856262207 0.9662990570068359 0.014424287355863132 0.014343848595252404
0 0.37624406814575195 0.052870447819049544 0.014882601224459134 0.014940775357759915
0 0.4537481161264273 0.9240721189058744 0.014408551729642428 0.014198890099158654
0 0.8438253402709961 0.5377386533297025 0.01582967318021334 0.017058299137995794
0 0.5069428957425631 0.2664204010596642 0.015056903545673076 0.014995134793795072
0 0.20984748693612906 0.14926682985745943 0.015541590177095853 0.015622102297269382
0 0.3344859710106483 0.43506592970628005 0.015844051654522236 0.015987542959359977
0 0.19732040625352126 0.9635696411132812 0.014562496772179237 0.014875558706430288
0 0.3113431930541992 0.4427664096538837 0.016924197857196514 0.016962051391601562
0 0.35465816351083607 0.10572702151078445 0.014562240013709435 0.014795706822321964
0 0.5175914030808669 0.8663109999436599 0.020434452937199518 0.020841158353365384
0 0.48422868435199445 0.9475960364708533 0.014763758732722355 0.01482391357421875
0 0.19869729188772348 0.9852774693415716 0.023120660048264723 0.02237525353064904
0 0.31610360512366664 0.2758654814500075 0.014760457552396335 0.014523946321927585
0 0.3921867517324594 0.9563380021315354 0.015534034142127404 0.01573327871469351
0 0.558816542992225 0.38279324311476487 0.014469146728515625 0.014599213233360877
0 0.43817806243896484 0.825682860154372 0.015438666710486779 0.014905195969801683
0 0.5956802001366248 0.8422068082369291 0.014712993915264424 0.014658120962289663
0 0.5778639866755559 0.6612833463228666 0.015025652371920072 0.015373816856971154
0 0.5218911170959473 0.2743489192082332 0.013792918278620793 0.013728912060077373
0 0.16080331802368164 0.13440891412588266 0.017094868880051833 0.017125863295335036
0 0.5123997101416955 0.8555834109966571 0.015433751619779147 0.015395384568434495
0 0.7617250589224008 0.5371426068819486 0.015239128699669471 0.01518542949969952
0 0.7936704342181866 0.6425699087289664 0.018263596754807692 0.018152383657602165
0 0.8047442803016076 0.39534469751211315 0.014483818641075721 0.014485725989708534
0 0.17284657404972956 0.5556025138268104 0.016690914447490986 0.016756131098820612
0 0.5338584092947153 0.5182918401864859 0.015072895930363582 0.014971366295447716
0 0.15256644212282622 0.9135216933030349 0.012911521471463717 0.01584801307091346
0 0.6598039773794321 0.10478729468125564 0.015097398024338942 0.014951265775240384
0 0.4358985974238469 0.15741782922011155 0.014626136192908654 0.01465467306283804
0 0.5543710268460788 0.5430232194753793 0.01670411916879507 0.01676324697641226
0 0.5748606461745042 0.5468359727125901 0.014351331270658053 0.014217816866361178
0 0.44017909123347354 0.8390845518845779 0.014720476590670072 0.014814816988431491
0 0.5400865261371319 0.7757585965670072 0.015628961416391227 0.01570554879995493
0 0.4666315225454477 0.6182035299447867 0.013993336604191707 0.014132022857666016
0 0.2338442068833571 0.4833567692683293 0.01391289784358098 0.014027815598707933
0 0.5871611741872934 0.13610800412984994 0.014935713547926683 0.014989797885601338
0 0.28536455447857195 0.7040312840388372 0.014540598942683293 0.014609263493464543
0 0.4843126443716196 0.26451595012958234 0.016480519221379206 0.01691612830528846
0 0.5086825444148138 0.896875968346229 0.01923238314115084 0.01952538123497596
0 0.5749294941241925 0.40062119410588193 0.014109318072979268 0.014120395366962139
0 0.8346085915198693 0.1762672754434439 0.014554537259615384 0.014798201047457181
0 0.22210911604074332 0.08692442453824557 0.015796918135422926 0.016089219313401442
0 0.5537232619065505 0.7983304537259616 0.014748940101036659 0.014618360079251803
0 0.7114898975078876 0.4784435492295485 0.014062147874098558 0.014429312485914964
0 0.16194475614107573 0.24797938420222357 0.015588466937725361 0.015220862168532152
0 0.4592136236337515 0.9691031529353216 0.016654234666090745 0.01626410851111779
0 0.23143926033606896 0.8418775705190805 0.013434666853684645 0.013500507061298076
0 0.3488744588998648 0.8350915175217849 0.014847535353440505 0.014706831711989183
0 0.7233880116389348 0.22603695209209734 0.013940077561598558 0.013917189378004808
0 0.3245657774118277 0.19565633627084586 0.013961865351750301 0.014040433443509616
0 0.4059651814974271 0.12285582835857685 0.01508793464073768 0.015135068159836989
0 0.4519528609055739 0.2793501890622653 0.016197938185471755 0.0162661258990948
0 0.26688608756432164 0.5792527565589318 0.01362155033991887 0.013891220092773438
0 0.7611425106342022 0.11124898837162898 0.013691975520207332 0.013653021592360277
0 0.4556246537428636 0.7578021563016452 0.01509871849646935 0.014859566321739784
0 0.3117707325862004 0.7389335632324219 0.015009091450617863 0.015263924231896034
0 0.8053153111384466 0.36955661040086013 0.014382729163536659 0.014354705810546875
0 0.37055723483745867 0.2705984115600586 0.01423953129695012 0.014374879690317007
0 0.20289164323073167 0.9834087078387921 0.01691898932823768 0.017480116624098558
0 0.4140032254732572 0.4801011819105882 0.013536526606633114 0.013586704547588643
0 0.44796144045316255 0.6719340544480544 0.014769700857309194 0.014754075270432692
0 0.37050606654240537 0.8780879974365234 0.013459132267878605 0.013619789710411659
0 0.25865657512958234 0.618023945735051 0.01346133305476262 0.013711049006535457
0 0.40858877622164214 0.13776676471416766 0.013325911301832933 0.013621770418607272
0 0.4586524963378906 0.18680750406705415 0.016828096829927884 0.016933221083420973
0 0.3490715026855469 0.6909047640286959 0.013622283935546875 0.013487889216496395
