0 0.04343697199454674 0.04264355622805082 0.018734335899353027 0.018743551694429837
0 0.4290698491610013 0.1841142177581787 0.04111524728628305 0.04012753413273738
0 0.9750240766085111 0.7155956855187049 0.01781316903921274 0.017853370079627402
0 0.2337817412156325 0.34399802868182844 0.019131220304048978 0.01920934823843149
0 0.006759306559195885 0.3180569868821364 0.013419701502873348 0.02005283649151142
0 0.5669487439669095 0.6130379163301908 0.02898384974553035 0.028800524198091947
0 0.07176898075984074 0.2577982132251446 0.01719375757070688 0.017110054309551533
0 0.5293694276076096 0.8281081273005559 0.01816397446852464 0.01822236868051382
0 0.4020383541400616 0.4065670600304237 0.015547385582557091 0.015580250666691707
0 0.2914401567899264 0.3423592494084285 0.015769371619591348 0.015694104708158053
0 0.5636940736037034 0.6280665764441857 0.018877029418945312 0.019093440129206732
0 0.6431509164663461 0.25644643490131086 0.016380896935096152 0.01602011460524339
0 0.4650126237135667 0.3354675586407001 0.01561443622295673 0.015397291917067308
0 0.48235511779785156 0.446014404296875 0.014983177185058594 0.015180000892052284
0 0.08328559765448937 0.1167287826538086 0.014647502165574294 0.014694690704345703
0 0.5053869394155649 0.4856262940626878 0.014502451970027043 0.014504065880408654
0 0.4559351114126352 0.9582073505108173 0.014845774723933293 0.014837411733774038
0 0.7254317356989934 0.4751843305734488 0.01427929217998798 0.01434010725754958
0 0.9037738213172326 0.7686133017906775 0.014446258544921875 0.014254349928635817
0 0.9284612215482272 0.15041549389178938 0.014159275935246395 0.014414273775540866
0 0.37123969885019154 0.22801681665273812 0.014173140892615685 0.014326535738431491
0 0.9830621572641226 0.023333407365358792 0.017081627478966348 0.016814755705686715
0 0.15225762587327224 0.005436551685516651 0.01765746336716872 0.010415800488912143
0 0.5650135920597956 0.858000241793119 0.018465775709885817 0.018402686485877402
0 0.40828407727755034 0.43762709544255185 0.01330118912916917 0.01338364527775691
0 0.43343353271484375 0.43720421424278844 0.013605117797851562 0.013482754047100361
