0 0.9008475083571214 0.919040533212515 0.10682091346153846 0.10748056265024039
0 0.42730052654559797 0.03153181763795706 0.06809102571927585 0.06153333645600539
0 0.17226413580087516 0.049073026730464056 0.07030231219071609 0.0700528071476863
0 0.7700911301832932 0.21125067197359526 0.027688246506911058 0.02777715829702524
0 0.3025372578547551 0.07148634011928852 0.0444178214439979 0.04447108965653639
0 0.762240483210637 0.5709883616520808 0.035719651442307696 0.03595528235802284
0 0.6414676812978891 0.672812975369967 0.038736930260291465 0.03886061448317308
0 0.6497886364276593 0.2881981042715219 0.02424768301156851 0.02441714360163762
0 0.5916282213651217 0.23824636752788836 0.029568011944110576 0.02958363753098708
0 0.8227175199068509 0.578194838303786 0.04958548912635216 0.04929953355055589
0 0.47773082439716047 0.3872032165527344 0.03640468303973858 0.036398667555588946
0 0.3010256840632512 0.37386564108041614 0.1000227561363807 0.0983114976149339
0 0.5187896214998685 0.940947752732497 0.025700495793269232 0.025698735163762018
0 0.49331037814800555 0.294678101172814 0.021279261662409857 0.021453490624060996
0 0.8310933479895959 0.211438747552725 0.019327603853665866 0.019225413982684795
0 0.36088950817401594 0.42497546856219953 0.03921640836275541 0.03936415452223558
0 0.18268381632291353 0.10169864617861234 0.04325041404137245 0.043549445959237904
0 0.359555537884052 0.1313388439325186 0.06358572152944711 0.06383795004624587
0 0.18349583332355207 0.6830678352942834 0.023229598999023438 0.02342092073880709
0 0.8450691516582782 0.7559748429518479 0.02702155480018029 0.02718499990609976
0 0.7589903611403245 0.1641698800600492 0.03187854473407452 0.03127362177922176
0 0.9208200161273663 0.316468935746413 0.025740550114558294 0.02588374798114483
0 0.8983130821814904 0.7791359974787786 0.018831399770883415 0.018857955932617188
0 0.17785075994638297 0.48885448162372297 0.024226041940542366 0.024375181931715745
0 0.5920672783484826 0.7905233823336087 0.04522631718562199 0.044827974759615384
0 0.7909201108492337 0.5361882723294772 0.021114349365234375 0.021216906034029447
0 0.7847912128155048 0.15564755293039176 0.02542260976938101 0.025560782505915716
0 0.5601974634023813 0.2676511544447679 0.019280213576096755 0.019441751333383415
0 0.09710594323965219 0.8312785808856671 0.045287173527937666 0.04519198491023137
0 0.11139757816608135 0.19271608499380258 0.025505982912503757 0.025607916025015023
0 0.18412091181828424 0.6041488647460938 0.022100155170147236 0.02233578608586238
0 0.35752758612999547 0.6513931567852314 0.027831150935246393 0.027915220994215745
0 0.7367156102107122 0.350921630859375 0.02473757817195012 0.024626805232121393
0 0.9005607458261343 0.01088494979418241 0.018585058358999398 0.01836686867934007
0 0.7700157165527344 0.03683594556955191 0.02027159470778245 0.02026990743783804
0 0.8216810960036057 0.9832777610191932 0.026226630577674277 0.025856604942908652
0 0.11340113786550668 0.776580810546875 0.018836534940279447 0.0189358637883113
0 0.6570471983689529 0.03574084777098436 0.08538818359375 0.06925310538365291
0 0.8523324819711539 0.23282445394075835 0.021625225360576924 0.021676907172569863
0 0.6669702529907227 0.676556660578801 0.021394729614257812 0.02169344975398137
0 0.7338355137751653 0.9424871297983023 0.037895496074969955 0.03792381286621094
0 0.2602766477144681 0.18488018329326922 0.018206156217134915 0.01828461426955003
0 0.7982033949631911 0.7431986882136419 0.02292016836313101 0.023070115309495192
0 0.7245401235727164 0.29142236709594727 0.016829564021183893 0.01670536628136268
0 0.165466675391564 0.4250656274648813 0.021155724158653848 0.02124507610614483
0 0.6753869423499475 0.6247417009793795 0.028108743520883415 0.027778185330904447
0 0.9535777752216046 0.13736691841712365 0.016681377704326924 0.025441646575927734
0 0.1619697350722093 0.7126932144165039 0.017797167484576885 0.017849848820612982
0 0.9217690687913161 0.1465735252086933 0.021797767052283652 0.021377049959622897
0 0.5735401740440955 0.4399298887986403 0.05183968177208534 0.05210245572603666
0 0.7482929229736328 0.40855143620417667 0.01670103806715745 0.016851278451772835
0 0.9275257404033954 0.36667545025165266 0.019263340876652643 0.019002914428710938
0 0.5224344913776104 0.29435258645277756 0.01591044205885667 0.015878897446852464
0 0.04823908439049354 0.6900188739483173 0.0140840273637038 0.01872708247258113
0 0.8995873377873347 0.8201651939978967 0.017519437349759616 0.017487746018629808
0 0.13064353282635027 0.7367591124314529 0.01574534636277419 0.015518628633939303
0 0.27651020196767956 0.16404416010929987 0.019845228928786058 0.019917928255521335
0 0.3268589973449707 0.7271027198204627 0.025137974665715143 0.025517096886268027
0 0.21427396627572867 0.9481923029972956 0.025580626267653245 0.026116151076096755
0 0.12798699965843788 0.08740403101994441 0.04938415380624624 0.04965525407057542
0 0.899530997643104 0.2492255430955153 0.018084012545072116 0.01800111623910757
0 0.2567102358891414 0.9294661008394681 0.04178421313946064 0.041557018573467545
0 0.6710269634540265 0.06989816518930289 0.023632636437049277 0.023597515546358548
0 0.08148930622981145 0.9750767487746018 0.01834359994301429 0.01836571326622596
0 0.11479010948768029 0.5701544835017278 0.050667762756347656 0.050827980041503906
0 0.8812470069298377 0.46674288236177885 0.016192803016075723 0.01626132084773137
0 0.23315871678865874 0.27852557255671573 0.060652696169339694 0.061163682204026446
0 0.9251207204965445 0.39857959747314453 0.016375615046574518 0.016652767474834736
0 0.328674683204064 0.03206746165569012 0.017329876239483174 0.017165821332197923
0 0.19344546244694635 0.8933042379525992 0.016565396235539362 0.0165255619929387
0 0.8217950967641977 0.23515572914710411 0.016626798189603366 0.01646698438204252
0 0.49496599344106823 0.7135828458345853 0.02234957768366887 0.022003173828125
0 0.8783542192899264 0.50297788473276 0.015289893517127404 0.015237808227539062
0 0.678244737478403 0.9225843869722806 0.028934478759765625 0.029246110182542067
0 0.5049163744999812 0.17087791516230658 0.015770765451284554 0.01573335207425631
0 0.7313641034639798 0.4838307820833646 0.015142880953275241 0.014918033893291768
0 0.2277550330528846 0.04050598694727971 0.022358417510986328 0.022532827579058133
0 0.18441678927494928 0.28286497409527117 0.038323475764347956 0.03897527547983023
0 0.3846709911639874 0.2321466849400447 0.015500582181490384 0.015505387232853817
0 0.5799370545607346 0.3917399186354417 0.04619803795447716 0.047184137197641224
0 0.8280126865093524 0.6833783663236178 0.015280063335712139 0.015236781193659855
0 0.7420967542208158 0.4989872712355394 0.015534034142127404 0.015325986422025241
0 0.9169072371262771 0.6610315029437726 0.08259347768930289 0.10144923283503605
0 0.4942188996535081 0.6105192624605619 0.058091236994816706 0.05715736976036659
0 0.8580525471613958 0.09265664907602164 0.0189056396484375 0.019037393423227165
0 0.1548023774073674 0.6195093301626352 0.0351716555081881 0.034827159001277044
0 0.14929727407602164 0.1571771915142353 0.04337530869704027 0.044533793742840104
0 0.8891919943002554 0.9847593307495117 0.02958503136268029 0.026921932513897236
0 0.1730530445392315 0.5918098963223971 0.021726461557241585 0.021198786222017728
0 0.8200798034667969 0.7845922616811899 0.01515491192157452 0.015143761268028846
0 0.759852776160607 0.04598889901087834 0.019753676194411058 0.01935566388643705
0 0.7759320185734675 0.29825947834895206 0.014906956599308895 0.01470807882455679
0 0.897007575401893 0.4196952673105093 0.015099745530348558 0.015043038588303786
0 0.745898540203388 0.10322233346792367 0.01638955336350661 0.016338568467360277
0 0.3880468148451585 0.4055056938758263 0.021206488976111777 0.02146486135629507
0 0.8360443115234375 0.7224498895498422 0.022037212665264424 0.02201989980844351
0 0.7273587446946365 0.4406862258911133 0.015919612004206732 0.015655664297250602
0 0.7637657752403846 0.07897261472848746 0.015094757080078125 0.014993378749260535
0 0.22380583102886492 0.4130912193885216 0.048596822298490085 0.04900653545673077
0 0.6333428162794846 0.5121334516085111 0.032677723811222956 0.03281688690185547
0 0.12250405091505784 0.5201766674335186 0.015267372131347656 0.015488771291879507
0 0.22290728642390326 0.8072514167198768 0.024544202364408053 0.024757972130408652
0 0.14185006801898664 0.5300766137930063 0.022095240079439603 0.021911034217247598
0 0.12286344858316275 0.6738262176513672 0.01587205666762132 0.015916090745192308
0 0.523864379295936 0.7489829430213342 0.014924709613506611 0.014786793635441707
0 0.32879822070782 0.9864986126239483 0.024722466102013223 0.022198897141676683
0 0.9434190896841196 0.6035002194918119 0.030508774977463942 0.04195873553936298
0 0.4057906957773062 0.6599187117356521 0.01683220496544471 0.016819587120643027
0 0.3570384245652419 0.08132739250476544 0.01676001915564904 0.016877486155583307
0 0.9059582490187424 0.16918468475341797 0.015119112454927884 0.015175159160907451
0 0.9503053518442007 0.16257583178006685 0.01503738990196815 0.015033721923828125
0 0.3151102799635667 0.49169111251831055 0.015621111943171574 0.01541291750394381
0 0.06921622386345497 0.8568326509915866 0.029837351578932542 0.02991309532752404
0 0.39563171680157 0.08605322471031776 0.05988634549654447 0.062378333165095404
0 0.7949309715857873 0.43902085377619815 0.017657940204326924 0.017707237830528848
0 0.5136619714590219 0.21753452374384954 0.014659881591796875 0.01451870111318735
0 0.28676788623516375 0.0344879122880789 0.026636270376352165 0.026915999559255745
0 0.19799116941598746 0.9889687024630033 0.019322908841646634 0.01658791762131911
0 0.23425956872793344 0.7653105075542743 0.01711111802321214 0.017402502206655648
0 0.6669049629798303 0.647672726557805 0.015076563908503605 0.014965204092172476
0 0.5069736333993765 0.2629782236539401 0.014676607572115384 0.014478096595177284
0 0.6825404533973107 0.33084715329683745 0.014762438260591947 0.014855604905348558
0 0.2933193720304049 0.7295549832857572 0.03636800325833834 0.03636580247145433
0 0.3182891332186185 0.9539441328782302 0.025259898259089544 0.025719862717848558
0 0.8932043222280649 0.27701983085045445 0.014644916240985576 0.014451173635629507
0 0.4933473880474384 0.1501133808722863 0.014864114614633413 0.01471405762892503
0 0.610751958993765 0.7410086118257962 0.08816044147198017 0.08582305908203125
0 0.5497921796945425 0.30675466244037336 0.013637689443734976 0.013833412757286659
0 0.09000651652996357 0.15816956300001878 0.07681549512423001 0.07923639737642728
0 0.5887395051809458 0.7389516096848708 0.05165012066180889 0.050247485821063705
0 0.33426405833317685 0.9091513707087591 0.03066084935114934 0.0307766841008113
0 0.8694808666522686 0.671967286330003 0.015924893892728366 0.015727996826171875
0 0.6821751227745643 0.4675810153667743 0.014891110933743991 0.01479031489445613
0 0.949027574979342 0.8116736778846154 0.015563377967247596 0.016336734478290264
0 0.6021760427034818 0.4736524728628305 0.039911636939415567 0.0398412851186899
0 0.06973520609048697 0.8846593269935021 0.03410838200495793 0.034302784846379206
0 0.3900040113008939 0.4046934567964994 0.025317852313701924 0.02576754643366887
0 0.6090780404897836 0.40024163172795224 0.019386731661283053 0.01958949749286358
0 0.8370805887075571 0.10831831051753117 0.014373192420372596 0.014215542719914364
0 0.566251644721398 0.22017900760357195 0.014685630798339844 0.014821712787334736
0 0.674537365253155 0.8343369410588191 0.08872222900390625 0.0917666508601262
0 0.5467592386099008 0.11813260041750394 0.013671141404371995 0.013962708986722507
0 0.46995038252610427 0.060062247973222 0.014404003436748799 0.014439591994652381
0 0.2259212457216703 0.8735027313232422 0.0163116821875939 0.016285822941706732
0 0.6968012589674729 0.4863744515639085 0.04181319016676683 0.04158628903902494
