0 0.5798394129826472 0.24234170180100661 0.1842196537898137 0.18619735424335188
0 0.6767449012169471 0.8446146158071665 0.1637142254756047 0.16730381892277643
0 0.36956361623910755 0.5587876393244817 0.17752742767333984 0.17847633361816406
0 0.5339848078214205 0.31476541665884167 0.056876182556152344 0.05690471942608173
0 0.31833025125356823 0.11147746672997108 0.07184527470515324 0.07129460114699143
0 0.33722290625939 0.3766630979684683 0.08092469435471755 0.0798482894897461
0 0.4510382138765775 0.36482704602755034 0.03597244849571815 0.03601492368257963
0 0.3747695776132437 0.44990304800180286 0.18439534994272086 0.19036263685960036
0 0.5182185906630296 0.9372201332679162 0.05533893291766827 0.05501761803260216
0 0.5829186806311975 0.5940622182992789 0.03475321256197416 0.034490732046274036
0 0.345460451566256 0.05569429580981915 0.04947684361384465 0.049492872678316556
0 0.424866089454064 0.11818120112785926 0.03967637282151442 0.03981878207280086
0 0.7572474846473107 0.7678467677189753 0.0244296147273137 0.02418664785531851
0 0.7562415783221905 0.7504543891319861 0.02085084181565505 0.020827366755558893
0 0.49001524998591495 0.7235191051776593 0.09917919452373798 0.10036556537334736
0 0.22713365921607384 0.20547072704021746 0.03373868648822491 0.03383511763352614
0 0.6970081329345703 0.6891966599684495 0.01803134037898137 0.018056869506835938
0 0.744423352755033 0.10056763428908128 0.02177575918344351 0.021724627568171576
0 0.7845695202167218 0.19849340732281023 0.01972198486328125 0.01938761197603666
0 0.801251484797551 0.5762834548950195 0.016016446627103366 0.022890237661508415
0 0.6195793885451096 0.6855323498065655 0.018948775071364183 0.018843577458308294
0 0.5940635020916278 0.6430787306565505 0.020035963792067308 0.020126489492563102
0 0.6942879603459284 0.3640252626859225 0.0238800048828125 0.02379754873422476
0 0.3833170670729417 0.7298727035522461 0.03625282874474159 0.03626309908353365
0 0.7691068649291992 0.9766800220196064 0.01778543912447416 0.017778836763822116
0 0.23244478152348444 0.9394694841825045 0.016973495483398438 0.01691466111403245
0 0.6967704479510968 0.08743862005380484 0.021891080416165866 0.022185651155618522
0 0.6740096165583684 0.5294845287616436 0.016779972956730768 0.01724353203406701
0 0.6575417151817908 0.4266444719754733 0.020525125356820915 0.020725250244140625
0 0.43949090517484224 0.04426707671238826 0.020810640775240384 0.020712634691825278
0 0.38124539301945615 0.864911152766301 0.01610741248497596 0.016188988318810098
0 0.39154690962571365 0.5797163889958308 0.021137824425330527 0.021170396071213942
0 0.7265090208787185 0.5682132794306829 0.018019456129807692 0.018180993887094352
0 0.6718382468590369 0.03534230589866638 0.05896333547738882 0.05929666757583618
0 0.399536866408128 0.2147822196667011 0.015438373272235576 0.015488221095158504
0 0.5062214778019831 0.1599569687476525 0.017180369450495794 0.01735504773946909
0 0.4836527384244479 0.008218827729041759 0.01617563687838041 0.014872240332456736
0 0.31957285220806414 0.6581092247596154 0.07523558689997746 0.07596265352689303
0 0.6815441571749173 0.9784732965322641 0.01497943584735577 0.014641394981971154
0 0.462162604698768 0.8375380589411809 0.07386515690730168 0.07483144906850961
0 0.6340735508845403 0.6045338557316706 0.015352395864633413 0.015322318443885216
0 0.29804693735562837 0.24120668264535758 0.033924286182110124 0.03417888054480919
0 0.8043073507455679 0.14183372717637283 0.013300675612229567 0.020252447861891527
0 0.5863439853374774 0.9433135252732497 0.01812575413630559 0.018565251277043268
0 0.23368611702552208 0.49063594524676984 0.017930030822753906 0.018006104689378005
0 0.21904508884136492 0.6860460134652945 0.01512608161339393 0.015165475698617788
0 0.6491358830378606 0.5449569775508001 0.015276101919320913 0.015399932861328125
0 0.265884674512423 0.8915417744563177 0.018035191756028395 0.018405033991887018
0 0.4851400668804462 0.6557273864746094 0.017959448007436898 0.018213712252103366
0 0.7829652199378381 0.1827834569490873 0.021535873413085938 0.02180943122276893
0 0.6729764204758865 0.6757640838623047 0.015248518723707933 0.01544482891376202
0 0.6313995948204627 0.35154247283935547 0.014579186072716346 0.014569942767803486
0 0.4762870348416842 0.5876733706547663 0.10209186260516827 0.10237363668588492
0 0.5841542390676645 0.6734531842745267 0.01592430701622596 0.015812213604266826
0 0.5941732846773587 0.868379152738131 0.016718937800480768 0.016665825477013223
0 0.6725867344782903 0.9689053021944486 0.015157259427584134 0.015213746290940505
0 0.7556621111356295 0.2595378802372859 0.031237675593449518 0.03175221956693209
0 0.4736750676081731 0.5188503265380859 0.04859792269193209 0.04852595696082482
0 0.2900680578671969 0.8085412245530349 0.0146025510934683 0.014637286846454326
0 0.7781703655536358 0.586034554701585 0.017080160287710335 0.0173184321476863
0 0.6938987145057092 0.7048923052274264 0.020438267634465143 0.020917599017803486
0 0.6894201865563025 0.3162396504328801 0.027777891892653245 0.0267636959369366
0 0.682242907010592 0.5758842321542593 0.014647557185246395 0.014733241154597355
0 0.5034333742581881 0.1760425567626953 0.0193636967585637 0.01983495858999399
0 0.2509234868563138 0.11098255560948299 0.013929807222806491 0.014067649841308594
0 0.7878799438476562 0.38610164935772234 0.03473105797400841 0.03462820786696214
0 0.5095536158635066 0.7514187739445612 0.04257671649639423 0.04217206514798678
0 0.7274930660541241 0.1774015059837928 0.015559709989107572 0.015718826880821817
0 0.3684241221501277 0.9593379680926983 0.014492328350360576 0.014407818134014424
0 0.4824372805081881 0.30526074996361363 0.016815625704251803 0.016722789177527793
