0 0.2396523769085224 0.8599225557767428 0.09289176647479717 0.09444104708158053
0 0.3434292719914363 0.5553731918334961 0.0357366708608774 0.03565839620736929
0 0.5054360903226413 0.24982898051922137 0.14927526620718148 0.15063531582172102
0 0.5905350905198318 0.7540346292349008 0.15244454603928786 0.15325516920823318
0 0.2041928217961238 0.207841157913208 0.03188202931330754 0.03452392724844126
0 0.20418790670541617 0.4982600578894982 0.026558949397160456 0.02686133751502404
0 0.20754742622375488 0.17152657875647911 0.01921257605919471 0.019283881554236777
0 0.31366601357093227 0.3630978144132174 0.02100086212158203 0.021218299865722656
0 0.735206310565655 0.2729931611281175 0.05833787184495192 0.05957236656775841
0 0.6233484561626728 0.1294694863832914 0.035753690279447116 0.03551893967848558
0 0.3512281271127554 0.2795141843649057 0.022651232205904447 0.022777667412391074
0 0.2623756115253155 0.8123414699847882 0.02039483877328726 0.020456314086914062
0 0.6682551457331731 0.9541774896474985 0.028948857234074518 0.02876002971942608
0 0.3943341328547551 0.17726912865271935 0.03237650944636418 0.032360003544734076
0 0.7173599830040565 0.8086685767540565 0.02438530555138221 0.024495344895582933
0 0.3127316694993239 0.6645179161658654 0.01704252683199369 0.01695075401893029
0 0.7306457666250376 0.7607138707087591 0.026239835298978366 0.026085780217097357
0 0.7965403336745042 0.9619143559382513 0.019770255455603965 0.021244635948768027
0 0.7327018150916467 0.2319325300363394 0.027529789851262018 0.027846556443434495
0 0.2551897855905386 0.6320880009577825 0.019037540142352764 0.0189059330866887
0 0.5080144588763897 0.9495824667123648 0.01800845219538762 0.017867601834810697
0 0.3907010738666241 0.788430067209097 0.01699528327355018 0.017153813288762018
0 0.1992913026076097 0.4218372931847206 0.017903548020582933 0.01863714364858774
0 0.2910593289595384 0.8291645783644456 0.027236791757436898 0.027096088115985576
0 0.5881734627943772 0.2884648579817552 0.018335635845477764 0.018584361443152793
0 0.41210148884699893 0.6675307934100811 0.01909806178166316 0.019158289982722357
0 0.7224561251126803 0.9886003640981821 0.04721377446101262 0.02164429884690505
0 0.44866437178391677 0.44241692469670224 0.04777394808255709 0.04783894465519832
0 0.7232832541832557 0.917431904719426 0.01588601332444411 0.015788738544170674
0 0.26404025004460263 0.19089100911067083 0.01596238062931941 0.016003902141864482
0 0.23440859867976263 0.8023025072537936 0.015053602365347056 0.01492603008563702
0 0.3377271065345177 0.21368477894709662 0.019316599919245794 0.01940162365253155
0 0.566760356609638 0.9571549342228816 0.016713949350210335 0.016733903151292067
0 0.30956260974590594 0.44167577303372896 0.01803106528062087 0.018344879150390625
0 0.4035029778113732 0.8991573040301983 0.015384233914888822 0.015473585862379808
0 0.21387518369234526 0.4295056416438176 0.014718862680288462 0.015192031860351562
0 0.3762011161217323 0.37940296759972203 0.031093670771672174 0.03147389338566707
0 0.3630293332613431 0.5442796853872446 0.014266234177809495 0.014210994427020732
0 0.2807972797980675 0.25179466834435094 0.015027743119459886 0.01498273702768179
0 0.5743901912982647 0.16980365606454703 0.016132061298076924 0.01600030752328726
0 0.77788573044997 0.06736542628361629 0.05115567720853365 0.04999037889333872
0 0.5444126129150391 0.6034178733825684 0.014733681311974159 0.015023524944598857
0 0.31613797407883865 0.24832861240093523 0.014607062706580529 0.014517490680401143
0 0.7058988717886118 0.3621512559744028 0.2033541752741887 0.21919683309701773
0 0.22675143755399263 0.4428855455838717 0.014305774982158955 0.014283693753756009
0 0.7721661787766677 0.06299256819945115 0.03732974712665264 0.03675536925976093
0 0.6900369204007663 0.9690815852238581 0.01705301724947416 0.016716590294471152
0 0.680682475750263 0.5680062954242413 0.013830918532151442 0.013781034029447116
0 0.4286928910475511 0.9725306584284856 0.014618800236628605 0.014675140380859375
0 0.5967233364398663 0.9234908177302434 0.020612569955679085 0.02075048593374399
0 0.5788999704214243 0.9679976976834811 0.016692381638746995 0.017188145564152643
0 0.7112236756544846 0.4069959567143367 0.015135544996995192 0.015433018024151143
0 0.35253201998197115 0.24463052016038161 0.015250132634089543 0.015337357154259315
0 0.2580548616556021 0.5427810228787936 0.01419210433959961 0.014261979323167067
0 0.4110275415273813 0.5291069470919095 0.018317295954777643 0.018315902123084433
0 0.2865936756134033 0.41702618965735805 0.015200248131385216 0.015454732454740085
0 0.5286469092735877 0.8549215610210712 0.014433934138371395 0.014411045954777645
0 0.6916366723867563 0.953408461350661 0.015512613149789663 0.015623826246995192
