0 0.7252346185537485 0.553858206822322 0.05863351088303786 0.05884625361515926
0 0.760707268348107 0.01516430194561298 0.03884330162635216 0.028704102222736064
0 0.3077847407414363 0.5095722491924579 0.04850306877723107 0.04882959219125601
0 0.6945714216965896 0.03033856932933514 0.03944661067082332 0.039424699086409346
0 0.27535167107215297 0.35492897033691406 0.031571461604191706 0.03125601548414964
0 0.7330501262958233 0.08847989485814022 0.03220719557542067 0.032215155087984525
0 0.5084747167734 0.9671745300292969 0.0345610105074369 0.03485914377065805
0 0.7915548177865835 0.16191022212688738 0.030626443716195915 0.030609827775221605
0 0.8393809978778546 0.2977323898902306 0.024511190561147835 0.024809763981745794
0 0.6036419501671424 0.7518436725323017 0.02454831049992488 0.024783207820012018
0 0.25078986241267276 0.4536692179166354 0.03785280080942007 0.03884762984055739
0 0.18487110504737267 0.3486638435950646 0.02710382754986103 0.027481445899376504
0 0.45433587294358474 0.2759181536160983 0.02696536137507512 0.027197837829589844
0 0.32640501169057995 0.677925550020658 0.018893021803635817 0.018703754131610576
0 0.2633646084712102 0.20048049780038688 0.019423411442683294 0.019747587350698616
0 0.7584743499755859 0.2887449264526367 0.017939640925480768 0.01808907435490535
0 0.32779869666466344 0.3991633928739108 0.017545553354116585 0.017490093524639424
0 0.5433648549593412 0.09476661682128906 0.018741607666015625 0.018709146059476413
0 0.6278604360727164 0.07944327134352464 0.022335052490234375 0.022414569671337422
0 0.36974085294283354 0.36638468962449294 0.02016764420729417 0.020394178537222054
0 0.20614785414475661 0.7714736645038311 0.018862284146822415 0.01883521446814904
0 0.19124148442195013 0.5114696942842923 0.01855776860163762 0.01850157517653245
0 0.6661217029278095 0.6173635629507211 0.017423189603365384 0.017414973332331732
0 0.7708126948429987 0.25526875715989333 0.01686829787034255 0.0170133297259991
0 0.23697456946739784 0.4381168805635892 0.028993753286508415 0.02916695521428035
0 0.8004540663499099 0.36646589866051305 0.018329913799579326 0.018311427189753607
0 0.8176529957697942 0.11544640247638409 0.016132354736328125 0.01612688944889949
0 0.4449759263258714 0.5280552643996018 0.017269427959735576 0.01740096165583684
0 0.2672059719379132 0.21525724117572492 0.02203787290132963 0.02227464089026818
0 0.5712385177612305 0.6628976235022912 0.02072745103102464 0.020428584172175482
0 0.4121739680950458 0.7255952541644757 0.016730308532714844 0.016750482412484977
0 0.7934986994816706 0.9889171306903546 0.03552921001727764 0.020048875075120192
0 0.4228176703819862 0.8002294393686148 0.016146146334134616 0.016133821927584134
0 0.7298036722036508 0.05182130061663114 0.017019125131460335 0.017015558022719163
0 0.26697991444514346 0.40854512728177583 0.016177984384390023 0.0162661625788762
0 0.4060179637028621 0.7479073451115534 0.016525415273813102 0.016226548414963942
0 0.23026787317716157 0.4799057153555063 0.02228857920720027 0.022100008451021634
0 0.28194339458759016 0.3910067998445951 0.015307279733511118 0.015283144437349759
0 0.3961501855116624 0.9248461356529822 0.015485470111553486 0.015562644371619591
0 0.548976678114671 0.31604763177724987 0.018164781423715446 0.018407821655273438
0 0.23051846944368803 0.3353104591369629 0.015445709228515625 0.01536112565260667
0 0.28991838601919323 0.762655991774339 0.015883959256685697 0.015979179969200723
0 0.43178734412560094 0.9017137380746695 0.015225777259239784 0.014999096210186299
0 0.45691622220552885 0.48545488944420445 0.015320484454815205 0.015178533700796274
0 0.24564431263850287 0.3815299914433406 0.01518388894888071 0.015354449932391826
0 0.41150225125826323 0.5122700471144456 0.014766986553485576 0.014784299410306491
0 0.7287903565626878 0.6210349156306341 0.014828021709735576 0.014699532435490536
0 0.28548486416156477 0.28424525260925293 0.014960802518404447 0.015099085294283353
0 0.6618035389826848 0.4964646559495192 0.014206372774564303 0.013918509850135216
0 0.38593398607694185 0.3023840830876277 0.01470646491417518 0.014695240901066707
0 0.7996938412006085 0.5042402194096491 0.014659441434420072 0.014761851384089543
0 0.38202282098623425 0.40679524495051456 0.014396080603966346 0.014515509972205529
0 0.8566656846266526 0.6663957008948693 0.011195843036358174 0.016422271728515625
0 0.569321448986347 0.5459600595327524 0.01454610090989333 0.014598699716421274
0 0.3369261301480807 0.6033280445979192 0.018834407512958232 0.018715711740347054
0 0.3856921929579515 0.7072637998140775 0.014044394859900841 0.014058920053335337
0 0.27591147789588344 0.6905260819655198 0.014739623436560998 0.014727959266075721
0 0.1835773541377141 0.313751954298753 0.020470839280348558 0.02083888420691857
0 0.5410988881037786 0.9906122501079853 0.019853885357196514 0.01636842580942007
0 0.7029288365290716 0.11504662036895752 0.014049236591045674 0.013978903110210713
0 0.16053252953749436 0.42692984067476714 0.014723631051870493 0.014574491060697116
0 0.2528390884399414 0.417052855858436 0.01661520737868089 0.017230694110576924
0 0.4416495836698092 0.7847144053532527 0.015038563654972957 0.014703603891225962
0 0.3606088344867413 0.3012972428248479 0.014242025522085337 0.014476152566763071
0 0.4240865707397461 0.9921267582820013 0.014899840721717248 0.012562384972205529
0 0.6676494891826923 0.6420690829937274 0.014012850247896634 0.014372752262995793
0 0.23618855843177208 0.5200051894554725 0.014367323655348558 0.014211581303523136
0 0.20157337188720703 0.35773295622605544 0.01490468245286208 0.015950936537522536
0 0.3036967057448167 0.9091587066650391 0.014150619506835938 0.014193901648888221
0 0.21213894623976487 0.5375755016620343 0.013331853426419772 0.013365672184870793
0 0.660098516024076 0.140608915915856 0.014764932485727163 0.014847260255080003
0 0.33576129033015323 0.5881756269014798 0.01698728708120493 0.016880915715144232
0 0.2565893760094276 0.30116835007300746 0.014751837803767277 0.014983727381779598
0 0.1768344365633451 0.3025825757246751 0.018888033353365384 0.01938031269953801
0 0.5582069983849158 0.6925650376539964 0.01382754399226262 0.013803628774789663
0 0.7661696213942307 0.0816101019199078 0.01312255859375 0.013459609105036808
0 0.3067208436819223 0.8734489587637094 0.014326975895808293 0.014051290658804087
0 0.20878032537607047 0.3813012196467473 0.016237478989821214 0.01624899644118089
