0 0.403778259570782 0.9245108090914212 0.04651480454664964 0.046461838942307696
0 0.6745750720684345 0.2219823690561148 0.024367405818058893 0.024574940021221455
0 0.6273235907921424 0.5688940194936899 0.022061861478365384 0.022173661452073317
0 0.4808520537156325 0.4467268723707933 0.02160776578463041 0.021223948552058294
0 0.305117313678448 0.7328717891986554 0.015964728135329027 0.01582820598895733
0 0.691197395324707 0.15998655099135178 0.0174410893366887 0.017298184908353366
0 0.3958204709566556 0.6532350686880258 0.0175021244929387 0.017579152033879206
0 0.658882581270658 0.6540467188908503 0.04033660888671875 0.04039632357083834
0 0.49471697440514195 0.7159872788649339 0.014738889840932993 0.014705657958984375
0 0.6781074817364032 0.2443375954261193 0.014777550330528846 0.014882674584021935
0 0.49466697986309344 0.4201772396381085 0.014583147489107572 0.014542066133939303
0 0.28356016599214995 0.7897469447209284 0.013425350189208984 0.013453263502854567
0 0.681279182434082 0.10957809594961312 0.017078106219951924 0.016945325411283053
0 0.6322563611544095 0.2555638093214769 0.03813948998084435 0.03777357248159555
0 0.6189875969519982 0.04994786244172316 0.0637189058157114 0.06460163226494423
0 0.7090401282677283 0.6715586735652044 0.017262678879957933 0.017471900353064902
0 0.3528172419621394 0.46685996422400844 0.014128024761493389 0.014088704035832332
