0 0.35840687384972203 0.6978215437669021 0.16713140561030462 0.1683819477374737
0 0.526914119720459 0.8432317146888146 0.1725176297701322 0.17529135483961839
0 0.7861034686748798 0.7663484720083383 0.039051055908203125 0.03901261549729567
0 0.46826982498168945 0.7447643280029297 0.11275489513690655 0.11385228083683895
0 0.7330138866717999 0.723223612858699 0.032443853525015026 0.032483614408052884
0 0.20270428290733924 0.7274921123798077 0.03197317857008714 0.032125619741586536
0 0.5450322444622333 0.742846415593074 0.025200843811035156 0.025304500873272236
0 0.5898883526141827 0.19196143517127404 0.03134918212890625 0.03167016689593975
0 0.17674464445847732 0.5193171867957482 0.018238287705641527 0.018459906944861777
0 0.22396520467904898 0.22888926359323356 0.05491366753211388 0.05537689649141752
0 0.6134808613703802 0.22491884231567383 0.01834898728590745 0.018190750708946817
0 0.7822230412409856 0.31481244013859677 0.01986107459435096 0.019928106894859902
0 0.7670475886418269 0.640906994159405 0.019433241624098558 0.019423558161808893
0 0.5627161539517916 0.621434211730957 0.022501578697791465 0.022697595449594352
0 0.6628396694476788 0.24434724220862755 0.02454200157752404 0.024674268869253304
0 0.8448414435753455 0.2874138905451848 0.01907656742976262 0.01903981428879958
0 0.6626806992750901 0.6284806178166316 0.016415962806114785 0.0165097163273738
0 0.6319382007305439 0.6526837715735803 0.02130889892578125 0.02150388864370493
0 0.22905628497783953 0.8804286076472356 0.021103602189284105 0.0210116459773137
0 0.6723114160391 0.21856131920447716 0.02004080552321214 0.020137199988731973
0 0.7676677703857422 0.8981160383958083 0.01718873244065505 0.017122268676757812
0 0.6414574843186599 0.41272632892315203 0.015981234036959134 0.016008670513446514
0 0.488156978900616 0.1371152034172645 0.022107931283804085 0.022090966884906475
0 0.6347809571486253 0.833294575030987 0.03158921461838942 0.031859324528620794
0 0.6963235414945163 0.8390086980966421 0.019098428579477165 0.01922123248760517
0 0.697562731229342 0.6522322434645432 0.01617006155160757 0.016206007737379808
0 0.8330479401808518 0.6392169365516076 0.016295506403996393 0.016384418194110576
0 0.7997396909273587 0.6304134955772986 0.020453526423527643 0.0203701899601863
0 0.2539197848393367 0.873625975388747 0.01585674285888672 0.01572286165677584
0 0.4375309210557204 0.5679420324472281 0.022034571721003607 0.021911767812875602
0 0.43673185201791614 0.9659164868868314 0.07906136145958534 0.06256602360652043
0 0.8115251981295072 0.6450359637920673 0.015516721285306491 0.015401693490835337
0 0.46363357397226185 0.6481355520395132 0.02429331265963041 0.024134415846604567
0 0.59722533592811 0.7753120569082407 0.016904904292179987 0.017067689162034255
0 0.24039081426767203 0.5525211921105018 0.01812142592210036 0.018139472374549277
0 0.396334171295166 0.5414856763986441 0.017046048091008112 0.016862795903132513
0 0.21114771182720476 0.6069870361915002 0.015702027540940505 0.01567231691800631
0 0.603065930880033 0.16807996309720552 0.021595588097205527 0.021886238685021035
0 0.6961517333984375 0.05162709951400757 0.018363365760216348 0.018329510321983926
0 0.8238309713510367 0.8439597349900466 0.015110602745643029 0.015081699077899639
0 0.8537222055288461 0.6173535860501803 0.012404075035682091 0.016555235936091497
0 0.33567509284386265 0.043821316498976484 0.09890950643099271 0.08566456574660081
0 0.44509077072143555 0.10683595217191257 0.04623743203970102 0.0458524410541241
0 0.6741212698129507 0.825383186340332 0.014741750863882212 0.014843573937049279
0 0.6616078890286959 0.058820027571458086 0.016299027663010817 0.01614102950462928
0 0.6956324944129357 0.3743753433227539 0.014389624962439904 0.014380821814903846
0 0.811979733980619 0.34255313873291016 0.014340033897986779 0.01436629662146935
0 0.7845404698298528 0.7193554364717923 0.01565713148850661 0.015734012310321514
0 0.5266634867741511 0.30983455364520734 0.019879267765925482 0.01963323813218337
0 0.7418270844679612 0.975465334378756 0.014570236206054688 0.014790901770958534
0 0.5520770733173077 0.9238582024207482 0.16824898352989784 0.15032518826998198
0 0.4166141656728891 0.24693987919734076 0.017345575185922477 0.01769674741304838
0 0.8100166320800781 0.6846571702223557 0.017878899207481973 0.017870682936448317
0 0.20432870204632098 0.8193429800180289 0.1339423106266902 0.23213635958158052
0 0.15709183766291693 0.9846776815561148 0.018390426268944375 0.018532826350285456
0 0.6265362959641677 0.29717041895939755 0.01565727820763221 0.015799669119027946
0 0.7252174524160532 0.48611714289738583 0.02096249507023738 0.02138489943284255
0 0.3070851105910081 0.430268067580003 0.015613629267765926 0.015604826120229868
0 0.478729798243596 0.6598811516394982 0.06993983342097355 0.07033802912785457
0 0.8162034841684195 0.786779183607835 0.014584174522986779 0.014385370107797476
0 0.4805493721595177 0.42238415204561675 0.014995868389423076 0.014957941495455228
0 0.6438878866342398 0.5849674665010892 0.016715416541466348 0.01670683347261869
0 0.29246381612924427 0.38833401753352237 0.015330094557542067 0.01521161886361929
0 0.5730641805208646 0.4397282233605018 0.01584023695725661 0.016002141512357272
0 0.7107808039738581 0.1208493159367488 0.014079460730919471 0.01387317364032452
0 0.6942801842322717 0.9560835178081806 0.01553814227764423 0.015570860642653245
0 0.7217737344595102 0.435485106248122 0.01369182880108173 0.013869945819561299
0 0.5458889741163987 0.32372349959153396 0.015348287729116587 0.015292681180513822
0 0.56806153517503 0.44684908940241885 0.0151979006253756 0.014950825617863582
0 0.5485020050635705 0.6546799586369441 0.015242870037372295 0.015395091130183293
0 0.21381565240713266 0.02014766289637639 0.021144720224233773 0.02107660587017353
0 0.3155094293447641 0.37706873967097354 0.017336643659151517 0.01746999300443209
0 0.18451848396888146 0.9340628844041091 0.021271192110501803 0.02141233590932993
0 0.6950941819411057 0.24822491865891677 0.013503441443810096 0.013545586512638973
0 0.8479678814227765 0.644308823805589 0.014257871187650241 0.014123183030348558
0 0.3320368253267728 0.06049168109893799 0.021715897780198317 0.02117760364825909
0 0.2570306704594539 0.2923266887664795 0.023235321044921875 0.023782876821664665
0 0.32894420623779297 0.48143650935246396 0.026653876671424277 0.026148869441105768
0 0.7389373045701247 0.7942271599402795 0.015681046705979567 0.015317476712740384
0 0.45849748758169323 0.5275484965397761 0.014596278850848857 0.014255523681640625
0 0.508086791405311 0.8098888397216797 0.01445601536677434 0.014512282151442308
0 0.7509257976825421 0.5906250293438251 0.014316558837890625 0.014520791860727163
0 0.782892814049354 0.5242861967820388 0.015422234168419471 0.01540682866023137
0 0.433044250194843 0.07745189850146954 0.0198363524216872 0.01980280876159668
0 0.5475026277395395 0.051556591804210954 0.017235682560847357 0.01746822320497953
0 0.31591107295109677 0.06831556558609009 0.01762808286226713 0.01783133470095121
0 0.8302079714261569 0.6075168022742639 0.014191554142878605 0.0143125974214994
0 0.6029302523686335 0.4215535383958083 0.013760933509239784 0.013683319091796875
