0 0.5602612495422363 0.7953634995680589 0.07166774456317608 0.07192494319035457
0 0.6544757989736704 0.17930093178382286 0.06579105670635517 0.06564366817474365
0 0.3800602692824144 0.8899628565861628 0.18213783777677095 0.1794304480919471
0 0.5257343512315017 0.06581713144595806 0.1271183307354267 0.12276285428267258
0 0.6990418067345252 0.6896657210129958 0.055066475501427285 0.05571834857647236
0 0.6038042948796198 0.8652194096491888 0.027309564443734977 0.027576446533203125
0 0.6249463741595929 0.2884836380298321 0.07230685307429387 0.07123319919292743
0 0.41827187171349156 0.16903084975022536 0.037804676936222956 0.03762259850135216
0 0.7012581458458533 0.8595764453594501 0.037926013653094955 0.037854708158052884
0 0.6933711125300481 0.7438223912165716 0.04239742572490986 0.042199354905348554
0 0.32150514309222883 0.07160771810091458 0.10145957653339092 0.10167712431687576
0 0.4980139365563026 0.16064715385437012 0.0735617417555589 0.07314168489896335
0 0.6155732228205755 0.7678195513211764 0.033313604501577526 0.03302207359900841
0 0.5002651948195237 0.6570573953481821 0.034316723163311295 0.03426566490760216
0 0.5238120372478778 0.9247418917142428 0.024103531470665567 0.024058708777794473
0 0.4816012749305138 0.56079284961407 0.02841978806715745 0.028296397282527044
0 0.47145546399630034 0.19519451948312613 0.03231540093055138 0.03218687497652494
0 0.3394981530996469 0.6132142727191632 0.02090732867901142 0.021362891564002402
0 0.44201109959528995 0.6801889126117413 0.027232243464543268 0.027511449960561898
0 0.7006777249849759 0.5536106549776517 0.031038724459134616 0.031194026653583232
0 0.4006456228402945 0.05869777386005108 0.09599069448617789 0.09621766897348258
0 0.49869559361384463 0.23874745002159706 0.03094937251164363 0.031104161189152643
0 0.5068058233994704 0.8212347030639648 0.022750414334810697 0.02270933297964243
0 0.6510062584510217 0.9849087641789362 0.020148644080528848 0.019768934983473558
0 0.6264254496647761 0.647915033193735 0.04339937063363882 0.04351894672100361
0 0.48299158536470854 0.6915172430185171 0.02853554945725661 0.028603627131535456
0 0.5621415651761569 0.26608386406531703 0.05153296544001652 0.051014056572547324
0 0.6685514450073242 0.9898182795597956 0.017806419959435098 0.017062553992638223
0 0.5794793275686411 0.1763270634871263 0.07568733508770283 0.07405893619243915
0 0.3659373063307542 0.6104003466092623 0.02146750230055589 0.021330906794621393
0 0.4533702043386606 0.22587893559382513 0.023940673241248496 0.02398821023794321
0 0.30518517127403844 0.14623135786790115 0.01639270782470703 0.016634024106539212
0 0.6567665980412409 0.5887913337120643 0.017419815063476562 0.01743140587439904
0 0.3902236498319186 0.23609289756188026 0.07379795954777645 0.07427281599778396
0 0.42217658116267276 0.21245098114013672 0.020465997549203727 0.02028208512526292
0 0.5011623455927923 0.2828671565422645 0.024846443763146035 0.02529133283174955
0 0.5026578903198242 0.6358714470496545 0.028922154353215143 0.029345879187950723
0 0.46210237649770886 0.6990495828481821 0.017594190744253304 0.017565066997821514
0 0.6652400677020733 0.6133998724130484 0.03131866455078125 0.03132365300105168
0 0.6385998359093299 0.6095536672152005 0.027722578782301683 0.02790942558875451
0 0.5565197651202862 0.9774052546574519 0.02885260948768029 0.029055668757512018
0 0.6809192804189829 0.24161445177518404 0.059815626878004804 0.0605779794546274
0 0.6070360770592322 0.6755501673771784 0.020640740027794473 0.02065453162560096
0 0.6062821241525503 0.7147212395301232 0.020993526165301982 0.021402652447040264
0 0.5450600844163161 0.8672002645639273 0.020829274104191706 0.020918626051682692
0 0.4540741260235126 0.5823612946730393 0.017687870905949518 0.017733940711388223
0 0.3121623259324294 0.6581179545475886 0.015438519991361178 0.015906700721153848
0 0.6179705399733323 0.13028601499704215 0.044291019439697266 0.04383969306945801
0 0.4187410061176007 0.686253180870643 0.021216172438401442 0.021238180307241585
0 0.4301446767953726 0.016292247634667616 0.03571950472318209 0.031496164890436024
0 0.6268177032470703 0.8049979576697717 0.05428636991060697 0.05375113854041466
0 0.38212724832388073 0.308868958399846 0.03700857896071214 0.03687066298264723
0 0.37293313099787784 0.14079238818242 0.051935709439791165 0.052088407369760364
0 0.40876582952646107 0.5906646801875188 0.025433466984675482 0.02535423865685096
0 0.4674145258389987 0.8419691232534555 0.044398014362041764 0.044469393216646634
0 0.4961203428415152 0.25663042068481445 0.023414098299466647 0.02400038792536809
0 0.3838345087491549 0.6051874894362229 0.018843357379619893 0.01860383840707632
0 0.3162857202383188 0.224487121288593 0.0311279296875 0.03161749472984901
0 0.2678537552173321 0.3237858552199144 0.014938757969782902 0.017376092764047477
0 0.47080384767972505 0.5788129659799429 0.016568770775428183 0.017154106727013223
0 0.3648810019859901 0.5851381008441632 0.01978294665996845 0.0199584227341872
0 0.3470026162954477 0.2851655666644757 0.03695825430063101 0.03766059875488281
0 0.27999401092529297 0.7375901295588567 0.016672207758976862 0.01696601280799279
0 0.5245848068824182 0.8552228487454928 0.017700928908128005 0.017848088191105768
0 0.6970307276799128 0.979494755084698 0.015219174898587741 0.01529693603515625
0 0.309541628910945 0.8310883595393255 0.07812043336721566 0.07932266822228065
0 0.4322523337144118 0.5758788769061749 0.01992489741398738 0.019955855149489183
0 0.27629734919621396 0.5764284133911133 0.015928085033710185 0.01609186025766226
0 0.677493535555326 0.28633458797748274 0.03629567072941707 0.03612305567814754
0 0.6198808963482196 0.23203367453355056 0.02526987515963041 0.024150921748234674
0 0.2851409545311561 0.5917123281038724 0.024019901569073018 0.023418133075420674
0 0.4385884725130521 0.735929562495305 0.01564444028414213 0.01566476088303786
0 0.7172781137319711 0.8522799565241888 0.014709912813626803 0.016581021822415866
0 0.32389288682204026 0.17987739122830904 0.02119871286245493 0.021090067349947415
0 0.5896676870492789 0.22838845619788536 0.03615129910982572 0.03573923844557542
0 0.4341269639822153 0.19229694513174203 0.02534932356614333 0.025012713212233324
0 0.49004738147442156 0.7456257893488958 0.0146635495699369 0.014739403357872596
0 0.3265676498413086 0.593197749211238 0.023595223060021035 0.02357937739445613
0 0.4155241892887996 0.36294386937068057 0.019488114577073317 0.019566169151893027
0 0.5272760024437537 0.36115088829627406 0.10556096297044021 0.10438698988694411
0 0.5451353513277494 0.8647855611947867 0.02432529742901142 0.02407250037560096
0 0.5704595125638522 0.1755353304056021 0.0596307607797476 0.0633548223055326
0 0.5165686240563025 0.95115903707651 0.017010028545673076 0.016703972449669473
0 0.6940517425537109 0.7726626762977014 0.019018026498647835 0.019096961388221152
0 0.3135827871469351 0.22535236065204328 0.02659164942227877 0.02663392287034255
0 0.46593255263108474 0.01764609492742098 0.0628965084369366 0.03530418414335985
