0 0.524081303523137 0.07742152764247014 0.05255413055419922 0.05203678057743953
0 0.36285961591280425 0.621189704308143 0.03492421370286208 0.035106805654672474
0 0.3253913659315843 0.19324271495525652 0.031267019418569714 0.03160568384023813
0 0.7657329852764423 0.5623840918907752 0.024545669555664062 0.024467321542593148
0 0.6459963871882513 0.2751925175006573 0.030562914334810697 0.030449500450721152
0 0.31369686126708984 0.25643258828383225 0.027576519892765924 0.02782781307513897
0 0.3304602549626277 0.9834263141338642 0.02034935584435096 0.020490059485802285
0 0.6397611177884616 0.5320932681743915 0.023175753079927884 0.023124254666841947
0 0.7650687877948468 0.2829567469083346 0.022136688232421875 0.02200948275052584
0 0.32834280454195464 0.32739819013155425 0.023572188157301683 0.023754706749549277
0 0.3880204420823317 0.1497687559861403 0.019842881422776442 0.019886016845703125
0 0.4556377117450421 0.15528106689453125 0.02215752234825721 0.022194055410531852
0 0.1895913710960975 0.4789293729341947 0.017974193279559795 0.017927169799804688
0 0.7636069517869216 0.9645843505859375 0.018621004544771634 0.018691136286808893
0 0.2350796919602614 0.2003458463228666 0.027471102201021634 0.027269803560697116
0 0.5737622334406927 0.21346330642700195 0.01961487990159255 0.019426712623009317
0 0.23538604149451622 0.10410290497999924 0.016713802631084736 0.016598976575411283
0 0.6922755608191857 0.3046981921562782 0.01766234177809495 0.017393955817589395
0 0.6884029094989483 0.9299826988807092 0.017600132868840143 0.017635052020733174
0 0.5883414928729718 0.7223344949575571 0.016957796536959134 0.017009441669170674
0 0.8175415625939002 0.05257296562194824 0.016043883103590745 0.016104744030879095
0 0.7569361466627854 0.39065738824697643 0.016666412353515625 0.016741312467134915
0 0.36511732981755185 0.36314868927001953 0.02801198225754958 0.028150411752554085
0 0.25681480994591344 0.29917056743915266 0.01682252150315505 0.017006580646221455
0 0.1868926194997934 0.9810124910794772 0.016322869520920973 0.016536125769981973
0 0.2606007502629207 0.18833076036893404 0.015499188349797176 0.015623752887432393
0 0.7416864541860727 0.3832536477309007 0.015509825486403245 0.015361859248234676
0 0.36384061666635364 0.3319980181180514 0.017598078801081732 0.01750667278583233
0 0.2754823794731727 0.5002159338731033 0.01779009745671199 0.017642828134390023
0 0.6693828289325421 0.33493834275465745 0.015562497652493991 0.015525524432842549
0 0.6608389340914212 0.2899183676793025 0.022873364962064303 0.022159356337327223
0 0.796591538649339 0.33432586376483625 0.016720111553485576 0.01682105431189904
0 0.2511115624354436 0.45365689351008487 0.03043702932504507 0.0304718017578125
0 0.23504895430344802 0.2916915783515343 0.01724580618051382 0.017294993767371543
0 0.23641274525569037 0.22237106469961312 0.017588468698354866 0.017280945411095254
0 0.28984748400174654 0.524384645315317 0.015420180100661058 0.015599764310396634
0 0.827676039475661 0.4652676215538612 0.011128058800330529 0.015863345219538763
0 0.27617021707388073 0.2508950967055101 0.018618987156794622 0.019077594463641826
0 0.29478593973013073 0.29484851543719953 0.018131402822641227 0.018407895014836237
0 0.5742011437049279 0.22704546268169695 0.01685179196871244 0.016453009385329027
0 0.3675968096806453 0.2878429339482234 0.01437825423020583 0.014302950638991136
0 0.17265163935147798 0.09470679209782527 0.014264803666334886 0.0157931951376108
0 0.8222294587355393 0.39989632826585036 0.021707681509164665 0.037660452035757214
0 0.47284456399770886 0.40130802301260143 0.015450257521409255 0.015601011422964243
0 0.7908460176908053 0.363948235144982 0.01816529494065505 0.01784089895395132
0 0.4217279874361478 0.291857701081496 0.014546907865084134 0.014630794525146484
0 0.343780517578125 0.20360616537240836 0.018378844627967246 0.01833167442908654
0 0.20278413479144758 0.29192499014047474 0.018352288466233473 0.01829184018648588
0 0.7649567677424505 0.35329180497389573 0.014658707838792067 0.014896979698768029
0 0.2628620954660269 0.22482831661517805 0.016390653756948616 0.016569174253023587
0 0.4120308069082407 0.14958724608788124 0.014796917255108174 0.014807187593900241
0 0.6706183506892278 0.7871639545147235 0.01469714824969952 0.014474722055288462
0 0.3055846691131592 0.2779921568357028 0.014784922966590295 0.014568292177640475
0 0.5501229946429913 0.2915339103111854 0.0148162841796875 0.014878346369816707
0 0.24672618279090294 0.4391880768996019 0.02070470956655649 0.021569178654597357
0 0.25173025864821214 0.21747024242694563 0.01528182396521935 0.015314028813288761
0 0.37159281510573167 0.3829307556152344 0.01970833998460036 0.019468014056865986
0 0.5027488928574783 0.5327270947969877 0.01425016843355619 0.014113793006310096
0 0.8013412769024189 0.42731435482318586 0.014200797447791466 0.01404256087083083
0 0.44892362447885364 0.17453677837665266 0.01463009760929988 0.01460112058199369
0 0.3022450116964487 0.23259995533869818 0.015495116894061748 0.01579871544471154
0 0.19100231390732986 0.22324488713191107 0.014392706064077524 0.014554830697866587
0 0.4614726946904109 0.3441985570467435 0.013649647052471455 0.01362162369948167
0 0.7644889538104718 0.33542471665602464 0.01408855731670673 0.014400188739483174
0 0.7827430871816782 0.4559471423809345 0.014024587777944712 0.013987321120042067
0 0.2379457033597506 0.42127235119159406 0.01770445016714243 0.01790010012113131
0 0.4927952472980206 0.9242618267352765 0.014560112586388221 0.014562166654146634
0 0.7451251103327825 0.34687064244196963 0.012986109806941105 0.013041276198167067
0 0.8113722434410682 0.32924498044527495 0.014631418081430288 0.014863381019005409
0 0.31522215329683745 0.3064237374525804 0.01543131241431603 0.015341832087590145
0 0.6451715322641226 0.5157864643977239 0.014390358558067909 0.014299979576697716
0 0.2611844356243427 0.4801654815673828 0.016767245072584886 0.01668570591853215
0 0.31252728975736177 0.4967189935537485 0.01456620143010066 0.014610877403846154
0 0.2140781329228328 0.3124407621530386 0.018880624037522536 0.019229742196890023
0 0.24565500479478103 0.31853213677039516 0.01687768789438101 0.016788629385141227
0 0.8011018312894381 0.37936837856586164 0.014305408184344951 0.014647850623497596
0 0.183318908397968 0.24149491236760065 0.01759169651911809 0.017521051260141227
0 0.2819486214564397 0.7607242877666767 0.014905599447397085 0.014673673189603366
0 0.7273236788236178 0.45740068875826323 0.01322174072265625 0.013410421518179087
0 0.32211692516620344 0.4163667972271259 0.014181870680588942 0.014248187725360576
0 0.36133201305682844 0.31978783240685094 0.013969861544095553 0.015262310321514424
0 0.21794935373159555 0.29502633901742786 0.014152783613938551 0.014366663419283353
