0 0.2785031428703895 0.2699696467472957 0.04081597694983849 0.041201041294978216
0 0.543705206650954 0.6342004629281851 0.04570814279409555 0.04548835754394531
0 0.6974287766676682 0.4113640785217285 0.058390250572791465 0.058772967411921576
0 0.7005146466768705 0.612833940065824 0.07397108811598557 0.07430846874530499
0 0.3765715085543119 0.32700003110445464 0.02723517784705529 0.02734719789945162
0 0.5459040128267728 0.7899428147536057 0.2803319784311148 0.27228076641376203
0 0.5318603515625 0.786714113675631 0.03551336435171274 0.03523694551908053
0 0.5854681455172025 0.539679637322059 0.026771398691030648 0.026831846970778245
0 0.578914422255296 0.5101256003746619 0.02350000234750601 0.02321478036733774
0 0.5799964758066031 0.3467087012070876 0.02496954110952524 0.025216396038348857
0 0.5475898522597092 0.5381130438584548 0.028318331791804388 0.02843497349665715
0 0.3235768538254958 0.14950738503382757 0.027474476740910456 0.02745362428518442
0 0.38100778139554536 0.8540495358980619 0.021968254676231973 0.021863497220552884
0 0.5408128958482009 0.8152558253361628 0.02480462881234976 0.024687546950120192
0 0.5545393870427058 0.5035887864919809 0.020371290353628304 0.020439514747032754
0 0.3656214200533353 0.4044467852665828 0.023498388437124398 0.02358414576603816
0 0.594189350421612 0.7399966900165265 0.02113180894118089 0.021061237041766826
0 0.4832917726956881 0.7997892819918119 0.022505686833308294 0.022411052997295674
0 0.39947032928466797 0.18131666917067307 0.03366573040301983 0.03375544914832482
0 0.6279400311983548 0.18210810881394607 0.033392832829402044 0.034105080824631914
0 0.7305324994600736 0.012832984328269958 0.041160290057842545 0.024612218141555786
0 0.2700972923865685 0.16610882832453802 0.01957247807429387 0.01977120912992037
0 0.5257092255812424 0.2841438330136813 0.02360387948843149 0.023558726677527793
0 0.3387709397536058 0.818482178908128 0.026935063875638522 0.027048844557542067
0 0.6080226531395545 0.5566412118765024 0.01709446540245643 0.017005113454965446
0 0.7323649479792669 0.2381286804492657 0.04005842942457933 0.03993008686945988
0 0.28913116455078125 0.41763070913461536 0.029450306525597207 0.02962332505446214
0 0.7161656893216647 0.6533511235163763 0.027089485755333535 0.027047230647160456
0 0.6906056770911584 0.5060824247506949 0.022264627309945915 0.022155614999624398
0 0.3900101368243878 0.22406385495112494 0.02305148198054387 0.023102723635160007
0 0.3046745520371657 0.5895840571476862 0.03053004925067608 0.030326989980844352
0 0.40013643411489636 0.38757624992957485 0.019200838529146634 0.019112513615534857
0 0.34445685606736404 0.5325604952298678 0.019749201261080228 0.019781112670898438
0 0.6304192176231971 0.19899335274329552 0.02094855675330529 0.020439551426814154
0 0.2703414330115685 0.7555606548602765 0.020478321955754206 0.020419781024639424
0 0.42160096535315883 0.5889301300048828 0.017910517179048978 0.018105140099158652
0 0.48348247087918794 0.2266103304349459 0.019271043630746696 0.019277425912710335
0 0.48645855830265927 0.9159780649038461 0.020287440373347357 0.02039161095252404
0 0.2561013881976788 0.9749912848839393 0.017381814809945915 0.017466911902794473
0 0.3041245753948505 0.09094543640430157 0.0283810542179988 0.028190759512094352
0 0.4969185682443472 0.4957770567673903 0.016128026522122897 0.01620908883901743
0 0.4331035247215858 0.21377374575688288 0.01925072303185096 0.01948723426231971
0 0.49780643903292143 0.27636131873497594 0.01940044989952674 0.01918183840238131
0 0.6428434665386493 0.2173624405494103 0.017973973200871393 0.018025765052208535
0 0.7451305389404297 0.25918076588557315 0.024139991173377402 0.02418342003455529
0 0.47550410490769607 0.5771719859196589 0.021552599393404447 0.021519881028395433
0 0.37400032923771787 0.5521872593806341 0.016975549551156852 0.01710965083195613
0 0.627466421860915 0.6993879905113807 0.018588726337139424 0.018589313213641826
0 0.26955729264479417 0.2421546715956468 0.018138738778921273 0.018356763399564303
0 0.26503621614896333 0.42996564278235805 0.029888226435734674 0.03022612058199369
0 0.6373412792499249 0.6448128040020282 0.025575637817382812 0.025437134962815505
0 0.2991352081298828 0.8425436753493089 0.02430879152738131 0.024630619929387018
0 0.40479645362267125 0.6118663641122671 0.01677087637094351 0.016867417555588942
0 0.3206389867342435 0.5187119704026443 0.05008653494027945 0.05005924518291767
0 0.3509553028987004 0.6132683387169471 0.020480596102201022 0.020832648644080527
0 0.5752649307250977 0.3137042339031513 0.016608825096717246 0.016542654771071214
0 0.3910031318664551 0.9848012190598708 0.048337349524864785 0.027106358454777643
0 0.30652915514432466 0.560524060175969 0.027751042292668268 0.028780276958759014
0 0.6048181240375226 0.13517154180086577 0.027152281541090745 0.027158040266770583
0 0.28745471514188325 0.10995307335486779 0.015407562255859375 0.015574895418607272
0 0.29810014137854945 0.6131560252262995 0.02272180410531851 0.023224317110501803
0 0.6772049390352689 0.9273860637958233 0.15982407789963943 0.14431175818810096
0 0.6262310468233548 0.14087460591242865 0.019757931049053486 0.019653962208674505
0 0.24260629140413725 0.34626080439640927 0.014613188230074368 0.01665467482346755
0 0.3184721286480243 0.6352701920729417 0.018105800335223857 0.018100738525390625
0 0.44479278417734 0.6263837080735427 0.019813024080716647 0.020016009990985576
0 0.7359667557936448 0.8760183774507962 0.029461787297175482 0.030725919283353366
0 0.2751032755925105 0.6659962580754206 0.023876446944016676 0.02377656789926382
0 0.5048684340256911 0.8630405572744516 0.014903582059420072 0.015212572537935697
0 0.7282969401432917 0.7030880267803485 0.02473933880145733 0.0249789311335637
0 0.30273862985464245 0.11445285723759578 0.016817239614633415 0.017063104189359225
0 0.4913301467895508 0.8363411243145282 0.019968693072979268 0.019978156456580527
0 0.6780177629910983 0.6457994167621319 0.014429239126352163 0.014565247755784255
0 0.5879329534677359 0.8259140161367563 0.016446993901179388 0.016555345975435697
0 0.2814390475933368 0.9286708831787109 0.01786950918344351 0.0181427001953125
0 0.7133078208336463 0.5248584747314453 0.035568530742938705 0.03544051830585186
0 0.2831924328437218 0.6452046174269456 0.024074261005108174 0.024267196655273438
0 0.29585625575138974 0.12458190551170936 0.01641192803016076 0.01679506668677697
0 0.29787830206064075 0.1228161224952111 0.019219435178316556 0.01881258304302509
0 0.29601805026714617 0.2041492462158203 0.022808148310734674 0.022981900435227614
0 0.3412300990178035 0.7869456364558294 0.01424393287071815 0.014204171987680288
0 0.5771154990563025 0.6210563366229718 0.016121790959284857 0.016051512498121995
0 0.5385769330538236 0.339599609375 0.014160449688251201 0.014288535484900841
0 0.4327379373403696 0.3298974403968224 0.016415522648737982 0.016447800856370192
0 0.3782133689293495 0.42749808384821963 0.013837814331054688 0.013832385723407451
0 0.6261808688823993 0.1541269742525541 0.021938030536358174 0.02112710475921631
0 0.516908755669227 0.4573998818030724 0.017383502079890326 0.017234068650465745
0 0.4543592012845553 0.07836283170259915 0.21927994948167068 0.15577044853797326
0 0.34691616205068737 0.35568992908184344 0.01688685783973107 0.016786722036508415
0 0.4325965734628531 0.15773208324725813 0.05556201934814453 0.05588953311626728
0 0.42757760561429536 0.4376077651977539 0.013953135563777043 0.014025468092698317
0 0.260467712695782 0.34731666858379656 0.02541798811692458 0.0262911136333759
0 0.44190267416147083 0.7458924513596755 0.023674744826096755 0.024025550255408652
0 0.6517225412222055 0.43226021986741286 0.03403913057767428 0.03502787076509916
0 0.4807826555692233 0.3018789291381836 0.017021545997032754 0.01681342491736779
0 0.7080027506901667 0.3783763005183293 0.014316265399639424 0.014280465932992788
0 0.694947022658128 0.8805938133826623 0.04906962468073918 0.04943026029146635
0 0.35636109572190505 0.7864759151752179 0.014014757596529447 0.014078140258789062
0 0.4544230241041917 0.3817903445317195 0.0339356935941256 0.03353258279653696
0 0.7478050085214468 0.8671144338754507 0.019947638878455527 0.024782474224384014
0 0.7331942778367263 0.7016711601844201 0.028134859525240384 0.028665689321664665
0 0.3388217045710637 0.47826191095205456 0.03800120720496544 0.03791530315692608
0 0.42484371478740984 0.98851805466872 0.020069415752704326 0.01830321091871995
0 0.5652328637930063 0.7340570596548227 0.015846399160531852 0.01578668447641226
0 0.24615836143493652 0.5521542842571552 0.015688162583571214 0.01728659409743089
0 0.6348462471595178 0.33363973177396333 0.020485071035531852 0.020789953378530648
0 0.48381970478938174 0.8834934234619141 0.014877025897686299 0.014680568988506611
0 0.5150082661555364 0.3476887482863206 0.015967589158278245 0.016112841092623197
0 0.4930441196148212 0.8334768735445462 0.016874019916240986 0.016932854285606973
0 0.6235143221341647 0.6614931546724759 0.025623651651235726 0.025496556208683893
0 0.27306444828326887 0.8020095825195312 0.01448367192195012 0.014575518094576322
0 0.625768074622521 0.14796986029698297 0.025060066810021035 0.02849551347585825
0 0.27730424587543195 0.8166122436523438 0.014974740835336538 0.015090062068058895
0 0.4512515068054199 0.19354350750262922 0.02431906186617338 0.024065311138446514
0 0.38822042025052583 0.5268965134253869 0.014575444735013522 0.014613591707669772
0 0.7192825904259315 0.47758095081035906 0.04182786207932692 0.04211499140812801
0 0.2982801840855525 0.19722843170166016 0.016280357654278096 0.015803777254544772
0 0.30207322194026065 0.11740811054523174 0.020798903245192308 0.021042053516094502
0 0.3265221669123723 0.6515191151545598 0.019528829134427585 0.019149633554311898
