0 0.5399642724257249 0.9163121443528396 0.044463744530310996 0.044689031747671276
0 0.20332721563485953 0.29164739755483776 0.03542063786433293 0.035771810091458835
0 0.7681212058434119 0.09066133315746601 0.10634495661808895 0.17790693503159744
0 0.6190495124230018 0.8006371718186599 0.03314487750713642 0.0327754387488732
0 0.1864942770737868 0.843640400813176 0.03110196040226863 0.03585111177884615
0 0.6345484806941106 0.49761805167564976 0.028331756591796875 0.0283815677349384
0 0.29244334881122297 0.9591577970064603 0.028524032005896933 0.02847113976111779
0 0.8102675217848557 0.31153286420381987 0.025265326866736777 0.028550148010253906
0 0.24179876767672026 0.15782627692589393 0.020765341245211087 0.020772713881272536
0 0.7319036630483774 0.9296142871563251 0.026464022122896634 0.026313928457406852
0 0.7307872772216797 0.700129142174354 0.021039229172926683 0.02137932410606971
0 0.28182369012099046 0.3569591228778546 0.025407937856820915 0.02549002720759465
0 0.5736656922560471 0.7633050771859976 0.023666821993314303 0.023737980769230768
0 0.6212440637441782 0.7434640297522912 0.027382337130033053 0.027750748854417067
0 0.7147931319016677 0.7221151498647836 0.017282779400165264 0.017296424278846152
0 0.27239590424757737 0.32350393442007214 0.019405621748704176 0.01944395212026743
0 0.23394538806034967 0.8350391387939453 0.01901718286367563 0.019244854266826924
0 0.5425884540264423 0.8469555194561298 0.035103871272160456 0.03497050358698918
0 0.4139445378230168 0.17516499299269456 0.024550658005934495 0.024628199063814603
0 0.37456013606144833 0.5444198021521935 0.026214012732872598 0.02628150353064904
0 0.5169643255380484 0.8740740555983323 0.03505618755634014 0.03538777278019832
0 0.3016053713285006 0.11707461797274075 0.037621571467472956 0.03748515936044546
0 0.5831803908714881 0.35636006868802583 0.01729576404278095 0.01732048621544471
0 0.4216301991389348 0.8821722177358774 0.018978999211237982 0.01902594933143029
0 0.5365926302396334 0.4612109110905574 0.02959295419546274 0.029223515437199518
0 0.7054375868577224 0.8548512092003455 0.017694619985727165 0.017826960637019232
0 0.590843127324031 0.5261983871459961 0.01958318857046274 0.019463539123535156
0 0.6079340714674729 0.24166048490084135 0.019829529982346755 0.020051002502441406
0 0.6264609556931716 0.7773603292611929 0.01978888878455529 0.02002569345327524
0 0.7016084377582257 0.6864191202016977 0.016985379732572116 0.016949286827674277
0 0.68480711716872 0.645900139441857 0.01854881873497596 0.018717545729417067
0 0.6310311097365159 0.8628727839543269 0.019938542292668268 0.020343193641075723
0 0.32118833982027495 0.9219402900108924 0.017020005446213942 0.017078106219951924
0 0.6943265474759616 0.5458088654738206 0.017729539137620192 0.017608495858999398
0 0.6631365555983323 0.6263520901019757 0.0169064448429988 0.016957943256084736
0 0.6415696510901818 0.5593028435340295 0.015938685490534857 0.01601585975060096
0 0.5180133306063138 0.13600549331078163 0.01885355435884916 0.018845649865957406
0 0.4237342981191782 0.0906217465033898 0.02882847419151893 0.029001841178307168
0 0.29994891240046573 0.36542107508732724 0.01911332057072566 0.019073339608999398
0 0.6403996394230769 0.9117392760056716 0.017447838416466348 0.01748231741098257
0 0.22564847652728742 0.8020329108605018 0.016761046189528245 0.016957796536959134
0 0.6519611798799955 0.8756649310772235 0.020138960618239183 0.01976189246544471
0 0.5745081534752479 0.5895544198843149 0.01884181682880108 0.018867052518404447
0 0.41968411665696365 0.6354442009559045 0.01576100862943209 0.015706869272085335
0 0.5362126277043269 0.21915712723365197 0.016918255732609674 0.016910552978515625
0 0.5122950627253606 0.8495960235595703 0.024972842289851263 0.025490980881911058
0 0.5194783577552209 0.9931942866398737 0.021579889150766227 0.012294622567983774
0 0.19949410511897162 0.8632652576153095 0.016395715566781852 0.0164642333984375
0 0.7036870809701773 0.6750634266779973 0.01771369347205529 0.01811042198768029
0 0.1987910637488732 0.15184754591721755 0.01873478522667518 0.018616382892315205
0 0.778040152329665 0.4450704868023212 0.0161892817570613 0.016196544353778545
0 0.29588725016667294 0.024743171838613656 0.03959582402155949 0.04006028175354004
0 0.38012805351844203 0.06139984956154457 0.05671413128192608 0.05519293821774996
0 0.7118636644803561 0.9889041460477389 0.03198814392089844 0.019632632915790264
0 0.5922218102675217 0.8344670075636643 0.02222156524658203 0.022302921001727764
0 0.5435071725111741 0.8212736569918119 0.017719195439265326 0.017664102407602165
0 0.5050004078791692 0.5762015122633714 0.015476813683143029 0.015569760249211239
0 0.29013901490431565 0.9926835573636569 0.026755259587214544 0.013493171105018029
0 0.6638672168438251 0.5135520788339468 0.015867086557241585 0.015840823833759014
0 0.27275782365065354 0.5032252531785232 0.019123004033015326 0.019744066091684196
0 0.7426582483144907 0.9916805854210486 0.01619089566744291 0.013337795551006611
0 0.7978844275841346 0.9055957794189453 0.015178680419921875 0.015303391676682692
0 0.6381648870614859 0.026578933000564575 0.016382510845477764 0.0161937796152555
0 0.4482281024639423 0.5612892737755408 0.014654452984149639 0.014916199904221755
0 0.731463358952449 0.5323704572824332 0.014602220975435697 0.014676387493426982
0 0.2982670710637019 0.16869251544658953 0.015201825361985426 0.01513051986694336
0 0.30665014340327335 0.24077745584341195 0.019085113818828877 0.01925204350398137
0 0.6489335573636569 0.6306307866023138 0.014774469228891226 0.014696854811448317
0 0.17989771182720476 0.8622304476224459 0.016788592705359824 0.017393845778245192
0 0.3983073601355919 0.029136786094078652 0.015069814828725962 0.01515213342813345
0 0.48419453547551083 0.02709036607008714 0.0206601069523738 0.0204812792631296
0 0.644919542165903 0.21551150542039138 0.014960215641902043 0.015059067652775692
0 0.8070397743811975 0.6659961847158579 0.02274659963754507 0.02296902583195613
0 0.6072344413170447 0.8553441854623648 0.016493870661808893 0.016313699575570915
0 0.2580887721135066 0.5714045304518479 0.015939859243539665 0.01612267127403846
0 0.45439639458289516 0.020608658973987285 0.016181138845590446 0.016207622794004586
0 0.517335084768442 0.8909434538621169 0.01704245347243089 0.01728336627666767
0 0.2955908408531776 0.6378407111534705 0.016952001131497897 0.016967920156625602
0 0.32337496830866885 0.5114614780132587 0.014830442575307993 0.014552776630108174
0 0.3781459881709172 0.16365542778602013 0.018973497244027946 0.019081775958721455
0 0.6095759318425105 0.9499947474553034 0.015697332528921273 0.01577025193434495
0 0.5439121539776142 0.8580954625056341 0.015831580528846152 0.015018316415640024
0 0.3634369923518254 0.3595426266009991 0.019962310791015625 0.02064646207369291
0 0.2955043866084172 0.8307936741755559 0.015397438636192909 0.015704228327824518
0 0.6313341580904447 0.26442740513728213 0.014600607065054087 0.014790901770958534
0 0.7206016687246469 0.7455924107478216 0.014238210824819712 0.014267554649939904
0 0.6011241032527044 0.8429719484769381 0.01586004403921274 0.015439253586989183
0 0.5057662083552434 0.2398500809302697 0.015140680166391226 0.014987432039701022
0 0.7690564669095553 0.4188149892366849 0.01824041513296274 0.017792995159442607
0 0.3193956155043382 0.31993876970731294 0.014782392061673678 0.014686511113093449
0 0.39623579612145055 0.6875602282010592 0.014299539419320913 0.014491448035606971
0 0.36396210010235125 0.9578838348388672 0.017006580646221455 0.017012962928185098
0 0.8081342256986178 0.6286781017596905 0.01453869159405048 0.01496417705829327
0 0.7933327601506159 0.6380687126746545 0.016889131986177884 0.017684056208683893
0 0.7785462599534255 0.42784518461961013 0.018070514385516826 0.01855021256666917
0 0.30304771203261155 0.07215713537656344 0.04488699252788837 0.04685378074645996
0 0.6549990727351263 0.5008828089787409 0.013954456035907451 0.014003166785606971
0 0.4339822255648099 0.008690388156817509 0.02419449732853816 0.016444605130415697
0 0.524381710932805 0.8090976568368765 0.018578602717472956 0.018461080697866585
0 0.20133572358351487 0.8248968857985276 0.01576515344473032 0.015462141770582933
0 0.7080847666813777 0.6562034166776217 0.01517956073467548 0.015846399160531852
0 0.6739183572622446 0.8567418318528396 0.014025614811823918 0.014072858370267428
0 0.3767304787269005 0.06942028265732986 0.06512729938213642 0.06720744646512546
0 0.2723235350388747 0.4756291462824895 0.015141853919396034 0.015267592210036058
0 0.45103975442739636 0.5810705331655649 0.013983653141902043 0.013616855327899639
0 0.6798999492938702 0.661053730891301 0.01346573462853065 0.013653975266676683
0 0.6288762459388146 0.948148067180927 0.01479794428898738 0.014954346876878005
0 0.5645018724294809 0.14966443868783805 0.014215396000788761 0.014296568357027493
0 0.3627620110144982 0.014700286663495578 0.018748063307542067 0.018684254242823675
0 0.34388314760648286 0.11117461094489464 0.03162868206317608 0.03229953692509578
0 0.5298928480881911 0.12061483126420242 0.015108842116135817 0.015433421501746545
0 0.702300658592811 0.9297990065354568 0.014827288114107572 0.015104880699744591
0 0.7956471809974084 0.6227660545935998 0.013193570650540866 0.01304156963641827
0 0.3029655309823843 0.07778508846576397 0.03841979687030499 0.039073558954092175
0 0.2720347551199106 0.22576337594252366 0.014299906217134915 0.014255633720984826
0 0.3017434523655818 0.36223921409020055 0.023111966940072868 0.02263956803541917
0 0.798802742591271 0.4462311084453876 0.013742593618539663 0.014068016639122596
0 0.5085046474750226 0.9689329587496244 0.014160743126502404 0.014231461745042067
