0 0.6568019573505108 0.5752707261305589 0.12265363106360802 0.12352943420410156
0 0.8539317204402044 0.6330708723801833 0.06339748089130108 0.0640408442570613
0 0.05355292100172777 0.23023168857281023 0.05275420042184683 0.052485062525822565
0 0.43900394439697266 0.33658137688269985 0.0364220692561223 0.03670178926908053
0 0.5090370911818284 0.5008005729088416 0.05702524918776292 0.05745917100172777
0 0.20831753657414362 0.6119096462543194 0.13080654694483831 0.13094725975623497
0 0.1632695381457989 0.8848071465125451 0.03116299555851863 0.03122887244591346
0 0.8135337829589844 0.020707776913276084 0.02471190232496995 0.024947129763089694
0 0.2471159788278433 0.19078892927903396 0.024549557612492487 0.024681971623347357
0 0.4139039699847882 0.2505707557384784 0.02131198002741887 0.021517203404353216
0 0.3392791014451247 0.9356388678917518 0.032122245201697715 0.032287304217998795
0 0.04278288896267231 0.5579192821796124 0.03983894678262564 0.04283332824707031
0 0.03426121977659372 0.7641506195068359 0.02277463674545288 0.028994340163010817
0 0.6927649424626277 0.24065300134512094 0.03584480285644531 0.03618673177865835
0 0.8828657590425931 0.672266226548415 0.021404853233924277 0.021285423865685098
0 0.34509937579815203 0.10332166231595553 0.025099827693058893 0.025361978090726413
0 0.8620606935941256 0.3712765620304988 0.019992534930889424 0.019966565645658053
0 0.4588773800776555 0.31171820713923526 0.021757786090557393 0.021754356530996468
0 0.6680320593026968 0.3449635138878456 0.03949385422926683 0.03932057894193209
0 0.3710473867563101 0.3141192289499136 0.026427782498873197 0.026479574350210335
0 0.9282674789428711 0.02104580860871535 0.024278934185321514 0.02433910736670861
0 0.20907081090486968 0.7202057471642127 0.02452237789447491 0.024483313927283652
0 0.6252552912785456 0.7479001558743991 0.028218746185302734 0.02828040489783654
0 0.6912589439978967 0.3223102276141827 0.020226111778846152 0.020093110891488884
0 0.7765183815589318 0.5771291072552021 0.018128615159254808 0.018257874708909255
0 0.4060544967651367 0.3113921605623685 0.023322618924654447 0.023706656235914964
0 0.6462885049673227 0.7074244572566106 0.02681761521559495 0.026948048518254206
0 0.6461924039400541 0.5900674966665415 0.017704010009765625 0.017442703247070312
0 0.7911718075092022 0.8374899350679837 0.021937003502478965 0.021994957557091348
0 0.4009892757122333 0.27878592564509463 0.015909415024977464 0.016065010657677285
0 0.5557722311753494 0.2609850076528696 0.02279831812931941 0.022934106680063102
0 0.4456123938927284 0.8870996328500601 0.018820469196026143 0.018778287447415866
0 0.6237628643329327 0.8003705098078802 0.02132577162522536 0.021049939669095553
0 0.4556636076707106 0.9741042210505559 0.02255410414475661 0.022670892568734977
0 0.7235185916607196 0.5637247745807354 0.017265906700721152 0.01730486062856821
0 0.7721401361318735 0.21352357130784255 0.016994769756610576 0.01686272254356971
0 0.2809330866887019 0.7871890434852014 0.029361137977013223 0.029345585749699518
0 0.953408461350661 0.4077597398024339 0.021321663489708535 0.02114075880784255
0 0.1631446251502404 0.07717944108522855 0.030142710759089544 0.03031024566063514
0 0.3073702592116136 0.5631687457744892 0.02163351499117338 0.021424366877629206
0 0.29999446868896484 0.7060384750366211 0.01689764169546274 0.01669619633601262
0 0.22372003702016977 0.24453064111562875 0.021260701693021335 0.021483201246995192
0 0.897182611318735 0.5748109817504883 0.01653876671424279 0.016564149122971755
0 0.4805137194119967 0.23344164628248948 0.016372240506685697 0.016216057997483473
0 0.9696683883666992 0.40015249985914964 0.014082541832557091 0.017430672278771035
0 0.8733725914588342 0.3045239815345177 0.017064901498647835 0.01673544370211088
0 0.35328468909630406 0.2689180007347694 0.02036461463341346 0.020247459411621094
0 0.9252822582538311 0.904426648066594 0.05458875802847055 0.05443352919358473
0 0.4903405996469351 0.4195307951707106 0.01678290733924279 0.01669487586388221
0 0.4649785115168645 0.660517692565918 0.027568670419546273 0.027168860802283652
0 0.128724061525785 0.9328003663283128 0.01610255241394043 0.015897017258864183
0 0.15145634687863863 0.7950127674983098 0.018424602655264046 0.018078143780048076
0 0.8189359811636118 0.6594147315392127 0.015321878286508413 0.015346086942232572
0 0.4717561648442195 0.5858549704918494 0.026569366455078125 0.02712565201979417
0 0.3990811568040114 0.564630545102633 0.049162717965932995 0.04879966148963341
0 0.9206531231219952 0.34480791825514573 0.026921492356520433 0.026893469003530648
0 0.19337931046119103 0.14951793047098014 0.015099158653846154 0.015121001463669997
0 0.7555335118220403 0.0763708444742056 0.01586737999549279 0.015793910393348105
0 0.09260955223670372 0.5465586002056415 0.018774802868182842 0.018691283005934495
0 0.5700938885028546 0.2157251651470478 0.02277242220365084 0.022944083580603965
0 0.5210991272559533 0.15129459821260893 0.01521594707782452 0.015185392819918118
0 0.9482244344858023 0.5228285422691932 0.025252709021935098 0.025410872239332933
0 0.7848490935105544 0.7869322116558368 0.015967882596529447 0.015936924861027643
0 0.5049541179950421 0.24086644099308893 0.032852539649376504 0.03299129926241361
0 0.13327899345984826 0.770904174217811 0.01488944200369028 0.015205089862530049
0 0.41457447638878453 0.3955185596759503 0.014777403611403245 0.014833156879131611
0 0.4355594561650203 0.8335794302133414 0.019591111403245192 0.019946758563701924
0 0.20688093625582182 0.20723353899442232 0.0322721921480619 0.032235952524038464
0 0.816506605881911 0.10042452812194824 0.018837855412409857 0.01892394285935622
0 0.3278593650230995 0.04910434209383451 0.019725286043607272 0.019818911185631387
0 0.27492414988004243 0.7073392134446365 0.015785730802095853 0.015772306002103366
0 0.7385253172654372 0.05380140359585102 0.05168415949894832 0.05254728060502272
0 0.5026105734018179 0.14067572813767654 0.016036473787747897 0.01596670884352464
0 0.45580607194166917 0.2082071487720196 0.014719816354604868 0.014702613537128154
0 0.7357218815730169 0.44377484688392055 0.018496586726262018 0.01822354243351863
0 0.19106349578270546 0.9402137169471154 0.014928597670335036 0.014786646916316105
0 0.7525999362652118 0.27476290556100696 0.014620120708759014 0.01455094264103816
0 0.03090744293653048 0.8618673177865835 0.012966967546022855 0.01726502638596755
0 0.11973554354447585 0.11880719661712646 0.021971757595355693 0.022193303475013144
0 0.461885012113131 0.6605318509615384 0.021820655235877402 0.02271300095778245
0 0.1213693435375507 0.922874744121845 0.07645009114192082 0.07626577524038461
0 0.5650988358717698 0.7299680709838867 0.030067003690279447 0.02996341998760517
0 0.9163116308359 0.7572499788724459 0.06401546184833233 0.06479321993314303
0 0.2074142602773813 0.6172368709857647 0.014020846440241886 0.014060240525465745
0 0.24550386575552133 0.13049552990840033 0.018495853130634014 0.018412278248713568
0 0.9310480264516977 0.9401210638192984 0.015535354614257812 0.015891295212965745
0 0.9713218395526593 0.1555778613457313 0.013815366304837741 0.017615685096153848
0 0.4505954155555138 0.9316035050612229 0.018795160146859977 0.018862797663762018
0 0.5594984934880183 0.3930692672729492 0.014863234299879808 0.014732947716346154
0 0.508843678694505 0.7659127162053034 0.015975511991060697 0.016157883864182692
0 0.2839541435241699 0.2718260104839618 0.015886820279634915 0.01597144053532527
0 0.13902447773860052 0.2508089725787823 0.014342491443340596 0.014266197498028096
0 0.5306187042823205 0.3492393493652344 0.01987479283259465 0.02003317612868089
0 0.9127902251023513 0.6170591941246619 0.014367470374474159 0.014511841994065505
0 0.7764098827655499 0.6768352801983173 0.014899620643028846 0.015013474684495192
0 0.10164126983055702 0.7035748408390925 0.016082965410672702 0.016007643479567308
0 0.3390733278714694 0.7964425453772912 0.016313699575570915 0.016217891986553486
0 0.19338250160217285 0.8214518473698542 0.018171933981088493 0.018520942101111777
0 0.38110747704139125 0.1914363641005296 0.016229776235727165 0.016162725595327523
0 0.6455407509436975 0.11569716380192684 0.025668804462139424 0.026126568134014424
0 0.3881983390221229 0.4937761746920072 0.02468703343318059 0.02475899916428786
0 0.040093027628385104 0.3317546110886794 0.019086581010084886 0.019206854013296273
0 0.27389915172870344 0.3550253648024339 0.01549684084378756 0.015045606173001803
0 0.21135662152216986 0.04469294731433575 0.018058300018310547 0.018012239382817194
0 0.25901159873375523 0.24448545162494367 0.01447758307823768 0.01470499772291917
0 0.6285442939171424 0.5349042599017804 0.03732783977801983 0.036873890803410456
