0 0.37557400189913237 0.9152284768911508 0.041768367473895736 0.041930125309870794
0 0.3536846821124737 0.3449585254375751 0.030264854431152344 0.030323615440955527
0 0.6686025766225961 0.5181801869319036 0.028217902550330527 0.028041692880483773
0 0.2485011357527513 0.17113615916325495 0.03233751883873573 0.03232647822453426
0 0.25000863808851975 0.017704802063795235 0.024374778454120342 0.0244922202367049
0 0.6278118720421424 0.8827941601092999 0.026568486140324518 0.02667969923753005
0 0.4749458753145658 0.9379928295428936 0.02883016146146334 0.028918046217698317
0 0.4384598731994629 0.5004118772653433 0.025300906254695013 0.02538923116830679
0 0.7302002540001502 0.12467011121603158 0.02002716064453125 0.020177309329693135
0 0.1682910185593825 0.14790054468008187 0.01677050957312951 0.017769923576941855
0 0.4328789710998535 0.2016909672663762 0.022306368901179388 0.02237870143010066
0 0.5960058799156775 0.985408196082482 0.017656913170447715 0.01759191659780649
0 0.46714243522057164 0.43220101870023286 0.022060541006234977 0.022176229036771335
0 0.41997502400324893 0.9680325434758112 0.0185851317185622 0.018464015080378607
0 0.7110044039212741 0.7249858562762921 0.01771398691030649 0.017670558049128607
0 0.6983244235698993 0.17958604372464693 0.01740396939791166 0.01726187192476713
0 0.503562120290903 0.7052801572359525 0.020580511826735277 0.020723489614633415
0 0.7919707665076623 0.8173894148606521 0.019540053147536058 0.019565582275390625
0 0.7088540884164664 0.48436656365027797 0.01670045119065505 0.01674938201904297
0 0.40270673311673677 0.8175036356999323 0.017705917358398438 0.017691979041466348
0 0.16701030731201172 0.10944861632127029 0.0151823483980619 0.01826201952420748
0 0.5300644361055814 0.9565890385554388 0.01834737337552584 0.0184170649601863
0 0.3221043073214017 0.4273064686701848 0.019543574406550482 0.01969491518460787
0 0.5884264432466947 0.4851936193612906 0.018402246328500602 0.018662232619065505
0 0.3115538083589994 0.8527729327862079 0.017388270451472357 0.017264439509465143
0 0.30612626442542445 0.7740843846247747 0.018740140474759616 0.018437018761268027
0 0.3906505291278546 0.7813826340895432 0.01721030015211839 0.017145890455979567
0 0.7999668854933518 0.25386995535630447 0.016834405752328727 0.017046011411226712
0 0.310949839078463 0.8827816889836237 0.01748312436617338 0.01741174551156851
0 0.4822105260995718 0.41196665397057164 0.01863274207481971 0.01854405036339393
0 0.7971518589900091 0.4875364303588867 0.0168606684758113 0.016613886906550482
0 0.5807307316706731 0.8307944811307467 0.0164797856257512 0.016711308405949518
0 0.7777936641986554 0.6546183366041917 0.01682912386380709 0.016652914193960335
0 0.3387424395634578 0.8906473746666541 0.015952917245718148 0.016058848454402044
0 0.49611590458796573 0.3517900613638071 0.01628897740290715 0.016034052922175482
0 0.4023169737595778 0.14949985650869516 0.022116587712214544 0.02196194575383113
0 0.4264537004324106 0.4408687444833609 0.018215106083796576 0.018132136418269232
0 0.696469233586238 0.35528116959791917 0.016030238224909857 0.015824097853440505
0 0.4435858359703651 0.11997663974761963 0.01659554701585036 0.01687335968017578
0 0.8321753281813401 0.06710886038266696 0.016049751868614785 0.024501562118530273
0 0.33581242194542515 0.8639353238619291 0.01673610393817608 0.01673126220703125
0 0.5329706485454853 0.7310444758488581 0.018564224243164062 0.018323751596304085
0 0.6624529911921575 0.25347553766690767 0.017455174372746393 0.01726678701547476
0 0.7142785879281851 0.03100913533797631 0.02437254098745493 0.02378183603286743
0 0.33851946317232573 0.143270703462454 0.017039959247295674 0.016988130716177132
0 0.33043589958777797 0.8039983602670523 0.016334680410531852 0.01636505126953125
0 0.70544800391564 0.019288865419534538 0.020187964806189902 0.020633660829984225
0 0.6641777478731595 0.1403350463280311 0.016191629263070915 0.01625172908489521
0 0.6333001210139348 0.10058453449836144 0.015527138343224159 0.015561855756319486
0 0.7715804026677058 0.16751461762648362 0.015990183903620794 0.016323052919827975
0 0.5715185312124399 0.4879923967214731 0.016474797175480768 0.01634363027719351
0 0.3304150654719426 0.82750547849215 0.015848893385667067 0.015927828275240384
0 0.5262952951284555 0.13694560527801514 0.01643034128042368 0.016324483431302585
0 0.7337256211500901 0.3741318629338191 0.014958014855018029 0.014811442448542668
0 0.6509465437669021 0.7757271986741286 0.015896430382361777 0.01599737314077524
0 0.4973979363074669 0.8238292107215295 0.016761926504281852 0.016474503737229567
0 0.5983838301438552 0.11529181553767277 0.016275846041165866 0.01640158433180589
0 0.4694197728083684 0.3857422608595628 0.016015272874098558 0.015822557302621696
0 0.3563783352191632 0.6263661017784705 0.016460565420297477 0.016394395094651442
0 0.21764879960280198 0.323546996483436 0.014650931725135216 0.014826041001539964
0 0.7432635380671575 0.8777665358323318 0.015320704533503605 0.015558682955228366
0 0.6787524590125451 0.3885074762197641 0.015592134915865384 0.016047110924353965
0 0.5151345179631159 0.24451776651235727 0.015111483060396634 0.015328627366286058
0 0.5923488323505108 0.13191498242891753 0.014845921443058895 0.015060828282282902
0 0.8328764988825872 0.27796262961167556 0.013869945819561299 0.014124686901385967
0 0.38572124334482044 0.26790090707632214 0.016414715693547174 0.016562241774338942
0 0.4782851292536809 0.024872550597557656 0.02000882075383113 0.020227881578298714
0 0.34168723913339466 0.6543363424447867 0.01633915534386268 0.016153922447791465
0 0.6962173902071439 0.08160238082592304 0.014477069561298076 0.014418381911057692
0 0.2882077877338116 0.21431732177734375 0.014388011052058293 0.014479710505558895
0 0.4718515689556415 0.1313224480702327 0.015133931086613582 0.015379703961885892
0 0.778647202711839 0.40247088212233323 0.015026679405799279 0.015064679659329928
0 0.7911591163048377 0.5479781444256122 0.014333871694711538 0.014176882230318509
0 0.26237674859853893 0.747891719524677 0.014452310708852915 0.014566714947040264
0 0.6206784615149865 0.6850800147423377 0.013951668372521034 0.01428985595703125
0 0.16887686802790716 0.5685265247638409 0.014946424044095553 0.014905269329364482
0 0.5896793512197641 0.8524510310246394 0.01432037353515625 0.014368790846604567
0 0.38275505946232724 0.2503826434795673 0.015544744638296274 0.015361345731295072
0 0.8062814565805289 0.4073176750769982 0.013993189885066105 0.01438155541053185
0 0.7740107316237229 0.6411517216609075 0.014109391432542067 0.014295724722055288
0 0.7078857421875 0.021890979546767015 0.024510897122896634 0.023661164137033317
0 0.47305187812218297 0.038532059926253096 0.021419671865609977 0.021719501568720892
0 0.788364263681265 0.2808010761554425 0.013578561636117788 0.013900316678560697
0 0.4678572141207181 0.7119312286376953 0.014305701622596154 0.014356173001802884
0 0.17125932986919695 0.2208736493037297 0.014261759244478665 0.014446038466233473
0 0.4686458661006047 0.25285478738638073 0.015283951392540565 0.015379722301776592
0 0.5318063956040603 0.7172486231877253 0.015530146085298978 0.015539902907151442
0 0.43635265643780047 0.4213069035456731 0.014088850754957933 0.014197202829214243
0 0.20507225623497596 0.29922048862163836 0.014844087453988882 0.014928817749023438
0 0.8300996193519006 0.37148541670579177 0.014397107637845553 0.014459609985351562
0 0.7201737623948318 0.5516019967886118 0.013973529522235576 0.014051877535306491
0 0.7688130598801833 0.08987881587101863 0.014124796940730168 0.014436611762413612
0 0.2884217408987192 0.018570394470141485 0.014295614682711087 0.014350155225166908
0 0.7341722341684195 0.7374898470365084 0.014220017653245192 0.014372018667367788
0 0.5162812379690317 0.39569201836219203 0.01503738990196815 0.014967845036433293
0 0.39946247981144833 0.2489148653470553 0.01859591557429387 0.018751181088961087
0 0.743202282832219 0.11044586621798001 0.014452274029071514 0.014475712409386268
0 0.37657657036414516 0.77770812694843 0.013712809636042668 0.013918803288386418
0 0.47007967875554013 0.5195352114163913 0.014822152944711538 0.014842400184044471
0 0.41855863424447864 0.09995760367466854 0.014792515681340145 0.015008889711820163
0 0.4312993563138522 0.8320202460655799 0.013729535616361178 0.013727628267728366
0 0.6344111515925481 0.7731565328744742 0.014124796940730168 0.014359400822566105
