0 0.6121804897601788 0.8126269120436448 0.04519389225886418 0.04515149043156551
0 0.16510989115788385 0.24439598963810846 0.04370756332690899 0.043404799241286054
0 0.6784835228553185 0.8199244279127854 0.034691150371844955 0.03459490262545072
0 0.7533906789926382 0.7789125442504883 0.033283233642578125 0.03302720876840445
0 0.5989352739774264 0.2491293687086839 0.03164225358229417 0.03126679933988131
0 0.3378774569584773 0.8531885880690354 0.02571707505446214 0.025635645939753607
0 0.8031620612511268 0.4156465163597694 0.020768092228816107 0.021024337181678183
0 0.10577735534081092 0.2520246138939491 0.021190166473388672 0.028969471271221455
0 0.6151833901038537 0.7499972123366135 0.02137272174541767 0.021553626427283652
0 0.8897062448354868 0.9063034057617188 0.020442082331730768 0.020395425649789665
0 0.7450956197885367 0.3354926109313965 0.019563821645883415 0.01967752896822416
0 0.7586847452016977 0.5892645028921274 0.018214005690354567 0.018237187312199518
0 0.2940228535578801 0.9355592727661133 0.01999517587515024 0.019897607656625602
0 0.6002373328575721 0.7226092998798077 0.018067433283879206 0.018216353196364183
0 0.9005148960993841 0.8554336841289814 0.015667548546424277 0.018949508666992188
0 0.87347045311561 0.3150760210477389 0.018603398249699518 0.018556961646446817
0 0.2503039653484638 0.14000753255990836 0.019136868990384616 0.0188906926375169
0 0.8263805095966046 0.015859465186412517 0.016515585092397835 0.016384438826487616
0 0.524187601529635 0.0227167927301847 0.020403641920823317 0.020894692494319037
0 0.1385062291071965 0.9919828268197867 0.026689492739163913 0.014024294339693509
0 0.8377183767465445 0.8932835505558894 0.016868004432091348 0.01678466796875
0 0.8099783383882962 0.959406852722168 0.015530219444861779 0.015475639930138221
0 0.5112861119783841 0.7394208174485427 0.017398247352013223 0.017405289870042067
0 0.5804484807527982 0.376192569732666 0.01592863523043119 0.01581258040208083
0 0.6158374639657828 0.15973276358384353 0.015097251305213341 0.015245731060321514
0 0.30733776092529297 0.8657327798696665 0.01504685328556941 0.014894045316256009
0 0.4143364979670598 0.6503292964054987 0.015226217416616587 0.015426342303936299
0 0.34354584033672625 0.7000909952016977 0.015215360201322116 0.015031374417818509
0 0.42991883938129133 0.506271765782283 0.014301740206204928 0.014215029202974759
0 0.8497720865102915 0.6330808492807242 0.013978077815129207 0.014016371506911058
0 0.5246929021982046 0.035394017512981706 0.01579108605018029 0.014590272536644569
