0 0.7191403462336614 0.11761391162872314 0.08068921015812801 0.08150428992051345
0 0.36415488903339094 0.4142546286949745 0.06546622056227464 0.06609813983623798
0 0.1728825202355018 0.6653492267315204 0.05841332215529222 0.07459728534405048
0 0.6645222443800706 0.800721682035006 0.026846665602463942 0.026791792649489183
0 0.4783000946044922 0.2716807218698355 0.07218375572791466 0.07159860317523663
0 0.2281364660996657 0.5230969282296988 0.07989270870502178 0.07944004352276142
0 0.5079365510206956 0.3225816579965445 0.049983978271484375 0.05061663114107572
0 0.24110728043776292 0.06937881616445687 0.058380420391376205 0.05797356825608473
0 0.23866591086754432 0.3989873299231896 0.07219754732572116 0.07292982248159555
0 0.7769376314603366 0.736394295325646 0.04690346351036659 0.046995309682992786
0 0.48795604705810547 0.17409309974083534 0.039379046513484076 0.03921655508188101
0 0.7861499786376953 0.14491671782273513 0.043735650869516224 0.04446209394014799
0 0.25398115011361927 0.8428476040179913 0.03769229008601262 0.03796694828913762
0 0.7578842456524189 0.204333470417903 0.06504498995267428 0.06751621686495267
0 0.5899421251737155 0.09141126045813927 0.07091419513408954 0.07079919943442711
0 0.19795758907611555 0.44007983574500453 0.05972744868351863 0.06036641047551082
0 0.1635585198035607 0.6036283786480243 0.04226369124192458 0.05329000032865084
0 0.781293355501615 0.7848104330209585 0.04728214557354267 0.047229766845703125
0 0.7258754143348107 0.28707632651695836 0.034803537222055286 0.03479150625375601
0 0.21102754886333758 0.03955237682049091 0.026984654940091647 0.026837236606157742
0 0.23393931755652794 0.5664875323955829 0.05276324198796199 0.05205946702223558
0 0.21280893912682167 0.357424259185791 0.03706778012789213 0.036572823157677285
0 0.28100142112145055 0.12694145165956938 0.04845905303955078 0.048845602915837213
0 0.5855904359083909 0.2817552089691162 0.026836395263671875 0.02697922633244441
0 0.44295839162973255 0.7178531793447641 0.04274749755859375 0.04339467562161959
0 0.7545446982750525 0.5445791758023776 0.036851002619816706 0.03689311100886418
0 0.7515249252319336 0.07371983161339393 0.053262563852163464 0.053074891750629134
0 0.6088328728309045 0.25725313333364636 0.02342077401968149 0.023293751936692458
0 0.24512400993934044 0.10422744200779842 0.029326879061185397 0.02922166310823881
0 0.7287269739004282 0.43288245567908656 0.029923072228064902 0.030179977416992188
0 0.2953079296992375 0.5305559818561261 0.05799572284405048 0.058324300325833835
0 0.3899083871107835 0.1421726025067843 0.030020787165715143 0.03006610503563514
0 0.4115316684429462 0.16560653539804313 0.029180233295147236 0.028910233424260065
0 0.30051748569195086 0.288280725479126 0.027992688692533053 0.02750844221848708
0 0.6360530853271484 0.7825687115009015 0.021069453312800482 0.020998441256009616
0 0.4367837905883789 0.07201468027555026 0.02196986858661358 0.021981202639066257
0 0.5555757375863882 0.9105632488544171 0.030762305626502402 0.030651092529296875
0 0.6898812514085036 0.5402516218332144 0.05160610492412861 0.05244922637939453
0 0.390535097855788 0.8068897540752704 0.021457965557391826 0.02139590336726262
0 0.24023257769071138 0.2791592891399677 0.03898701300987831 0.03906330695519081
0 0.5702866040743314 0.31525340447059047 0.0226895258976863 0.022924294838538535
0 0.5436103160564716 0.28873836077176607 0.05481741978571965 0.05474244631253756
0 0.31889988825871396 0.20867212002093977 0.08768611687880296 0.0830534788278433
0 0.6651888627272385 0.4390300237215482 0.03957014817457933 0.03995946737436148
0 0.30204376807579625 0.7839433229886569 0.02320971855750451 0.023409329927884616
0 0.7053518295288086 0.2040706414442796 0.05185068570650541 0.05141041829035832
0 0.1631463857797476 0.3437348512502817 0.018859496483435996 0.018867052518404447
0 0.3440103897681603 0.7299442291259766 0.019419303307166465 0.019454369178185098
0 0.2866184894855206 0.3753348497244028 0.052343001732459433 0.051685406611515924
0 0.6520538330078125 0.0976797892497136 0.047281118539663464 0.047180707638080306
0 0.6278760616595929 0.7587572978093073 0.028574576744666465 0.028300358698918268
0 0.20466837516197792 0.13213836229764497 0.02060523399939904 0.020798976604755107
0 0.40101253069364107 0.6207378827608548 0.017758662884051982 0.01766234177809495
0 0.21040938450739935 0.3304323416489821 0.02824101081261268 0.02808724916898287
0 0.5466545545137845 0.4387622613173265 0.03452345041128305 0.034095397362342246
0 0.2344490931584285 0.17102289199829102 0.040990462669959433 0.04056750811063326
0 0.48827046614426833 0.022757768630981445 0.06691859318659855 0.04332919304187481
0 0.8374198766855093 0.7721849588247446 0.021480266864483174 0.021517826960637018
0 0.18712223493135893 0.06628296008476844 0.03226881760817308 0.03256717095008263
0 0.325284664447491 0.9861410581148587 0.034718880286583535 0.022699796236478366
0 0.4192960445697491 0.2836528191199669 0.061128983130821817 0.06248796903170072
0 0.8288414294903095 0.11806102899404672 0.028972625732421875 0.029750530536358174
0 0.6580617611224835 0.8473381629356971 0.02472408001239483 0.024461892934945915
0 0.2570221424102783 0.019878857410871066 0.051894114567683294 0.03828698396682739
0 0.5482840171227088 0.46436001704289365 0.02245323474590595 0.02219361525315505
0 0.3174969232999362 0.6844993738027719 0.03207529508150541 0.03237988398625301
0 0.32938484045175404 0.7848570897028997 0.01718484438382662 0.01712652353140024
0 0.40946036118727464 0.31812524795532227 0.03046424572284405 0.030204259432279147
0 0.6630760339590219 0.06876969337463379 0.03546142578125 0.03530482145456167
0 0.4033483358529898 0.421079342181866 0.019980870760404147 0.02028788053072416
0 0.6006811215327337 0.8716439467210036 0.03043519533597506 0.030039273775540866
0 0.41236459291898286 0.8388450329120343 0.03627586364746094 0.036258844228891224
0 0.34745465792142427 0.6349893716665415 0.025494502140925482 0.02549156775841346
0 0.4138384965749887 0.44982220576359677 0.02366946293757512 0.023371769831730768
0 0.2975463133591872 0.06925519154622005 0.06586470970740685 0.06640677268688495
0 0.35385865431565505 0.8080968123215896 0.02475599142221304 0.024808736947866585
0 0.46187378810002255 0.7466911902794471 0.019060721764197715 0.01848631638746995
0 0.5712191508366511 0.8907652634840745 0.020992058974045973 0.020913344163161058
0 0.6049037346473107 0.3443398108849159 0.02146486135629507 0.021956663865309495
0 0.17830608441279486 0.4693911625788762 0.022618440481332634 0.023670783409705527
0 0.3251194587120643 0.7015448350172776 0.017445931067833535 0.01776269766000601
0 0.288692437685453 0.635157585144043 0.0220183592576247 0.022806901198167067
0 0.6725186568040115 0.5930971732506385 0.061683361346905045 0.061303358811598554
0 0.5700815640963041 0.3612503638634315 0.05518150329589844 0.05534700246957632
0 0.8140808252187876 0.5309267044067383 0.03458830026479868 0.03453474778395433
0 0.29356985825758714 0.8249432490422175 0.019376167884239785 0.019435295691856973
0 0.1965204385610727 0.18090284787691557 0.03970612012423002 0.0398097405066857
0 0.549997513110821 0.4925865026620718 0.029361211336576022 0.029064765343299277
0 0.739315913273738 0.8703592740572416 0.0386804433969351 0.0388189462515024
0 0.4426639997042142 0.9678448163546048 0.04005094674917368 0.039302679208608776
0 0.6438578825730544 0.19677611497732309 0.03187869145320012 0.031783800858717695
0 0.18910870185265174 0.9260572286752554 0.04604031489445613 0.04697154118464543
0 0.396488959972675 0.21358187382037824 0.02694878211388221 0.02672276130089393
0 0.18975861255939191 0.34293479185837966 0.01660460692185622 0.01646599402794471
0 0.5422508533184345 0.06984372780873226 0.015978226294884317 0.01602302147791936
0 0.570761093726525 0.4627473537738507 0.02478937002328726 0.024164786705603965
0 0.19985906894390398 0.5944315836979792 0.022832650404710036 0.022733614994929388
0 0.726116840655987 0.5768285898061899 0.023462735689603366 0.02374120858999399
0 0.5513632847712591 0.04149161852323092 0.024751589848445013 0.02472127630160405
0 0.16942955897404596 0.1758252473977896 0.01681181100698618 0.0166625242966872
0 0.3892067395723783 0.8283370824960562 0.018588873056265023 0.018820982712965745
0 0.38469872107872594 0.8469674037053034 0.01658292917104868 0.0166928217961238
0 0.411285767188439 0.9232978820800781 0.043004402747521035 0.043127206655649036
0 0.7990787212665265 0.47720938462477464 0.09219859196589543 0.09129597590519832
0 0.3587201558626615 0.8642511367797852 0.017461263216458835 0.0173031733586238
0 0.20915688001192534 0.16312648699833796 0.0197446529681866 0.019614256345308743
0 0.421718377333421 0.4148106208214393 0.06612542959359977 0.06738970829890324
0 0.56324525979849 0.34793516305776745 0.027512476994441107 0.02701289837176983
0 0.5910921830397385 0.9180634571955755 0.021593534029447116 0.020968803992638223
0 0.8358871753399189 0.14362655236170843 0.03162941565880409 0.031448859434861406
0 0.7035498252281775 0.06165378368817843 0.026499087993915264 0.026549128385690544
0 0.5983583743755634 0.49623834169827974 0.02442308572622446 0.024192076462965745
0 0.31300031221829927 0.6293621063232422 0.017162909874549277 0.017092778132512018
0 0.8078274360069861 0.752249497633714 0.035782153789813705 0.037489084097055286
0 0.5801836160513071 0.44790212924663836 0.02742466559776893 0.027348811809833232
0 0.7991260381845328 0.26225783274723935 0.02434965280386118 0.024963232187124398
0 0.370576785160945 0.8969530692467322 0.01919423616849459 0.019298260028545674
0 0.4358379657451923 0.43240151038536656 0.026135811438927285 0.02559669201190655
0 0.3566493254441481 0.11532297501197228 0.019633733309232272 0.01979376719548152
0 0.7318182725172776 0.7519302368164062 0.055236522967998795 0.05551059429462139
0 0.16907343497643104 0.15084335437187782 0.015952697167029746 0.01577584560100849
0 0.44145466731144833 0.9400317852313702 0.022438636192908652 0.022076239952674277
0 0.7864112120408279 0.2730535360483023 0.018601344181941107 0.018486573145939753
0 0.48730714504535383 0.9100842842688928 0.04154344705434946 0.04050768338716947
0 0.33061742782592773 0.18329396614661583 0.03955885080190805 0.040054688086876504
0 0.3231213643000676 0.22524564082805926 0.030728560227614183 0.03270427997295673
0 0.4211829992441031 0.8669242858886719 0.020614770742563102 0.020283038799579326
0 0.4035307810856746 0.041506125376774713 0.026900364802433893 0.02660714892240671
0 0.15000572571387658 0.03719558853369493 0.016738121326153096 0.02644883210842426
0 0.3520309008084811 0.8944209905771109 0.020632817195012018 0.020605967595027044
0 0.466642636519212 0.06641735938879159 0.022481698256272536 0.022082044528080866
0 0.22231318400456354 0.13800498155447152 0.018651742201585036 0.019093990325927734
0 0.3852849373450646 0.45841305072490984 0.03165311079758864 0.03128968752347506
0 0.21948863909794733 0.6541448739858774 0.020298224229079027 0.02034935584435096
0 0.23068846189058745 0.2726936707129845 0.019728807302621696 0.018633255591759317
0 0.5293039908775916 0.16021152643057016 0.022970052865835335 0.02319599114931547
0 0.21445092788109413 0.30016491963313174 0.02991181153517503 0.029938771174504206
0 0.763921150794396 0.6379816348736103 0.028676839975210335 0.028339385986328125
0 0.8479083134577825 0.11130936329181378 0.016591879037710335 0.02143518741314228
0 0.7168793311485877 0.8910422691932092 0.024110940786508415 0.024468348576472357
0 0.23828763228196365 0.462618534381573 0.032546703632061295 0.03211197486290565
0 0.7138862609863281 0.7703580856323242 0.023715386023888223 0.02355326139009916
0 0.3968066068796011 0.688412592961238 0.017993853642390326 0.017653245192307692
0 0.34830232766958386 0.3580802770761343 0.030026876009427585 0.03053885239821214
0 0.19741227076603815 0.10139513932741605 0.05377468696007362 0.05249162820669321
0 0.40242870037372297 0.7364804928119366 0.0155792236328125 0.015421207134540264
0 0.3175654044518104 0.22423390241769645 0.019138336181640625 0.019765597123366136
0 0.24607159541203424 0.9251673771784856 0.027509249173677884 0.027914780836838942
0 0.2407860389122596 0.6826826975895808 0.03203729482797476 0.032769276545597956
0 0.3538841100839468 0.5713153619032639 0.019195116483248197 0.019628378061147835
0 0.5548113309420072 0.11699599486130935 0.02335357666015625 0.024120257450984076
0 0.21134086755605844 0.6123719582190881 0.015756827134352464 0.01569205064039964
0 0.4238890501169058 0.7730217713576096 0.017801945026104268 0.017823145939753607
0 0.25835492060734677 0.4481650132399339 0.01943074739896334 0.019889684823843148
0 0.5397794430072491 0.3570117950439453 0.020177841186523438 0.020153632530799277
0 0.3027210235595703 0.7657745067889874 0.015514740577110877 0.015620011549729567
0 0.1591970186967116 0.44977848346416766 0.03096939967228816 0.03351138188288762
0 0.6920807911799505 0.6466542023878831 0.03421152555025541 0.03416252136230469
0 0.4008711301363431 0.6649536719689002 0.024236532358022835 0.024004716139573317
0 0.6775148831881009 0.7007908454308143 0.03789021418644832 0.038831270658052884
0 0.69305786719689 0.02884567242402297 0.044751680814302884 0.044307131033677324
0 0.16130687640263483 0.11461710012876071 0.016036363748403695 0.015608549118041992
0 0.1621086047245906 0.48276604138887846 0.023020661794222318 0.024246876056377705
0 0.5789452699514536 0.40619571392352766 0.04598712921142578 0.04641166100135216
0 0.802843974186824 0.2640257982107309 0.02861639169546274 0.028818203852726862
0 0.740634037898137 0.45822675411517805 0.021371988149789665 0.022292283865121696
0 0.502860949589656 0.6133493276742789 0.02297240037184495 0.023224463829627402
0 0.7926707634559045 0.24576291671166053 0.01575469970703125 0.015699056478647087
0 0.4345734669612004 0.30376980854914737 0.02660824702336238 0.02650304941030649
0 0.1997968600346492 0.014578497180571923 0.01686396965613732 0.017101739461605366
0 0.6515329067523663 0.8309161846454327 0.021620970505934495 0.020635017981896035
0 0.24570377056415266 0.20146760573753944 0.02374729743370643 0.02467456230750451
