0 0.7125232403094952 0.9660067925086389 0.08167560283954327 0.06328744154710036
0 0.37185404850886417 0.6799822587233323 0.29723312304570126 0.300260433783898
0 0.7850719598623422 0.8578560902522161 0.026897723858173076 0.026993824885441706
0 0.14934303210331842 0.7816901573768029 0.033856978783240683 0.033541165865384616
0 0.18709358802208534 0.2958823350759653 0.02814623025747446 0.02820425767164964
0 0.18633011671213004 0.7751772220318134 0.030741178072415866 0.030791502732496995
0 0.05148935317993164 0.7064049060528095 0.036398082971572876 0.0366979745718149
0 0.9433952478262094 0.050776224869948164 0.020930070143479567 0.02089076775770921
0 0.10486808189978966 0.596743290240948 0.02125831750723032 0.021314034095177285
0 0.8544835310715896 0.9455707256610577 0.23705145028921273 0.10725256112905648
0 0.20942124953636757 0.8740863800048828 0.01810477330134465 0.018101912278395433
0 0.2211287755232591 0.09799065039708064 0.03255484654353215 0.03190799859853891
0 0.22329255250784066 0.5535416603088379 0.0165558961721567 0.0166016358595628
0 0.2803104840792142 0.2366032967200646 0.05139717688927284 0.052640548119178183
0 0.4888302729679988 0.22831528003399187 0.020290961632361777 0.02050506151639498
0 0.0312763314980727 0.49622451342069185 0.02207314968109131 0.02782139411339393
0 0.07187522833163922 0.7749261856079102 0.01666407401745136 0.016204980703500602
0 0.16962088071382964 0.8054818373460036 0.024120404170109674 0.0244296147273137
0 0.1947015615609976 0.9088353377122146 0.06928025759183444 0.06942308866060697
0 0.5650732333843524 0.017561783011143025 0.015905380249023438 0.01601892480483422
0 0.5546665191650391 0.6356707352858323 0.01493057837853065 0.014838878925030049
0 0.04941516656142015 0.9292038404024564 0.015202137140127329 0.015287252572866587
0 0.06433309041536771 0.6758719957791842 0.01491396243755634 0.014960655799278846
0 0.5824396426861103 0.04956682828756479 0.016977310180664062 0.017157554626464844
0 0.9655391986553485 0.28318581214317906 0.015415778526893029 0.015322318443885216
0 0.1387785581442026 0.6828809151282678 0.014838897264920749 0.014916346623347355
0 0.8722967001108023 0.42513612600473255 0.014604128324068509 0.014618946955754207
0 0.1474904647240272 0.2524519150073712 0.02591092769916241 0.026108705080472507
0 0.14536140515254095 0.6250187800480769 0.014496491505549504 0.014473841740534855
0 0.05014976171346811 0.5006216489351712 0.025026954137361966 0.02532650874211238
0 0.362087396474985 0.07019180059432983 0.022706105158879206 0.022438755402198203
0 0.8157292879544772 0.8386374253493089 0.015539316030649038 0.015535794771634616
0 0.6325139999389648 0.08679586190443772 0.01446239764873798 0.014654416304368239
