0 0.7185759911170373 0.22968802085289589 0.11039088322566105 0.11174326676588792
0 0.525237303513747 0.9325336309579703 0.057887957646296576 0.05829928471491887
0 0.6891345244187576 0.3845383570744441 0.05067913348858173 0.05033566401554988
0 0.20894989600548378 0.3175200315622183 0.07666873931884766 0.07675963181715745
0 0.36996903786292445 0.9415567838228666 0.03789835709791917 0.03775171133188101
0 0.14998538677509016 0.15617796090932992 0.03443057720477764 0.034480966054476224
0 0.2435640555161696 0.2373029635502742 0.03330010634202223 0.03347690288837139
0 0.29596187518193173 0.2850039922274076 0.03473388231717623 0.034515564258282
0 0.27814441460829514 0.5091091302724985 0.0300292601952186 0.03006157508263221
0 0.14025910084064191 0.06926058347408588 0.025087429926945612 0.025079828042250413
0 0.24077367782592773 0.5299450434171237 0.02532540834867037 0.024869698744553786
0 0.8396930694580078 0.36806018535907453 0.022059807410606973 0.02228238032414363
0 0.43140774506788987 0.07540695942365207 0.026230298555814303 0.02616573297060453
0 0.1998775555537297 0.2341638711782602 0.025374559255746696 0.02554666079007662
0 0.5042423835167518 0.08398537452404316 0.01959228515625 0.019783808634831354
0 0.8373617025522085 0.2036748115832989 0.02076867910531851 0.020807266235351562
0 0.7518788851224459 0.0860600471496582 0.026330214280348558 0.026329118471879225
0 0.27604037064772385 0.45011410346397984 0.03211399225088266 0.03191669170673077
0 0.8672237396240234 0.07614163252023551 0.036088209885817304 0.03589435724111704
0 0.7095414675199069 0.06391649979811448 0.036839998685396634 0.03696421476510855
0 0.9083008399376502 0.7454175215501052 0.04015130263108473 0.040601877065805286
0 0.5438505686246432 0.11377467558934139 0.018066773047814004 0.017911544212928183
0 0.3989527775691106 0.6585812935462365 0.01824364295372596 0.01840664790226863
0 0.8782458672156701 0.7329190327570989 0.03658147958608774 0.03668711735652043
0 0.9445806650015024 0.6345569904033954 0.01799920889047476 0.01817497840294471
0 0.15990301278921273 0.5111780900221604 0.03528439998626709 0.03557660029484676
0 0.7910289764404297 0.9514692746675931 0.02230688241811899 0.022568335899939902
0 0.5450840363135705 0.6490757281963642 0.01803273421067458 0.0180819584773137
0 0.11278102948115422 0.13190451035132775 0.020008637354924128 0.020136521412776068
0 0.7952424562894381 0.3117184638977051 0.03720562274639423 0.03716564178466797
0 0.541467886704665 0.4564803196833684 0.03605050307053786 0.03598433274489183
0 0.21400807454035833 0.9482379326453576 0.02098868443415715 0.021381084735576924
0 0.15792628434988168 0.11507965051210843 0.0257569092970628 0.025796816899226263
0 0.5359663596520057 0.1391906554882343 0.2994270324707031 0.28066169298612154
0 0.28724244924692005 0.48336395850548375 0.0191803712111253 0.019225193903996393
0 0.8149168307964618 0.6808722569392278 0.02885598402756911 0.02907415536733774
0 0.6615393711970403 0.45257047506479114 0.017855717585637018 0.017905455369215745
0 0.07690529639904316 0.05615861599261944 0.025185254903940055 0.025409891055180475
0 0.23366929934575006 0.943873038658729 0.01916162784282978 0.019193209134615384
0 0.33323933528019833 0.2904504996079665 0.023781556349534255 0.023772533123309795
0 0.3035244574913612 0.3397120695847731 0.017763724693885215 0.01773687509390024
0 0.8608138011052058 0.7120805887075571 0.026471064640925482 0.02618716313288762
0 0.45005303162794846 0.3624217693622296 0.02599187997671274 0.026061571561373197
0 0.15903322513286883 0.2919944066267747 0.016652244787949782 0.016823805295504056
0 0.9349168630746695 0.19765993265005258 0.025990999661959134 0.026106540973369893
0 0.6684339963472806 0.04635890630575327 0.0178835942195012 0.017895975938210122
0 0.8418888678917518 0.3111769969646747 0.021409988403320312 0.021383065443772536
0 0.22589995310856745 0.11587892128871037 0.018301010131835938 0.018315828763521634
0 0.920784069941594 0.2734101735628568 0.023394217857947715 0.023609308096078727
0 0.891972175011268 0.914058098426232 0.016986553485576924 0.016795818622295674
0 0.30660211122952974 0.4858253919161283 0.02568222926213191 0.026028853196364183
0 0.5161997721745417 0.622632100031926 0.015670629648061898 0.015766730675330527
0 0.23753764079167292 0.30323211963360125 0.016635307898888223 0.01714750436636118
0 0.2176512938279372 0.050378620624542236 0.016799193162184495 0.01658910971421462
0 0.6024286930377667 0.547385729276217 0.021367806654710036 0.021295547485351562
0 0.8532614341148963 0.9435587662916917 0.015442481407752404 0.015385114229642428
0 0.6136226654052734 0.1091165175804725 0.01669737008901743 0.01693435815664438
0 0.5184187155503494 0.43316973172701323 0.023465743431678183 0.023522303654597357
0 0.5871453285217285 0.14238550112797663 0.020221710205078125 0.020200179173396185
0 0.7788816598745493 0.5675147863534781 0.015516721285306491 0.015533007108248197
0 0.18149801400991586 0.20792354070223296 0.01729275630070613 0.017109394073486328
0 0.5613193511962891 0.12175330748924842 0.020456534165602464 0.02069546626164363
0 0.49470065190241885 0.3352932929992676 0.0655834491436298 0.06506758469801682
0 0.7650522085336539 0.5578909653883714 0.016457190880408652 0.01614966759314904
0 0.33626563732440656 0.4867296585669884 0.021811411930964544 0.021946833683894232
0 0.05202323656815749 0.09103021254906288 0.01927949832035945 0.030158794843233548
0 0.72193116408128 0.9371380439171424 0.016918475811298076 0.01689324012169471
0 0.930018791785607 0.12344050407409668 0.016005882850060098 0.016017932158250075
0 0.19593236996577337 0.5267362594604492 0.022452024313119743 0.02258638235238882
0 0.44731749021089995 0.056485336560469404 0.022571417001577523 0.022850320889399603
0 0.25391725393442005 0.5091989590571477 0.021161666283240683 0.02120054685152494
0 0.3136783746572641 0.5343156594496506 0.020154934663038988 0.020214594327486478
0 0.4417734146118164 0.14339937613560602 0.015548265897310697 0.01557142917926495
0 0.5611446087176983 0.3977073155916654 0.015488111055814303 0.015385114229642428
0 0.22415803028987005 0.9270781003511869 0.018062371474045973 0.018291179950420674
0 0.2457895278930664 0.6454895459688627 0.01519621335543119 0.014850176297701322
0 0.5133987573476938 0.1302034121293288 0.01601563967191256 0.016335744124192458
0 0.6088770719674917 0.4266621516301082 0.021848165071927585 0.02189782949594351
0 0.32188727305485654 0.9695587891798753 0.0146025144136869 0.014771534846379207
0 0.32154273986816406 0.370939511519212 0.019091092623197116 0.019320047818697415
0 0.110786667236915 0.869626338665302 0.019379304005549505 0.01936795161320613
0 0.7550873389610877 0.3050544261932373 0.014912825364332933 0.01498563473041241
0 0.23198092900789702 0.5652407866257888 0.016631603240966797 0.01699212881234976
0 0.07993496381319486 0.1354294281739455 0.01413570917569674 0.014285912880530724
0 0.31769561767578125 0.3864388099083534 0.015440720778245192 0.01546771709735577
0 0.33006807473989636 0.6711575434758112 0.01464550311748798 0.014645209679236779
0 0.26232484670785755 0.20585687343890852 0.016794131352351263 0.01697885073148287
0 0.3136873978834886 0.00958505731362563 0.01908397674560547 0.017551958560943604
0 0.8407139411339393 0.6875674907977765 0.01506805419921875 0.015315716083233174
0 0.6685284101046048 0.8984749133770282 0.014796917255108174 0.015061891995943509
0 0.23797211280235878 0.26315138890193057 0.022343268761268027 0.02234811049241286
0 0.46163214170015776 0.40103905017559344 0.02055953099177434 0.020599511953500602
0 0.2041201774890606 0.26566257843604457 0.023937812218299277 0.023726646716778096
0 0.17450787470890924 0.48073999698345476 0.014858172490046574 0.014661862299992489
0 0.7024258833665115 0.4464566891009991 0.014210040752704326 0.014302327082707332
0 0.5806619204007663 0.4433722496032715 0.032610526451697715 0.03256064194899339
0 0.1051868016903217 0.7951231736403245 0.014998637712918796 0.015135544996995192
0 0.8288191281832181 0.2750774897061862 0.09290783221905048 0.09133448967566857
0 0.6055644842294546 0.1518840239598201 0.016239753136268027 0.015873285440298226
0 0.2725373048048753 0.5313769854032077 0.01632998539851262 0.016515731811523438
0 0.5400139001699594 0.43404696537898135 0.022053645207331732 0.02254148629995493
0 0.7904079143817608 0.057927608489990234 0.015755580021784857 0.01578837174635667
0 0.2577879245464618 0.9472659184382513 0.014740357032189002 0.014766252957857572
0 0.7157064584585336 0.630999858562763 0.014284574068509616 0.014382142287034255
0 0.8463992338914138 0.6983443040114182 0.02012971731332632 0.019901862511268027
0 0.08213392587808463 0.36582125150240385 0.014578305757962741 0.014513015747070312
0 0.7821536430945764 0.552581787109375 0.013899876521183895 0.014064201941856971
0 0.31917300591102016 0.7955639912531927 0.014426158024714543 0.014542799729567308
0 0.9347121898944561 0.24967222947340745 0.03483786949744591 0.03447253887469952
0 0.8573011251596304 0.39708995819091797 0.014048943152794471 0.014124503502478966
0 0.5633229108957144 0.26055638606731707 0.03973205272967999 0.03922337752122145
0 0.06519518448756291 0.5321691586421087 0.015069906528179463 0.014911871690016527
0 0.9392915872427133 0.14375596780043381 0.0141142331636869 0.014152930333064152
0 0.7103651486910306 0.9298905592698318 0.015001003558819111 0.015124687781700721
0 0.35414358285757214 0.5007642599252554 0.01761143024151142 0.017443070044884317
