0 0.3515847646273099 0.5388686473552997 0.12331250997690055 0.12668418884277344
0 0.7890797394972581 0.3673392075758714 0.031181482168344352 0.03125205406775841
0 0.27744271205021787 0.7410162412203275 0.023646207956167366 0.023738567645733174
0 0.1932097581716684 0.1245421446286715 0.023065787095289964 0.02327720935528095
0 0.27620590650118315 0.6546757037823017 0.02062232677753155 0.020299764779897835
0 0.33660206427940953 0.7521997598501352 0.0202942628126878 0.020380166860727165
0 0.3029967454763559 0.6670215313251202 0.018323971674992487 0.018374516413762018
0 0.43522159869854266 0.35202422508826625 0.01841574448805589 0.018528864933894232
0 0.4241541348970853 0.6048387380746695 0.018878936767578125 0.018915176391601562
0 0.30942208950336164 0.1219874437038715 0.02106937995323768 0.020899314146775465
0 0.1654189916757437 0.5217105425321139 0.017734014070951022 0.01770356985238882
0 0.3763899069565993 0.07068534080798809 0.017238103426419772 0.017515530953040488
0 0.24241260381845328 0.15391901823190543 0.016271664546086237 0.01621279349693885
0 0.2885582630450909 0.282011655660776 0.017295690683218148 0.01731388385479267
0 0.15581848071171686 0.4557663844181941 0.016386032104492188 0.016635601337139424
0 0.2578897109398475 0.34384734813983625 0.015603065490722656 0.015355623685396634
0 0.5599692051227276 0.1720293485201322 0.016268290006197415 0.016332332904522236
0 0.8048839569091797 0.2834903276883639 0.015497794518103966 0.015465956467848558
0 0.3748796903170072 0.13843098053565392 0.016570311326246995 0.016526038830096904
0 0.33200909541203427 0.3360568560086764 0.01668401864858774 0.016642643855168268
0 0.1494438098027156 0.528096969311054 0.016041902395395134 0.01588571988619291
0 0.5613952049842248 0.2646642831655649 0.015746630155123197 0.01564649435190054
0 0.18253429119403547 0.6943275745098407 0.015291434067946214 0.015161367563100962
0 0.3027063516470102 0.746726182790903 0.014810488774226261 0.015085953932542067
0 0.576325196486253 0.6994835780217097 0.015399345984825721 0.015423114483173076
0 0.31778988471397984 0.8338766098022461 0.014564074002779447 0.014593564547025241
0 0.19086459966806266 0.3182488954984225 0.014301226689265324 0.014254349928635817
0 0.6554963772113507 0.5503148298997146 0.015344326312725361 0.015559196472167969
0 0.5754054142878606 0.24058807813204253 0.015056830186110277 0.014729499816894531
0 0.30089455384474534 0.7788036052997296 0.014671912560096154 0.01445300762469952
0 0.6786300952617939 0.1605684207035945 0.01628567622258113 0.016246612255389873
0 0.7019125131460336 0.19538061435406023 0.014476335965670072 0.014689152057354268
0 0.1648688132946308 0.2859744658836952 0.014573940863976112 0.015030787541316105
0 0.1968393692603478 0.0925587323995737 0.014322574322040264 0.014434887812687801
0 0.17445457898653471 0.4500425045306866 0.013693662790151743 0.01363526857816256
0 0.3895915104792668 0.1434675271694477 0.014089877788837139 0.014038361035860501
0 0.3019331418550931 0.7277592145479642 0.014463131244365986 0.014471934391902043
