0 0.636103996863732 0.548857908982497 0.16034977252666766 0.15704228327824518
0 0.9715335552509015 0.5104770660400391 0.0289309575007512 0.029337076040414665
0 0.4751559771024264 0.5217865430391752 0.05269123957707332 0.05217603536752554
0 0.41431155571570766 0.46019821900587815 0.03132761441744291 0.03133054879995493
0 0.18576666025015023 0.8567439592801608 0.0394281974205604 0.039882659912109375
0 0.7985393817608173 0.023091930609482985 0.03753662109375 0.03722249544583834
0 0.08996158379774827 0.9841489791870117 0.032126353337214544 0.027099169217623197
0 0.7410737551175631 0.7793251184316782 0.03291878333458534 0.03307401216947115
0 0.41228389739990234 0.6995714627779447 0.03816648629995493 0.03812085665189303
0 0.6053000596853403 0.5279879936805139 0.03853526482215294 0.03905333005464994
0 0.8015083899864783 0.7666025895338792 0.029605865478515625 0.029497293325570915
0 0.9297940180851862 0.4090594144967886 0.027193509615384616 0.027408599853515625
0 0.765707382789025 0.5007847272432767 0.0225527836726262 0.022548455458420973
0 0.13913367344782904 0.09121467516972469 0.022265104147104118 0.022313594818115234
0 0.3859020746671237 0.165282469529372 0.021011205819936898 0.021013700045072116
0 0.5113288439237155 0.11838307747474083 0.04128764225886418 0.041154054495004505
0 0.01409016320338616 0.5999339910653921 0.017977959834612332 0.01805422856257512
0 0.6538440264188327 0.8366203308105469 0.018649761493389424 0.01866912841796875
0 0.438350457411546 0.5359567128694974 0.04256380521334135 0.042738107534555286
0 0.09954862411205585 0.5117819859431341 0.01960022632892315 0.019622069138746995
0 0.567059590266301 0.012265565303655772 0.03501972785362831 0.02317873789713933
0 0.9706329932579627 0.5925427216749924 0.021457672119140625 0.021485108595628005
0 0.3383051065298227 0.5838421674875113 0.023437353280874398 0.023337510915902946
0 0.41178640952477086 0.8545841803917518 0.01958304185133714 0.019505720872145433
0 0.5836452337411734 0.47947076650766224 0.02793576167179988 0.02779080317570613
0 0.6286921867957482 0.7620273003211389 0.033925569974459134 0.03397046602689303
0 0.410218018751878 0.8859463471632737 0.02414982135479267 0.024164199829101562
0 0.4729310182424692 0.10960301069112924 0.03613119858961839 0.035961187802828275
0 0.34307358815119815 0.8120383482712966 0.02734793149507963 0.02745643028846154
0 0.44568854111891526 0.48238453498253453 0.031161675086388223 0.03127574920654297
0 0.347992676955003 0.6465175335223858 0.021659117478590745 0.021700638991135817
0 0.36069121727576625 0.895520283625676 0.020297857431265023 0.020083500788762018
0 0.5386980496920072 0.09947102803450364 0.035832918607271634 0.03580942520728478
0 0.44294379307673526 0.6933907728928786 0.025358933668870192 0.02510202847994291
0 0.5816256449772761 0.5155748220590445 0.02656100346491887 0.0267336918757512
0 0.5823698043823242 0.6713892129751352 0.023146335895244893 0.023401553814227764
0 0.6884711338923528 0.08993894320267898 0.02884057851938101 0.028745211087740384
0 0.47520336737999547 0.7758118556096003 0.017221890963040866 0.017118307260366585
0 0.4664013935969426 0.16130546423105094 0.02025912358210637 0.020316041432894193
0 0.5300038411067083 0.6318089411808894 0.030209467961237982 0.03018364539513221
0 0.5418964532705454 0.8292550307053786 0.023310221158541165 0.023120293250450723
0 0.210723510155311 0.9727914516742413 0.024525018838735726 0.02467933067908654
0 0.5548945206862229 0.11011875592745267 0.027385564950796273 0.027416009169358473
0 0.760218987098107 0.09966529332674466 0.019775243905874398 0.019715070724487305
0 0.7540696951059195 0.4619594720693735 0.020083060631385215 0.019905823927659255
0 0.5422002718998835 0.3879079085129958 0.018053568326509915 0.017903988177959736
0 0.9209971061119666 0.01937988629707923 0.022945990929236777 0.022949360884152926
0 0.8815304682804987 0.04268971773294302 0.022686004638671875 0.02235709474636958
0 0.540979788853572 0.7369622450608474 0.01686396965613732 0.01694488525390625
0 0.38419261345496547 0.9485624753511869 0.01971435546875 0.019676061776968148
0 0.8676280975341797 0.1564465302687425 0.023638505202073317 0.023777081416203424
0 0.21606102356543908 0.9309164193960336 0.02377601770254282 0.02346948476938101
0 0.8050835682795598 0.7245905949519231 0.024982305673452523 0.02456327585073618
0 0.4313796850351187 0.945339349599985 0.018065232496995192 0.018039996807391826
0 0.1437521531031682 0.5794939628014197 0.01705767558171199 0.01706534165602464
0 0.8350486021775466 0.5186812327458308 0.023360032301682692 0.023303765517014723
0 0.11778857157780574 0.05373071707212008 0.02489475103525015 0.02507501382094163
0 0.9520128690279447 0.30542986209575945 0.017277350792518027 0.017043627225435697
0 0.5332574844360352 0.17791273043705866 0.015894963191105768 0.01589661378126878
0 0.6991603557880108 0.16071249888493463 0.016149520874023438 0.015882088587834284
0 0.9591737893911508 0.06486838597517747 0.016521747295673076 0.01655101776123047
0 0.06417037432010357 0.08443230849045974 0.01650418685032771 0.016681996675638053
0 0.6451833431537335 0.9563189286452073 0.016565469595102165 0.016287583571213942
0 0.8097633948692908 0.3431256734407865 0.015442481407752404 0.015366921058067909
0 0.9148184702946589 0.6947490251981295 0.016802274263822116 0.01684423593374399
0 0.2973790168762207 0.6614241966834435 0.018213785611666165 0.01823586684006911
0 0.06625331823642437 0.04276314607033363 0.01585874190697303 0.01602780818939209
0 0.36754300044133115 0.5256123909583459 0.02057985159067007 0.020631936880258415
0 0.8180054884690505 0.8065422498262845 0.017501977773813102 0.01780568636380709
0 0.6352311647855319 0.2631872250483586 0.019675328181340143 0.019600281348595254
0 0.6404222341684195 0.805340840266301 0.016812251164362982 0.016846583439753607
0 0.45081057915320766 0.9415453397310697 0.01828736525315505 0.018106607290414665
0 0.8151562030498798 0.29618433805612415 0.016379136305588942 0.016251270587627705
0 0.5005613473745493 0.631173353928786 0.02218759976900541 0.022169846754807692
0 0.4036046541654147 0.10020014872917762 0.015719780555138223 0.015757138912494365
0 0.4931360391470102 0.8203016427847055 0.016213196974534255 0.016282008244441107
0 0.7833016468928411 0.06958863368401161 0.023465523352989785 0.02345697696392353
0 0.5557822814354529 0.7168521147507888 0.025922115032489482 0.026294121375450723
0 0.7386773182795598 0.6962121816781851 0.03174899174616887 0.031925201416015625
0 0.6562388493464544 0.42553028693565953 0.020401881291316107 0.020582272456242487
0 0.5875955728384165 0.4091492799612192 0.01621246337890625 0.01634106269249549
0 0.9614771329439603 0.22863013927753156 0.02312014653132512 0.02339517153226412
0 0.3900480270385742 0.19007081251878005 0.020962641789362982 0.02095772669865535
0 0.6510452857384315 0.7822522383469802 0.024647932786207933 0.024721585787259616
0 0.33395862579345703 0.7643181727482722 0.017539244431715745 0.01753088144155649
0 0.8195743560791016 0.20777152134821966 0.016161991999699518 0.016300274775578424
0 0.13450374053074762 0.7285228142371545 0.01600799193749061 0.015709070058969352
0 0.801552259005033 0.4970408219557542 0.015445415790264424 0.0155029296875
0 0.6250278766338642 0.07291663610018216 0.015218294583834134 0.015141523801363431
0 0.7617186766404372 0.6477371362539438 0.015854762150691107 0.016419337346003607
0 0.4562471096332257 0.5883680490347055 0.03288877927339994 0.03178266378549429
0 0.7391298734224759 0.11433898485623874 0.015854762150691107 0.015649832212007962
0 0.09238125727726863 0.12230064318730281 0.01588296890258789 0.01568766740652231
0 0.35774957216702974 0.8724467204167292 0.02776498060960036 0.02779989976149339
0 0.6763525742750901 0.5754613876342773 0.017748906062199518 0.017636519211989183
0 0.5886786534236028 0.4268855314988356 0.01627511244553786 0.016141304602989785
0 0.31171560287475586 0.3978412334735577 0.01687284616323618 0.01704098628117488
0 0.3666866742647611 0.49736452102661133 0.015679286076472357 0.01559756352351262
0 0.546692261329064 0.8119372587937576 0.01679097689115084 0.016768675584059495
0 0.20940604576697716 0.8943369938777044 0.017358779907226562 0.017425537109375
0 0.8833882258488581 0.8335732680100661 0.0251617431640625 0.025121395404522236
0 0.4901112409738394 0.6488210237943209 0.02808372790996845 0.028367115901066706
0 0.9281010260948768 0.08466845292311448 0.029382852407602165 0.02914008727440467
0 0.5830221176147461 0.39310506673959583 0.0185391352726863 0.0186459467961238
0 0.3879219568692721 0.2577870809114896 0.021107893723707933 0.02098538325383113
0 0.7385648580697867 0.08456923411442684 0.020253548255333535 0.02030633046076848
0 0.6209052159236028 0.502555773808406 0.016429607684795674 0.016249363238994893
0 0.2689077670757587 0.7700786590576172 0.01574087142944336 0.015792259803185098
0 0.24697978679950422 0.18813412006084734 0.019727266751802884 0.019652806795560397
0 0.6733865737915039 0.726280139042781 0.0144346677339994 0.014556444608248197
0 0.7940510969895583 0.794678467970628 0.02252197265625 0.023067474365234375
0 0.09843873977661133 0.08922459528996395 0.01385048719552847 0.014023634103628306
0 0.14750256905188927 0.746214353121244 0.025334578294020433 0.025726318359375
0 0.29883909225463867 0.9540596741896409 0.015652949993426982 0.015613702627328726
0 0.24584748194767878 0.5650322620685284 0.015929442185621995 0.015968762911283053
0 0.40227332481971156 0.9900809067946214 0.017333030700683594 0.01538848876953125
0 0.5725641984205979 0.8030424118041992 0.028528213500976562 0.028694006112905648
0 0.8135466942420373 0.7914529947134165 0.01793523935171274 0.017373305100661058
0 0.3062571929051326 0.45150140615609974 0.01705591495220478 0.017108990595890924
0 0.11630704769721398 0.5621783183171198 0.014676937690147987 0.01482251974252554
0 0.76726561326247 0.7693063295804538 0.021915435791015625 0.022124217106745794
0 0.45524054307204026 0.5684638390174279 0.025640487670898438 0.025945590092585638
0 0.5288827602679913 0.45156192779541016 0.03209348825307993 0.032317088200495794
0 0.89489195897029 0.08808519290043758 0.023537269005408652 0.0234529788677509
0 0.09366217943338248 0.6823530930739182 0.023181365086482122 0.023108849158653848
0 0.4752524816072904 0.835467265202449 0.014645062960111178 0.014585935152493991
0 0.06072607407203087 0.7550486051119291 0.01988363265991211 0.0204623295710637
0 0.7305909670316256 0.24030604729285607 0.01626000037560096 0.016187374408428486
0 0.6467463419987605 0.06634773657872127 0.014380381657527043 0.014193296432495117
0 0.7591848373413086 0.9530325669508714 0.015053382286658654 0.015221669123722957
0 0.21032289358285758 0.5505298467782828 0.01633614760178786 0.01633761479304387
0 0.829380255479079 0.1382602178133451 0.022636853731595553 0.02258904163654034
0 0.6252791331364558 0.035342707083775446 0.016271591186523438 0.01614544941828801
0 0.909171617948092 0.1047076078561636 0.025858952448918268 0.025836357703575723
0 0.7023579524113581 0.9927635192871094 0.02206274179311899 0.013366259061373197
0 0.5444572888887845 0.5026712784400353 0.014845481285682091 0.014737716087928185
0 0.16537218827467698 0.06061359552236704 0.01447604252741887 0.014551511177649865
0 0.3841710090637207 0.5020561951857346 0.02075305351844201 0.02072004171518179
0 0.1866756219130296 0.6920281923734225 0.017528790694016676 0.017120508047250602
0 0.6774827516995944 0.17936422274662897 0.014905782846304087 0.014672499436598558
0 0.515036362868089 0.21898376024686372 0.014313037578876201 0.014321033771221455
0 0.8600597381591797 0.9594513819767878 0.015386434701772837 0.015502049372746395
0 0.786899053133451 0.5094215319706843 0.014236743633563701 0.01409449944129357
0 0.07933382804577167 0.7858909460214468 0.02001045300410344 0.02034143301156851
0 0.7753123503464919 0.6411878145658053 0.017087789682241585 0.01695706294133113
0 0.7355603438157302 0.2178025979262132 0.016625330998347357 0.01667030041034405
0 0.08576935071211594 0.7193422317504883 0.01944252160879282 0.019088158240685098
0 0.7286068842961237 0.8711841289813702 0.014388304490309495 0.014347663292518029
0 0.3419372852032001 0.7342976790208083 0.01557782980111929 0.015833047720102165
0 0.949311036330003 0.5803075203528771 0.029294234055739183 0.029441099900465745
0 0.9734748693612906 0.8948823488675631 0.02842551011305589 0.02849725576547476
0 0.8888474244337815 0.9229036477895883 0.01681665273813101 0.016936668982872598
0 0.7226986518272986 0.09271849118746243 0.016869178185096152 0.016655811896690957
0 0.33964986067551833 0.9910612106323242 0.01470653827373798 0.01351473881648137
0 0.19127768736619216 0.9559836020836463 0.017473660982572116 0.017568441537710335
0 0.3517750960129958 0.353912720313439 0.01772279005784255 0.017514448899489183
0 0.3852686515221229 0.7223060314471905 0.02579953120304988 0.02588829627403846
0 0.8008058254535382 0.053933336184575006 0.01800669156588041 0.017939090728759766
0 0.8057526074923002 0.5874065619248611 0.016027157123272236 0.016078948974609375
0 0.8499246744009165 0.6000569050128644 0.022281059852013223 0.02216992011437049
0 0.6617942223182092 0.8691046788142278 0.014807774470402645 0.014700376070462741
0 0.5643392342787522 0.8743365361140325 0.02838274148794321 0.028597905085637018
0 0.8551023923433744 0.05585642961355356 0.014182164118840145 0.014187464347252479
0 0.08960171846243051 0.7075076470008264 0.016543131608229417 0.01627203134390024
0 0.36139209453876203 0.8527613419752854 0.016083643986628607 0.016924638014573317
0 0.8244458712064303 0.5942606559166541 0.02178368201622596 0.02177297152005709
0 0.266306785436777 0.2279971562899076 0.014238650982196514 0.01434326171875
0 0.06965938898233268 0.11848330497741699 0.013770965429452749 0.014135984274057241
0 0.7760916489821214 0.08933124175438514 0.01706270071176382 0.016965829409085788
0 0.7892728952261118 0.7378083008986253 0.014120101928710938 0.0135041750394381
0 0.17842659583458534 0.880127319922814 0.017717801607572116 0.017882273747370794
0 0.8220443725585938 0.6157761353712815 0.03180225078876202 0.03185771061823918
0 0.15826920362619254 0.9080611008864182 0.014881757589486929 0.014967991755558895
0 0.9682731628417969 0.2905621345226581 0.014556591327373799 0.014368534088134766
0 0.7372409380399264 0.21989895747258112 0.01700870807354267 0.016947452838604268
0 0.5964279541602502 0.9763475564809946 0.01453707768366887 0.01475231464092548
0 0.19100262568547174 0.18544927010169396 0.01654162773719201 0.01660952201256385
0 0.5454776470477765 0.14562431665567252 0.01596406789926382 0.015990624060997598
0 0.48638585897592396 0.6896730569692758 0.013554793137770433 0.013779566838191105
0 0.5177446512075571 0.9005885491004357 0.08830202542818509 0.08362990159254807
0 0.7350502014160156 0.18599873322706956 0.015953210683969352 0.016617481525127705
0 0.6353007096510667 0.7429972428541917 0.014280759371243991 0.014548815213716947
0 0.3162101232088529 0.118063917526832 0.015310140756460337 0.015382821743304912
0 0.5402959310091459 0.9021007831280048 0.04409100459172176 0.04548175518329327
0 0.1168818840613732 0.1004647108224722 0.014167418846717248 0.014025321373572716
0 0.40477712337787336 0.9008172108576848 0.015465516310471755 0.015089621910682091
0 0.11882236370673546 0.7300649789663461 0.015668410521287184 0.014972686767578125
0 0.7434362998375525 0.5305079680222732 0.013847937950721154 0.013900169959435096
