0 0.382934203514686 0.6556097177358774 0.037575941819411054 0.037943326509915866
0 0.39646178025465745 0.15270056174351618 0.02658697275015024 0.026773874576275166
0 0.2406596587254451 0.6671189528245193 0.027206861055814303 0.027270096998948317
0 0.5003068630511944 0.13396112735454851 0.027818679809570312 0.027682689520028923
0 0.7871192785409781 0.06788449104015644 0.02601344768817608 0.02612607295696552
0 0.4427802012516902 0.7364214383638822 0.02012179448054387 0.020197354830228366
0 0.3776148282564603 0.0947584188901461 0.028089376596304085 0.028002335475041315
0 0.3897249515240009 0.0535667217694796 0.03564012967623197 0.035628318786621094
0 0.3635258307823768 0.022454591897817757 0.0534513913668119 0.04305047255295973
0 0.4032757832453801 0.112441007907574 0.023610335129957933 0.02377471557030311
0 0.3523236788236178 0.4034105447622446 0.02154819781963642 0.021397737356332634
0 0.4058140241182767 0.03210820372288044 0.02117743858924279 0.021051044647510234
0 0.7211934603177584 0.23694065900949332 0.017095125638521634 0.0168914428124061
0 0.27694023572481596 0.3455499502328726 0.021128214322603665 0.021380277780386116
0 0.28211461580716646 0.68395629295936 0.020533121549166165 0.020602006178635817
0 0.5323677796583909 0.1527358476932232 0.020771026611328125 0.020706928693331204
0 0.4183473587036133 0.5502750690166767 0.018855168269230768 0.01901670602651743
0 0.5263264362628644 0.17088594803443322 0.024582055898813102 0.02487046901996319
0 0.42522188333364636 0.9122031285212591 0.024220833411583535 0.02417901846078726
0 0.5620677654559796 0.1602334242600661 0.024007283724271335 0.023979617999150202
0 0.8076576819786658 0.43616771697998047 0.016414642333984375 0.01653876671424279
0 0.8003407991849459 0.01859740110544058 0.01630577674278846 0.01633147092965933
0 0.3896903991699219 0.1761930905855619 0.017430598919208232 0.017476888803335335
0 0.6520119446974534 0.3558809940631573 0.01592386685884916 0.01589789757361779
0 0.4288218571589543 0.25108773891742414 0.037199753981370196 0.03715361081636869
0 0.47248517549954927 0.9258634127103366 0.02438523219181941 0.024677276611328125
0 0.23596074030949518 0.983711316035344 0.018424290877122145 0.018343998835637018
0 0.6308042086087741 0.2582472287691556 0.015226804293118991 0.015365380507249098
0 0.4154530305128831 0.29746253673846906 0.12886590224045974 0.13184958237868089
0 0.5604508473322942 0.2864977213052603 0.018765669602614183 0.019251126509446364
0 0.34574149205134463 0.843046628511869 0.015321144690880409 0.015263777512770433
0 0.45980083025418794 0.4171634820791391 0.015331708467923678 0.01555178715632512
0 0.723757450397198 0.9290097309992864 0.014291763305664062 0.014344142033503605
0 0.8122934928307166 0.10809172116793118 0.0158236576960637 0.016731885763315055
0 0.2181516427260179 0.2582514836237981 0.014604128324068509 0.014711306645320011
0 0.2527797772334172 0.25437443072979266 0.06468053964468148 0.06562856527475211
0 0.7001256209153396 0.03944811454186073 0.019286522498497598 0.019207406502503615
0 0.2166760151202862 0.9912003003633939 0.021218519944411058 0.016132354736328125
0 0.8067227143507737 0.5642004746657151 0.016986993642953727 0.017041573157677285
0 0.5194602379432092 0.1217332986684946 0.01771677457369291 0.017622892673198994
0 0.7845671727107122 0.1585268240708571 0.07541363055889423 0.12375280490288368
0 0.19632970369779146 0.6906399360069861 0.023148096524752103 0.022976508507361777
0 0.26488161087036133 0.4193865702702449 0.027261880727914665 0.026546404911921576
0 0.5003157395582932 0.10585388770470253 0.02935174795297476 0.029284587273230918
0 0.5429260914142315 0.16677284240722656 0.015012667729304386 0.015426195584810697
0 0.803261243380033 0.16255837220412034 0.01613793006310096 0.015995539151705228
0 0.7942230518047626 0.09761159236614521 0.014474722055288462 0.01432041021493765
0 0.40132907720712513 0.9089277707613431 0.016080929682804987 0.015965681809645433
0 0.22773388715890738 0.7774361830491286 0.015102349794827975 0.015077444223257212
