0 0.6393966674804688 0.5083387081439679 0.1349970010610727 0.18735856276292068
0 0.43950565044696516 0.2370583827678974 0.06922479776235727 0.06887043439424954
0 0.6656830861018255 0.054840766466580905 0.048913808969350964 0.04892288721524752
0 0.6251789973332331 0.2112718362074632 0.04867755449735201 0.04996893956111027
0 0.4238024124732384 0.4389776816734901 0.09416983677790715 0.09621033301720253
0 0.33535084357628453 0.6677745672372671 0.027924464299128607 0.028003399188701924
0 0.6655722398024339 0.01999539824632498 0.033707838792067304 0.03343537220588097
0 0.5225034860464243 0.9025616279015174 0.0216524417583759 0.021499046912560098
0 0.5545905186579778 0.7907208662766677 0.02032470703125 0.020359039306640625
0 0.6941383801973783 0.7853224094097431 0.034319510826697715 0.04654678931603065
0 0.6355433830848107 0.057142592393434964 0.0193023681640625 0.019283303847679727
0 0.5432483232938327 0.07795155048370361 0.024421545175405648 0.024418354034423828
0 0.6464188649104192 0.7075819602379432 0.021726021399864785 0.02163094740647536
0 0.3924217957716722 0.04302361836800209 0.027719864478478067 0.027896826083843525
0 0.6590228447547326 0.20270901459913987 0.02304355914776142 0.023257108835073616
0 0.5804917262150691 0.683550394498385 0.022597533005934495 0.02258755610539363
0 0.4433095638568585 0.3452526606046237 0.10100944225604717 0.10099601745605469
0 0.3507968462430514 0.325227664067195 0.04733716524564303 0.04807442885178786
0 0.6243422581599309 0.09044368450458233 0.021616128774789665 0.021813429318941556
0 0.5503994868351862 0.504057370699369 0.01707883981557993 0.01699491647573618
0 0.5647142116840069 0.2023613452911377 0.09378836705134465 0.09254536261925331
0 0.3073303516094501 0.7058828794039212 0.017165550818810098 0.01723509568434495
0 0.3139341060931866 0.1915446794950045 0.029675116905799277 0.031754493713378906
0 0.549874159005972 0.82008119729849 0.01822662353515625 0.018283257117638223
0 0.42846444936899036 0.14405113000136155 0.026803090022160456 0.02684153043306791
0 0.49554582742544323 0.8149576920729417 0.019699903634878304 0.019934727595402643
0 0.6291521512545072 0.14152558033282941 0.017566827627328727 0.01781291228074294
0 0.6050529479980469 0.6776219881497897 0.015729170579176683 0.015514373779296875
0 0.6843651991624099 0.08456267760350154 0.02599364060621995 0.026506754068227913
0 0.4452492273770846 0.8913531670203576 0.0244139891404372 0.024935208834134616
0 0.5670749957744892 0.27247931407048154 0.08414224477914664 0.08481370485745944
0 0.5875765727116511 0.9119187868558444 0.018636189974271335 0.018576988807091348
0 0.690212396474985 0.2875620952019325 0.019196143517127402 0.02083437259380634
0 0.3569361980144794 0.600002802335299 0.016590705284705527 0.016298587505634014
0 0.30907216438880336 0.22754324399507964 0.024257806631234977 0.02973512502817007
0 0.4608626732459435 0.6693340448232797 0.030008902916541465 0.02997442392202524
0 0.3667141474210299 0.6297296377328726 0.01506211207463191 0.015161074124849759
0 0.6843509674072266 0.1964432459611159 0.024361390333909255 0.025081084324763372
0 0.4667006272536058 0.06573862295884353 0.024993382967435397 0.024954447379479043
0 0.3234561406649076 0.8513664098886343 0.01586737999549279 0.015812507042518027
0 0.4668443753169133 0.7884420248178335 0.03778266906738281 0.038327730618990384
0 0.5628820566030649 0.6205653410691482 0.01667448190542368 0.01652365464430589
0 0.5696602234473596 0.5980797547560471 0.0151518308199369 0.01513363764836238
0 0.41553475306584287 0.34577516409067005 0.01709600595327524 0.016950607299804688
0 0.5915723213782678 0.0490410878108098 0.019077154306265023 0.018497613760141227
0 0.36616970942570615 0.6096396079430213 0.014748206505408654 0.0148773193359375
0 0.5343513121971717 0.10204184055328369 0.019918148334209736 0.019731576626117412
0 0.3851245366610013 0.21225962272057167 0.017320999732384317 0.01728057861328125
0 0.6888650747445914 0.31716379752525914 0.023484009962815505 0.03242837465726412
0 0.5721534582284781 0.9366112488966721 0.015805611243614785 0.015721834622896634
0 0.3321972993703989 0.26294854971078724 0.01927793942964994 0.019430820758526143
0 0.671024909386268 0.26966072962834287 0.019083169790414665 0.019672320439265326
0 0.6802290402925931 0.8621145395132211 0.01621862558218149 0.016032879169170674
0 0.44904114649846005 0.8571717922504132 0.02479098393366887 0.024968660794771634
0 0.5958545391376202 0.6908755669227014 0.01615172166090745 0.01577582726111779
0 0.5640058517456055 0.04762867780832144 0.02152252197265625 0.0212171169427725
0 0.6575130315927359 0.8928092076228216 0.023646721473106973 0.023127629206730768
0 0.49434940631573016 0.10107913384070763 0.020632523756760817 0.020769779498760518
0 0.49134562565730167 0.9915642371544471 0.01882655803973858 0.016762366661658652
0 0.5171875586876502 0.10289736894460824 0.01850744394155649 0.01804663584782527
0 0.6477222442626953 0.29241244609539324 0.015181027925931491 0.01552735842191256
0 0.31770955599271333 0.47307373927189755 0.045958518981933594 0.06077150198129507
0 0.5019844862130972 0.26011892465444714 0.01614093780517578 0.01635588132418119
0 0.6333527198204627 0.790692402766301 0.01624166048490084 0.016259413499098558
0 0.4136039660527156 0.5973949799170861 0.015218367943396935 0.015202962435208835
0 0.6270830447857196 0.7807137415959284 0.016473916860727165 0.016425939706655648
0 0.363856682410607 0.2055815366598276 0.02771142812875601 0.02742455555842473
0 0.6197578723614032 0.9178365560678335 0.018302330603966348 0.017905602088341348
0 0.30330635951115537 0.9398032701932467 0.014846581679124098 0.015062772310697116
0 0.6665414663461539 0.7476571890024039 0.015149336594801683 0.015448056734525241
0 0.32935245220477766 0.16398919545687163 0.033819345327524036 0.034375777611365683
0 0.6488339350773737 0.949497809776893 0.023296062762920674 0.023355630727914665
0 0.6621287419245794 0.9168126766498272 0.026131263146033652 0.026534887460561898
0 0.3565212396474985 0.6646712376521184 0.014753194955679087 0.014458289513221154
0 0.37376829294057995 0.17459247662470892 0.04507138178898738 0.044138358189509466
0 0.66229981642503 0.8324854924128606 0.018424400916466348 0.01818084716796875
0 0.689902819119967 0.9143389188326322 0.014584027803861178 0.014477949876051683
0 0.6780392573429987 0.36597039149357724 0.02159456106332632 0.021164674025315505
0 0.44961841289813703 0.4894725726200984 0.03376344534067007 0.03279920724722055
0 0.6640282410841721 0.14708539155813363 0.015474319458007812 0.015434888693002554
0 0.36263150435227615 0.28012528786292445 0.04034291780911959 0.03981502239520733
0 0.5241380838247446 0.4255030338580792 0.04992220951960637 0.050742002633901745
0 0.4690873072697566 0.27522780345036435 0.014251708984375 0.014178789578951322
0 0.3941270388089694 0.9930248260498047 0.017069449791541465 0.013407046978290264
0 0.64391172849215 0.9291783846341647 0.019856086144080527 0.019432948185847357
0 0.48616607372577375 0.08123219930208646 0.014469293447641226 0.014591345420250526
0 0.5354185104370117 0.03647116743601286 0.02985558143028846 0.03078551934315608
0 0.4933660947359525 0.18841339991642878 0.015241036048302284 0.015525487753061147
0 0.5587706565856934 0.6657654688908503 0.014263446514423076 0.014159862811748799
0 0.641025029695951 0.2345771055955153 0.014630391047551082 0.014633105351374699
0 0.32946454561673677 0.09526150960188645 0.0493932870718149 0.04985492046062763
0 0.39290512525118315 0.9784025045541617 0.016376201923076924 0.016542581411508415
0 0.6059361971341647 0.7148855649507962 0.015112803532527043 0.015302217923677884
0 0.5197682013878455 0.5921476804293119 0.017812728881835938 0.017943749060997598
0 0.6629475813645583 0.9224898998553936 0.02321037879356971 0.024003102229191706
0 0.3094541843120868 0.25577259063720703 0.01884286220257099 0.018420879657451924
0 0.4540006931011493 0.1624273153451773 0.013895915104792668 0.014396594120905949
0 0.6675938826340896 0.12645482099973238 0.021443293644831732 0.021671845362736628
0 0.67419800391564 0.10008505674508902 0.014708445622370793 0.01470198998084435
0 0.4135226836571327 0.9121624873234675 0.06205404721773588 0.06253506587101863
0 0.4939287625826322 0.8415360083946815 0.020562392014723558 0.020565619835486777
0 0.3351786686823918 0.18398259236262396 0.015219981853778545 0.015610108008751502
0 0.3564298336322491 0.20503572317270133 0.02827284886286809 0.027486801147460938
0 0.5397439369788537 0.9272521092341497 0.014190380389873799 0.014401655930739183
