0 0.7696565481332632 0.5740549014164851 0.14270753126878005 0.14299854865440956
0 0.2973150656773494 0.0627136597266564 0.08325389715341422 0.08382899944598858
0 0.5127950815054086 0.138099349462069 0.12515566899226263 0.12717120464031512
0 0.606358161339393 0.20607209205627441 0.033419242272010215 0.03328081277700571
0 0.4780665911160983 0.7476723010723407 0.032025850736177884 0.031925201416015625
0 0.43436651963454026 0.85631590623122 0.03140588907095102 0.03143530625563402
0 0.31294532922598034 0.2160627291752742 0.018684974083533652 0.018587075746976413
0 0.5995823786808894 0.4375484906710111 0.032928760235126205 0.03306110088641827
0 0.7752230717585638 0.7536707658034104 0.029862623948317308 0.030106324415940505
0 0.3887485357431265 0.2511148819556603 0.055517343374399036 0.05533247727614183
0 0.8215513962965745 0.27590428865872896 0.0213775634765625 0.021333877856914815
0 0.42784874255840594 0.5571305201603816 0.021930694580078125 0.0221102787898137
0 0.20429183886601374 0.6618025853083684 0.023072242736816406 0.02310796884390024
0 0.7599114638108474 0.391750299013578 0.02399605971116286 0.023964881896972656
0 0.49408413813664365 0.6920509338378906 0.020743296696589544 0.0209347651554988
0 0.5968445997971755 0.7673408801739032 0.021419231708233174 0.021970015305739183
0 0.6315015646127554 0.7069772573617789 0.0223541259765625 0.022021073561448317
0 0.3951278099646935 0.4909711250892052 0.02218349163348858 0.022496150090144232
0 0.6045296742365911 0.5254179881169245 0.019463465763972357 0.01946573991041917
0 0.5822262397179236 0.3131556144127479 0.01844303424541767 0.018446867282573994
0 0.48436803084153396 0.8746434725247897 0.019944190979003906 0.020071763258713942
0 0.3609824547400841 0.5731990520770733 0.022009629469651442 0.022180997408353366
0 0.14910810727339524 0.9185293637789212 0.025270810494056113 0.04091702974759615
0 0.5487718948951135 0.6641647632305439 0.01968559852013221 0.01971743657038762
0 0.7408857345581055 0.7892480263343225 0.035737844613882214 0.035096241877629206
0 0.35320678124061 0.24605145821204552 0.022501505338228665 0.022495563213641826
0 0.18462911018958458 0.6564034682053786 0.01952332716721755 0.01968970665564904
0 0.8162310673640325 0.9070700131929837 0.017956366905799277 0.017930250901442308
0 0.6767180516169622 0.2686029764322134 0.017396046565129206 0.01750659942626953
0 0.29887232413658726 0.37816887635451096 0.01871042985182542 0.018808291508601263
0 0.6470186526958759 0.6066471246572641 0.01868717487041767 0.018602664654071514
0 0.36630799220158505 0.04836438710872944 0.042313649104191706 0.041997405198904186
0 0.3660074747525729 0.43418202033409703 0.016717910766601562 0.016612713153545674
0 0.5797941501323993 0.7944974165696365 0.02076104971078726 0.02090322054349459
0 0.4846631563626803 0.5577216515174279 0.019604242764986478 0.019908611591045674
0 0.5601761157696064 0.09149132325099064 0.023145675659179688 0.023131462243887093
0 0.679207288301908 0.74134584573599 0.01810587369478666 0.017922328068659857
0 0.34943698002741885 0.6100180699275091 0.016786648676945612 0.01680447505070613
0 0.494348012484037 0.8873569048368014 0.017504765437199518 0.017447985135591947
0 0.6108809617849497 0.8112019025362455 0.018293454096867487 0.018291766826923076
0 0.2847616122319148 0.5518065232496995 0.018404080317570612 0.018635676457331732
0 0.64704652932974 0.9770199702336237 0.016669346736027643 0.016572071955754206
0 0.6158275604248047 0.8642235535841721 0.026543250450721152 0.026741908146784857
0 0.35563212174635667 0.9720635047325721 0.02076097635122446 0.021019568810096152
0 0.551701178917518 0.23729511407705453 0.019262313842773438 0.019494937016413763
0 0.8039379119873047 0.9759314610407903 0.016169327955979567 0.01661858191856971
0 0.5034961700439453 0.6382009066068209 0.01639696267934946 0.01636358407827524
0 0.4345317253699669 0.23607268700232872 0.05085681034968449 0.05011323782113882
0 0.6737998082087591 0.6889346196101263 0.017421135535606973 0.017450772798978366
0 0.6532394702617939 0.73217406639686 0.017871856689453125 0.01801886925330529
0 0.3720551270705003 0.4979609709519606 0.017292609581580527 0.017450772798978366
0 0.5765955264751728 0.5677705177894006 0.01688355665940505 0.016734783466045674
0 0.29987911077646107 0.17874387594369742 0.01611328125 0.016058701735276442
0 0.5799368344820462 0.2712702384361854 0.015937365018404447 0.016028697674091045
0 0.6425197307880108 0.293335694533128 0.016064863938551683 0.0161592776958759
0 0.6273717146653396 0.2737666643582858 0.01665320763221154 0.016834185673640326
0 0.44679513344397914 0.9495851076566256 0.016738304725060098 0.017014430119441107
0 0.8191015536968524 0.7560721177321214 0.015552374032827524 0.015738560603215143
0 0.3437651120699369 0.12058025140028733 0.021761380709134616 0.02178779015174279
0 0.6296866490290716 0.7256994981032151 0.015519068791316105 0.015679579514723558
0 0.3398607694185697 0.4442432110126202 0.015938832209660456 0.015675764817457933
0 0.5697680986844577 0.6461853614220252 0.016043736384465143 0.015992091252253607
0 0.21876001358032227 0.6288015659038837 0.016163019033578727 0.016178277822641227
0 0.26536112565260667 0.20307034712571365 0.017398834228515625 0.017346748938927285
0 0.22917455893296462 0.606002404139592 0.01603541007408729 0.01596216055063101
0 0.2655332088470459 0.8921128786527194 0.016245071704571065 0.016374588012695312
0 0.5161944902860202 0.20128189600431 0.023002477792593148 0.023266058701735277
0 0.19846712625943697 0.24527395688570464 0.018198013305664062 0.01832470527062049
0 0.27586522469153774 0.3989393894488995 0.017872737004206732 0.017618252680851862
0 0.6949513508723333 0.7955618638258714 0.01623256389911358 0.016160231370192308
0 0.1558056794680082 0.12595244554372934 0.024927689478947565 0.025398914630596455
0 0.4717387419480544 0.2386448750129113 0.06618661146897536 0.06590061921339768
0 0.3360305566054124 0.3322781049288236 0.015946388244628906 0.01589364271897536
0 0.2139133856846736 0.26682241146381086 0.01507109862107497 0.015137525705190806
0 0.7382250565748948 0.09044229067288913 0.015642312856820915 0.01576508008516752
0 0.30867605942946214 0.012671454594685482 0.025008550057044394 0.022781693018399753
0 0.654304577754094 0.3346962561974159 0.015153884887695312 0.015055583073542668
0 0.2267909049987793 0.1784497040968675 0.03235758267916166 0.03262549180250902
0 0.6555844820462741 0.8671850057748648 0.016010137704702523 0.016033172607421875
0 0.2564832063821646 0.1459645674778865 0.0155028930077186 0.01548455311701848
0 0.31748668964092547 0.8643391682551458 0.01717684819148137 0.017113465529221755
0 0.39365379626934344 0.28231272330650914 0.017359806941105768 0.017581719618577223
0 0.6777582168579102 0.10624368374164288 0.03868014995868389 0.03852682847243089
0 0.2744752076955942 0.5885368493887094 0.015488037696251502 0.015163274911733774
0 0.8294599973238431 0.10669544109931359 0.015349754920372596 0.015336091701801006
0 0.5329871544471154 0.6515191885141226 0.01625545208270733 0.015910515418419473
0 0.542091076190655 0.7807818192702073 0.017932011530949518 0.01757665780874399
0 0.21239236684945914 0.07804030638474685 0.02515279329740084 0.025225864006922796
0 0.6104902120736929 0.945398550767165 0.015723301814152643 0.015860484196589544
0 0.7470703125 0.12592855783609244 0.014719449556790866 0.014431586632361779
0 0.7742914786705604 0.6722464194664588 0.014799558199368991 0.015097544743464543
0 0.23120362942035383 0.11855761821453388 0.016099929809570312 0.016220734669612005
0 0.8548680818997897 0.965452634371244 0.015020810640775241 0.01494891826923077
0 0.5751974032475398 0.47337924517118013 0.01546478271484375 0.01555186051588792
0 0.20967252437884992 0.39383899248563325 0.03446674346923828 0.03435068864088792
0 0.6577450678898737 0.7559491671048678 0.014598259559044471 0.014532235952524038
0 0.27556870533869815 0.236950709269597 0.016218112065241888 0.016126706049992487
0 0.2548855268038236 0.3603113614595853 0.016498785752516527 0.01660743126502404
0 0.3020182389479417 0.155534029006958 0.015850654015174277 0.01611493184016301
0 0.5395037577702448 0.4992512556222769 0.023769231942983773 0.023994005643404447
0 0.596432245694674 0.4863055669344388 0.02009443136361929 0.020188258244441107
0 0.15761479964623085 0.7118204556978666 0.018452901106614333 0.01854074918306791
0 0.6279913828923152 0.8546051612267127 0.018574347862830527 0.018288539006159857
0 0.18859390112069938 0.471276723421537 0.018120325528658353 0.017822779141939603
0 0.6763521341177133 0.7093121455265925 0.0156552241398738 0.015430743877704326
0 0.8430604934692383 0.21436177767240083 0.014302327082707332 0.014569355891301082
0 0.6452696873591497 0.11427974700927734 0.016844676091120794 0.016999849906334512
0 0.3728210742657001 0.09283711360051082 0.060550542978140026 0.06163160617534931
0 0.214843016404372 0.512670847085806 0.04080537649301382 0.04129292414738582
0 0.7986597648033729 0.8781290787916917 0.014888910146859976 0.014695974496694712
0 0.842585930457482 0.855556634756235 0.014986038208007812 0.014948478111853966
0 0.6672136600200946 0.1301365173780001 0.01871666541466346 0.017953780981210563
0 0.5494849865253155 0.9672440015352689 0.015439547025240384 0.015500142024113582
0 0.16988834967980018 0.6130005029531626 0.019377635075495794 0.019486647385817308
0 0.5817432403564453 0.8728973682110126 0.01432022681603065 0.014165144700270433
0 0.15791650918813852 0.06450856190461379 0.016559270712045524 0.016645605747516338
0 0.5586985441354605 0.7808036804199219 0.015776780935434196 0.01557452862079327
0 0.7908821105957031 0.7890659478994516 0.018588139460637018 0.018848419189453125
0 0.6376506365262545 0.24354776969322792 0.014478683471679688 0.014728326063889723
0 0.38791737189659703 0.023998368244904738 0.01902609605055589 0.019034041808201715
0 0.8030779911921575 0.8398383947519156 0.01407153789813702 0.01410660376915565
0 0.19056397217970628 0.5972774212176983 0.0288390379685622 0.029048039362980768
0 0.44155304248516375 0.698128920335036 0.052033424377441406 0.05166009756234976
0 0.16784095764160156 0.1984860713665302 0.022899774404672477 0.022283223959115837
0 0.48750473902775693 0.991981212909405 0.018639784592848558 0.012489612285907451
0 0.18766326170701247 0.26559385886559117 0.01833174778864934 0.018422860365647536
0 0.7104589022122897 0.20590908710773176 0.01598079387958233 0.01607828873854417
0 0.785914421081543 0.9321861267089844 0.014874971829927884 0.014669565054086538
0 0.14946062748248762 0.1801754511319674 0.01626898692204402 0.019117061908428486
0 0.6635172917292669 0.7940842555119441 0.018121866079477165 0.017941988431490384
0 0.7602921999417819 0.9898203336275541 0.013991722693810096 0.013764161330003005
0 0.32027156536395734 0.2627240694486178 0.014308782724233774 0.014218917259803185
0 0.20899365498469427 0.14152992688692534 0.029497073246882513 0.029916066389817458
0 0.4365823452289288 0.20028393085186297 0.030167359572190505 0.030724011934720553
0 0.6523945148174579 0.8067117104163537 0.017327088576096755 0.017018244816706732
0 0.6999014340914212 0.014554037497593807 0.01398937518780048 0.013853146479679989
0 0.6463857797475961 0.7922424169687124 0.01585212120643029 0.015728290264423076
