0 0.24577496601985052 0.4773216981154222 0.06622681250939003 0.06692240788386418
0 0.728700197660006 0.8066607255202073 0.03588705796461839 0.03639426598182091
0 0.7118079845721905 0.8489992435161884 0.02679296640249399 0.026840356680063102
0 0.7114166846642127 0.8750360929048978 0.024036114032451924 0.024189582237830527
0 0.9236750235924354 0.1771418681511512 0.02086976858285757 0.020881799551156852
0 0.8781798436091497 0.4858862803532527 0.03429764967698317 0.03432603982778696
0 0.7289196161123422 0.6565771836500901 0.03361848684457632 0.03342936589167668
0 0.8779568305382361 0.7973475823035607 0.019540933462289665 0.019647744985727165
0 0.3390228564922626 0.9524500920222356 0.021326872018667366 0.02167056157038762
0 0.8570007911095252 0.6188631057739258 0.019583482008713942 0.019355040330153245
0 0.7913680443396935 0.7432738084059495 0.021803929255558893 0.021791898287259616
0 0.2587042221656212 0.8819968150212214 0.037082672119140625 0.037010486309344955
0 0.45736334874079776 0.5084842901963454 0.030149166400615986 0.030023574829101562
0 0.6359836871807392 0.8283993647648737 0.018488370455228366 0.01856099642240084
0 0.28892762844379133 0.9792214907132663 0.01988975818340595 0.019738123967097357
0 0.7290408794696515 0.7117101229154147 0.018238654503455527 0.018381852370042067
0 0.12440661283639762 0.9846810560960036 0.02703993137066181 0.02529320350060096
0 0.8459658255943885 0.9912435091458834 0.016947232759915866 0.014386690579927884
0 0.8325792459341196 0.5911947763883151 0.018094429602989785 0.018225376422588643
0 0.6693075620211087 0.8229900506826547 0.022303948035606973 0.022188920241135817
0 0.6380745814396784 0.7211849506084735 0.018126267653245192 0.018287071814903848
0 0.8323235144981971 0.5730277574979342 0.021323277400090143 0.021333914536696214
0 0.8980460533728967 0.8948172055757962 0.03570468609149639 0.036039499136117786
0 0.43862276810866135 0.9178075056809646 0.019156676072340745 0.018647267268254206
0 0.555966303898738 0.8467338268573468 0.021582603454589844 0.0213625981257512
0 0.5228629112243652 0.9589411662175105 0.019004308260404147 0.01877447275015024
0 0.9763482167170598 0.5354377306424655 0.02023183382474459 0.020714393028846152
0 0.696558585533729 0.793606684758113 0.023949843186598558 0.024291111872746393
0 0.9353738931509165 0.6735803897564228 0.01517780010516827 0.015091382540189303
0 0.9742499131422776 0.5142828867985652 0.016811077411358174 0.01652952340932993
0 0.4868475107046274 0.4290460439828726 0.01960416940542368 0.01993252680851863
0 0.5843875958369329 0.8190422058105469 0.027448580815241888 0.027272737943209134
0 0.8620994274432843 0.9931602478027344 0.016655848576472357 0.011959662804236779
0 0.9418557240412786 0.5708853648259089 0.015327160175030049 0.015198854299692007
0 0.6226713473980243 0.7347627786489633 0.01917266845703125 0.019070845383864183
0 0.40119240834162784 0.42606034645667445 0.03832596998948317 0.038427572983961836
0 0.5245279899010291 0.495482114645151 0.027390259962815505 0.027760872474083535
0 0.7429024622990534 0.9341195913461539 0.018930728618915264 0.018802055945763223
0 0.6384859085083008 0.4444389343261719 0.03969295208270733 0.04013897822453426
0 0.2142638243161715 0.7501095258272611 0.025188336005577676 0.024867864755483773
0 0.31070335094745344 0.9404489077054538 0.02068923069880559 0.021060943603515625
0 0.3563230221088116 0.9298339256873498 0.015292681180513822 0.015497941237229567
0 0.9772648444542518 0.5378085649930514 0.02453275827261118 0.024218339186448317
0 0.5695446454561673 0.7513977931096003 0.017486425546499398 0.017576070932241585
0 0.4730502642118014 0.7685035558847281 0.015531099759615384 0.015927241398737982
0 0.29200557562021107 0.45301477725689226 0.03362457568828876 0.033578652601975664
0 0.89880004295936 0.8421507615309495 0.017047295203575723 0.0169830322265625
0 0.3581493084247296 0.8299067570612981 0.016078362098106973 0.016159644493689902
0 0.30103131440969616 0.9305135286771334 0.01754155525794396 0.017427737896259014
0 0.2415611193730281 0.7299743065467248 0.024167867807241585 0.02440496591421274
0 0.25269189247718227 0.23405009049635667 0.019893719599797174 0.01985029073861929
0 0.6745843153733474 0.4417417966402494 0.026560563307542067 0.025482324453500602
0 0.8703806950495794 0.6468684856708233 0.018594888540414665 0.018670302170973558
0 0.6748453286977915 0.7650284400353065 0.016159644493689902 0.01601688678448017
0 0.7844449556790866 0.8970614946805514 0.019658895639272835 0.01975074181189904
0 0.9014999683086689 0.5586115763737605 0.019150367149939902 0.019585536076472357
0 0.6408792642446665 0.8734050897451547 0.0240939213679387 0.024073233971228965
0 0.9034165602463943 0.5566651637737567 0.022770514855018027 0.02327390817495493
0 0.4937743773827186 0.4575619330772987 0.022419489347017728 0.02245785639836238
0 0.5410696909977839 0.7112081967867337 0.01776401813213642 0.017352764423076924
0 0.6179321729219877 0.7599374330960788 0.01988645700307993 0.019326430100661058
0 0.868229132432204 0.6024666566115159 0.01819771986741286 0.017931424654447116
0 0.14821250622089094 0.7376915858342097 0.025705667642446663 0.025618626521183893
0 0.8311015642606295 0.6607203850379357 0.016087458683894232 0.01629154498760517
0 0.4708195466261644 0.7690034279456506 0.0195614741398738 0.018900504479041465
0 0.3730341104360727 0.4305549768301157 0.044341747577373795 0.044962296119103067
0 0.4232946542593149 0.524593866788424 0.029602197500375602 0.02859321007361779
0 0.6197168643657978 0.4454190914447491 0.042453619150015026 0.041742985065166764
0 0.5889007128201998 0.8195032706627479 0.018102205716646634 0.01991404019869291
0 0.43715719076303333 0.4487026654756986 0.036954439603365384 0.03655081528883714
0 0.21798797754141 0.030677261260839608 0.027380943298339844 0.027438333401313193
0 0.8866800161508414 0.66224061525785 0.014764052170973558 0.014902408306415264
0 0.41931665860689604 0.9247575906606821 0.015565138596754808 0.015726236196664665
0 0.599740248460036 0.5296630492577186 0.02818613785963792 0.028190466073843148
0 0.9042483843289889 0.29026565184959996 0.026823924137995794 0.027029110835148737
