0 0.7153248420128455 0.47180949724637544 0.027354020338792067 0.02748247293325571
0 0.13941790507389948 0.8428696852463943 0.02608935649578388 0.026149456317608174
0 0.4444430424616887 0.36943934513972354 0.02826822721041166 0.028453973623422477
0 0.23648221676166242 0.6010885238647461 0.019793070279634915 0.01979174980750451
0 0.5967366145207331 0.02368122568497291 0.023751038771409255 0.023801235052255485
0 0.7517956953782302 0.9693602782029372 0.022041174081655648 0.021967521080603965
0 0.7600855460533729 0.2708119979271522 0.018945693969726562 0.018979952885554388
0 0.8919441516582782 0.989961550785945 0.017726898193359375 0.016034346360426683
0 0.13001614350538987 0.562573139484112 0.017378201851477988 0.01763431842510517
0 0.3126366688654973 0.5538291197556716 0.016068531916691706 0.016119883610652044
0 0.3004428423368014 0.12705135345458984 0.01654353508582482 0.01669619633601262
0 0.23209406779362604 0.1859125907604511 0.01546474603506235 0.015597270085261418
0 0.16686760462247407 0.49669053004338193 0.016791160290057842 0.016649539654071514
0 0.5315055113572341 0.26017258717463565 0.01815319061279297 0.01816250727726863
0 0.30923935083242565 0.3304445560161884 0.02057985159067007 0.02020549774169922
0 0.5371285952054538 0.1765897457416241 0.01625970693734976 0.01632264944223257
0 0.3212224520169772 0.9192858475905198 0.01719203362098107 0.017068129319411058
0 0.6171748821551983 0.6490571682269757 0.015187336848332332 0.015350341796875
0 0.8884206918569711 0.03400900042974032 0.016044029822716348 0.015976158472207878
0 0.15264028769273025 0.5966727183415339 0.014542212853064904 0.01442872560941256
0 0.8009188725398138 0.7349042158860427 0.014944223257211538 0.015038123497596154
0 0.14574525906489447 0.4917908448439378 0.015883922576904297 0.015703714810884915
0 0.3074459662804237 0.2654447372143085 0.014242612398587741 0.014247930966890775
0 0.9203826464139498 0.5087547669043908 0.012236961951622596 0.013604971078725962
0 0.524749389061561 0.42577622486994815 0.0147245847261869 0.014732800997220553
0 0.3093746258662297 0.3215951919555664 0.0157927733201247 0.015327380253718449
0 0.7250694861778846 0.3449892264146071 0.013403085561899038 0.013187995323768029
0 0.7282951061542218 0.9679823655348557 0.014810708852914663 0.014780484713040866
