0 0.5803119586064265 0.7767353791456956 0.05765394064096304 0.05763435363769531
0 0.8459383157583383 0.548966224376972 0.025751260610727165 0.025745538564828727
0 0.06756782990235549 0.5014820098876953 0.03363540539374718 0.03390811039851262
0 0.14605985238001898 0.27636436315683216 0.03161949377793532 0.03158855438232422
0 0.4916117741511418 0.8326339721679688 0.030040594247671273 0.029992323655348558
0 0.700100825383113 0.9773018176739032 0.03255051832932692 0.03284513033353365
0 0.7798139131986178 0.6938085556030273 0.021712376521183893 0.02175419147198017
0 0.611905391399677 0.07716212822840764 0.028292435866135817 0.0282290348639855
0 0.7623470012958233 0.21254799916194037 0.0214840815617488 0.02158502432016226
0 0.1431960417674138 0.19972073114835298 0.023447311841524564 0.023458517514742337
0 0.40479663702157825 0.590324328495906 0.021348293011005107 0.02135614248422476
0 0.8651775946983924 0.4879343326275165 0.0378260979285607 0.03815460205078125
0 0.09507124240581806 0.8878152553851788 0.02525670711810772 0.025653545673076924
0 0.2602071028489333 0.16977816361647385 0.028213647695688102 0.02840555631197416
0 0.2266408480130709 0.7794070610633264 0.01916922055757963 0.019179710975060098
0 0.1825862847841703 0.023377363498394307 0.024694552788367637 0.02496274159504817
0 0.36746307519766 0.16856659375704253 0.020082693833571214 0.020165736858661357
0 0.06254947644013625 0.13810045902545637 0.020159033628610466 0.02005591759314904
0 0.7476662855881911 0.1353302185352032 0.022616459773137018 0.0228576293358436
0 0.20403286126943734 0.08604722756605881 0.021395756648137018 0.02147384790273813
0 0.3704258111807016 0.21361171282254732 0.025566761310283955 0.02571421403151292
0 0.5034506137554462 0.47861209282508266 0.021608866178072415 0.02170394017146184
0 0.1330243073976957 0.13487676473764273 0.026018564517681416 0.026138874200674202
0 0.7011865469125601 0.08392944702735314 0.019952040452223558 0.019681229041172907
0 0.028367847204208374 0.09046022708599384 0.01964431542616624 0.02219046079195463
0 0.0513373796756451 0.4193878173828125 0.019565398876483623 0.01953462453988882
0 0.18947707689725435 0.43258193823007435 0.019620601947490986 0.01937697483943059
0 0.9633073073167068 0.42279856021587664 0.023288433368389424 0.023275155287522536
0 0.5874651395357572 0.9703998565673828 0.025271782508263223 0.025279411902794473
0 0.6357050675612229 0.8633581308218149 0.03293961745042067 0.03322263864370493
0 0.5711765289306641 0.5954259725717398 0.021285864023061898 0.02135922358586238
0 0.31876835456261265 0.04850083131056566 0.017001812274639424 0.016918035653921273
0 0.6856750341562124 0.03117637450878437 0.019095200758713942 0.019393334021935098
0 0.907645005446214 0.765961426955003 0.019107525165264424 0.01885047325721154
0 0.879911862886869 0.338139167198768 0.019826742318960335 0.01981361095721905
0 0.6762552994948167 0.4346120540912335 0.016205861018254206 0.01626931704007662
0 0.06777878449513362 0.8129954704871545 0.01674784146822416 0.016732142521784857
0 0.5697792860177847 0.01389999114550077 0.0240325927734375 0.023828355165628288
0 0.2702382711263803 0.03301015267005333 0.02263949467585637 0.02260777583489051
0 0.48352909088134766 0.5015220275292029 0.019950133103590745 0.019859680762657754
0 0.8918976416954627 0.4734802979689378 0.019492516150841348 0.01960475628192608
0 0.07928655697749211 0.5962680669931265 0.017230877509483926 0.017240157494178183
0 0.03825834622749916 0.15952282685499924 0.01809561252593994 0.01807099122267503
0 0.7473417428823618 0.9587886516864483 0.018839029165414665 0.018646973830003005
0 0.2515943967379056 0.7322626847487229 0.019504547119140625 0.01957071744478666
0 0.637118779695951 0.10465746659498948 0.03413801926832933 0.03484267454880934
0 0.2140355476966271 0.3940607951237605 0.021497579721304085 0.0211642338679387
0 0.8172517923208383 0.4976582160362831 0.017370223999023438 0.01722379831167368
0 0.7548363025371845 0.5931379611675556 0.0206753657414363 0.020639419555664062
0 0.9276702587421124 0.7569261697622446 0.023392310509314902 0.024165226862980768
0 0.4692933742816632 0.5170423801128681 0.017422896165114183 0.017262092003455527
0 0.65002808204064 0.13242580340458796 0.029479540311373197 0.029696024381197415
0 0.7477421393761268 0.019310038823347826 0.01709747314453125 0.01710973450770745
0 0.6232581505408654 0.44994207528921276 0.025539361513577975 0.025818531329815205
0 0.751001578110915 0.8346243638258714 0.047373404869666465 0.04769427959735577
0 0.9285058241624099 0.5064148169297439 0.015155498798076924 0.015254680926983174
0 0.7748462970440204 0.5691383068378155 0.032090407151442304 0.03201983525202824
0 0.6748163516704853 0.9737179095928485 0.01982395465557392 0.020321479210486777
0 0.11921988083766057 0.2160967313326322 0.024750434435330905 0.024954575758713942
0 0.22510719299316406 0.34333317096416766 0.01593178969163161 0.016134115365835335
0 0.09933798129741962 0.07029988674017099 0.016916275024414062 0.01673563627096323
0 0.36309022169846755 0.43533721336951625 0.020444796635554388 0.020459101750300482
0 0.8672806666447566 0.0753187216245211 0.03448633047250601 0.03466602472158579
0 0.6257179700411283 0.9909644493689904 0.02653928903432993 0.01672216562124399
0 0.06230611067551833 0.017832668927999642 0.017792206544142503 0.017867418435903695
0 0.37434592613807094 0.5238348887516902 0.024472163273737982 0.02411996401273287
0 0.8414429884690505 0.7225740872896634 0.0156558110163762 0.015714058509239785
0 0.8238148322472205 0.5252370834350586 0.014994401198167067 0.014837118295522837
0 0.15054954015291655 0.34792797382061297 0.015553951263427734 0.01554423112135667
0 0.7497743459848257 0.5067020196181077 0.014750407292292668 0.014511695274939904
0 0.7568443004901593 0.8602336003230169 0.016243567833533652 0.016614767221304085
0 0.8870748373178335 0.27898307947012096 0.017064021183894232 0.017174940842848558
0 0.13266930213341346 0.7128474162175105 0.026874322157639723 0.026800889235276442
0 0.22579154601463905 0.3908498470599835 0.016847977271446817 0.01704685504619892
0 0.8694559244009165 0.5730962753295898 0.016179598294771634 0.015894523033728965
0 0.7569314516507663 0.9749865898719201 0.01811951857346755 0.017774581909179688
0 0.15576698229863092 0.13984034611628607 0.016077665182260368 0.01593461403479943
0 0.6629001910869892 0.15294188719529372 0.03806363619290865 0.03874078163733849
0 0.8960629243117112 0.9179691901573768 0.02009714566744291 0.020338792067307692
0 0.12088617911705604 0.4337950119605431 0.024341913369985726 0.024455730731670674
0 0.16847903911884016 0.07932651959932767 0.017521124619704027 0.017173734995035026
0 0.3569973065302922 0.654018548818735 0.022529235252967246 0.022800445556640625
0 0.20313765452458307 0.9539086268498347 0.017441309415377103 0.017421428973858174
0 0.6388053894042969 0.2648932383610652 0.021167755126953125 0.02135782975416917
0 0.32734350057748646 0.5436228238619291 0.01781038137582632 0.017866868239182692
0 0.3410376768845778 0.49296008623563325 0.015575775733360877 0.015425388629619893
0 0.7043289771446815 0.4698128333458534 0.015073336087740384 0.015162394596980168
0 0.8403620353111854 0.6023305379427396 0.015439400306114784 0.015476593604454627
0 0.5553799775930551 0.8171823941744291 0.020038751455453727 0.01993707510141226
0 0.14929348688859206 0.48003827608548677 0.015468872510469876 0.015748977661132812
0 0.1330709090599647 0.08525773195120004 0.01667930529667781 0.016447140620304987
0 0.6668473757230319 0.8774653214674729 0.0153656005859375 0.015407855694110576
0 0.47040455157940203 0.45762007053081805 0.021395023052509014 0.02167995159442608
0 0.4722899290231558 0.47242894539466274 0.018539942227877103 0.01897591810960036
0 0.2749731724078839 0.09742601101215069 0.016471422635591947 0.01624741921058068
0 0.5965135647700384 0.4838600158691406 0.013976830702561598 0.013970595139723558
0 0.562941734607403 0.8653122094961313 0.023239869337815505 0.02340874305138221
0 0.4705701241126427 0.46148149783794695 0.024195010845477764 0.024796265822190505
0 0.9651747483473557 0.6685201204740084 0.015212279099684495 0.014984717735877404
0 0.8308187631460336 0.5690707793602576 0.01716026893028846 0.01729928530179537
0 0.2508832674760085 0.1338233489256639 0.02218283139742338 0.02203222421499399
0 0.20051017174353966 0.35434499153724086 0.01656679006723257 0.01644413287823017
0 0.2180020992572491 0.3927865761976976 0.0252230717585637 0.023351522592397835
0 0.7247046690720779 0.6986384024986854 0.04188831035907452 0.041462091299203724
0 0.7799632732684796 0.8610844978919396 0.0256350590632512 0.02544564467210036
0 0.36402397889357346 0.5396049939669095 0.018063105069673978 0.018003096947303183
0 0.5029721260070801 0.6611953882070688 0.014979142409104567 0.014844894409179688
0 0.7112701122577374 0.20035574986384466 0.014644329364483174 0.014661862299992489
0 0.035508226889830366 0.8952931624192458 0.028886964687934287 0.03794552729679988
0 0.068358458005465 0.8609797404362605 0.015462306829599233 0.015209051278921274
0 0.7422765585092398 0.4279838708730844 0.021248744084284857 0.021595881535456732
0 0.22029909720787635 0.04160240063300499 0.01688553736760066 0.016883318240825947
0 0.7346163529616135 0.7862608249370868 0.014831836407001201 0.014786060039813701
0 0.5413146752577561 0.8043836446908804 0.019326063302847054 0.01914068368765024
0 0.6121178406935471 0.924970113314115 0.019264367910531852 0.01959844735952524
0 0.024365713963141807 0.10708755713242751 0.011907493838897118 0.020825954583974984
0 0.10142692235799936 0.03145993902133061 0.014597269204946665 0.01479879250893226
0 0.4535749875582181 0.2575993904700646 0.016398063072791465 0.016509129450871393
0 0.7417962000920222 0.9456790043757513 0.019152127779447116 0.01912542489858774
0 0.3531025739816519 0.2420795697432298 0.020749605618990384 0.020492150233342096
0 0.392607908982497 0.9762881352351263 0.0158234376173753 0.015955998347355768
0 0.8992302967951848 0.982548713684082 0.01829250042255108 0.01855630141038161
0 0.03834814979479863 0.10828179579514724 0.01648644759104802 0.016628595498891976
0 0.8645962935227615 0.07862298305218036 0.02980804443359375 0.02906270669056819
0 0.5774986560528095 0.8236670860877404 0.024747261634239785 0.025745685283954326
0 0.23150823666499212 0.14231908321380615 0.016799339881310098 0.01693114867577186
0 0.28833436965942383 0.4819473119882437 0.014124796940730168 0.014054958636944111
0 0.2763045934530405 0.7442348186786358 0.014744942004864033 0.014985157893254207
0 0.1888578671675462 0.8955315809983474 0.01686253914466271 0.016852745643028848
0 0.8490580045259916 0.1548293553865873 0.018994551438551683 0.018952443049504206
0 0.4721364241379958 0.4696555504432091 0.020278270427997295 0.020580805264986478
0 0.7696137061485877 0.8751017497136042 0.02015377924992488 0.01950806837815505
0 0.4017757269052359 0.65411010155311 0.019893646240234375 0.019566756028395433
0 0.5659581697904147 0.17774182099562424 0.01811988537128155 0.018175345200758714
0 0.2839146393996019 0.41758005435650164 0.018394616933969352 0.018446995661808893
0 0.7314783243032602 0.5883486087505634 0.013979398287259616 0.013918583209698018
0 0.5002676156850961 0.20221559817974383 0.015453632061298076 0.015484039600078877
0 0.7890704228327825 0.892969718346229 0.019190861628605768 0.019648038423978366
0 0.5917472105759841 0.5781406989464393 0.01387786865234375 0.013836493858924279
