0 0.36287850600022536 0.5472800181462214 0.09868621826171875 0.09777069091796875
0 0.35828274946946365 0.12483759109790508 0.11875356160677396 0.11944211446321927
0 0.3766175783597506 0.8060106130746695 0.0863942366379958 0.08742317786583534
0 0.2965692373422476 0.7396125059861404 0.06909634516789363 0.06925612229567307
0 0.2920662439786471 0.8164213620699369 0.0948652854332557 0.09600624671349159
0 0.2980929888211764 0.2051220673781175 0.04311943054199219 0.042749845064603366
0 0.5021010912381686 0.6038406812227689 0.03660920950082632 0.03648288433368389
0 0.42577259357158953 0.4836744161752554 0.026568779578575723 0.026555574857271634
0 0.31412689502422625 0.621125001173753 0.054624117337740384 0.05464671208308293
0 0.42438103602482724 0.6722737825833834 0.030698629525991585 0.030675447904146634
0 0.3759005619929387 0.2726553770212027 0.03827608548677885 0.03807918842022236
0 0.3686978633587177 0.6029246403620794 0.04427249615009014 0.0448606931246244
0 0.13423019189101 0.24364794217623198 0.04644867090078501 0.046329424931452826
0 0.8736702845646784 0.42486154116117036 0.03629288306603065 0.050628662109375
0 0.3704354212834285 0.4060509021465595 0.03608556894155649 0.03635421166053185
0 0.17302401249225324 0.661883280827449 0.02588066687950721 0.025435521052433893
0 0.8085754834688627 0.33606463212233323 0.02606362562913161 0.026125100942758415
0 0.576964781834529 0.2521931208097018 0.03820529350867638 0.03810603802020733
0 0.5998444923987756 0.909917244544396 0.02617219778207632 0.026482508732722357
0 0.31694874396690953 0.4772339600783128 0.023188004126915567 0.023145382220928486
0 0.5745660341702975 0.9578451009897085 0.024067805363581732 0.023968623234675482
0 0.21494417924147385 0.03987833169790415 0.02292464329646184 0.022896748322706956
0 0.4361983079176683 0.15723745639507586 0.05248458568866436 0.05196264156928429
0 0.12004991678091195 0.694549560546875 0.027104671184833232 0.03520906888521635
0 0.1357208490371704 0.5367525174067571 0.02838723476116474 0.028500850384051982
0 0.6007372782780573 0.9845263407780573 0.05715311490572416 0.02997281001164363
0 0.15079979713146502 0.6738259975726788 0.01716780662536621 0.017287767850435697
0 0.7597169142503005 0.41489274685199445 0.017798203688401442 0.01762734926663912
0 0.230377197265625 0.33231383103590745 0.03290469829852764 0.03301180326021635
0 0.5818191308241624 0.3341191365168645 0.021372428307166465 0.021625372079702523
0 0.7170599423922025 0.2913712171407846 0.019794170673076924 0.020151615142822266
0 0.8135487483097956 0.7616172203650842 0.017487159142127402 0.017306401179387018
0 0.6858850625845102 0.8253426185021033 0.11554806049053486 0.10892765338604267
0 0.6087317099938025 0.909000983605018 0.1112836691049429 0.1114340562086839
0 0.2692271562723013 0.7097358703613281 0.04941133352426382 0.04875593919020433
0 0.16622488315288836 0.3674488801222581 0.01755321942842924 0.017547754141000602
0 0.554653681241549 0.060569084607637845 0.019021914555476263 0.019088231600247897
0 0.5683292975792518 0.16408586502075195 0.01876654991736779 0.018494092501126803
0 0.7703696030836839 0.30380014272836536 0.017532495351938102 0.017358926626352165
0 0.6072867100055401 0.8099456200232873 0.09046459197998047 0.09184646606445312
0 0.860749758206881 0.24437860342172477 0.019644810603215143 0.019411307114821214
0 0.45704760918250453 0.26451637194706845 0.016332039466271035 0.016634537623478815
0 0.4694192959712102 0.5172624221214881 0.01653003692626953 0.016725833599384014
0 0.3610129723182091 0.9664908189039964 0.01768640371469351 0.017659113957331732
0 0.2390010907099797 0.543020982008714 0.022542219895582933 0.022761418269230768
0 0.8651731931246244 0.9252515939565805 0.01850715050330529 0.018295874962439902
0 0.6218252915602464 0.061615476241478555 0.015931973090538613 0.016135710936326247
0 0.39774344517634463 0.38424110412597656 0.03068967965932993 0.030615733220027044
0 0.23421801053560698 0.6757651842557467 0.022325589106633112 0.022493362426757812
0 0.22926385586078352 0.7695459219125601 0.016089366032527044 0.01606119596041166
0 0.43210858565110427 0.7051274226262019 0.018020776601938102 0.017798203688401442
0 0.1593181720146766 0.05797841457220224 0.028675409463735726 0.028875250082749587
0 0.155273804297814 0.5234348957355206 0.016515475053053636 0.016435769888070915
0 0.20891383978036734 0.7073910052959735 0.016998291015625 0.017090724064753607
0 0.4488123380220853 0.06425256912524883 0.01595482459435096 0.01610530339754545
0 0.8510583730844351 0.19500400469853327 0.031941927396334134 0.03272441717294546
0 0.8257546058067908 0.19909225977384126 0.01712623009314904 0.01708643253032978
0 0.4298111842228816 0.01160982595040248 0.021050526545597956 0.020426161014116727
0 0.5951952567467322 0.38100866171029896 0.016277313232421875 0.01632264944223257
0 0.29690078588632435 0.6600583883432242 0.018331527709960938 0.018058189978966348
0 0.13474077444810134 0.6404270758995643 0.05671981664804312 0.061512140127328724
0 0.47020923174344575 0.9409226637620193 0.015317916870117188 0.01527111346905048
0 0.5247995670025165 0.43164913470928484 0.025832689725435697 0.02579659682053786
0 0.2630565349872296 0.020613716198847845 0.026139589456411507 0.02654399321629451
0 0.3813876738915077 0.9917122767521784 0.025446524986853965 0.014563927283653846
0 0.1689302921295166 0.6054765994732196 0.018992167252760667 0.019260993370643027
0 0.8410782447228065 0.1428109865922194 0.015203329233022837 0.01536105229304387
0 0.7476701002854568 0.37845541880680966 0.01630064157339243 0.016273058377779447
0 0.27669055645282453 0.913666505080003 0.01593919900747446 0.015892615685096152
0 0.696917460514949 0.2751471629509559 0.016275552602914665 0.016399860382080078
0 0.8535704979529748 0.27762400186978853 0.014441270094651442 0.01437814419086163
0 0.4662129328801082 0.18007527864896333 0.019147139329176683 0.018883705139160156
0 0.5164295343252329 0.044739493956932656 0.01569366455078125 0.015399362032230083
0 0.6743253561166617 0.7805166244506836 0.09574714073768029 0.09891055180476262
0 0.7570745027982272 0.4329829582801232 0.021393996018629808 0.02139560992901142
0 0.853785148033729 0.9622025123009315 0.015300163855919471 0.015408736008864183
0 0.534944460942195 0.9805839978731595 0.014444424555851864 0.014498343834510216
0 0.6851742084209735 0.535403141608605 0.014023414024939904 0.014174974881685697
0 0.4677541439349835 0.18216050588167632 0.017257250272310697 0.017415230090801533
0 0.4862515376164363 0.8019692347599909 0.015356063842773438 0.015411670391376201
0 0.8622104204618014 0.025542176686800443 0.05582868135892428 0.048862273876483626
0 0.5984656260563777 0.812518046452449 0.0688944596510667 0.08162351754995492
0 0.16445684432983398 0.08428990840911865 0.024568640268765964 0.024331019474909857
0 0.3800053229698768 0.01260245075592628 0.029610853928786058 0.024129344866825983
0 0.2266718607682448 0.8130607604980469 0.02473735809326172 0.024352147028996393
0 0.5659418839674729 0.18654955350435698 0.02045440673828125 0.021036661588228665
0 0.6639009622427133 0.2710719108581543 0.0156704829289363 0.01555618873009315
0 0.8217791043795072 0.3726799671466534 0.027569697453425482 0.027773123521071214
0 0.6363668441772461 0.4077584926898663 0.014265500582181491 0.014345315786508413
0 0.855899297274076 0.3845087931706355 0.015164888822115384 0.015145668616661659
0 0.2861261001000038 0.035308592594586886 0.03249091368455153 0.0319257745376
0 0.601626102740948 0.12420353522667518 0.019157923184908353 0.019147139329176683
0 0.7694174693180964 0.3638012592609112 0.014257137592022236 0.014459536625788761
0 0.1717540667607234 0.9870821145864633 0.017938540532038763 0.017803779015174277
0 0.82390623826247 0.12296757331261268 0.014575371375450721 0.014662540875948392
0 0.3786020278930664 0.6582572643573468 0.01784544724684495 0.018080784724308893
0 0.42605759547306943 0.5755361777085525 0.01748319772573618 0.0176999752338116
0 0.1361539914057805 0.8267688751220703 0.02799712694608248 0.028832068810096152
0 0.6921933981088492 0.07386112213134766 0.015445122352013221 0.015323125399076022
0 0.6653785705566406 0.15445520327641413 0.014213855449969951 0.014089877788837139
0 0.8019179564255935 0.8561394764826848 0.014836531419020433 0.014654599703275241
0 0.8497283642108624 0.34140506157508266 0.015028880192683293 0.015001150277944712
0 0.20320371481088492 0.3328428635230431 0.017622727614182692 0.017675106342022236
0 0.2823690634507399 0.03366504724209125 0.026625559880183294 0.026645687910226677
0 0.5633112100454477 0.1933752940251277 0.01475231464092548 0.01446672586294321
0 0.4642477035522461 0.17709942964407113 0.019634393545297477 0.01981493142934946
0 0.7930195148174579 0.023678958415985107 0.06913009056678185 0.044735422501197226
0 0.8893701846782978 0.9537189190204327 0.011816758375901442 0.020323826716496393
0 0.6766870938814603 0.8054425166203425 0.12388390761155349 0.13478513864370492
