0 0.5310123150165265 0.15204793673295242 0.06903743743896484 0.06853571304908165
0 0.7307620415320764 0.955228145305927 0.10858330359825721 0.08563393812913161
0 0.7510943779578576 0.507367574251615 0.028991845937875602 0.028943281907301683
0 0.2591203726254977 0.45532681391789365 0.03403395872849684 0.03412202688363882
0 0.5460731799785907 0.35216599244337815 0.04307966965895433 0.04264750847449669
0 0.7429186014028696 0.3603010911207933 0.02333685067983774 0.023466036869929388
0 0.5658986385052021 0.5532341370215783 0.06345294072077824 0.06344450437105618
0 0.5000045482928936 0.5821963823758639 0.06907382378211388 0.06994159405048077
0 0.5201478371253381 0.9776623065655048 0.04374533433180589 0.0346838144155649
0 0.43357375951913685 0.7229243058424729 0.11357842958890475 0.11505596454326923
0 0.6444102067213792 0.3616776466369629 0.038653006920447715 0.03864009563739483
0 0.771954609797551 0.48137452052189755 0.020027747521033652 0.02058836129995493
0 0.5442744768582858 0.7690263894888071 0.055742117074819714 0.05494191096379207
0 0.7756757002610427 0.07248619886545035 0.018116877629206732 0.01806477399972769
0 0.5981064943166879 0.7475087092472956 0.01736604250394381 0.01737183790940505
0 0.5057505827683669 0.5285439858069787 0.06593894958496094 0.06564485109769382
0 0.7436709770789514 0.2981530519632193 0.020878718449519232 0.021073304689847507
0 0.80492430466872 0.1315510914875911 0.01761201711801382 0.017421795771672174
0 0.639138075021597 0.4902569330655612 0.04001162602351262 0.03986637408916767
0 0.6172365775475135 0.542636357820951 0.055769846989558294 0.05714959364670973
0 0.23237664882953352 0.25439801582923305 0.12862036778376654 0.13964168842022234
0 0.24535744006817156 0.4725616161639874 0.023632122920109674 0.023935464712289665
0 0.521084161905142 0.377101678114671 0.027407279381385215 0.02715477576622596
0 0.6507390095637395 0.3115568161010742 0.09442212031437801 0.09705418806809646
0 0.331692989055927 0.5755635775052584 0.08320669027475211 0.0826122577373798
0 0.6203257487370417 0.5943852938138522 0.03799012991098257 0.03780306302584135
0 0.5706133108872634 0.09140996749584492 0.01993590134840745 0.019839085065401517
0 0.6573058641873873 0.5662706815279447 0.02883118849534255 0.028951058020958535
0 0.4425811033982497 0.047024896511664756 0.020383761479304388 0.020699372658362754
0 0.39746453211857724 0.5919207426217886 0.01815025623028095 0.018254206730769232
0 0.4638800621032715 0.9638949174147385 0.035599048321063705 0.035565889798677884
0 0.5907718951885517 0.9438681969275842 0.0158841059758113 0.015698359562800482
0 0.6386422377366286 0.14672404069166917 0.09773547832782452 0.09936783863947941
0 0.1806792112497183 0.08726029212658222 0.01604160895714393 0.01624461320730356
0 0.46463122734656703 0.015888564861737765 0.027358421912560098 0.027067720890045166
0 0.5742186032808744 0.16304228856013372 0.018829932579627402 0.01905374343578632
0 0.7847050886887771 0.2865748772254357 0.08761670039250301 0.10049284421480618
0 0.5473250975975623 0.7235890902005709 0.01503306168776292 0.015097104586087741
0 0.3523681347186749 0.9506052457369291 0.10614264928377591 0.0910337888277494
0 0.7945762047400842 0.5496525030869704 0.015420473538912259 0.015518115116999699
0 0.760872327364408 0.05542305341133705 0.015837449293870192 0.015776753425598145
0 0.20362923695490912 0.05845366991483248 0.07442364325890174 0.09659139926616962
0 0.6071172860952524 0.5006572283231295 0.02839323190542368 0.028365061833308294
0 0.541027729327862 0.861113034761869 0.01515491192157452 0.015162834754356971
0 0.7943992614746094 0.031139492988586426 0.07515804584209736 0.05870284483982967
0 0.7839131722083459 0.11443473742558406 0.016318247868464544 0.016280852831327
0 0.5512737861046424 0.9591035842895508 0.0284115717961238 0.02844971876878005
0 0.4323864716749925 0.9788664304293119 0.018547938420222357 0.01898926955003005
0 0.4697360625633827 0.6533820078923152 0.06845628298245944 0.06921078608586238
0 0.7946616686307467 0.4600726274343637 0.04828951908991887 0.04900352771465595
0 0.5840416688185471 0.6693838559664212 0.10436747624323918 0.10222302950345553
0 0.6200896776639498 0.8042487364548904 0.08239144545335036 0.08308484004094051
0 0.48341765770545375 0.987841899578388 0.018455652090219352 0.014589896568885216
0 0.6682451688326322 0.8807923243596003 0.07250771155724159 0.07221016517052284
0 0.5523449090810922 0.8031500302828275 0.050769952627328724 0.051962632399338946
0 0.38654547471266526 0.6606093186598557 0.06954611264742337 0.06904910160945012
0 0.5855652002187876 0.5956899202786959 0.029737105736365683 0.028996100792518027
0 0.7990754200862005 0.5863242516150842 0.04453761761005108 0.05899399977463942
0 0.5516519546508789 0.914390123807467 0.07458569453312801 0.07364155695988582
0 0.7992653479942908 0.9715606982891376 0.032334401057316706 0.04728082510141226
0 0.31275180669931263 0.033297596069482654 0.02620704357440655 0.026355500404651348
0 0.5614500045776367 0.2721216678619385 0.02191015390249399 0.021809467902550332
0 0.49561522557185245 0.8452189518855169 0.014570676363431491 0.014965057373046875
0 0.4265778614924504 0.9568634033203125 0.030132000262920674 0.029068139883188102
0 0.4231924277085524 0.9568244493924655 0.0213320805476262 0.02162331801194411
0 0.7294891063983624 0.47871842751136195 0.06028190025916466 0.06123264019305889
0 0.5918092360863318 0.37592565096341646 0.06399147327129658 0.06419541285588191
0 0.7669425377478967 0.24307632446289062 0.01675268319936899 0.01665672889122596
0 0.7306182567889874 0.8519911399254432 0.04427293630746695 0.0445103278526893
0 0.555450806250939 0.482728517972506 0.06835438654972957 0.06795105567345253
0 0.7688737282386193 0.7020630469689002 0.07667732238769531 0.0758822514460637
0 0.7797352717472956 0.8380209115835336 0.046353853665865384 0.04758864182692308
0 0.3995785346397987 0.29033814943753755 0.046413421630859375 0.0471650637113131
0 0.49293195284329927 0.9201330038217398 0.04283266801100511 0.041923229510967545
0 0.4544519277719351 0.16510400405296913 0.21196350684532753 0.21135561282818133
