0 0.49178416912372297 0.8723685924823468 0.0761274924645057 0.07780720637394832
0 0.14029468939854547 0.16202897291917068 0.05763070399944599 0.057816734680762656
0 0.11788122470562275 0.5983040149395282 0.041749220628004804 0.04206173236553486
0 0.52600281055157 0.9226060280433068 0.042555002065805286 0.042480175311748795
0 0.6467695969801682 0.6336711736825796 0.07602365200336163 0.07689608060396634
0 0.5771578275240384 0.8323705379779522 0.042830393864558294 0.042704068697415866
0 0.8210640687208909 0.06905950032747708 0.13875242379995492 0.13362438862140363
0 0.6049820093008188 0.584197814647968 0.03846814082219051 0.03919762831467848
0 0.20880922904381385 0.04660212993621826 0.04364915994497446 0.04347843390244704
0 0.617797117966872 0.7539434432983398 0.03270079539372371 0.03297849801870493
0 0.348451174222506 0.6366022550142728 0.024495271536020134 0.024426093468299277
0 0.28995899053720325 0.07207794372852032 0.04709287790151743 0.04727598337026743
0 0.3841987756582407 0.930872550377479 0.023367808415339544 0.023610041691706732
0 0.8592030451847956 0.6406737107496995 0.06241754385141226 0.06228080162635216
0 0.5650025147658128 0.22382985628568208 0.06326763446514423 0.06438321333665115
0 0.3252547337458684 0.5548359797551081 0.023067621084359977 0.023037470304048978
0 0.5446643095750076 0.15745729666489822 0.021182867196890023 0.021270018357496995
0 0.12506318092346191 0.8417304845956656 0.024454153501070462 0.024749315701998197
0 0.15498876571655273 0.8714265823364258 0.026541453141432542 0.026820549598106973
0 0.6373521364652194 0.18458903752840483 0.02562097402719351 0.025443590604341947
0 0.5997605690589318 0.5022982083834134 0.02281951904296875 0.023044512822077826
0 0.48026114243727464 0.8102002510657678 0.023054856520432692 0.023125134981595553
0 0.08756441336411697 0.9584984412560096 0.02223734213755681 0.027858440692608174
0 0.23581178371722883 0.5240749212411734 0.02675481942983774 0.02668131314791166
0 0.5825719099778396 0.6487770080566406 0.020831474891075723 0.020589388333834134
0 0.8340232555682843 0.9666748046875 0.02532063997708834 0.02506080040564904
0 0.21012313549335188 0.6511939855722281 0.0186005372267503 0.018593274630033053
0 0.3883675795335036 0.7543236659123347 0.022669278658353366 0.022983551025390625
0 0.25541338553795445 0.7901882024911734 0.02029565664438101 0.019951453575721152
0 0.5155487794142503 0.5041383596567007 0.02391661130464994 0.024137276869553786
0 0.34031277436476487 0.9867518498347356 0.021884771493765023 0.02151342538686899
0 0.35823774337768555 0.6935572991004357 0.020614477304311898 0.02051265423114483
0 0.3992506173940805 0.6740975013146033 0.019788155188927285 0.019680169912484977
0 0.14482263418344352 0.8953035061176007 0.017873470599834736 0.01803251413198618
0 0.37965818551870495 0.48697838416466344 0.01764700962946965 0.01773687509390024
0 0.18835034737220177 0.9713378319373498 0.01981207040640024 0.01972374549278846
0 0.166289916405311 0.926600089439979 0.01891495631291316 0.019004234900841348
0 0.566876484797551 0.71593504685622 0.01923502408541166 0.019030644343449518
0 0.24224211619450495 0.6346802344689002 0.01807410900409405 0.018432030310997598
0 0.2906511746920072 0.7011285928579477 0.018100518446702223 0.01819786658653846
0 0.2505368452805739 0.9587853505061223 0.018223909231332634 0.018023564265324518
0 0.38227983621450573 0.5229426163893479 0.017131952139047477 0.01735386481651893
0 0.9030496157132663 0.4326032491830679 0.01983466515174279 0.01971736321082482
0 0.4940076974722055 0.5892757269052359 0.017343594477726862 0.017267300532414362
0 0.651066046494704 0.12816673058729905 0.019602555495042067 0.019723121936504658
0 0.6812591552734375 0.08223399749168983 0.03417557936448317 0.0342748027581435
0 0.4836722153883714 0.7815228975736178 0.020037137545072116 0.019975808950570915
0 0.6523902599628155 0.576877447275015 0.031618558443509616 0.0315710214468149
0 0.3162661699148325 0.6586422553429236 0.01710026080791767 0.016994182880108174
0 0.09660470485687256 0.7282695770263672 0.01813220977783203 0.0178683354304387
0 0.5582077686603253 0.8958528958834134 0.017365749065692607 0.017357899592472956
0 0.5106680943415716 0.9472959958589994 0.021304203913762018 0.021374335655799277
0 0.47783734248234677 0.46150655012864333 0.0164639399601863 0.016437677236703727
0 0.2467652100783128 0.7270035376915565 0.02029866438645583 0.020360213059645433
0 0.33018603691687953 0.2573790733630841 0.020705149723933294 0.02073959203866812
0 0.19593092111440805 0.7802650745098407 0.017386509821965143 0.017317845271183893
0 0.23825656450711763 0.21612732227032 0.026784676771897536 0.026757166935847357
0 0.6676258674034705 0.8322533827561599 0.01669590289776142 0.016692528357872598
0 0.24115650470440203 0.1566325334402231 0.01641090099628155 0.016244383958669808
0 0.8489544941828802 0.8594435911912185 0.0220028803898738 0.022161483764648438
0 0.51507018162654 0.8099651336669922 0.015919905442457933 0.01571801992563101
0 0.260146269431481 0.5451728380643405 0.016404482034536507 0.01652042682354267
0 0.4067474145155687 0.44199085235595703 0.015508211576021634 0.015325692983774038
0 0.19548223568842962 0.9008195583636944 0.01945976110605093 0.01945187495304988
0 0.15134461109454816 0.9154158372145432 0.016319971818190355 0.016173289372370794
0 0.2652085561018724 0.629965562086839 0.017043700584998496 0.017059766329251803
0 0.7864429033719577 0.9053597083458533 0.01903504591721755 0.019047663762019232
0 0.17340234609750602 0.9887537589439979 0.01651455805851863 0.016175050001878005
0 0.3019982668069693 0.48317094949575573 0.01616056148822491 0.016197791466346152
0 0.5208273667555589 0.6979970198411208 0.015153444730318509 0.015286665696364183
0 0.1838364601135254 0.8512345827542819 0.016045863811786357 0.016008523794320915
0 0.4316764978262094 0.4933593823359563 0.01701494363638071 0.016964839054987982
0 0.5833888420691857 0.16632626606867865 0.11769705552321214 0.11513775128584641
0 0.26367992621201736 0.915714850792518 0.014481911292442909 0.014581533578725962
0 0.8008832197922927 0.6108577068035419 0.015163128192608174 0.01500239739051232
0 0.39891536419208234 0.5705407215998723 0.01419360821063702 0.014538838313176082
0 0.5513797906728891 0.4084273118239183 0.015269646277794471 0.015343592717097355
0 0.5265377118037298 0.47933409764216495 0.014597599322979268 0.01459048344538762
0 0.5332999229431152 0.4917157246516301 0.016924491295447715 0.016933147723858174
0 0.9006293370173528 0.41981799785907453 0.016152015099158652 0.01605708782489483
0 0.8543354914738581 0.5163384217482346 0.02171193636380709 0.02186716519869291
0 0.5872459411621094 0.45659465056199294 0.02014013437124399 0.020074991079477165
0 0.11153433873103215 0.21154341330895057 0.015620671785794772 0.015598517197829027
0 0.6125626930823693 0.43975195517906773 0.03296441298264723 0.0332334224994366
0 0.3979505392221304 0.2553993738614596 0.12638722933255708 0.12903616978571966
0 0.41606881068303037 0.37822481302114636 0.015851240891676683 0.016061856196476862
0 0.29335724390470064 0.5449138788076547 0.015604092524601864 0.015810599693885215
0 0.8609010256253756 0.36183988131009615 0.029187715970552884 0.0292361332820012
0 0.5705414551955003 0.7630777359008789 0.014451980590820312 0.014631711519681491
0 0.22081309098463792 0.779625232403095 0.01452339612520658 0.014428358811598558
0 0.29310076053325945 0.8780948932354267 0.01476595951960637 0.014684677124023438
0 0.3301246349628155 0.6981849670410156 0.014412806584284855 0.014404003436748799
0 0.3453691922701322 0.9566485331608698 0.017798423767089844 0.017928050114558294
0 0.2582132816314697 0.5790480833787185 0.014435144571157603 0.014307168813852163
0 0.2743328901437613 0.5082068076500525 0.016076014592097357 0.015794754028320312
0 0.4586783189039964 0.5657022182758038 0.015838476327749398 0.015833928034855768
0 0.481322691990779 0.03304545237467839 0.017249327439528245 0.01693913569817176
0 0.5038827749399039 0.5553791339580829 0.014312083904559795 0.014276651235727163
0 0.18565020194420448 0.9255953568678635 0.015581094301663913 0.01582189706655649
0 0.08416078640864445 0.6269636154174805 0.011665637676532451 0.01732664841871995
0 0.3036658213688777 0.5528456614567683 0.015856376061072715 0.01595937288724459
0 0.41748567727895886 0.269437313079834 0.13753392146183893 0.13420251699594352
0 0.2912470010610727 0.4742558552668645 0.015477253840519832 0.015770545372596152
0 0.5970831284156213 0.7304232670710638 0.019819186283991888 0.019589350773737982
0 0.3594631781944862 0.9799867043128381 0.015823804415189303 0.015779641958383415
0 0.38933908022367036 0.9920055682842548 0.022967118483323317 0.01293651874248798
0 0.8426708808312049 0.4632754692664513 0.036438281719501205 0.03564049647404598
0 0.2951673177572397 0.6618498288668119 0.01469575441800631 0.014894778911884014
0 0.6015633069551908 0.19339150648850661 0.015056756826547476 0.014870937053973857
0 0.5465107697706956 0.7556407635028546 0.013967367318960337 0.014072271493765024
0 0.49924755096435547 0.011053566749279316 0.017537483802208535 0.017596941727858324
0 0.3262070142305814 0.12696492671966553 0.016477584838867188 0.016623405309823844
0 0.43020009994506836 0.2819836689875676 0.1248769760131836 0.12270707350510818
0 0.483708014855018 0.4924463858971229 0.0139617919921875 0.014207986684945913
0 0.6402113987849309 0.08008804688086876 0.017324007474459134 0.016897073158851035
0 0.18375180317805365 0.9237654759333684 0.016348765446589544 0.016978924091045674
0 0.3687923871553861 0.4263157477745643 0.014113939725435697 0.014371725229116587
0 0.19701015032254732 0.8825431236853967 0.016292718740609977 0.016166833730844352
0 0.35734132620004505 0.9764997042142428 0.02059041536771334 0.02043298574594351
0 0.5459557313185471 0.5243076177743765 0.014121275681715745 0.013842949500450721
0 0.48299198884230393 0.4108149455143855 0.014240631690392127 0.01430496802696815
0 0.5944911516629733 0.16547701908991888 0.015518628633939303 0.015198707580566406
0 0.29206178738520694 0.7352881798377404 0.014357236715463491 0.014390505277193509
