0 0.8508978623610276 0.9512079679048978 0.05234204805814303 0.05212064889761118
0 0.4682471568767841 0.5604111598088191 0.06284669729379508 0.06238057063176082
0 0.5418000588050256 0.17277996356670672 0.05594590994027945 0.05580587570483868
0 0.8867037846491888 0.7637657752403846 0.04460848294771635 0.044717641977163464
0 0.15004352422860953 0.5225865290715144 0.04068429653461163 0.040990242591271035
0 0.9359217423659104 0.1190714010825524 0.04456329345703125 0.04444311215327336
0 0.5623893004197341 0.2748736234811636 0.03881747906024639 0.03915551992563101
0 0.657014406644381 0.175568910745474 0.04224718534029447 0.04248120234562801
0 0.4972241108234112 0.3533758750328651 0.05872814471905048 0.05907146747295673
0 0.8367798145000751 0.890189684354342 0.028584993802584134 0.028482730572040264
0 0.07189990465457623 0.23829504159780648 0.0417710909476647 0.04147463578444261
0 0.32613996359018177 0.5940913053659292 0.02355795640211839 0.023800776554987982
0 0.83648681640625 0.8537385647113507 0.031562511737530045 0.03162398705115685
0 0.8372485821063702 0.6712066210233248 0.022965064415564902 0.022903002225435697
0 0.5874438652625451 0.7924762872549204 0.026403133685772236 0.026526964627779447
0 0.9163304108839768 0.16196659895089957 0.027441024780273438 0.027441648336557243
0 0.030039865237015944 0.7473773956298828 0.02204255874340351 0.022113213172325723
0 0.03295906690450815 0.20642542839050293 0.02210831642150879 0.022085153139554538
0 0.009439248878222246 0.782926999605619 0.018603456708101127 0.019238398625300482
0 0.6439202382014348 0.5585114405705378 0.042417672964242786 0.04292576129619892
0 0.15542791439936712 0.7654908987192007 0.02793682538546049 0.028018804696890023
0 0.02811223268508911 0.9078694857083834 0.01918217883660243 0.018957871657151442
0 0.9354513608492337 0.6781269953801081 0.049056713397686295 0.04891527616060697
0 0.355952629676232 0.738038209768442 0.05415894435002254 0.054746040931114785
0 0.6375430180476263 0.6735120920034555 0.021911034217247598 0.022092672494741585
0 0.48373966950636643 0.4540555660541241 0.029286824739896335 0.029451810396634616
0 0.5302745012136606 0.6257186302771935 0.041849796588604264 0.04132347840529222
0 0.7043844369741586 0.7410328204815204 0.03561870868389423 0.03556897090031551
0 0.08956203093895546 0.7414426803588867 0.01866755118736854 0.01877285883976863
0 0.6776922666109525 0.6347215359027569 0.02223058847280649 0.022367477416992188
0 0.5312571158775916 0.5904147074772761 0.04114224360539363 0.04123144883375902
0 0.4206944245558519 0.3432745566734901 0.026486983666053183 0.026366453904371995
0 0.03644917561457707 0.8512931236853967 0.019736867684584398 0.019773336557241585
0 0.8079842787522536 0.3221282225388747 0.017077225905198317 0.01714148888221154
0 0.45494769169734073 0.9130238753098708 0.0490106435922476 0.049452561598557696
0 0.17123504785391 0.6675956432635968 0.04841011304121751 0.04975128173828125
0 0.0600812160051786 0.9477586012620193 0.01694798469543457 0.016931973970853366
0 0.47074413299560547 0.8494022075946515 0.024807563194861777 0.025157341590294473
0 0.8084040421705979 0.9275839878962591 0.025009888869065505 0.024876227745643027
0 0.6079616179833045 0.10988325339097244 0.03851780524620643 0.03878125777611366
0 0.8535187794612005 0.3166199830862192 0.018877763014573317 0.018907767075758714
0 0.7955022958608774 0.25733404893141526 0.021682152381310098 0.02195424299973708
0 0.7265391716590295 0.3865366348853478 0.020332923302283652 0.02033380361703726
0 0.012705107147877034 0.8343573350172776 0.017504859429139357 0.017434340256911058
0 0.6042854602520282 0.7234803713285006 0.03096345754770132 0.030897874098557692
0 0.5853564555828388 0.6996253086970403 0.041167919452373795 0.04105538588303786
0 0.5002767856304462 0.4177429125859187 0.01596832275390625 0.015840750474196214
0 0.940613526564378 0.8784147409292368 0.0169375492976262 0.016893826998197116
0 0.22510578082158014 0.35495970799372745 0.020108369680551384 0.020152458777794473
0 0.6745417668269231 0.9854783278245193 0.019048690795898438 0.0191348149226262
0 0.8882642892690805 0.6871836735652044 0.03835032536433293 0.038355313814603366
0 0.6533729846660907 0.7045701833871695 0.01909153278057392 0.01919408944936899
0 0.20237288108238807 0.43123810107891375 0.034890908461350664 0.03518977532019982
0 0.5357693158663236 0.7944813508253831 0.02025758303128756 0.02025912358210637
0 0.39091322972224307 0.9842207981989934 0.029954029963566706 0.026971083420973558
0 0.23887223463792068 0.9846032949594351 0.01858982673058143 0.018462254450871393
0 0.9380450615516076 0.753996335543119 0.017301412729116585 0.017443436842698317
0 0.49971433786245495 0.949419901921199 0.01684731703538161 0.016863602858323317
0 0.028098418162419245 0.4002346625694862 0.024949128811176006 0.025007101205679085
0 0.26187999431903547 0.7441175900972806 0.01613451884343074 0.015924893892728366
0 0.13200428852668175 0.5656556716332068 0.01605813319866474 0.016172482417179987
0 0.24682055986844575 0.9332872537466196 0.032914895277756914 0.033218090350811295
0 0.7243099212646484 0.02518738920872028 0.07021874647874099 0.04960600687907292
0 0.2510041823753944 0.7319840651292068 0.016824942368727464 0.016469221848707933
0 0.49504437813392055 0.046156690670893744 0.01749874995304988 0.017252979370263908
0 0.9357118606567383 0.6478396929227389 0.031251760629507214 0.03093103262094351
0 0.5839420832120455 0.9815164712759165 0.06625564281757061 0.034765977125901446
0 0.22263752497159517 0.48717586810772234 0.02850451836219201 0.02872298314021184
0 0.7492424891545222 0.21114120116600624 0.016024956336388223 0.016044800098125752
0 0.5085734954247108 0.7519721984863281 0.016631933358999398 0.01677557138296274
0 0.1510617366203895 0.6085470639742337 0.038217397836538464 0.037914129403921276
0 0.04908373264166025 0.9929411227886493 0.01810289346254789 0.012260730449969951
0 0.07466348317953256 0.011479182885243343 0.01610854955819937 0.016260380928332988
0 0.5772015498234675 0.5588564505943885 0.0239105224609375 0.023724482609675482
0 0.453493228325477 0.09473033134753887 0.03455081352820763 0.034833816381601185
0 0.4935426712036133 0.6972293120164138 0.027168127206655648 0.027685018686147835
0 0.10285283968998836 0.06212250544474675 0.018041684077336237 0.017816488559429463
0 0.7953301943265475 0.13795791222498968 0.017025874211237982 0.01684711529658391
0 0.41613035935621995 0.662570073054387 0.029703286977914665 0.029674530029296875
0 0.9282332200270432 0.7173972496619592 0.014387864332932692 0.014604568481445312
0 0.7287766383244441 0.7730459800133338 0.029660885150615986 0.030446859506460335
0 0.9640668722299429 0.8467518733097956 0.033458709716796875 0.03398836576021635
0 0.3238094769991361 0.6894210668710562 0.04325712644136869 0.04338821998009315
0 0.7479763031005859 0.6910192783062274 0.03981839693509615 0.04025459289550781
0 0.2705220075754019 0.4847071721003606 0.015171417823204627 0.015069961547851562
0 0.18491180126483625 0.16047010054955116 0.02261011417095478 0.022268992203932542
0 0.5915181453411396 0.7636837592491736 0.030024895301231973 0.030327723576472357
0 0.060832748046288125 0.7920262263371394 0.021106188113872822 0.02132107661320613
0 0.6297012475820688 0.781984989459698 0.01561428950383113 0.01568940969613882
0 0.12613191971412072 0.7666328870333158 0.020619612473707933 0.02067697965181791
0 0.7976785072913537 0.811500255878155 0.015152711134690505 0.015093289888822116
0 0.40357336631188023 0.31815242767333984 0.03354285313532902 0.03343119988074669
0 0.58813109764686 0.5755034960233248 0.022998956533578727 0.02326686565692608
0 0.1313916169680082 0.3264237917386569 0.015003094306358924 0.015082872830904447
0 0.05671548384886522 0.851844494159405 0.01768987912398118 0.01771369347205529
0 0.401123413672814 0.7622842055100661 0.02702478262094351 0.02697900625375601
0 0.7198351346529447 0.07818018473111667 0.016318394587590143 0.015932014355292685
0 0.5776428442734939 0.9377817007211539 0.027419677147498496 0.02755121084359976
0 0.6870353405292218 0.31804895401000977 0.015104733980618991 0.014975914588341346
0 0.5207495322594275 0.3293636762178861 0.014868809626652645 0.014934099637545072
0 0.01864554102604206 0.879999747643104 0.017846919023073636 0.017819771399864785
0 0.32594871520996094 0.4382812793438251 0.04128588162935697 0.0413362062894381
0 0.9500704545241135 0.7700953850379357 0.02282861562875601 0.023143474872295674
0 0.596077772287222 0.8347806196946365 0.01580179654634916 0.015988569993239183
0 0.21615142088669997 0.5742029776939979 0.031005859375 0.031053543090820312
0 0.5024038094740647 0.9851820285503681 0.04385845477764423 0.02610177260178786
0 0.1824669104356032 0.4403365942148062 0.032918343177208535 0.03274998298058143
0 0.5130482086768517 0.24066407863910383 0.015213452852689303 0.015117205106295072
0 0.015351471992639395 0.6922322786771334 0.02526023296209482 0.025125943697415866
0 0.1764983030465933 0.9193992614746094 0.01571831336388221 0.015523763803335337
0 0.22551477872408354 0.37616920471191406 0.02489757537841797 0.025068209721491888
0 0.8064946394700271 0.7352190751295823 0.022326542780949518 0.022070664625901442
0 0.3441433906555176 0.8776598710280198 0.040533872751089245 0.04049418522761418
0 0.03562761499331547 0.023867196761644803 0.025038650402655967 0.02520214135830219
0 0.842181132389949 0.07869896521935096 0.014723851130558895 0.014819324016571045
0 0.22046643037062424 0.5192826344416692 0.025696754455566406 0.026352662306565505
0 0.2338256285740779 0.5882801275986892 0.01772165298461914 0.01770320305457482
0 0.1044938197502723 0.7056768857515775 0.0151826418363131 0.015176039475661058
0 0.9579167732825646 0.9819240570068359 0.015427662776066707 0.015404921311598558
0 0.23334264755249023 0.6575442827664889 0.042933720808762774 0.043888092041015625
0 0.9668582035945013 0.6852324559138372 0.014581827016977163 0.014723117534930889
0 0.5550447610708383 0.9402856093186599 0.02324830568753756 0.023087134728064902
0 0.7380751829880935 0.11073554479158841 0.015516281127929688 0.014907763554499699
0 0.6456397129939153 0.8322808192326472 0.02204132080078125 0.022253916813777044
0 0.8679872659536508 0.646737318772536 0.02721258310171274 0.027065130380483773
0 0.22125787001389724 0.5167771119337815 0.02153638693002554 0.02279061537522536
0 0.20482415419358474 0.5335419728205755 0.036283052884615384 0.03672159635103666
0 0.4157208295968863 0.7501917618971604 0.03418130141038161 0.03509814922626202
0 0.2098570970388559 0.9575455005352314 0.02302753008328951 0.023324232835036058
0 0.08562366779033954 0.03925212529989389 0.04239750366944533 0.042749184828538164
0 0.4182146512545072 0.6230684427114633 0.015262236961951623 0.015247931847205529
0 0.5747241240281326 0.9148392310509315 0.0245516850398137 0.024363591120793268
0 0.5889961536114032 0.9599478794978216 0.02406178987943209 0.023629408616286058
0 0.6915895021878756 0.9440765380859375 0.016163165752704326 0.016030531663161058
0 0.4781647828909067 0.03148020918552692 0.09864983191856971 0.061939170727363
0 0.318847472851093 0.8280031497661884 0.045239962064302884 0.044357006366436295
0 0.7867632645827073 0.6840430039625901 0.034900665283203125 0.03508846576397236
0 0.613010993370643 0.8013508136455829 0.03282913794884315 0.03261859600360577
0 0.6827256129338191 0.8075037736159104 0.02772698035606971 0.028002812312199518
0 0.6251346881573017 0.9672349049494817 0.04961538314819336 0.04837388258713942
0 0.16257322751558745 0.4095889605008639 0.02201213286473201 0.022071251502403848
0 0.11730234439556415 0.3291853391207181 0.0156253301180326 0.0157467768742488
0 0.5810056833120493 0.6066249700692984 0.057782539954552285 0.05482174799992488
0 0.21432047623854417 0.5785598754882812 0.024542955251840446 0.024875640869140625
0 0.7816062340369592 0.8236570358276367 0.022661209106445312 0.022845635047325723
0 0.909635983980619 0.6606247241680439 0.015173985407902645 0.015401693490835337
0 0.7929960397573618 0.940282234778771 0.014144604022686299 0.014031190138596755
0 0.9343756162203275 0.20833727029653695 0.05255479079026442 0.052275657653808594
0 0.3076277512770433 0.4809410388653095 0.053081512451171875 0.05328515859750601
0 0.6706487215482272 0.9673646780160757 0.027766301081730768 0.02819237342247596
0 0.019532721776228685 0.6728498018704928 0.017230396087353047 0.017359513502854567
0 0.706144406245305 0.9680935786320612 0.018472964947040264 0.018631568321814902
0 0.0870822943173922 0.6658007548405573 0.02377998370390672 0.02373357919546274
0 0.6858611473670373 0.65344054882343 0.017710025493915264 0.018064352182241585
0 0.5784525137681228 0.908081788283128 0.043537213252140924 0.04496075556828426
0 0.4413029597355769 0.7496437659630408 0.01885839608999399 0.019220792330228366
0 0.5739310337946966 0.38582207606388974 0.014002433189978966 0.014002653268667368
0 0.9850221047034631 0.7875295785757211 0.026233086219200723 0.04421439537635216
0 0.590537584744967 0.2970443505507249 0.017305520864633415 0.01718484438382662
0 0.5950734065129206 0.9154005784254807 0.01613793006310096 0.016259413499098558
0 0.9034002010638897 0.6570889399601862 0.029993497408353366 0.03122857900766226
0 0.15851906629709098 0.963391010577862 0.0155028196481558 0.015454659095177284
0 0.7781576009897085 0.9538697462815505 0.016609778771033652 0.016999464768629808
0 0.8483635095449594 0.08985389195955716 0.01927918654221755 0.01923982913677509
0 0.19960539157573992 0.5397099715012771 0.02991617642916166 0.029719132643479567
0 0.10141836679898776 0.26265786244319034 0.019438706911527194 0.01934330280010517
0 0.11632583691523625 0.15783302600567156 0.024979444650503304 0.02537235846886268
0 0.5978824542118952 0.8601023600651667 0.047926756051870495 0.047253975501427285
0 0.7827284886286809 0.31013059616088867 0.014865288367638221 0.01451565669133113
0 0.7268870427058294 0.661389424250676 0.015295468843900241 0.015315716083233174
0 0.17835919673626238 0.484553703894982 0.01578242962176983 0.015663880568284255
0 0.3475609559279222 0.2988524620349591 0.028815049391526442 0.028389820685753457
0 0.04015905581987821 0.47827412531926083 0.036237249007591836 0.036110291114220254
0 0.3563680282005897 0.6984227987436148 0.03814381819504958 0.038926931527944714
0 0.5070416377140925 0.5289967610285833 0.03371502802922176 0.03427344102125902
0 0.4932459317720853 0.516888325030987 0.02681702833909255 0.026783869816706732
