0 0.37715882521409255 0.5400225565983698 0.1278101114126352 0.12727906153752253
0 0.5720948439378005 0.7676587471595178 0.20425899212176984 0.2108769050011268
0 0.48554669893704927 0.5744507129375751 0.05020860525277945 0.05015021104079027
0 0.6324407137357272 0.6533696834857647 0.028660407433143027 0.028880926278921273
0 0.31484490174513596 0.6998943182138296 0.04646866138164814 0.04616047785832332
0 0.5125721051142766 0.5443297532888559 0.02438662602351262 0.024421251737154447
0 0.35343441596397984 0.0764464231637808 0.026543543888972357 0.02691329442537748
0 0.7047261458176833 0.19023968623234674 0.05395199702336238 0.055841225844163164
0 0.568113950582651 0.21788677802452674 0.026105807377741888 0.026060984684870794
0 0.44533762565025914 0.8130980271559495 0.059559015127328724 0.05937458918644832
0 0.6387792733999399 0.277220946091872 0.058449121621938854 0.05866784315842848
0 0.40752667647141677 0.19700404313894418 0.0220794677734375 0.02237224578857422
0 0.47370433807373047 0.27754893669715297 0.049135795006385215 0.04926391748281626
0 0.33496798001802885 0.8079553750845102 0.020923614501953125 0.020709698016826924
0 0.5942999766423152 0.5899104338425857 0.019595806415264424 0.01961854787973257
0 0.4260572286752554 0.691240824185885 0.04196328383225661 0.04185823293832632
0 0.35933791674100435 0.27694793847891 0.02054170461801382 0.02052927017211914
0 0.4224364207341121 0.09597383095667912 0.020394545335036058 0.02045121559729943
0 0.539249640244704 0.17982196807861328 0.07507529625525841 0.07565798209263729
0 0.4039755601149339 0.09732571014991173 0.019889171306903545 0.01993843225332407
0 0.3282819161048302 0.4860420227050781 0.018053348247821514 0.018266824575570915
0 0.4912063158475436 0.24735338871295637 0.05091535128079928 0.052623932178203874
0 0.31199756035437953 0.9060523693378155 0.019478797912597656 0.01952391404371995
0 0.6837858786949744 0.9574194688063401 0.017923355102539062 0.017703423133263223
0 0.6546509082500751 0.5169863700866699 0.021133276132436898 0.02118367415208083
0 0.4834999671349159 0.3283488933856671 0.01854559091421274 0.018644332885742188
0 0.7154553486750677 0.10778120847848746 0.018691283005934495 0.01907194577730619
0 0.28124457139235276 0.8331178518442007 0.017442849966195915 0.01824217576246995
0 0.30468592276939976 0.4950071114760179 0.02271424807035006 0.022362488966721755
0 0.5981054306030273 0.06260167635404147 0.04938712486853966 0.0491783802325909
0 0.29756956834059495 0.24869353954608625 0.01750953380878155 0.017409654764028695
0 0.6040948721078726 0.12786433329949012 0.020006326528695915 0.019997284962580755
0 0.42218927236703724 0.377198182619535 0.023757347693810098 0.02402364290677584
0 0.4036442683293269 0.11558178754953238 0.019732915438138522 0.019940302922175482
0 0.5573295813340408 0.23987606855539176 0.017398247352013223 0.017078619736891527
0 0.6912489670973557 0.46296985332782453 0.07463425856370193 0.11603619502140926
0 0.42883843642014724 0.04875887357271635 0.015949249267578125 0.01612986051119291
0 0.2885430042560284 0.40950698118943435 0.01709116422213041 0.016848344069260817
0 0.6948287670428936 0.822353876554049 0.019303248478816107 0.019292391263521634
0 0.7127622457650992 0.8479551168588492 0.017291729266826924 0.017304347111628607
0 0.38178906073937047 0.18910738138052133 0.017446517944335938 0.017433973459097054
0 0.650270021878756 0.6396448428814228 0.02106637221116286 0.021238180307241585
0 0.5167616330660306 0.29499325385460484 0.046096508319561295 0.045945901137131914
0 0.31154526196993315 0.020571600932341356 0.018198380103478067 0.018471332696767952
0 0.37703580122727615 0.34231802133413464 0.017108990595890924 0.016932854285606973
0 0.28118507678692156 0.7481212615966797 0.016183119553786058 0.01622596153846154
0 0.6945397303654597 0.9090147752028245 0.0171200678898738 0.01733574500450721
0 0.354096009181096 0.9423123873197116 0.016725906958946817 0.01656165489783654
0 0.30463493787325346 0.3712973961463341 0.07329603341909555 0.07468282259427585
0 0.66712709573599 0.6554458324725811 0.023097991943359375 0.022923983060396634
0 0.4114380616408128 0.009419284187830411 0.02110004425048828 0.01839555685336773
0 0.5547766318688025 0.405639281639686 0.01638060349684495 0.01635888906625601
0 0.29293155670166016 0.05656151588146503 0.018640884986290567 0.01894939862764799
0 0.678554681631235 0.11931656874143161 0.04407149094801683 0.04337468514075646
0 0.71063599219689 0.14420965084662804 0.03311832134540264 0.03375884202810434
0 0.7138101137601413 0.7872141324556791 0.026845785287710335 0.03968957754281851
0 0.2796250856839694 0.7305247967059796 0.015393623938927284 0.017208686241736777
0 0.5365283305828388 0.4779774592472957 0.01583517514742338 0.015572621272160457
0 0.4054730488703801 0.04943178708736713 0.017174794123722956 0.0171817449422983
0 0.45482540130615234 0.5056610841017503 0.02735724815955529 0.027465086716871995
0 0.27636229074918306 0.4304234798137958 0.018891041095440205 0.02739744919996995
0 0.7061282671414889 0.7997453396136944 0.018450516920823317 0.018557328444260817
0 0.6627185528094952 0.017255454109265253 0.03592271071213942 0.032479751568574175
0 0.6234039893517127 0.9552918947660006 0.015089475191556491 0.015055289635291466
0 0.6866104419414814 0.7383196904109075 0.014770801250751201 0.01441500737116887
0 0.426668093754695 0.45630499032827526 0.05020435039813702 0.05070348886343149
0 0.4493664594796988 0.9587821960449219 0.02789790813739483 0.028128403883713942
0 0.6889599286592923 0.7884610983041617 0.019983731783353366 0.019190274752103366
0 0.40016533778263974 0.06006804796365591 0.015822777381310098 0.016574346102201022
0 0.6836506770207331 0.5235766630906326 0.0260617182804988 0.02638545403113732
0 0.460841912489671 0.5311862872197077 0.014206226055438701 0.014279512258676382
0 0.6425912563617413 0.6944932204026443 0.013790717491736779 0.014090317946213942
0 0.6604131551889273 0.8751985109769381 0.049543527456430286 0.049044095552884616
0 0.29592062876774716 0.03688649489329411 0.01519166506253756 0.014597324224618765
0 0.4484451367304875 0.85858704493596 0.051805276137131914 0.052722784189077526
0 0.31229525346022385 0.04250962459124052 0.018567452063927285 0.018537127054654635
0 0.3429255485534668 0.9604698327871469 0.01599289820744441 0.01670235853928786
0 0.3459611672621507 0.9610241376436673 0.018725101764385518 0.01801578815166767
0 0.3615023906414325 0.24070193217350885 0.04460430145263672 0.04606555058405949
0 0.4315674855158879 0.11108671701871432 0.014550722562349759 0.01464095482459435
0 0.6052733934842623 0.9237955533541166 0.014974007239708534 0.01484988285945012
0 0.6417752779447116 0.503805894118089 0.016778065608097956 0.016730601970966045
0 0.5732191525972806 0.4808714206402118 0.16289989764873797 0.1683810307429387
0 0.38403690778292143 0.05072475396669828 0.019490388723520134 0.019711870413560133
0 0.3666177529555101 0.0974590594951923 0.015912789564866286 0.015991064218374398
0 0.7033782372107873 0.7474173032320462 0.019708780141977165 0.02031678419846755
0 0.697941780090332 0.04578053951263428 0.015425168550931491 0.015296532557560848
0 0.4577643687908466 0.5038570257333609 0.024242987999549277 0.02462592491736779
0 0.5593200096717248 0.3297595244187575 0.013853219839242788 0.014210921067457933
