0 0.6476196875939002 0.1980620530935434 0.10371090815617488 0.1039498494221614
0 0.6330819496741662 0.7887158027062049 0.07398546659029447 0.07421464186448318
0 0.44047014529888445 0.6479500257051908 0.04316894824688251 0.04277786841759315
0 0.5878039873563327 0.348117865048922 0.034929715670072116 0.03447173191950871
0 0.38315651966975284 0.5309938284067007 0.03774393521822416 0.03757682213416466
0 0.9053198007436899 0.744172609769381 0.03101935753455529 0.03635670588566707
0 0.2440658716055063 0.8275637993445764 0.029911114619328424 0.030011397141676683
0 0.9066864893986628 0.6654010185828576 0.030585068922776442 0.03643945547250601
0 0.5939267231867864 0.9659885259775015 0.021600943345289964 0.021458552433894232
0 0.48024155543400693 0.36892175674438477 0.02662937457744892 0.026771985567533053
0 0.34084239372840297 0.36485649989201474 0.019893792959359977 0.019843028141902044
0 0.6341792620145358 0.9439538808969351 0.02979425283578726 0.029917203463040866
0 0.6083073249230018 0.4543027144211989 0.02915338369516226 0.029029406034029447
0 0.40650734534630406 0.2568943683917706 0.03328147301307091 0.03332317792452299
0 0.517003242786114 0.12266301191770114 0.024018361018254206 0.02407946953406701
0 0.44983210930457485 0.7741986788236178 0.027936201829176683 0.028017484224759616
0 0.5402499712430514 0.9359427232008714 0.022411639873798076 0.022191414466271035
0 0.2565121650695801 0.6600941878098708 0.018736765934870794 0.01883521446814904
0 0.44298527790949893 0.49458173605111927 0.028260451096754808 0.02822714585524339
0 0.46326453869159406 0.16632828345665565 0.03262042999267578 0.03242404644305889
0 0.4169417161207933 0.46097344618577224 0.024386185866135817 0.024271598229041465
0 0.8653256342961237 0.6162527524507962 0.018772712120643027 0.018596098973200872
0 0.610809142772968 0.4960176027738131 0.01734814277062049 0.017209199758676384
0 0.7028136620154748 0.9174354993380033 0.034195973322941706 0.03400729252741887
0 0.8942288618821365 0.9843186598557693 0.023240309495192308 0.0230709956242488
0 0.7240104675292969 0.34216899138230544 0.02448272705078125 0.024111087505634014
0 0.840798598069411 0.8983560708852915 0.020830888014573317 0.020685342641977165
0 0.7758161104642428 0.7366469456599309 0.02305148198054387 0.023084200345552884
0 0.8831282395582932 0.018014108905425437 0.020496368408203125 0.020278245210647583
0 0.54114319727971 0.2920640798715445 0.03799255077655499 0.03849322979266827
0 0.4868514354412372 0.49467780039860654 0.02158641815185547 0.0214077876164363
0 0.252975555566641 0.90227537888747 0.025360547579251803 0.0254672123835637
0 0.6238425328181341 0.9827467845036433 0.0278622553898738 0.027847436758188102
0 0.7065007136418269 0.016018876662621133 0.031128516564002402 0.029943626660567064
0 0.2244880199432373 0.07134691568521354 0.032894244560828574 0.03287638150728666
0 0.164794004880465 0.8223885756272536 0.019290997431828424 0.01903357872596154
0 0.5568677828862116 0.2048660975236159 0.02600970635047326 0.026148869441105768
0 0.7259317544790415 0.19293134029094988 0.016602442814753607 0.01670518288245568
0 0.8915970142071064 0.3316830121553861 0.026523883526141826 0.026509505051832933
0 0.29485177993774414 0.7309234325702374 0.020422642047588643 0.020267193134014424
0 0.6967356021587665 0.3396435517531175 0.016774837787334736 0.016924931452824518
0 0.20021398250873274 0.41838183769812953 0.01877755385178786 0.018769337580754206
0 0.20737171173095703 0.642149411714994 0.01819632603571965 0.018039703369140625
0 0.4650215002206656 0.8006791334885818 0.0200653076171875 0.020176814152644232
0 0.7770042419433594 0.3042763013106126 0.018896836500901442 0.018795123467078574
0 0.13118135929107666 0.09099984169006348 0.01767244705787072 0.017728218665489785
0 0.22329288262587327 0.8498161756075345 0.02620836404653696 0.025945076575646035
0 0.2954675601078914 0.5984894679142878 0.017482904287484977 0.01729862506573017
0 0.7525212214543269 0.35246849060058594 0.01753058800330529 0.017458695631760817
0 0.25592246422400844 0.4226069817176232 0.02149361830491286 0.02166095146766076
0 0.31621705568753755 0.6217946272629958 0.023191323647132285 0.023117688985971305
0 0.2222583110515888 0.2686796004955585 0.020182316119854268 0.020235391763540413
0 0.4980725875267616 0.40461254119873047 0.019493543184720553 0.01940492483285757
0 0.5252284270066482 0.8877016947819636 0.01862650651198167 0.01851654052734375
0 0.9047235342172476 0.7847033280592698 0.01758546095628005 0.017522078294020433
0 0.41008846576397234 0.33911242851844203 0.02335519057053786 0.023502643291766826
0 0.6213224117572491 0.5579718443063589 0.023337730994591348 0.02329907050499549
0 0.6389164557823768 0.5064933116619403 0.015577463003305288 0.015679579514723558
0 0.7045984268188477 0.9856967926025391 0.018418532151442308 0.018385960505558893
0 0.10420434291546161 0.579596629509559 0.01552112285907452 0.01567679185133714
0 0.4993340785686786 0.6614363743708684 0.024753350477952223 0.024891486534705527
0 0.3642139801612267 0.4450672956613394 0.016175563518817607 0.01634979248046875
0 0.28365193880521333 0.057650281832768366 0.01886741931621845 0.018748980302077074
0 0.5834973408625677 0.17871574255136344 0.01597118377685547 0.016162652235764723
0 0.7294166271503155 0.9828743567833533 0.01799642122708834 0.017948003915640023
0 0.5382527571458083 0.26312674008882964 0.04285504267765926 0.04339306171123798
0 0.5273348734929011 0.6368015729464017 0.04139489393967848 0.041027069091796875
0 0.8292138026310847 0.6543366358830378 0.015363253079927884 0.015362372765174279
0 0.8560247421264648 0.9326953154343826 0.01604491013746995 0.016021581796499398
0 0.39954310197096604 0.7592006096473107 0.01824672405536358 0.018370408278245192
0 0.6656888815072867 0.964648173405574 0.01681342491736779 0.01696190467247596
0 0.5852031707763672 0.8874940138596755 0.016407012939453125 0.016335120567908652
0 0.36792909182035005 0.5764247820927546 0.01842366732083834 0.018397991473858174
0 0.5394047957200271 0.3222099450918344 0.02534616910494291 0.025390625
0 0.8459085317758414 0.019011185719416693 0.051088186410757214 0.03713938364615807
0 0.5886198557340182 0.23528603407052848 0.024735524104191706 0.024968624114990234
0 0.470394097841703 0.45041216336763823 0.017028661874624398 0.01690527108999399
0 0.4568148392897386 0.9922116352961614 0.029842670147235576 0.01381389911358173
0 0.6570953956017127 0.3500278913057767 0.018320230337289665 0.01865386962890625
0 0.8698429694542518 0.9718604454627404 0.01563086876502404 0.01602906447190505
0 0.7461368854229267 0.1418622640463022 0.0144807375394381 0.014833798775306115
0 0.6972443507267878 0.4056514593271109 0.016785841721754808 0.016394908611591045
0 0.54901123046875 0.36623749366173375 0.01762214073768029 0.01807564955491286
0 0.3527675041785607 0.07141191225785476 0.018894048837515023 0.01875791182884803
0 0.6114859947791467 0.8403269694401667 0.03937853299654447 0.03868792607234074
0 0.780827155480018 0.23822296582735503 0.0143431149996244 0.01405033698448768
0 0.5104670157799354 0.9283164097712591 0.01686272254356971 0.016950167142427884
0 0.23351590449993426 0.6040863257188064 0.015343996194692759 0.015317036555363582
0 0.5955023031968337 0.5062018907987155 0.015127182006835938 0.015256001399113582
0 0.515833121079665 0.31661062974196214 0.02319027827336238 0.02301628773029034
0 0.6845392080453726 0.8465016438410833 0.021928933950570915 0.02231289790226863
0 0.6690214597261869 0.10872602462768555 0.015209491436298076 0.01541277078481821
0 0.5198475030752329 0.9914636611938477 0.02577077425443209 0.015279769897460938
0 0.5268305998582107 0.7191831882183368 0.01681797321026142 0.016757671649639424
0 0.6050200095543494 0.9075851440429688 0.019611945519080527 0.01921991201547476
0 0.5786468799297626 0.8318607623760517 0.019435002253605768 0.019271703866811898
0 0.3001562265249399 0.4174019373380221 0.017276690556452826 0.017436981201171875
0 0.5696171980637771 0.2513461112976074 0.0250851557804988 0.025697708129882812
0 0.5646075835594764 0.17575617936941293 0.02193737030029297 0.022052874931922324
0 0.3444848427405724 0.5473330571101263 0.024042716393103965 0.02446922889122596
0 0.5087416355426495 0.4245717708881085 0.02007455092210036 0.02015847426194411
0 0.6320827190692608 0.5671533437875601 0.018413837139423076 0.018589606651893027
0 0.20824214128347543 0.12128343948951134 0.019485840430626504 0.01961044164804312
0 0.44503241318922776 0.0933981858766996 0.023305379427396335 0.02337496097271259
0 0.629733892587515 0.29579617426945615 0.018513312706580527 0.018444574796236478
0 0.8956091954157903 0.46897315979003906 0.03272804847130409 0.03304012005145733
0 0.22176496799175555 0.6315369239220252 0.015160413888784556 0.01530163104717548
0 0.5531313969538763 0.8000723031850961 0.022778731126051683 0.022487933819110576
0 0.5410247582655686 0.83544371678279 0.015717212970440205 0.01563571049616887
0 0.4367523926955003 0.43796836412869966 0.019854032076322116 0.02027262174166166
0 0.47788414588341344 0.061146286817697376 0.014328883244441105 0.01462852037869967
0 0.27945588185237 0.5434756645789514 0.016253104576697715 0.016437530517578125
0 0.3193119489229642 0.3106443698589618 0.025897979736328125 0.026096472373375527
0 0.7856168013352615 0.16228866577148438 0.016066331129807692 0.01609941629263071
0 0.42466134291428786 0.6862622774564303 0.014760971069335938 0.014847388634314904
0 0.6960145510160006 0.11305356942690335 0.013927166278545674 0.01411900153526893
0 0.33762521010178786 0.48345789542564976 0.016859934880183294 0.017086102412297174
0 0.7628178229698768 0.27459927705618054 0.014269315279447116 0.014186418973482572
0 0.47648921379676235 0.6377796759972205 0.016208795400766227 0.016459831824669473
0 0.6613999880277194 0.8625259399414062 0.028712052565354567 0.02895384568434495
0 0.546975722679725 0.9859488560603216 0.023030647864708535 0.022555131178635817
0 0.8081594613882211 0.938725104698768 0.03430087749774639 0.03404705341045673
0 0.8604881580059345 0.9845311091496394 0.01457977294921875 0.014474135178786058
0 0.3005714966700627 0.008804712731104631 0.021032370053804837 0.01643367111682892
0 0.3214258780846229 0.2921827756441556 0.017105836134690505 0.01759470426119291
0 0.5081686606773963 0.8313013223501352 0.019320267897385817 0.019450847919170674
0 0.11788357221163236 0.6011893565838153 0.016766951634333685 0.01649020268366887
0 0.749720206627479 0.9185796150794396 0.02146148681640625 0.021460606501652643
0 0.589438585134653 0.06518495541352493 0.03918677109938402 0.0384906897178063
0 0.8841897524320163 0.4701671233543983 0.05140216533954327 0.050716473506047174
0 0.22718480917123648 0.28369808197021484 0.020079539372370794 0.020456827603853665
0 0.8836419032170222 0.7727808585533729 0.01414797856257512 0.01413418696476863
0 0.8336511758657602 0.7839584350585938 0.024250030517578125 0.023716853215144232
0 0.155517944922814 0.15142399531144363 0.021002732790433444 0.02116531592149001
0 0.8248390784630408 0.44109476529634917 0.013785729041466346 0.013687573946439303
0 0.6643010652982272 0.3951693314772386 0.015850947453425482 0.016016153188852165
0 0.34252078716571516 0.7024684319129357 0.039316764244666465 0.0395959707406851
0 0.545754285959097 0.8529564784123347 0.01610433138333834 0.015962747427133415
0 0.6547986544095553 0.8342850758479192 0.045019883375901446 0.04503792982835036
0 0.5957520191486065 0.4055804105905386 0.015939712524414062 0.015937071580153245
0 0.8702886287982647 0.6877984267014724 0.02168860802283654 0.021671001727764424
0 0.3684867712167593 0.3913446573110727 0.015242723318246694 0.015025505652794471
0 0.8869230563823993 0.8458410409780649 0.01741365286020132 0.017348069411057692
0 0.5492991300729605 0.3526301017174354 0.01959404578575721 0.01962588383601262
0 0.2969831319955679 0.5539409930889423 0.016520280104417067 0.016922437227689303
0 0.38344500615046573 0.8134301992563101 0.02207323221059946 0.022451254037710335
0 0.3931533373319186 0.016280827613977287 0.017810674814077523 0.01754361391067505
0 0.4397133313692533 0.9802460303673377 0.01791829329270583 0.01827826866736779
0 0.34504013795119065 0.5005997511056753 0.02674520932711088 0.026448616614708535
0 0.7427705618051382 0.3664137033315805 0.01553051288311298 0.015275148245004507
0 0.4807565762446477 0.6541649745060847 0.016382144047663763 0.016517199002779447
0 0.8226066002478967 0.5624399551978478 0.02239843515249399 0.021639603834885817
0 0.7285691774808444 0.043049243780282825 0.01922460702749399 0.01917441074664776
0 0.47548664533174956 0.13335814842810997 0.016521967374361478 0.016521673936110277
0 0.22161401235140288 0.46433881612924427 0.015021104079026442 0.015121753399188701
0 0.6091228631826547 0.6368983342097356 0.10377869239220253 0.10022203738872822
0 0.5171150060800406 0.207307925591102 0.020325954143817607 0.01979651817908654
0 0.44097111775324893 0.9548772665170523 0.03658874218280499 0.03584612332857572
0 0.28876697100125825 0.6859368544358474 0.01923539088322566 0.019222552959735576
