0 0.8228589571439303 0.3535924324622521 0.028096712552584134 0.028047855083759014
0 0.9483691729032077 0.7759976020226111 0.02135496873121995 0.021683619572566107
0 0.913081169128418 0.898354750413161 0.03072078411395733 0.030443925123948317
0 0.06860602819002591 0.493162045112023 0.019205075043898363 0.01913767594557542
0 0.1033104658126831 0.506655766413762 0.017091641059288613 0.016913414001464844
0 0.11082141215984638 0.7588462829589844 0.02119746574988732 0.021380497859074518
0 0.37197083693284255 0.09465282696944016 0.02314105400672326 0.023220263994657077
0 0.9359208620511569 0.7432739551250751 0.02696961622971755 0.026998519897460938
0 0.0698325358904325 0.044014343848595254 0.017611980438232422 0.017539125222426195
0 0.31716368748591495 0.6347188215989333 0.016956255986140326 0.016969680786132812
0 0.8416535304142878 0.34016172702495867 0.017535576453575723 0.017563893244816706
0 0.12900935686551607 0.3908995114839994 0.01691924608670748 0.016618728637695312
0 0.4412398705115685 0.09388118523817796 0.01935269282414363 0.019604976360614482
0 0.17593820278461164 0.8290596008300781 0.020216941833496094 0.01993736853966346
0 0.8652634987464318 0.664454460144043 0.016539647028996393 0.016496658325195312
0 0.8583412170410156 0.984872084397536 0.02830329308143029 0.026251572829026442
0 0.3858500260573167 0.07993134168478158 0.019769815298227165 0.019774730388934795
0 0.2314170874082125 0.3187841268686148 0.02024247096135066 0.020238436185396634
0 0.27260149442232573 0.9232476307795598 0.017045094416691706 0.017119481013371393
0 0.10097584357628456 0.6054667692918044 0.015696892371544473 0.015658451960637018
0 0.3298037602351262 0.4834237832289476 0.015443215003380409 0.015309847318209134
0 0.043229249807504505 0.8644319681020883 0.01257024361537053 0.017238616943359375
0 0.45007955110990083 0.07857953585111178 0.017730566171499398 0.017798808904794548
0 0.8968188212468073 0.26021698805002064 0.015429129967322716 0.015521636376014123
0 0.4767951965332031 0.9151676618135892 0.014677634605994591 0.014791048490084134
0 0.09397728626544659 0.3690042495727539 0.017531908475435697 0.017599839430588942
0 0.1000222426194411 0.079192565037654 0.015892432286189154 0.015969345202812783
0 0.8531445723313552 0.8674334012545072 0.015326866736778846 0.015100332406850962
0 0.2523033435528095 0.2880587577819824 0.014951045696551982 0.014872110806978665
0 0.46574101081261265 0.19759812721839318 0.015287986168494591 0.015257762028620793
0 0.2560413617354173 0.30453399511484 0.016341979687030498 0.016446627103365384
0 0.45851920201228213 0.06364392317258395 0.018015347994290866 0.018225578161386344
0 0.9557209748488206 0.18618070162259615 0.014835944542518029 0.014858612647423377
0 0.9389286041259766 0.7560151907113882 0.016589531531700723 0.016114161564753607
0 0.1577310928931603 0.036264270544052124 0.015254790966327373 0.015083445952488827
0 0.20699634918799767 0.3518502162053035 0.01583092029278095 0.015788445105919473
0 0.3080917505117563 0.43402099609375 0.015430743877704326 0.015639378474308893
0 0.8772781078632061 0.319791316986084 0.014354412372295674 0.01453847151536208
0 0.8510814079871545 0.612172530247615 0.013748902540940505 0.014011603135329027
0 0.5613812666672927 0.245787473825308 0.014020919799804688 0.014074398921086239
0 0.45713263291579026 0.9822681133563702 0.02111060802753155 0.02123862046461839
0 0.6463052309476413 0.7120587275578425 0.015211838942307692 0.015128649198091947
0 0.35942715864915115 0.7287929241473858 0.014671252324030949 0.014567888700045072
0 0.09059271445641151 0.8687213017390325 0.013934447215153621 0.014053931603064904
0 0.8077203310452975 0.5873281772320087 0.014011089618389424 0.013929513784555288
0 0.055114998267247126 0.38950479947603667 0.015083780655494103 0.014886709359975962
0 0.662715324988732 0.022228463337971613 0.014634499183067909 0.014605389191554142
0 0.5365346028254583 0.08938736181992751 0.014141229482797476 0.014286187978891226
0 0.7592265789325421 0.7595109205979568 0.016512357271634616 0.01628274184006911
0 0.955563471867488 0.9928023998553936 0.01385498046875 0.012023045466496395
0 0.1485307400043194 0.6995449066162109 0.014437675476074219 0.014364095834585337
0 0.1298999419579139 0.1703670575068547 0.013608712416428786 0.013787306272066556
0 0.13302839719332182 0.4701532950768104 0.015183742229755107 0.01514889643742488
0 0.210966000190148 0.5410349185650165 0.013527870178222656 0.013702172499436598
0 0.4751695486215445 0.21921693361722505 0.014606035672701322 0.014481837932880107
0 0.24736659343426043 0.3498700582064115 0.014417134798490085 0.014439729543832632
0 0.46780696282019985 0.05078740761830257 0.015871414771446817 0.015869901730464056
0 0.0400165319442749 0.43124125554011417 0.010825707362248348 0.014730013333834134
0 0.03733964149768536 0.11083384660574105 0.00948936205643874 0.015103706946739784
0 0.17395419340867263 0.7931875815758338 0.013787489670973558 0.013782207782451924
0 0.9269335086529071 0.5931612895085261 0.013641357421875 0.013637616084172176
0 0.2664013092334454 0.2930719302250789 0.013977380899282603 0.014231388385479268
0 0.24514902555025542 0.18056950202355018 0.01406097412109375 0.014316705557016226
