0 0.5646291879507211 0.6500193522526667 0.05179727994478666 0.05143106900728666
0 0.23961257934570312 0.5333890181321365 0.0368192379291241 0.036692105806790866
0 0.5049811143141526 0.06502782381497897 0.034514353825495794 0.034394099162175104
0 0.7373658693753756 0.2239066637479342 0.030320094181941107 0.030441834376408503
0 0.5165774272038386 0.6494403985830454 0.051923164954552285 0.0525970458984375
0 0.46410468908456654 0.11319874800168551 0.018707128671499398 0.018763908973106973
0 0.5363203929020808 0.08948478331932655 0.019589790931114785 0.01973104476928711
0 0.248459870998676 0.7294558745164138 0.01661197955791767 0.016707493708683893
0 0.7120088430551382 0.909019030057467 0.028736407940204326 0.029254619891826924
0 0.5686268439659705 0.6108815853412335 0.026100892287034255 0.026313194861778848
0 0.19004719073955828 0.5920239595266489 0.021184517787053034 0.021254246051494893
0 0.21867036819458008 0.13232408120081976 0.022120035611666165 0.022028336158165567
0 0.4168521440946139 0.11199223078214206 0.01819786658653846 0.01822321231548603
0 0.6560971186711237 0.027948475801027738 0.01654786330003005 0.01648094103886531
0 0.33301485501802885 0.7352532606858474 0.01696351858285757 0.017455467810997598
0 0.1766503407404973 0.9377344571627103 0.13158460763784555 0.12326900775615986
0 0.5521733210637019 0.11201322078704834 0.02211937537560096 0.02229138521047739
0 0.5071415534386268 0.9801424466646634 0.027727787311260518 0.02788998530461238
0 0.566071290236253 0.27353780086223894 0.035274358896108776 0.03545456666212816
0 0.44266154215886044 0.7817723200871394 0.0179292972271259 0.017848088191105768
0 0.5068441537710336 0.5233380977924054 0.015882198627178486 0.01635632148155799
0 0.8084842975323017 0.27017857478215146 0.014347076416015625 0.014171086824857272
0 0.4606578533466046 0.3333258628845215 0.06064268258901743 0.06226202157827524
0 0.5652914780836839 0.9505556546724759 0.031235181368314303 0.03168326157789964
0 0.6077629236074594 0.720751689030574 0.03015899658203125 0.030359414907602165
0 0.67272215623122 0.53662109375 0.17288310711200422 0.17330096318171576
0 0.4540464694683368 0.8284083146315354 0.016353460458608773 0.016286116379957933
0 0.3582228147066556 0.6018726642315204 0.027439630948580228 0.02721405029296875
0 0.2432234287261963 0.04909583696952233 0.015041754795954777 0.015195452249967135
0 0.4690958536588229 0.560077007000263 0.04844518808218149 0.048202881446251504
0 0.4740928136385404 0.16306308599618766 0.019983438345102165 0.019907080210172214
0 0.2580977953397311 0.37879246931809646 0.03383093613844652 0.03356610811673678
0 0.43721954639141375 0.1537947838123028 0.01954518831693209 0.019454039060152493
0 0.802319600031926 0.6132907867431641 0.014660175030048076 0.014406937819260817
0 0.2934142993046687 0.8975589458759015 0.060183231647198014 0.06149585430438702
0 0.3549181131216196 0.4329829216003418 0.015949836144080527 0.01607051262488732
0 0.5832047095665565 0.3245285474337064 0.06104616018442007 0.060655960669884317
0 0.2883300414452186 0.8153266906738281 0.015007422520564152 0.015418126032902645
0 0.28940314512986404 0.9662643579336313 0.01845073699951172 0.01831216078538161
0 0.5185344402606671 0.791250962477464 0.018948775071364183 0.018959925724909857
0 0.4692423893855168 0.33434376349815953 0.07759505051832932 0.07628836998572716
0 0.6400483938363882 0.7380026303804837 0.03601837158203125 0.034687188955453724
