0 0.9262861105111929 0.21312974049494818 0.06554999718299279 0.0656284919151893
0 0.24627938637366661 0.4582204451927772 0.045665594247671276 0.045438326322115384
0 0.4867386451134315 0.9522428512573242 0.04700257227971004 0.04708158052884615
0 0.6079078087439904 0.7684437678410456 0.0288546635554387 0.028865227332481973
0 0.17792499982393706 0.9006098233736478 0.029328639690692607 0.02909704355093149
0 0.8737123929537259 0.9862726651705228 0.02524390587439904 0.024149381197415866
0 0.760708735539363 0.09596477105067326 0.031343313363882214 0.03154800488398625
0 0.5824097486642691 0.108550658592811 0.02129958226130559 0.021405385090754583
0 0.8281469345092773 0.9145850401658279 0.02400339566744291 0.02432837853064904
0 0.45213534281804013 0.9655646544236404 0.047516162578876205 0.047247079702524036
0 0.32104286780724156 0.3774053133451022 0.019600574786846455 0.01965786860539363
0 0.12117670132563664 0.11383327154012826 0.02189482175386869 0.021922771747295674
0 0.8325572380652795 0.9427226873544546 0.021014286921574518 0.021113469050480768
0 0.7649662311260517 0.8614239325890174 0.022293677696814902 0.022324782151442308
0 0.8848094940185547 0.8963274588951697 0.01797030522273137 0.01817013667179988
0 0.33106547135573167 0.8220649132361779 0.018348106971153848 0.01824320279634916
0 0.23624480687654936 0.5324727571927584 0.017453487102801982 0.017323127159705527
0 0.19446857158954328 0.5234204072218674 0.01760710202730619 0.01766058114858774
0 0.7495689392089844 0.4422916999230018 0.017461630014272835 0.017318358788123496
0 0.941260998065655 0.7434864044189453 0.017336918757512018 0.017251234788161058
0 0.36211387927715594 0.838330342219426 0.019386731661283053 0.019484593318058893
0 0.34369820814866286 0.1013264380968534 0.02556162614088792 0.025833826798659105
0 0.7357883453369141 0.8468848008375901 0.01894349318284255 0.01895728478064904
0 0.35954886216383714 0.2398525751554049 0.017814489511343148 0.017932708446796123
0 0.7427855271559495 0.053714862236609824 0.016871819129356973 0.016643597529484674
0 0.1359909589474018 0.6910692361684946 0.015949175908015326 0.01602627680851863
0 0.05754181054922251 0.06343567829865676 0.017112548534686748 0.017171254524817832
0 0.16612680141742414 0.46308444096491885 0.015328333928034855 0.015221742483285757
0 0.561922733600323 0.04722033097193791 0.026085633497971755 0.025576022955087516
0 0.823969474205604 0.04524861849271334 0.028182396521935098 0.02799060711493859
0 0.371523013481727 0.22673746255727914 0.01654353508582482 0.0167543704693134
0 0.36145731119009167 0.26406383514404297 0.015145228459284855 0.015172591576209435
0 0.20438076899601862 0.41957422403188854 0.015300347254826473 0.0151979006253756
0 0.5659997646625226 0.026667191432072565 0.017852783203125 0.018113896250724792
0 0.9185120509221003 0.993918198805589 0.020304166353665866 0.010948768028846154
0 0.5308429277860202 0.841488764836238 0.01655740004319411 0.016403638399564303
0 0.6051450876089243 0.17162297322199896 0.019986592806302585 0.019914847153883714
0 0.16375112533569336 0.17919709132267878 0.018174391526442308 0.0180966303898738
0 0.8810176849365234 0.9239344963660607 0.015326279860276442 0.0151673830472506
0 0.4232386809128981 0.6033650911771334 0.018213272094726562 0.01787845905010517
0 0.37104390217707706 0.855735338651217 0.016535098736102764 0.016760752751277044
0 0.8387518662672776 0.07620722513932449 0.029143700232872598 0.0293277226961576
0 0.8064583998460036 0.9376690204326923 0.014536344088040866 0.014534876896784855
0 0.8184635455791767 0.7912424527681791 0.014439216026893029 0.014687904944786659
0 0.7127569638765775 0.1620185375213623 0.019371913029597357 0.019379652463472806
0 0.7107141934908353 0.9552643115703876 0.014781365027794471 0.014860593355618991
0 0.3612318772536058 0.018099302282700173 0.014645796555739183 0.014695967619235698
0 0.5561422201303335 0.04017585057478685 0.019871638371394232 0.018759468427071206
0 0.11424789978907658 0.09696542299710788 0.013650600726787861 0.013756311856783353
0 0.25034985175499547 0.05135103830924401 0.01362301753117488 0.014036288628211388
0 0.6797279211191031 0.3411985910855807 0.013926139244666466 0.014018572293795072
0 0.12194050275362454 0.7246172978327825 0.015855440726647012 0.016170795147235576
0 0.9548364786001352 0.11320683589348426 0.013750663170447716 0.013517544819758488
