0 0.732953144953801 0.39793113561776966 0.2115196814903846 0.21298885345458984
0 0.5644596173213079 0.54741698044997 0.12724619645338792 0.1267099380493164
0 0.6486659416785607 0.3140075390155499 0.09769120583167443 0.09912375303415152
0 0.494207712320181 0.2829762238722581 0.06859610630915715 0.06809205275315505
0 0.2139581350179819 0.3642686697152945 0.11544898840097281 0.11622837873605582
0 0.5689586492685171 0.047979143949655384 0.08721402975229117 0.08672787592961238
0 0.9481868010300857 0.6020304606511042 0.03615438021146334 0.03696309603177584
0 0.36334587977482724 0.44473970853365385 0.04760962266188402 0.04754447937011719
0 0.3715328803429237 0.8719315895667443 0.03841268099271334 0.038181451650766224
0 0.5901828178992639 0.3865879498995267 0.06597694983849159 0.06584563622107872
0 0.5356038166926458 0.44368663200965297 0.06308064093956581 0.06319090036245492
0 0.39579325455885667 0.28871970910292405 0.12095157916729267 0.12315871165348934
0 0.3452888268690843 0.682494016794058 0.07526405041034405 0.07597277714655949
0 0.1059102278489333 0.5290466455312876 0.05232576223520132 0.05224286592923678
0 0.5071213061992939 0.3334415875948392 0.050774794358473554 0.05169523679293119
0 0.22743927515470064 0.9697921459491436 0.034530382889967695 0.03434254572941707
0 0.7391686806311975 0.8491172790527344 0.2228876260610727 0.2279519301194411
0 0.7314498607928936 0.5199905542226938 0.03321691659780649 0.033585695120004505
0 0.12560164011441743 0.46225114969106823 0.024828470670259915 0.02459115248460036
0 0.22080733225895807 0.2216343329502986 0.0869436264038086 0.08665323257446289
0 0.4597772451547476 0.5079045662513146 0.02696565481332632 0.027211409348707933
0 0.674346190232497 0.9837402197030874 0.03106073232797476 0.029635502741887018
0 0.32386086537287784 0.38400899446927583 0.0462958262516902 0.04650159982534555
0 0.2203372441805326 0.8967472223135141 0.027686339158278245 0.027737984290489785
0 0.26786474081186146 0.586792175586407 0.02750235337477464 0.02776923546424279
0 0.7313907329852765 0.19849439767690805 0.03292641272911659 0.032923111548790567
0 0.9315738677978516 0.4459538092980018 0.03972156231219952 0.040284963754507214
0 0.8999641858614408 0.9455987490140475 0.02832823533278245 0.028317671555739183
0 0.5577631730299729 0.3580621572641226 0.036543626051682696 0.03668491656963642
0 0.17435321441063514 0.26163611045250523 0.024576370532696065 0.024463873643141527
0 0.7167673844557542 0.22379134251521185 0.017582820012019232 0.017220203693096455
0 0.14174198187314546 0.7488982127262995 0.03426318902235765 0.03415533212515024
0 0.43848316486065203 0.6080234967745267 0.020703535813551683 0.020516322209284857
0 0.5635727735666128 0.6171499399038461 0.021024630619929388 0.02094125747680664
0 0.42402289463923526 0.4568484012897198 0.025052437415489785 0.024975409874549277
0 0.0819943042901846 0.8262381920447717 0.02689363406254695 0.026737213134765625
0 0.29193819486177885 0.8169728792630709 0.03189703134390024 0.032102731557992786
0 0.17684503702016977 0.9641073667086087 0.02429954822246845 0.02431355989896334
0 0.08744464470789982 0.9355358710655799 0.020888255192683294 0.020926548884465143
0 0.1747750318967379 0.5137242904076209 0.019656548133263223 0.019711934603177585
0 0.7102464529184195 0.5509622280414288 0.026815120990459736 0.027005709134615384
0 0.6768079904409555 0.06564075213212234 0.023674891545222357 0.02348630244915302
0 0.8833412757286658 0.5331967427180364 0.10268284724308895 0.10473280686598557
0 0.4024081596961388 0.7056614802433894 0.019720737750713643 0.019746927114633415
0 0.2357006439795861 0.7217862055851862 0.021957837618314303 0.022072718693659857
0 0.16164946556091309 0.9773272000826322 0.019393407381497897 0.019659042358398438
0 0.5438215549175556 0.7096223831176758 0.017621187063363884 0.01752295860877404
0 0.07384888025430533 0.29117602568406326 0.016846198302048903 0.01653597905085637
0 0.4804433309114896 0.22791855151836687 0.02219229478102464 0.022138082064115085
0 0.7378971393291767 0.13227859827188346 0.04379712618314303 0.04437066958500789
0 0.8269782433143029 0.7160684145413913 0.019070551945612982 0.018860450157752402
0 0.24283001973078802 0.5227558062626765 0.018834627591646634 0.01889485579270583
0 0.6594676971435547 0.11890729574056771 0.01707766606257512 0.01683246172391451
0 0.0779252419104943 0.750119135929988 0.035009145736694336 0.034956711989182696
0 0.0630328838641827 0.7851894818819486 0.044038277405958906 0.04405373793381911
0 0.9078543736384466 0.4241810211768517 0.028461456298828125 0.028572889474722054
0 0.44675394204946667 0.3537002343397874 0.01800991938664363 0.017862319946289062
0 0.6716660719651443 0.8402795058030349 0.017329582801231973 0.017383868877704326
0 0.44168663024902344 0.47631381108210635 0.018230438232421875 0.018227210411658652
0 0.3229475754957933 0.545004257789025 0.01805730966421274 0.018045572134164665
0 0.292753476362962 0.21581338002131537 0.03330172025240385 0.032629893376277044
0 0.7223133674034705 0.7461891174316406 0.038687485914963946 0.038505847637469955
0 0.3160570584810697 0.8655425585233248 0.02179886744572566 0.021838261530949518
0 0.7025728959303635 0.40325172130878156 0.01865548353928786 0.0186465336726262
0 0.3449169672452487 0.8307669712946966 0.021083318270169772 0.020979954646183893
0 0.7327180275550256 0.4336669628436749 0.018035448514498197 0.018056576068584736
0 0.42853524134709287 0.7998808347261869 0.03169455895057091 0.03154607919546274
0 0.0983893687908466 0.15745705824631911 0.018063141749455378 0.01789554265829233
0 0.14373748119060809 0.694883786714994 0.017534586099477913 0.017427884615384616
0 0.20878439683180589 0.40401297349196214 0.03461588346041166 0.03477331308218149
0 0.5573850778432993 0.9071587049044095 0.025062414316030648 0.025366709782527044
0 0.6066354971665603 0.6162740267240084 0.020764644329364482 0.02099022498497596
0 0.6375629718487079 0.6624933389516977 0.030166039100060098 0.03005805382361779
0 0.7764060680682843 0.24034283711360052 0.03904166588416466 0.03867501478928786
0 0.7736652080829327 0.026572658465458796 0.027327610896183893 0.0273213111437284
0 0.30513429641723633 0.6400778843806341 0.029108047485351562 0.028979961688701924
0 0.7829187833345853 0.7744424526508038 0.05853594266451322 0.058443656334510215
0 0.5181660652160645 0.731741685133714 0.016802200904259317 0.01705785898061899
0 0.2350954275864821 0.7478223947378305 0.03240269881028395 0.03162296001727764
0 0.10771986154409555 0.8142644442044772 0.023081119243915264 0.023028447077824518
0 0.7020576917208158 0.6563193981464093 0.019202599158653848 0.01897283700796274
0 0.5549296965965858 0.9218905522273138 0.02235251206618089 0.022334759051983174
0 0.2708841103773851 0.2299952873816857 0.017354745131272536 0.01728531030508188
0 0.33562480486356294 0.882937137897198 0.021492371192345254 0.021633294912484977
0 0.6809032146747296 0.6622845576359675 0.020494607778695915 0.020441788893479567
0 0.26173035915081316 0.4286250334519606 0.016599618471585788 0.016832938561072715
0 0.6809646899883564 0.6383047837477464 0.019874132596529447 0.020011314978966348
0 0.04359501141768236 0.5225053933950571 0.020612370509367723 0.0215456302349384
0 0.45824362681462216 0.835532701932467 0.015957758976862982 0.01600016080416166
0 0.39520971591656023 0.16930004266592172 0.026708529545710638 0.02674693327683669
0 0.20727230952336237 0.6696021006657527 0.022731927724984977 0.022802352905273438
0 0.6344064565805289 0.4869967240553636 0.0688473994915302 0.06864870511568509
0 0.7101246760441706 0.7284685281606821 0.022067876962515023 0.021962385911207933
0 0.06427297225365272 0.42823046904343826 0.01742691260117751 0.017526773306039665
0 0.39936249072735125 0.7300170018122747 0.04278432405911959 0.04280559833233173
0 0.113136153954726 0.4143375983605018 0.017531449978168193 0.017762110783503607
0 0.427036138681265 0.3394155502319336 0.01531527592585637 0.015458327073317308
0 0.27620590650118315 0.19345378875732422 0.03813615212073693 0.038146679217998795
0 0.20970729681161734 0.42920600450955904 0.016709107619065505 0.01677857912503756
0 0.09538351572476901 0.787792866046612 0.0378765372129587 0.03750008803147536
0 0.953788317166842 0.36574429732102615 0.024433722862830527 0.02459085904634916
0 0.5176138877868652 0.2256301733163687 0.01665504162128155 0.01670969449556791
0 0.34506966517521787 0.5815083430363581 0.01932804401104267 0.019333619337815505
0 0.3865301792438214 0.5694949810321515 0.015621185302734375 0.015871708209698018
0 0.4671444526085487 0.10107614443852352 0.06691492520845853 0.06807330479988685
0 0.6289872389573318 0.7099508872398963 0.015910808856670674 0.016019527728740986
0 0.057242434758406416 0.9461790231557993 0.016030229054964505 0.015949836144080527
0 0.2868605393629808 0.8643289712759165 0.016190565549410306 0.016271444467397835
0 0.07836339106926551 0.8781050168550931 0.017779075182401217 0.017764458289513223
0 0.8034985615656927 0.1337846700961773 0.01618047860952524 0.01627801014826848
0 0.5750715549175556 0.8875603309044471 0.017738782442533053 0.017808180588942308
0 0.4612134786752554 0.6898460388183594 0.018859276404747598 0.018887739915114183
0 0.7529525756835938 0.090859605715825 0.03581531231219952 0.03520806019122784
0 0.23775383142324594 0.9116095029390775 0.016706393315241888 0.016779532799353965
0 0.08848177469693698 0.31160486661470854 0.015356834118182842 0.015289306640625
0 0.6962306682880108 0.5042988703801081 0.015920052161583535 0.01600470909705529
0 0.4695411828848032 0.4076072986309345 0.021219913776104268 0.02127412649301382
0 0.16116013893714318 0.2919868322519156 0.015162990643427922 0.015196433434119591
0 0.8139448899489182 0.7478231283334585 0.02041009756234976 0.020427703857421875
0 0.5289918459378756 0.11120282686673678 0.01715572063739483 0.01694778295663687
0 0.735041985144982 0.1575627326965332 0.03143868079552284 0.03131950818575346
0 0.9401650061974158 0.6258200131929837 0.015157259427584134 0.015222989595853366
0 0.854582273043119 0.18587519572331354 0.022335932804987982 0.022225306584284857
0 0.16369067705594575 0.24396729469299316 0.021858517940227803 0.02184739479651818
0 0.05390880199579092 0.9257815434382513 0.0182417264351478 0.018328446608323317
0 0.42148538736196667 0.7766544635479267 0.016074253962590143 0.0159915043757512
0 0.5525908836951623 0.47671024615948016 0.04982266059288612 0.049800872802734375
0 0.5358599516061636 0.33131914872389573 0.013756531935471755 0.013905011690579928
0 0.4598424984858586 0.8718024033766526 0.016269977276141826 0.0160214350773738
0 0.9112061720628005 0.830500969519982 0.025604248046875 0.025851616492638223
0 0.569696463071383 0.6681688748873197 0.020035670353816107 0.02019324669471154
0 0.6999011406531701 0.9652657142052283 0.033290863037109375 0.033822279710036054
0 0.22778685276324934 0.5596520717327411 0.014741127307598408 0.014903508699857272
0 0.6981647198016827 0.8643608093261719 0.0218048095703125 0.02208122840294471
0 0.13563118531153753 0.3397179383497972 0.01595867597139799 0.01585865020751953
0 0.4596136166499211 0.4840849362886869 0.018279075622558594 0.018030460064227764
0 0.3993774193983812 0.08387307020334098 0.017893644479604866 0.017793907569004938
0 0.19996351462144119 0.7717139170720027 0.01876178154578576 0.019079061654897835
0 0.6561978413508489 0.1650994190802941 0.016539940467247598 0.016497685359074518
0 0.5314736366271973 0.9215302100548377 0.015691830561711237 0.015538435715895433
0 0.13112376286433294 0.984036372258113 0.015543167407696065 0.015965388371394232
0 0.1976157701932467 0.36575948275052583 0.029370674720177285 0.030199197622445915
0 0.5884810961209811 0.8971299391526443 0.015805611243614785 0.01593927236703726
0 0.11028682268582858 0.7458355243389423 0.03187348292424129 0.03185330904447115
0 0.7478348658635066 0.6822963127723107 0.021340590256911058 0.021654569185697116
0 0.6704725118783804 0.38522947751558745 0.019802680382361777 0.02008848923903245
0 0.5145317957951472 0.40485169337346005 0.02474080599271334 0.02504598177396334
0 0.12563612827887902 0.7175507178673377 0.023072352776160605 0.023352989783653848
0 0.7333191358126127 0.5678343406090369 0.021327092097355768 0.021515626173753005
0 0.2736782660851112 0.9887486971341647 0.0154876708984375 0.015020370483398438
0 0.18826007843017578 0.7424310537484976 0.05950296842134916 0.058336111215444714
0 0.2515534804417537 0.29830312728881836 0.021547317504882812 0.021530664884127103
0 0.2605507740607628 0.44501227598923904 0.01583994351900541 0.01580524444580078
0 0.3903190172635592 0.6554728287916917 0.02123568608210637 0.0215756342961238
0 0.19051456451416016 0.752782234778771 0.03509213374211238 0.03341234647310697
0 0.756622314453125 0.014264122797892643 0.025834010197566107 0.0256385482274569
0 0.22669522578899676 0.6980127187875601 0.014653535989614634 0.014779604398287259
0 0.3978480559128981 0.8100088559664212 0.03080015916090745 0.030718289888822116
0 0.40881688778217024 0.19954842787522536 0.03327633784367488 0.033176348759577826
0 0.14063376646775466 0.8676887658926157 0.018161461903498724 0.01781595670259916
0 0.23726732914264387 0.5695277360769418 0.01590270262498122 0.01578242962176983
0 0.26875835198622483 0.16626499249384954 0.03166664563692533 0.03208743608914889
0 0.7638772817758414 0.9919231854952298 0.05330745990459736 0.01559756352351262
0 0.40313984797551083 0.7893468416654147 0.025809067946213942 0.025997455303485576
0 0.8857100560114934 0.21308324887202337 0.014469440166766826 0.014607062706580529
0 0.6374086233285757 0.018038690090179443 0.016376495361328125 0.01636086977445162
0 0.0421022864488455 0.8740899012638972 0.024590391379136305 0.03309983473557692
0 0.14270013112288255 0.7811426016000601 0.01820054421058068 0.018530919001652643
0 0.6048758213336651 0.2124951069171612 0.021411382235013522 0.02163549569936899
0 0.6402055300199069 0.9524668180025541 0.014606182391826924 0.014711673443134014
0 0.5282729955819937 0.6057934394249549 0.04653241084172176 0.04675483703613281
0 0.7517926142765925 0.6413161938007061 0.019492369431715745 0.01947916471041166
0 0.7805511768047626 0.10951346617478591 0.014495556171123799 0.014667657705453726
0 0.12381630677443284 0.045840758543748125 0.04160756331223708 0.04203121478740986
0 0.3073084354400635 0.8758936661940354 0.028424593118520882 0.027246621938852165
0 0.6297318385197566 0.07610866656670204 0.013675689697265625 0.013815641403198242
0 0.5628358033987192 0.8295537508451022 0.02180180182823768 0.02199701162484976
0 0.5313357573289138 0.6670995858999399 0.025458555955153245 0.025810828575721152
0 0.3649144539466271 0.18274375108572152 0.035647025475135215 0.03619685539832482
0 0.07008593816023606 0.5549884209266076 0.04139507733858549 0.0410156983595628
0 0.3546952467698317 0.7602687248816857 0.014616746168870192 0.014614105224609375
0 0.4663499685434195 0.9175471525925857 0.018225449782151442 0.0185086176945613
0 0.2553614836472731 0.5412463775047889 0.013736944932204027 0.013828497666579027
0 0.7119633601262019 0.38219019082876354 0.02630439171424279 0.02601007314828726
0 0.16730866065392128 0.7929314099825345 0.01442105953509991 0.014613665067232572
0 0.3711582330557016 0.7120458896343524 0.024676983173076924 0.025378300593449518
0 0.6297812095055213 0.6883782606858474 0.01732180668757512 0.017031449538010817
0 0.44846505385178786 0.7602905126718374 0.017694619985727165 0.017944482656625602
0 0.8488051341130183 0.595582155080942 0.03946993901179387 0.03830249492938702
0 0.24626706196711615 0.48337474236121547 0.013945286090557393 0.014068016639122596
0 0.7069911956787109 0.08590608376723069 0.01463024432842548 0.014554445560161885
0 0.0455479071690486 0.7508985079251803 0.02344191762117239 0.024130894587590143
0 0.6607565513023963 0.150383133154649 0.016147466806265023 0.01637732065640963
0 0.5622240946843073 0.17335425890409029 0.014020553001990685 0.013809937697190505
0 0.7593399928166316 0.3934544049776517 0.014444791353665866 0.014682182898888221
0 0.8083869493924655 0.9594789651724008 0.01809384272648738 0.018096043513371393
0 0.7341163341815655 0.8587273817795974 0.041487473707932696 0.04009305513822115
0 0.7232239062969501 0.8578202174260066 0.023135845477764424 0.023965982290414665
0 0.11951680366809551 0.957659648014949 0.014270929189828726 0.01408855731670673
0 0.7906435452974759 0.868810433607835 0.07366371154785156 0.07512664794921875
0 0.12284480608426608 0.7661694013155423 0.016810197096604567 0.016732289240910456
0 0.8472480040330154 0.2138965680049016 0.016169181236853965 0.01630680377666767
0 0.6519627204308143 0.9751794521625226 0.017755655141977165 0.01759162315955529
0 0.2827861492450421 0.44290762681227464 0.016552044795109674 0.016167567326472357
0 0.46625636174128604 0.5978485620938815 0.013628152700570913 0.013926285963792067
0 0.10346682255084698 0.45998455927922177 0.017993780282827523 0.01800955258882963
0 0.45937248376699596 0.8574017744797927 0.01665922311636118 0.016577794001652643
0 0.37311557623056263 0.29309250758244443 0.013660210829514723 0.013419151306152344
0 0.44248441549447864 0.7652985499455378 0.029553780188927285 0.029495385976938102
0 0.5893420439500076 0.8790983053354117 0.015156892629770132 0.014906076284555288
0 0.47197716052715594 0.5278417147122897 0.016338054950420674 0.016005516052246094
0 0.15012079018812913 0.7117621348454402 0.01968064674964318 0.019219471858097956
0 0.5080815095167893 0.708138319162222 0.020191339346078727 0.020031562218299277
0 0.23743211306058443 0.3865197988656851 0.01590582040640024 0.016082176795372598
0 0.6455006232628455 0.8140860337477464 0.11420880831204928 0.11144682077261117
0 0.21233951128446138 0.611244641817533 0.02402522013737605 0.023917271540715143
0 0.5668794925396259 0.7253192021296575 0.019677088810847357 0.020235208364633415
