0 0.5960037158085749 0.11556847278888409 0.04911063267634465 0.0492708132817195
0 0.6298536153940054 0.5835896271925706 0.06440280033991887 0.06354889502892128
0 0.9123334151047927 0.7472710242638221 0.05153949444110577 0.051873427170973554
0 0.9566128804133489 0.7148521129901593 0.023585686316856973 0.02364965585561899
0 0.9374512892503005 0.13195397303654596 0.04349649869478666 0.04344303791339581
0 0.1726229007427509 0.16457645709698016 0.021740033076359674 0.02173438439002404
0 0.6631233508770282 0.5349778395432693 0.024425213153545674 0.024315027090219352
0 0.05605895702655499 0.5458343212421124 0.02617469200721154 0.026365280151367188
0 0.43149383251483625 0.11930272212395301 0.022133607130784255 0.021933537263136644
0 0.9229244085458609 0.8602799635667068 0.02763982919546274 0.02735108595628005
0 0.3189221162062425 0.4049869684072641 0.038363988582904525 0.03888291579026442
0 0.7494626412024865 0.4489583602318397 0.02834158677321214 0.02843614724966196
0 0.04613433434413029 0.1962433961721567 0.02737701856173002 0.027374854454627402
0 0.4420150610116812 0.8793593186598557 0.06382223275991586 0.06325237567608173
0 0.6495314378004807 0.9529548058143029 0.02513269277719351 0.025066229013296273
0 0.9906154779287485 0.6105144574091985 0.01718301039475661 0.017928123474121094
0 0.9460921654334435 0.7738622518686148 0.025135920597956732 0.024906158447265625
0 0.1511982404268705 0.7404610560490534 0.01867334659282978 0.018761268028846152
0 0.875827642587515 0.3465740130497859 0.025370964637169473 0.025046275212214544
0 0.9241775365976187 0.884238023024339 0.019511296198918268 0.019499852107121393
0 0.6669113452617939 0.5114140877356896 0.01778558584359976 0.01763182419996995
0 0.0618288333599384 0.0374030012350816 0.01665051166827862 0.016939557515657865
0 0.5694620059086726 0.13429136459644025 0.023583705608661357 0.023935904869666465
0 0.684141966012808 0.012433888820501475 0.024016160231370192 0.022306813643528864
0 0.967259040245643 0.9548140305739182 0.023028740516075723 0.022801619309645433
0 0.3430362848135141 0.04096400737762451 0.016387792733999398 0.016356193102323092
0 0.525788453909067 0.22982593683096078 0.015470578120304989 0.015543644244854268
0 0.5774646905752329 0.2530847879556509 0.021357316237229567 0.021488226377047025
0 0.5850036327655499 0.08507268245403583 0.01780553964468149 0.01769025967671321
0 0.5156271274273212 0.8892791454608624 0.015697332528921273 0.015672830434945915
0 0.9350654161893405 0.8384838837843674 0.015284024752103366 0.01542355464054988
0 0.4639319639939528 0.08489042062025803 0.01682618948129507 0.01688381341787485
0 0.15841940733102652 0.4017106569730319 0.04235513393695538 0.04272299546461839
0 0.2715290326338548 0.4797816643348107 0.016174866602971003 0.016268803523137018
0 0.37993093637319714 0.16388427294217622 0.016770142775315505 0.01644596686730018
0 0.19575063998882586 0.2847253909477821 0.01645198235144982 0.016195994157057542
0 0.9138675102820764 0.5906570874727689 0.019580547626201924 0.019719343919020433
0 0.4851435881394606 0.5628514656653771 0.09989415682279147 0.10268563490647536
0 0.9675664168137771 0.8438254136305589 0.060563307542067304 0.08903268667367789
0 0.9887217008150541 0.3783307442298302 0.019862835223858174 0.02801968501164363
0 0.6380870525653546 0.6573991775512695 0.01616037808931791 0.01602906447190505
0 0.07896857995253342 0.6144022941589355 0.01511975435110239 0.015172444857083835
0 0.40443933927095854 0.4226211401132437 0.0170590327336238 0.017282412602351263
0 0.882298102745643 0.6886461698091947 0.01439666748046875 0.014143430269681491
0 0.787354616018442 0.7582375453068659 0.01542355464054988 0.015472998985877404
0 0.8499623812161959 0.7845211762648362 0.015785364004281852 0.015846692598783053
0 0.5815213276789739 0.6419597772451547 0.026962133554311898 0.026749244103064902
0 0.9494730142446665 0.4570147440983699 0.0389867929311899 0.039335397573617786
0 0.9224788225614108 0.6153611403245193 0.028618885920597956 0.028786145723783053
0 0.5777941116919885 0.8981392200176532 0.028231033912071817 0.027826455923227165
0 0.8593653165377103 0.339564690223107 0.015203035794771634 0.0156098879300631
0 0.9237775069016677 0.5251146096449631 0.06499217106745793 0.06498432159423828
0 0.38309361384465146 0.08999693393707275 0.015644220205453727 0.016431129895723783
0 0.337314458993765 0.6745234269362229 0.014938647930438701 0.014830662653996395
0 0.8545419252835788 0.31868736560528094 0.027187640850360576 0.026642891076894906
0 0.4280867943396935 0.196261662703294 0.01553799555851863 0.01552427732027494
0 0.9572815528282752 0.7953044451200045 0.06887435913085938 0.07030105590820312
0 0.4152076794550969 0.008542118164209219 0.015978079575758714 0.015188506016364465
0 0.8747263688307542 0.49132317763108474 0.016636188213641826 0.01636681189903846
0 0.2527150740990272 0.30791069911076474 0.020003685584435098 0.020428804250863884
0 0.7357996427095853 0.22365428851200983 0.027896587665264424 0.027744513291579027
0 0.9675177060640775 0.9126657339242789 0.015375284048227163 0.015437786395733174
0 0.6195559134850135 0.0341866108087393 0.06935339707594651 0.06601849886087272
0 0.7512001624474158 0.7396708268385667 0.014957868135892428 0.015018169696514424
0 0.8542647728553185 0.3146957617539626 0.031174292931189902 0.03165721893310547
0 0.9799346190232497 0.6833030994121845 0.0364837646484375 0.04275982196514423
0 0.595002687894381 0.7060708999633789 0.016405399029071514 0.016700011033278245
0 0.6044963689950796 0.8550538283128005 0.03231342022235577 0.03283896813025841
0 0.5279940825242263 0.6787295708289514 0.01840826181265024 0.018399752103365384
0 0.6051125893226037 0.7622529543363131 0.015357531034029447 0.015439840463491587
