0 0.5084615120520959 0.18414750465979943 0.06906524071326622 0.06909693204439603
0 0.3200993904700646 0.7904145901019757 0.06982610775874211 0.06907961918757512
0 0.4405414874737079 0.1733707464658297 0.04509573716383714 0.045135681445782
0 0.6873584160437951 0.4122538933387169 0.041834464439978965 0.04176682692307692
0 0.533446165231558 0.35216302138108474 0.042461541982797474 0.04279650174654447
0 0.3390658451960637 0.862949224618765 0.03747279827411358 0.03764005807729868
0 0.615567133976863 0.5249009132385254 0.03190939243023212 0.03226265540489784
0 0.3715640581571139 0.6808300018310547 0.046724906334510215 0.0457311776968149
0 0.40747994642991286 0.6954747713529147 0.04527605496920072 0.04503162090594952
0 0.41352228017953724 0.5403799277085525 0.027187200692983773 0.027153161855844352
0 0.36687491490290713 0.5785491649921124 0.036950918344350964 0.03695399944598858
0 0.48238567205575794 0.6677946677574744 0.04296530210054838 0.04265095637394832
0 0.6149951494657077 0.08749232842372014 0.028719535240760215 0.028633851271409255
0 0.45944973138662487 0.45477962493896484 0.03426170349121094 0.034372769869290866
0 0.3915519714355469 0.06526421583615817 0.031276702880859375 0.031371520115779
0 0.5291793896601751 0.034605633753996626 0.030785120450533353 0.031033254586733304
0 0.6862879533034104 0.5803285745474008 0.029703873854417067 0.029675850501427285
0 0.4894715455862192 0.7410288590651292 0.03824593470646785 0.03816854036771334
0 0.45038758791410005 0.666567508990948 0.031593029315655045 0.031213026780348558
0 0.5635274373568021 0.6526430570162259 0.02935945070706881 0.028957953819861777
0 0.284970576946552 0.8787572567279522 0.026437025803786058 0.02651845491849459
0 0.32856167279756987 0.40616981799785906 0.021303250239445612 0.021454591017503005
0 0.39957420642559344 0.1980282710148738 0.02209193889911358 0.021780967712402344
0 0.5692619177011343 0.4436356471135066 0.029845384451059196 0.029919917766864482
0 0.2822131010202261 0.5016520206744854 0.029458999633789062 0.029266944298377402
0 0.4736733069786659 0.4211276861337515 0.02403420668381911 0.023821463951697715
0 0.4129127355722281 0.07570399687840389 0.020105655376727764 0.020258591725276068
0 0.490019284761869 0.4582182444058932 0.0355828358576848 0.03563756209153395
0 0.6445950728196365 0.7981681090134841 0.043485788198617786 0.04338000370905949
0 0.48160556646493763 0.014666483952448918 0.02312300755427434 0.022575337153214674
0 0.3890240742610051 0.7860166843120868 0.025587081909179688 0.025806720440204326
0 0.4257709796612079 0.012295000828229465 0.026056436391977165 0.022005484654353216
0 0.511384157034067 0.9681008412287786 0.04937303983248197 0.04895782470703125
0 0.6231865516075721 0.3433680167564979 0.028217572432297926 0.028321339533879206
0 0.37241436884953427 0.359612905062162 0.023552967951847956 0.023712965158315804
0 0.513671508202186 0.6566971265352689 0.025890350341796875 0.025530595045823317
0 0.3851170539855957 0.27553826112013596 0.024344957791841947 0.02431964874267578
0 0.3308905821580153 0.6793965559739333 0.04682454696068397 0.046788582435021035
0 0.7138827397273138 0.4661067082331731 0.02775735121506911 0.02729511260986328
0 0.7035458638117864 0.030210396418204673 0.02247472909780649 0.022653089119837835
0 0.42149213644174427 0.26758861541748047 0.01969425494854267 0.01963013869065505
0 0.4981561807485727 0.4297049595759465 0.01730625446026142 0.017096446110652044
0 0.4392628302940956 0.9790086012620193 0.019817058856670674 0.019730201134314902
0 0.5388639890230619 0.21632084479698768 0.022794796870304987 0.023222629840557393
0 0.6571545234093299 0.5362182397108811 0.022844461294320915 0.022721217228816107
0 0.3650887929476224 0.476163570697491 0.026171097388634317 0.02626191652738131
0 0.3057389259338379 0.5650032483614408 0.028867281400240384 0.028783358060396634
0 0.262540340423584 0.9808528606708233 0.023029400752140924 0.02329283494215745
0 0.6253073765681341 0.05000870502912081 0.020736547616811898 0.02109233232644888
0 0.38381165724534255 0.03706452250480652 0.018967408400315505 0.018860995769500732
0 0.6646483494685247 0.5166616439819336 0.019367364736703727 0.018961686354417067
0 0.32162989102877104 0.7306814193725586 0.06401768097510704 0.06374887319711539
0 0.3663474963261531 0.39612223551823544 0.02602540529691256 0.02588514181283804
0 0.5460462203392615 0.7922264979435847 0.02933524205134465 0.029445354755108174
0 0.43709901662973255 0.4498434800368089 0.018663406372070312 0.01869377723106971
0 0.41320210236769456 0.21293020248413086 0.02508383530836839 0.025377603677602913
0 0.365169488466703 0.19466205743642953 0.02025178762582632 0.0200957518357497
0 0.446138675396259 0.2333348530989427 0.018872554485614482 0.0190125612112192
0 0.5510620337266189 0.5050041125370905 0.02388462653526893 0.024126346294696514
0 0.45125484466552734 0.5455229832575872 0.024312239426832933 0.024506202110877402
0 0.3219517194307767 0.5182865582979642 0.023943387545072116 0.023861224834735576
0 0.4149359189547025 0.2459574846120981 0.02149347158578726 0.021082584674541768
0 0.5011047216562124 0.8065584622896634 0.025269141564002402 0.025045248178335335
0 0.5381141442518967 0.39720399563129133 0.01749904339130108 0.017331049992487982
0 0.2960391961611234 0.6229807780339167 0.022628270662747897 0.022676614614633415
0 0.46784554995023286 0.7216757994431716 0.035866810725285456 0.03651105440579928
0 0.29831915635329026 0.270473443544828 0.052694540757399336 0.0534669435941256
0 0.5418779299809382 0.736550551194411 0.02801337608924279 0.02788514357346755
0 0.5983812625591571 0.6124357076791617 0.019223726712740384 0.018843577458308294
0 0.6312750302828275 0.43372047864473784 0.020226111778846152 0.02035632500281701
0 0.3664545646080604 0.08568999400505653 0.022767140315129206 0.022914042839637168
0 0.5909922673152044 0.47797855964073765 0.021327385535606973 0.021254319411057692
0 0.6642822118905874 0.6423026598416842 0.029815233670748197 0.03041223379281851
0 0.4489749028132512 0.09282908072838417 0.021824176494891826 0.02190094727736253
0 0.3410654067993164 0.12164353407346286 0.020353170541616585 0.02028947610121507
0 0.2740806249471811 0.9004469651442307 0.024008860954871543 0.02371069101186899
0 0.3915757399338942 0.8343794896052434 0.017450479360727165 0.01752750690166767
0 0.6291819352370042 0.4863572120666504 0.024323096642127402 0.02459584749661959
0 0.31681148822490984 0.4393426454984225 0.019101509681114785 0.018610440767728366
0 0.51574890430157 0.8212672747098483 0.024384571955754206 0.024169921875
0 0.5051660537719727 0.02669385992563688 0.01886411813589243 0.019156433068788968
0 0.7086260135357196 0.8021290852473333 0.017397073599008415 0.01736024709848257
0 0.37435043775118315 0.1188672872690054 0.020976726825420674 0.020964695857121393
0 0.6372550084040716 0.5074255283062274 0.016863309420072116 0.017138114342322715
0 0.5201180531428411 0.40515899658203125 0.0186160160945012 0.018901678232046273
0 0.6885553506704477 0.6608867645263672 0.024146300095778245 0.023967156043419473
0 0.556211911714994 0.98523682814378 0.04342313913198618 0.028767512394831732
0 0.4701603375948392 0.3161781751192533 0.028249593881460335 0.02765349241403433
0 0.6902634547306941 0.6808440868671124 0.02349853515625 0.023720814631535456
0 0.6443465306208684 0.9264393586378831 0.022869110107421875 0.022987952599158652
0 0.6477743295522836 0.039254188537597656 0.024211590106670674 0.024423523591114923
0 0.7171029310960036 0.4479694733252892 0.021087646484375 0.02106057680570162
0 0.6456510103665866 0.48139689518855167 0.016434889573317308 0.016922143789438102
0 0.49445207302386945 0.7904616869412936 0.027828143193171576 0.02820895268366887
0 0.40761767900907075 0.9305430192213792 0.018394103417029746 0.018422053410456732
0 0.5734922335698054 0.8199838491586539 0.27063157008244443 0.28818335899939906
0 0.27410118396465594 0.8533128591684195 0.024129830873929538 0.024398070115309495
0 0.7214425893930289 0.42936060978816104 0.025282933161808893 0.025493034949669473
0 0.3052499294281006 0.32738520548893857 0.035048448122464694 0.03528521611140324
0 0.5902277139516977 0.7263638423039362 0.01784353989821214 0.017814196073091947
0 0.6523925341092623 0.970402717590332 0.05855883084810697 0.05546100323016827
0 0.31751133845402646 0.8420785757211539 0.017688751220703125 0.017482464130108174
0 0.43604836097130406 0.5840660241933969 0.01961209223820613 0.019513496985802285
0 0.32065758338341344 0.2963398053095891 0.03965493348928598 0.038773610041691706
0 0.7017942575307993 0.9335170158973107 0.07853522667518029 0.07890114417442909
0 0.29262641760019154 0.9081062903771033 0.018155684837928183 0.017626542311448317
0 0.28686294188866246 0.3773901645953839 0.01838548366840069 0.01807880401611328
0 0.3535601909344013 0.35181280282827526 0.017749492938701924 0.017532495351938102
0 0.4000661556537335 0.04461130270591149 0.016211949861966647 0.01568923546717717
0 0.4047842025756836 0.2648729911217323 0.01642432579627404 0.016431148235614482
0 0.37952059965867263 0.5444138600276067 0.018810785733736478 0.019156969510591947
0 0.5957361368032602 0.05664884127103365 0.01711273193359375 0.017005131794856146
0 0.7015772599440354 0.48319119673508865 0.017531468318058893 0.017486132108248197
0 0.6056747436523438 0.11817268224862906 0.0302889897273137 0.030010003309983473
0 0.28453839742220366 0.4292101493248573 0.01740859105036809 0.01763747288630559
0 0.4310816251314603 0.3728438890897311 0.019469187809870794 0.01924734849196214
0 0.4107504991384653 0.5596381700955905 0.019692420959472656 0.019702324500450723
0 0.667390383206881 0.6118750939002404 0.03393818781926082 0.033625235924353965
0 0.6125364303588867 0.8835034003624549 0.026182027963491585 0.025851323054387018
0 0.568481261913593 0.4172175480769231 0.01903665982759916 0.018820542555588942
0 0.6608202274029071 0.4289555182823768 0.029152796818659857 0.028844393216646634
0 0.4341446069570688 0.8081219012920673 0.021226002619816706 0.021351007314828727
0 0.3466908381535457 0.2392741350027231 0.021170836228590745 0.021021549518291768
0 0.6100459465613732 0.5693712601294885 0.020515588613656852 0.02061623793381911
0 0.6381859412560096 0.4106707206139198 0.017155573918269232 0.017334424532376803
0 0.27530585802518404 0.5352507004371057 0.02272195082444411 0.022299913259652946
0 0.5772156348595252 0.08536325968228854 0.017662195058969352 0.017902245888343223
0 0.3384691385122446 0.3585791221031776 0.016373707697941706 0.016204100388746995
0 0.3690379216120793 0.4187523034902719 0.01871490478515625 0.018379651583158053
0 0.3753608556894156 0.8860910122211163 0.017414679894080527 0.01742891164926382
0 0.7253925616924579 0.4973567815927359 0.017186091496394232 0.01784970210148738
0 0.3236006223238431 0.06261210258190449 0.020681381225585938 0.02064376610975999
0 0.2799152961144081 0.9548848959115835 0.016509459568903997 0.016492696908804085
0 0.5744569485004132 0.10644594522622916 0.020691945002629206 0.02098699716421274
0 0.4268846878638634 0.33785442205575794 0.022293677696814902 0.022188553443321817
0 0.3884881092951848 0.6507178086500901 0.02323627471923828 0.023766444279597357
0 0.326901545891395 0.5745986791757437 0.01743492713341346 0.01724697993351863
0 0.4981340995201698 0.29357585540184605 0.04169808901273287 0.04140820870032677
0 0.3623843559852013 0.6406568380502554 0.01791807321401743 0.017643268291766826
0 0.5965936734126165 0.3056968909043532 0.03548988929161659 0.03588258303128756
0 0.3780302634605995 0.7566400674673227 0.016135582557091348 0.01631780771108774
0 0.4078691922701322 0.9751931704007663 0.016237552349384014 0.016285822941706732
0 0.5696998742910532 0.043187618255615234 0.017368463369516227 0.01734660451228802
0 0.680668464073768 0.4916066389817458 0.02151665320763221 0.02155003180870643
0 0.5259289741516113 0.4897882021390475 0.01770334977370042 0.017832535963792067
0 0.38562848017765927 0.6064162987929124 0.016946939321664665 0.0168915528517503
0 0.3742030950692984 0.8702234855064979 0.016643744248610277 0.01671453622671274
0 0.3477731484633226 0.33266650713407075 0.04029420705942007 0.03933378366323618
0 0.5302749780508188 0.6062966860257663 0.01805598919208233 0.01836732717660757
0 0.5266876954298753 0.2907135303203876 0.01700900151179387 0.017089697030874398
0 0.5526880484360915 0.11876702308654785 0.021166287935697116 0.0211489017193134
0 0.4806857475867638 0.510609296651987 0.014842400184044471 0.014804840087890625
0 0.5110125908484826 0.00975710153579712 0.018773739154522236 0.016486144982851468
0 0.6095952254075271 0.5460220850431002 0.015411083514873799 0.015122120197002705
0 0.6378907423753005 0.07236477044912484 0.019629258375901442 0.020213879071749173
0 0.5518694657545823 0.9590854644775391 0.026222375723031852 0.025954319880558893
0 0.5952670023991511 0.8559334094707782 0.018662232619065505 0.018913855919471152
0 0.6329711767343374 0.1973268618950477 0.046423691969651446 0.04649231984065129
0 0.3009768265944261 0.38935067103459287 0.017087276165301982 0.01717376708984375
0 0.2869188418755165 0.8261613112229568 0.0211333128122183 0.02091187697190505
0 0.28305449852576625 0.14995259505051833 0.01912843264066256 0.020255418924184945
0 0.4037772692166842 0.11633951847369854 0.016155389639047477 0.01611023682814378
0 0.39254335256723255 0.9665456918569711 0.016143432030310996 0.015965094933143027
0 0.38907564603365385 0.3926999385540302 0.02945885291466346 0.02923752711369441
0 0.6229336811945989 0.1159653113438533 0.026744255652794473 0.0265503296485314
0 0.43098031557523286 0.6506019005408654 0.016594373262845553 0.016814011793870192
0 0.5193499051607572 0.8403001931997446 0.018801469069260817 0.019193502572866585
0 0.3899996830866887 0.12934108880849984 0.022504219642052285 0.02224843318645771
0 0.36498403549194336 0.43495948498065656 0.02066957033597506 0.021041209881122295
0 0.34972300896277797 0.8302824313823993 0.015838623046875 0.016013658963716947
0 0.30289708651029146 0.0727117657661438 0.017612457275390625 0.0174941741503202
0 0.40327879098745495 0.18019485473632812 0.015784190251277044 0.015658231881948616
0 0.3537112015944261 0.49619359236497146 0.01629037123460036 0.016014685997596152
0 0.5792440267709585 0.5729731779832107 0.019108698918269232 0.019361129173865683
0 0.3558623974139874 0.656838637131911 0.016371653630183294 0.015728877140925482
0 0.3408803939819336 0.49118247398963344 0.01522049537071815 0.01549992194542518
0 0.3225252444927509 0.5390177873464731 0.016204980703500602 0.016180918766902044
0 0.6212062835693359 0.6119582102848933 0.01813360360952524 0.01874410189115084
0 0.6306275587815505 0.13431754479041466 0.02044545687161959 0.0200957151559683
0 0.7129003818218524 0.9183699534489558 0.016872699444110576 0.01667198768028846
0 0.6929187774658203 0.5614874913142278 0.01572080758901743 0.015697992764986478
0 0.6216533367450421 0.23005966039804313 0.0368809333214393 0.036489119896521933
0 0.5808943601754996 0.36374396544236404 0.015087054325984074 0.015104880699744591
0 0.37919227893535906 0.3356269689706656 0.019955268272986777 0.02031223590557392
0 0.33963599571814906 0.6437888512244592 0.019283294677734375 0.019288283128004808
0 0.3109317926260141 0.45301536413339466 0.016825015728290264 0.016830004178560697
0 0.4573031205397386 0.33973033611591047 0.01637554168701172 0.01602304898775541
0 0.707009535569411 0.352323238666241 0.034030914306640625 0.03390048100398137
0 0.5417225177471454 0.3150931871854342 0.0214996337890625 0.021283589876615085
0 0.438513315640963 0.6057673601003793 0.020563712486853965 0.020809246943547174
0 0.3088210912851187 0.1660914421081543 0.017957540658804085 0.0178375244140625
0 0.29530855325552136 0.5277958649855393 0.021023016709547777 0.02136993408203125
0 0.6100539427537185 0.47616034287672776 0.020252521221454326 0.019276839036207933
0 0.41504977299616885 0.31492218604454625 0.016317294194148138 0.015967369079589844
0 0.3534577443049504 0.04313182830810547 0.015022864708533654 0.014778923529845018
0 0.5339062397296612 0.6605256887582632 0.01649012932410607 0.016311058631310098
0 0.5313686957726111 0.07917543557974008 0.015669896052433893 0.015322689826671895
0 0.5788662617023175 0.9074283746572641 0.017738195566030648 0.018100151648888223
0 0.5703998712392954 0.554504211132343 0.018972396850585938 0.01896557441124549
0 0.4947508298433744 0.05289269410646879 0.016489175649789665 0.01677705691410945
0 0.33670814220721906 0.3741622337928185 0.015280356773963341 0.015376677879920373
0 0.27193449093745303 0.7328818394587591 0.040975167201115534 0.05231915987454928
0 0.300529094842764 0.18830532294053298 0.026158662942739632 0.026764686291034404
0 0.6475659150343674 0.008981446807201091 0.017937733576847956 0.0166548123726478
0 0.7248687010544997 0.5128341087928185 0.021369347205528848 0.02234517610990084
0 0.46080897404597354 0.062331896561842695 0.017010982219989482 0.01685501978947566
0 0.601923942565918 0.9305361234224759 0.017997008103590745 0.018105140099158652
0 0.29210424423217773 0.958621098445012 0.01659708756666917 0.01653421842134916
0 0.5794485899118277 0.762844232412485 0.016217965346116286 0.01621216994065505
0 0.5817533639761118 0.2659393090468187 0.04906302232008714 0.04927767240084135
0 0.46956663865309495 0.23354603694035456 0.014812909639798678 0.014864774850698618
0 0.6111070192777194 0.4913520079392653 0.020420661339393027 0.019947272080641527
0 0.4663969920231746 0.5284934410682092 0.014758623563326322 0.015144274784968449
0 0.30004233580369216 0.4161359346829928 0.015088594876802884 0.01517655299260066
0 0.47756752601036656 0.13166297399080718 0.014481177696814904 0.014352541703444261
0 0.5059021436251127 0.46529395763690656 0.014726492074819712 0.015366480900691105
0 0.3718885275033804 0.3110273801363431 0.01935914846567007 0.01912344419039213
0 0.531465457035945 0.5915377323444073 0.01602510305551382 0.015686181875375602
0 0.2649626365074745 0.6840229034423828 0.017027781559870794 0.017392672025240384
0 0.5011361562288724 0.5572850887592022 0.01731564448429988 0.017266126779409554
0 0.5331232364361103 0.47007248951838565 0.022963597224308893 0.02257391122671274
0 0.3706520153925969 0.71385985154372 0.025980289165790264 0.026508037860576924
0 0.6246031247652494 0.5427724398099459 0.016681084266075723 0.016344363872821514
0 0.5168820527883676 0.1037132006425124 0.01921991201547476 0.018953965260432318
0 0.5543894400963416 0.38861685532789964 0.014982076791616587 0.01473830296443059
0 0.3342743653517503 0.9369630080003005 0.018711236807016227 0.018711383526141826
0 0.4678652103130634 0.2938467539273776 0.023998407217172477 0.023564265324519232
0 0.311281864459698 0.710990465604342 0.033805480370154746 0.0336152590238131
0 0.38515828205988956 0.5607018837561975 0.014802786020132212 0.014809241661658654
0 0.36389633325430065 0.5525573583749624 0.014456382164588341 0.014661202063927284
0 0.5163062902597281 0.7244628025935247 0.02628957308255709 0.025942875788762018
0 0.5488614669212928 0.4305381774902344 0.01577413999117338 0.015936924861027643
0 0.5421380263108474 0.5343046555152307 0.015514373779296875 0.015569393451397236
0 0.32029294967651367 0.09892238103426419 0.017322320204514723 0.017359476823073167
0 0.48340415954589844 0.1526783796457144 0.014953173123873197 0.015054556039663462
0 0.6035708647507888 0.8708091148963342 0.01651147695688101 0.016122084397536058
0 0.5013194817763108 0.4866350614107572 0.016311792226938102 0.016096848707932692
0 0.3620155407832219 0.8348181797907903 0.015100185687725361 0.015139359694260817
0 0.3206043243408203 0.34600228529710036 0.01420901371882512 0.01417849614070012
0 0.2934771684499887 0.8481316199669471 0.01881577418400691 0.018848419189453125
0 0.27127764775202823 0.8198018440833459 0.016318467947152946 0.0162808344914363
0 0.5568097921518179 0.1601559749016395 0.015919318565955527 0.016028477595402643
0 0.5305958527785081 0.45084832264826846 0.017307574932391826 0.01748943328857422
0 0.3975516832791842 0.8570148761455829 0.01859173407921424 0.01907011178823618
0 0.2847189169663649 0.23516372533944938 0.03017256810114934 0.03229830815241887
0 0.3286625788762019 0.6012725096482497 0.016649686373197116 0.016367398775540866
0 0.31394129533034104 0.14672017097473145 0.015974118159367487 0.016069375551663913
0 0.4048909774193397 0.37377232771653396 0.01607623467078576 0.01593443063589243
0 0.5765917117779071 0.21185695208035982 0.024537159846379206 0.02486441685603215
0 0.4756834323589618 0.26029608799861026 0.014667217548076924 0.015017216022198018
0 0.6429630426260141 0.4602003831129808 0.025493915264423076 0.02589079049917368
0 0.7243722768930289 0.5089602837195764 0.023502643291766826 0.03232882573054387
0 0.4223621074969952 0.7607729985163763 0.016173436091496393 0.01620028569148137
0 0.4944579784686749 0.3570826237018292 0.04050665635329027 0.04070428701547476
0 0.3784070381751427 0.6384173173170823 0.015559563269981971 0.01590552696814904
0 0.5552385036761944 0.21211613141573393 0.013590445885291466 0.013409834641676683
0 0.4817197139446552 0.32909000836885893 0.019105911254882812 0.01891194857083834
0 0.48131509927602917 0.5251999634962815 0.015739074120154746 0.015990037184495192
0 0.37044561826265776 0.434293086712177 0.02856577359713041 0.025344041677621696
0 0.7250804901123047 0.47980528611403245 0.018062738271859977 0.019027049724872295
0 0.6176248697134165 0.6149798906766452 0.023807782393235426 0.023683841411884014
0 0.3784286058866061 0.4378163264347957 0.022362635685847357 0.02275217496431791
0 0.4481645364027757 0.06601884731879601 0.01738731677715595 0.017704523526705228
0 0.3002467522254357 0.3871893515953651 0.019339708181527946 0.018754959106445312
0 0.28166690239539516 0.3554093287541316 0.016641616821289062 0.016728034386268027
0 0.6713811434232272 0.25231086290799654 0.048869939950796276 0.049727403200589694
0 0.29392240597651553 0.30916250669039214 0.020356398362379808 0.020138942278348483
0 0.40971638606144833 0.7875982431265024 0.016570678124060996 0.016696049616887018
0 0.4918007483849159 0.5002960425156814 0.014476776123046875 0.014416107764610877
0 0.41699585547814 0.6481688572810247 0.015776854294996995 0.015965681809645433
0 0.3355563970712515 0.957555550795335 0.014610657325157752 0.014143870427058293
0 0.5204595419076773 0.3051367172828087 0.017859972440279447 0.01776996025672326
0 0.6455660599928635 0.4580354690551758 0.031002631554236777 0.0317387947669396
0 0.37373462090125453 0.4342375168433556 0.030011397141676683 0.029409335209773138
0 0.40505145146296573 0.8713240256676307 0.016419190626878005 0.01609039306640625
0 0.6788523747370794 0.7016029357910156 0.020304753230168268 0.020388089693509616
0 0.3337103036733774 0.15146361864530122 0.01526187016413762 0.015243823711688701
0 0.35489980991070086 0.13110965948838454 0.015922693105844352 0.014900867755596455
0 0.29786887535682094 0.6002165354215182 0.016974155719463643 0.017046121450570915
0 0.481726206265963 0.9912328720092773 0.02501854529747596 0.017272215623121995
0 0.3567946140582745 0.7440034426175631 0.032396903404822715 0.03251912043644832
0 0.6885998799250677 0.04172240770780123 0.015457886915940505 0.01553488694704496
0 0.3525489660409781 0.33276132436899036 0.03254259549654447 0.032375262333796576
0 0.5656010554387019 0.751344240628756 0.015648768498347357 0.01524822528545673
0 0.2848213452559251 0.23327768765963042 0.025558985196627103 0.02640555455134465
0 0.4301751943734976 0.07212503139789288 0.017008267916165866 0.017396853520320013
0 0.30273857483497035 0.5863282130314753 0.016274488889254056 0.015680459829477165
0 0.5430641174316406 0.13240106289203352 0.014989266028771034 0.014219925953791691
0 0.384061703315148 0.9464374688955454 0.014220971327561598 0.014142403235802284
0 0.403750126178448 0.2315977903512808 0.015674444345327523 0.015357531034029447
0 0.6990933051476111 0.5093786533062274 0.015426342303936299 0.01576071519118089
0 0.6139742044302133 0.6668416536771334 0.028087469247671273 0.028594090388371393
0 0.5933552521925706 0.41475772857666016 0.02176358149601863 0.021433610182542067
0 0.506929324223445 0.6321336306058444 0.016580948462853067 0.01654962392953726
0 0.4325901911808894 0.15692736552311823 0.021278234628530648 0.01918653341440054
