0 0.6709921910212591 0.5735097298255334 0.2649392714867225 0.26598284794734073
0 0.77735658792349 0.1779200297135573 0.0663298093355619 0.06755927892831656
0 0.5787982573876014 0.9748882146982046 0.035240540137657754 0.035831598135141224
0 0.6621454679048978 0.5872339835533729 0.03184597308819111 0.03162538088285006
0 0.48222890267005336 0.43962618020864636 0.024370853717510518 0.02425545912522536
0 0.7645019384530874 0.2676691642174354 0.03208013681265024 0.03212547302246094
0 0.7261133927565354 0.21176767349243164 0.034600477952223554 0.03448842122004582
0 0.7074127197265625 0.6582045188316932 0.019919322087214544 0.019886310283954326
0 0.4174511616046612 0.34092081510103667 0.019401183495154746 0.01939993638258714
0 0.7501373291015625 0.7642242725078876 0.038297799917367786 0.038249822763296276
0 0.7851759103628305 0.7726571743304913 0.037516080416165866 0.03756801898662861
0 0.3592013945946327 0.43533985431377703 0.019157556387094352 0.019193649291992188
0 0.2817781154926007 0.8044009575477014 0.026021920717679538 0.026009779710036058
0 0.3328113555908203 0.963039544912485 0.019108992356520433 0.019106938288762018
0 0.6816346095158503 0.4436047627375676 0.10843922541691707 0.10927082942082332
0 0.6732617891751803 0.1444988067333515 0.0493310781625601 0.04836269525381235
0 0.5195576594426081 0.9279758746807392 0.020738601684570312 0.020922734187199518
0 0.7257630274846003 0.1251819867354173 0.025098360501802884 0.02502885231604943
0 0.5708464108980619 0.3414322046133188 0.02439748323880709 0.02445220947265625
0 0.46457257637610805 0.010802126847780667 0.028195821321927585 0.020363069497621976
0 0.5717373627882737 0.9112619253305289 0.018810125497671273 0.018906519963191107
0 0.7957062354454627 0.71129637498122 0.020619612473707933 0.02062254685621995
0 0.7438681675837591 0.2304877501267653 0.023928275475135215 0.023469264690692607
0 0.49933374845064604 0.5974954458383414 0.01980766883263221 0.019756390498234674
0 0.5164744303776667 0.9443444472092849 0.02163857680100661 0.02185205312875601
0 0.66259949023907 0.08872419137221116 0.032524402324969955 0.032107096451979414
0 0.4371235187237079 0.8205862045288086 0.036472173837515026 0.03604404742901142
0 0.33468231788048375 0.3689572260929988 0.029014147244966947 0.028812408447265625
0 0.47919126657339245 0.14145396305964544 0.017771794245793268 0.017681195185734674
0 0.3929586410522461 0.7665021602924054 0.01660288297213041 0.016492696908804085
0 0.4578224328848032 0.28769883742699254 0.016920823317307692 0.016919649564302884
0 0.37000127939077526 0.762286112858699 0.0568080315223107 0.056610107421875
0 0.5684626285846417 0.0682494594500615 0.06717527829683743 0.0667349100112915
0 0.4431772598853478 0.8000897627610427 0.03271799821120042 0.032487722543569714
0 0.4742630445040189 0.8180442223182092 0.02007132310133714 0.020299177903395433
0 0.526034795320951 0.9081769356360803 0.01605356656588041 0.016004122220552884
0 0.5030253483698919 0.7210182776817908 0.016190822307880107 0.01618062532865084
0 0.22606057387131911 0.855127921471229 0.05542300297663762 0.05586330707256611
0 0.7072576376108023 0.057773081155923695 0.02775397667518029 0.02790398781116192
0 0.5076768581683819 0.1758743799649752 0.03459255511944111 0.03447639025174654
0 0.7004092289851263 0.6993607741135818 0.13713836669921875 0.13725750262920672
0 0.7713564359224759 0.13956102958092323 0.026759221003605768 0.026728281607994668
0 0.34206485748291016 0.938450446495643 0.019403457641601562 0.019812657282902643
0 0.6089720359215369 0.24202097379244292 0.018434671255258415 0.018523142887995794
0 0.5149250764113206 0.06868705382713905 0.04596167344313402 0.04647911511934721
0 0.21037688622107872 0.30486387472886306 0.015790205735426683 0.01552585455087515
0 0.4701348084669847 0.67896058009221 0.01527852278489333 0.015550319965069111
0 0.6070205248319186 0.18394251970144418 0.053014901968149036 0.053747910719651446
0 0.4591017503004808 0.12347701879648063 0.016990074744591348 0.016792792540330153
0 0.793116936316857 0.3078762567960299 0.029236426720252402 0.029264376713679388
0 0.6931855128361628 0.0827489816225492 0.019112513615534857 0.018568584552178018
0 0.6574919773982122 0.039652118316063516 0.01669164804311899 0.017069520858617928
0 0.7461006457989032 0.055666056963113636 0.016771756685697116 0.01655429143172044
0 0.6369595160851111 0.3664610202495868 0.01573944091796875 0.015943453862116888
0 0.44642932598407453 0.9282832512488732 0.01590860806978666 0.015887627234825723
0 0.39544193561260516 0.6821491534893329 0.016721578744741585 0.01666259765625
0 0.511086684006911 0.2411028421842135 0.015990037184495192 0.016081516559307393
0 0.749233392568735 0.4728571084829477 0.015921666071965143 0.015873835637019232
0 0.5976607982928936 0.21770836756779596 0.016321769127478965 0.015887627234825723
0 0.7895931830772986 0.3917204416715182 0.016811957726111777 0.01676640143761268
0 0.7046161798330454 0.023943121616656963 0.022365570068359375 0.022096890669602614
0 0.4829879173865685 0.17088435246394232 0.015535794771634616 0.016138516939603366
0 0.7705305539644681 0.8653080280010517 0.0162503169133113 0.01653876671424279
0 0.6648421654334435 0.05857937611066378 0.02831268310546875 0.027377119431128867
0 0.7441803858830378 0.8692194131704477 0.015674004187950723 0.015664027287409857
0 0.5774752910320575 0.15009038264934832 0.0161285400390625 0.016107632563664362
0 0.39508577493520886 0.9486312866210938 0.017244632427509014 0.01694063039926382
0 0.6438492995042068 0.12373338295863225 0.018581977257361777 0.018823605317335863
0 0.23025409991924578 0.6472668280968299 0.014789434579702524 0.0150909423828125
0 0.6640773186316857 0.116698668553279 0.026486323429987982 0.026747960310715895
0 0.7598549769474909 0.0069933676948914164 0.021477332481971152 0.013576575196706332
0 0.46453087146465594 0.3962113307072566 0.014676460852989784 0.014769187340369591
0 0.5374021163353553 0.37323537239661586 0.014923829298753005 0.01476148458627554
0 0.7295549099261944 0.05296971706243662 0.015740027794471152 0.015865023319537822
0 0.3408810542179988 0.5031945155217097 0.014958455012394832 0.014954346876878005
0 0.39438849229079026 0.7285276559682993 0.047779229971078724 0.04776617196890024
0 0.42804938096266526 0.21573268450223482 0.018012120173527643 0.018006178048940804
0 0.6905536651611328 0.06602725615868202 0.020018944373497598 0.019223891771756686
0 0.45400230701153094 0.6388721466064453 0.016886344322791465 0.017006800724909857
0 0.5584369072547326 0.25108054968026966 0.014966671283428486 0.014873321239764873
0 0.6307600461519681 0.1399998664855957 0.016910259540264424 0.01709908705491286
0 0.5121316176194411 0.25624873087956357 0.018928381112905648 0.019236417917104866
0 0.6934293600229117 0.12096798419952393 0.017978668212890625 0.01803108362051157
0 0.6955766677856445 0.8990592956542969 0.014223538912259616 0.014085182776817909
0 0.7057246428269607 0.39638739365797776 0.014398134671724759 0.014527687659630409
0 0.670282950768104 0.02609387727884146 0.018895075871394232 0.01838672963472513
0 0.41083093789907604 0.31421430294330305 0.013959151047926683 0.014169986431415264
0 0.34049232189471906 0.5209919489347018 0.2954418659210205 0.33575945634108323
0 0.7335586547851562 0.18161742503826434 0.019461411696213942 0.01938284360445463
0 0.6664358285757211 0.1164002326818613 0.03337390606219952 0.032623474414532
0 0.4911949451153095 0.9174870711106521 0.18330838130070612 0.15913508488581732
0 0.7461442213792068 0.8050402861375076 0.12180034930889423 0.12932278559758112
0 0.7531383220966046 0.447695071880634 0.020108149601862982 0.01996480501615084
0 0.4756770500769982 0.17900474254901594 0.01660574399507963 0.016576180091271035
