0 0.3924883328951322 0.49704148219181943 0.057718717134915866 0.05773148169884315
0 0.3037760257720947 0.37436463282658505 0.04152837166419396 0.04140347700852614
0 0.7050298544076773 0.48248980595515323 0.025420555701622598 0.02540280268742488
0 0.2877929394061749 0.5226231721731333 0.05021109947791466 0.050538796644944414
0 0.26704030770521897 0.3599483049832858 0.03448820114135742 0.03452007587139423
0 0.7398936198307917 0.05629091996413011 0.021360103900615986 0.02189613305605375
0 0.4494204887977013 0.013271287083625793 0.024031859177809495 0.02395523740695073
0 0.6789785531850961 0.38601009662334734 0.020725837120643027 0.02065893319936899
0 0.2826878474308894 0.5942414357112005 0.038195023169884317 0.03847415630634014
0 0.5035142164963943 0.4491288111760066 0.01865871136005108 0.018782542302058294
0 0.3989706773024339 0.27386192175058216 0.021910740778996393 0.02181097177358774
0 0.29006147384643555 0.47256014897273135 0.032374088580791764 0.03228319608248197
0 0.5463399153489333 0.5445504555335412 0.021104959341195915 0.02096733680138221
0 0.685577392578125 0.738345219538762 0.04034570547250601 0.039876497708834134
0 0.28463932184072643 0.4210672745337853 0.032015323638916016 0.03185844421386719
0 0.4112973946791429 0.041237675226651706 0.025918226975661058 0.025514141871378973
0 0.5725302329430213 0.9006278698260968 0.02868036123422476 0.02873846200796274
0 0.552929584796612 0.6732820364145132 0.025398694551908053 0.025173480694110576
0 0.4293044163630559 0.028630132858569805 0.022364689753605768 0.022397655707139235
0 0.6374046619121845 0.5804300308227539 0.023470365084134616 0.02321463364821214
0 0.2554783087510329 0.2375188974233774 0.020237555870643027 0.026672803438626803
0 0.5498306934650128 0.15955517842219427 0.018972250131460335 0.018902375147892878
0 0.5210917546198919 0.038573686893169694 0.016265722421499398 0.016365562493984517
0 0.7346596351036658 0.8955032642071064 0.020152165339543268 0.020860818716195915
0 0.3277055300199069 0.6176109313964844 0.09411149758559006 0.09926825303297776
0 0.577604367182805 0.4768512065594013 0.017348509568434495 0.017349976759690505
0 0.555472520681528 0.7244477638831506 0.03105471684382512 0.030536064734825723
0 0.6322799095740685 0.8789559877835788 0.07392325768103966 0.07425425602839543
0 0.5529766449561486 0.12834772696861854 0.02098956474891076 0.020933811481182393
0 0.5710303966815655 0.761412107027494 0.04076810983511118 0.041152660663311295
0 0.34918755751389724 0.44633814004751354 0.0326838126549354 0.03284395658052885
0 0.38265785804161656 0.4257926940917969 0.020722169142503005 0.020845559927133415
0 0.6801729202270508 0.6245066569401667 0.01777516878568209 0.017712813157301683
0 0.6236453423133264 0.7967764047475961 0.019625113560603216 0.019579520592322715
0 0.6402566616351788 0.49207302240224987 0.017635638897235576 0.017393845778245192
0 0.3343261938828688 0.47479856931246245 0.03467251704289363 0.03461749737079327
0 0.5217565756577712 0.42269031818096453 0.024702805739182692 0.024612573476938102
0 0.5969905853271484 0.8637023338904748 0.016126485971304085 0.015988569993239183
0 0.436247495504526 0.23282913061288688 0.016693775470440205 0.016703385573167067
0 0.49076072986309344 0.0035636313259601593 0.018881577711838942 0.007176187749092395
0 0.2742304435143104 0.38938082181490385 0.023538589477539062 0.02422934312086839
0 0.40016849224384016 0.030150083395150993 0.016575446495643027 0.016444949003366325
0 0.28367071885329026 0.6813477002657377 0.06831059089073768 0.07256009028508113
0 0.7152912433330829 0.7256863667414739 0.024277320274939902 0.02443563021146334
0 0.2535490622887245 0.20278017337505633 0.01632081545316256 0.02021510784442608
0 0.723663330078125 0.23598637947669396 0.018609267014723558 0.0189206783588116
0 0.47559077923114484 0.9268201681283804 0.016183119553786058 0.016370626596304085
0 0.2623504858750563 0.41672563552856445 0.017684569725623496 0.01768633035513071
0 0.679739732008714 0.10753417932070218 0.021590306208683893 0.021588527239285983
0 0.5148003651545598 0.7773565145639273 0.02459115248460036 0.024501213660606973
0 0.2569529093228854 0.4593466612008902 0.01698446273803711 0.017310509314903848
0 0.7395773667555589 0.12223005294799805 0.023902012751652643 0.02497401604285607
0 0.6469354629516602 0.8483834633460412 0.019936781663161058 0.019527728740985576
0 0.2807329067817101 0.3069797662588266 0.01674494376549354 0.01645491673396184
0 0.33793240327101487 0.5507199214054987 0.09542252467228816 0.09718557504507211
0 0.41593426924485427 0.4238832180316632 0.02265468010535607 0.021359370304987982
0 0.5930008521446815 0.09478198564969577 0.014661788940429688 0.014777476970966045
0 0.7169447678786057 0.2581269924457257 0.017091017503004808 0.01700753432053786
0 0.6684068533090445 0.11526002333714412 0.021099970890925482 0.021007776260375977
0 0.3730016121497521 0.36883038740891677 0.025787867032564603 0.025393339303823616
0 0.4213113784790039 0.465551889859713 0.019258939302884616 0.019510562603290264
0 0.6092587617727426 0.36099716333242565 0.016009184030386116 0.01588571988619291
0 0.6782210423396184 0.3462343215942383 0.014122596153846154 0.014314358051006611
0 0.3628581120417668 0.5478956149174616 0.023873402522160456 0.02397889357346755
0 0.6574784792386569 0.549921622643104 0.014663989727313701 0.014740577110877404
0 0.3990808633657602 0.1525446635026198 0.018104406503530648 0.018269135401799128
0 0.2623257637023926 0.9313152019794171 0.020019017733060397 0.023441021259014424
0 0.42291428492619443 0.0038796416842020475 0.016086578369140625 0.007732213689730718
0 0.594718492948092 0.2136367284334623 0.015090355506310096 0.015346160301795373
0 0.34203250591571516 0.6989013965313251 0.053998506986177884 0.05460005540114183
0 0.3655168093167819 0.5486310078547552 0.02718661381648137 0.02826096461369441
0 0.28473377227783203 0.2567008091853215 0.0592035146859976 0.05763934208796574
0 0.5845091159527118 0.8759080446683444 0.01880924518291767 0.018520355224609375
0 0.3242557965792142 0.3340956981365497 0.013903544499323918 0.013510850759652944
0 0.7013997298020583 0.9678178933950571 0.07291911198542668 0.06259800837590145
0 0.3924888464120718 0.4078088173499474 0.020576623769906852 0.020907181959885817
0 0.40964383345383865 0.4378390312194824 0.02266715123103215 0.022858252892127402
0 0.7148703061617337 0.5422084148113544 0.014936593862680288 0.015266491816594051
0 0.5700437105618991 0.9576336787297175 0.017642094538762018 0.017686843872070312
0 0.5401806464562049 0.10949496122506949 0.02034612802358774 0.02079974688016451
0 0.5636254090529221 0.37506800431471604 0.01862305861253005 0.01826198284442608
0 0.3180387937105619 0.29533877739539516 0.019071652339054987 0.019132100618802585
0 0.46778055337759167 0.954825914823092 0.01966711191030649 0.019344623272235576
0 0.4140177139869103 0.4287563470693735 0.02912756112905649 0.02879480215219351
0 0.5533360334543082 0.9748006967397836 0.02672158754788912 0.026751298170823317
0 0.2672128677368164 0.1469823122024536 0.04360382373516376 0.0576326847076416
