0 0.6113762121934158 0.5564757127028245 0.0419916739830604 0.04242999737079327
0 0.6343910510723407 0.019887020954718955 0.041692917163555436 0.038004939372722917
0 0.33126596304086536 0.11793094414931077 0.0413824228140024 0.04181817861703726
0 0.6853691981388972 0.7651736919696515 0.03741455078125 0.03764636699969952
0 0.42552614212036133 0.09596380820641151 0.06065948192889874 0.060796370873084433
0 0.30441709665151745 0.8675877497746394 0.04693735562838041 0.04612159729003906
0 0.3656720748314491 0.966060051551232 0.1614983632014348 0.0675356938288762
0 0.6899615067702073 0.4168707040640024 0.07270871675931491 0.09770378699669471
0 0.7046100909893329 0.5575557121863732 0.027329371525691107 0.027580407949594352
0 0.6994465314424955 0.29370828775259167 0.034474886380709134 0.0339807363656851
0 0.4033346176147461 0.5194289134098933 0.021541448739858773 0.021374042217548076
0 0.37656241196852464 0.4977235794067383 0.028786292442908652 0.028721149151141826
0 0.3355227250319261 0.8321543473463792 0.023252340463491585 0.023088748638446514
0 0.3738581584050105 0.8077141688420222 0.018643599290114183 0.018812179565429688
0 0.4207019072312575 0.8115290128267728 0.017133492689866286 0.01720604529747596
0 0.393459099989671 0.8063546694242038 0.017476888803335335 0.017145303579477165
0 0.6669288048377404 0.47104222957904524 0.01956484867976262 0.019626837510329027
0 0.4325416271503155 0.286039609175462 0.025401922372671273 0.024903517503004808
0 0.41945332747239333 0.8600623791034405 0.01763431842510517 0.017460456261268027
0 0.5346546906691331 0.016765914284265958 0.05214206988994892 0.031909009585013755
0 0.5132595208974985 0.576699843773475 0.030129065880408652 0.03010221628042368
0 0.715079087477464 0.8280180417574369 0.018628047062800482 0.018574934739332933
0 0.64165526169997 0.6317078517033503 0.023848900428185098 0.024176377516526442
0 0.4612186872042142 0.4086601917560284 0.1513805389404297 0.1583574001605694
0 0.5503398455106295 0.6484727125901443 0.030170293954702523 0.029858515812800482
0 0.6847189389742337 0.5576514464158279 0.021938323974609375 0.022133607130784255
0 0.6192765602698693 0.9229833896343524 0.02034759521484375 0.02043577340932993
0 0.29879212379455566 0.17775884041419396 0.02630457511314979 0.026291553790752705
0 0.6440123044527494 0.8311525491567758 0.021006950965294473 0.02108177771935096
0 0.5856343782865084 0.6296711701613206 0.026512586153470553 0.026466516348031852
0 0.620963610135592 0.415104132432204 0.05952541644756611 0.06006358220027043
0 0.4204998016357422 0.8431299649752103 0.016655408419095553 0.01693109365609976
0 0.7067364179171048 0.39330409123347354 0.03714590806227464 0.05201853238619291
0 0.3595450841463529 0.8401490725003756 0.016455650329589844 0.016482133131760817
0 0.5605557515070989 0.19376883139977089 0.04386828495905949 0.044121815608097956
0 0.593558091383714 0.4046002534719614 0.017054631159855768 0.01714046184833233
0 0.5474554208608774 0.47386338160588193 0.019359295184795674 0.019465519831730768
0 0.6162199607262244 0.6095203252939078 0.016244154710036058 0.0165252685546875
0 0.45394108845637393 0.6756183184110202 0.01601109137901893 0.01591330308180589
0 0.3732478068425105 0.5276138599102314 0.0275265620304988 0.027223733755258415
0 0.45031070709228516 0.5014377740713266 0.02977591294508714 0.030247028057391826
0 0.30076714662405163 0.042788106661576494 0.049712878007155195 0.055267544893118054
0 0.2831311776087834 0.42926164773794323 0.02130721165583684 0.024840134840745192
0 0.3501772880554199 0.5316489659822904 0.02010947007399339 0.020468491774338942
0 0.45451465019812953 0.543765508211576 0.027472275954026442 0.026707869309645433
0 0.4529077456547664 0.8390518335195688 0.01631465324988732 0.016265135544996995
0 0.2888009731586163 0.19922887361966646 0.027500152587890625 0.02799386244553786
0 0.6813307542067307 0.9861076795137845 0.020609195415790264 0.020270567673903245
0 0.4606766333946815 0.5239173082204965 0.018208870520958535 0.017934432396521933
0 0.6040825110215408 0.937111707834097 0.02225384345421424 0.02213742182804988
0 0.6708522209754357 0.919979975773738 0.018346052903395433 0.018488957331730768
0 0.27896998478816104 0.7353961651141827 0.015235020564152645 0.015191004826472355
0 0.6700765169583834 0.6412930121788611 0.023073196411132812 0.023182502159705527
0 0.5179719924926758 0.09660338438474216 0.01844963660606971 0.01834423725421612
0 0.717532231257512 0.4926661711472731 0.015377631554236779 0.015810599693885215
0 0.6795874375563401 0.36826764620267427 0.022528721736027643 0.022455362173227165
0 0.6322187276986929 0.9584756997915415 0.016637361966646634 0.016718644362229567
0 0.6178212532630334 0.6308984022874099 0.018505096435546875 0.017974266639122598
0 0.6337523827185998 0.7836619157057542 0.07120165458092323 0.07073563795823318
0 0.31511171047504133 0.2708160693828876 0.08352609781118539 0.12462982764610878
0 0.5339303750258225 0.9044923782348633 0.015250939589280348 0.014558645395132212
0 0.3866782555213341 0.557823474590595 0.02355223435621995 0.023942947387695312
0 0.45906463036170375 0.5220428980313815 0.021506236149714544 0.020772200364332933
0 0.5360215994027945 0.9026468717134916 0.048195178692157455 0.04719338050255409
0 0.33904765202448917 0.34311301891620344 0.13362415020282453 0.23566889762878418
0 0.2837071418762207 0.13825814540569598 0.014448789449838491 0.014957721416766826
0 0.4530064876262958 0.5131654005784255 0.01879288600041316 0.01789547846867488
