0 0.8305131472074069 0.9370318926297702 0.14324496342585638 0.12298143826998197
0 0.8046988707322341 0.7270991985614483 0.08281296950120193 0.08300018310546875
0 0.772038826575646 0.5797520050635705 0.06650425837590145 0.0663744853093074
0 0.29187429868257964 0.487057795891395 0.07802882561316857 0.07799449333777794
0 0.0916752998645489 0.07715617693387546 0.049645575193258434 0.04966409848286556
0 0.6333681253286508 0.7578086853027344 0.04486890939565805 0.04440160898061899
0 0.2590428132277269 0.598537591787485 0.061984869150015026 0.06141926692082332
0 0.21241998672485352 0.3209205407362718 0.29874786963829625 0.2825329853938176
0 0.42695929453923154 0.23026682780339167 0.09582732273982121 0.09894114274245042
0 0.7559311206524189 0.203721284866333 0.06302936260516827 0.06306211764995868
0 0.6736911626962515 0.7450590133666992 0.033442130455603965 0.033498323880709134
0 0.4052088810847356 0.819884520310622 0.021411308875450723 0.02131021939791166
0 0.518682443178617 0.6613121032714844 0.025129024799053486 0.02523216834435096
0 0.8165316948523889 0.22426287944500262 0.032672882080078125 0.03284098551823543
0 0.48493510026198167 0.14574127930861253 0.04154278681828426 0.04171114701491136
0 0.5964775085449219 0.7044505339402419 0.025167465209960938 0.02531124995304988
0 0.5037996218754694 0.7845655588003305 0.023015535794771634 0.023014362041766826
0 0.39307807042048526 0.45038894506601185 0.03706154456505409 0.037369874807504505
0 0.47505730849045974 0.9486896808330829 0.028551248403695915 0.028418907752403848
0 0.774105952336238 0.3928683721102201 0.04247636061448317 0.04248046875
0 0.5414734620314378 0.6485377091627854 0.028888849111703727 0.02879186776968149
0 0.61645874610314 0.6045223016005296 0.018252446101262018 0.018376277043269232
0 0.12859375660236066 0.10492757650522086 0.0381921621469351 0.038660709674541764
0 0.4511833924513597 0.656285652747521 0.02810052724984976 0.028529240534855768
0 0.8741943652813251 0.7704748006967398 0.017673492431640625 0.017688457782451924
0 0.7228321662315955 0.34118204850416917 0.031043272752028245 0.030969913189227764
0 0.39568336193378156 0.9628188059880183 0.020771320049579326 0.02098259559044471
0 0.3904262322645921 0.8669169499323919 0.020019677969125602 0.01989159217247596
0 0.641384271474985 0.8565409733698919 0.027047377366286058 0.026656224177433893
0 0.8581701425405649 0.7320305750920222 0.0233306884765625 0.023364433875450723
0 0.15930399527916542 0.649230223435622 0.017395459688626803 0.0175323486328125
0 0.9364846302912786 0.8001895317664514 0.0244906498835637 0.02908662649301382
0 0.5274071326622596 0.8139370404756986 0.02252960205078125 0.02227915250338041
0 0.5892616051893967 0.8713381840632513 0.017679581275353067 0.01757078904371995
0 0.6819595923790565 0.4600031559283917 0.020401587853064902 0.020598484919621393
0 0.6726071284367487 0.5421721385075495 0.02056151169996995 0.020815482506385215
0 0.4197991444514348 0.7553336803729718 0.04061537522536058 0.04149304903470553
0 0.5698542961707482 0.8262888835026667 0.02306505349966196 0.023140393770658053
0 0.4091939192551833 0.9898247352013221 0.0200650875384991 0.01756139901968149
0 0.6365626408503606 0.8709738804743841 0.021378150353064902 0.020735814021183893
0 0.31116742354172927 0.5492782592773438 0.025815651966975287 0.025607182429387018
0 0.8095656174879807 0.1280147387431218 0.023782876821664665 0.02388306764455942
0 0.9111782220693735 0.6502876281738281 0.02089104285606971 0.020680794349083535
0 0.2741507383493277 0.11471451245821439 0.033111572265625 0.03388283802912785
0 0.17475406940166766 0.1750644170320951 0.023640779348520134 0.02400809067946214
0 0.8082474928635818 0.41701294825627255 0.044212634746844955 0.04322007986215445
0 0.41399420224703276 0.3097666960496169 0.08232747591458835 0.08218772594745342
0 0.3695109440730168 0.12108722099891076 0.04793137770432692 0.048087670252873346
0 0.11937009371243991 0.1985436219435472 0.04036974906921387 0.03992418142465445
0 0.19454145431518555 0.7634179775531476 0.021189542917104866 0.021186975332406852
0 0.48080899165226865 0.6595458984375 0.01654947721041166 0.016479052030123197
0 0.32349667182335484 0.9766230949988732 0.02437723599947416 0.024403792161207933
0 0.08455412204448993 0.7377030299260066 0.07076799411040086 0.11133810190054086
0 0.5692039636465219 0.4030304688673753 0.02392446077786959 0.02400941115159255
0 0.5031665655282828 0.6304220052865835 0.016724366408128005 0.016436356764573317
0 0.5998375232403095 0.6558698507455679 0.027584369365985576 0.027809729942908652
0 0.5470260106600248 0.8439072829026443 0.019085077139047477 0.019290630634014424
0 0.605813246506911 0.530550113091102 0.021448868971604567 0.02176636915940505
0 0.27315811010507435 0.938477662893442 0.021115559798020583 0.021433023306039665
0 0.43550891142625076 0.7618943727933444 0.019376828120304987 0.01922607421875
0 0.8904484968919021 0.7425852555495042 0.01982879638671875 0.01989599374624399
0 0.8601863567645733 0.17927811695979193 0.019962897667518027 0.019958129295935996
0 0.7573298674363357 0.622960090637207 0.02242557819073017 0.022347230177659255
0 0.8220536892230694 0.45356266315166766 0.032656302818885215 0.033000946044921875
0 0.6076049437889686 0.3055000671973595 0.02007007598876953 0.020451472355769232
0 0.8081939403827374 0.9317481701190655 0.015442187969501201 0.015711270845853366
0 0.7150716048020583 0.7364069131704477 0.017189759474534255 0.016918475811298076
0 0.3932315386258639 0.7467007270226111 0.015882492065429688 0.01577142568734976
0 0.7526996319110577 0.30078418438251203 0.01575323251577524 0.015620084909292368
0 0.4252465321467473 0.04669641989928026 0.08916091918945312 0.08641009147350605
0 0.7126466310941256 0.44403398953951323 0.021129314716045674 0.021519807668832634
0 0.1516270270714393 0.02807613290273226 0.01607520763690655 0.016255025680248555
0 0.9044074278611404 0.6061314802903396 0.023686335637019232 0.02371699993426983
0 0.7295367167546198 0.23831895681527945 0.01983187748835637 0.01983334467961238
0 0.9411502251258264 0.7755080736600436 0.014690692608173076 0.023319097665640023
0 0.7272422497089093 0.6899271744948167 0.015618837796724759 0.01566930917593149
0 0.5617885956397424 0.44312495451707107 0.01915124746469351 0.018813940194936898
0 0.8035928286038913 0.15381858899043158 0.022780785193810098 0.02289720681997446
0 0.8298763862022986 0.5327925682067871 0.021543062650240384 0.02177121089054988
0 0.6955589881310096 0.5323960597698505 0.018119225135216348 0.017822999220628005
0 0.6786493154672476 0.5059854067288913 0.014940701998197116 0.015016995943509616
0 0.5318497511056753 0.7615017524132361 0.015236341036283053 0.015110162588266226
0 0.38239479064941406 0.5301540081317608 0.02162302457369291 0.021720299353966348
0 0.45370813516470104 0.9243673177865835 0.02210074204664964 0.02192101111778846
0 0.12466596640073337 0.1550713319044847 0.0799408142383282 0.07865906678713284
0 0.9209418663611779 0.4019301487849309 0.018868372990534857 0.018630394568810098
0 0.5334661190326397 0.5286626082200271 0.018947748037484977 0.01868292001577524
0 0.7102219508244441 0.6730783902681791 0.01996759267953726 0.01975250244140625
0 0.6028275856604943 0.7255218946016752 0.014435107891376201 0.014577132004957933
0 0.4816279778113732 0.35055373265193057 0.0193478510929988 0.01955868647648738
0 0.8467564216026893 0.37815966972937953 0.018053494966947116 0.017826080322265625
0 0.8565838153545673 0.7931700486403245 0.017519437349759616 0.017641067504882812
0 0.6336900270902194 0.3971000818105844 0.014261099008413462 0.014385296748234676
0 0.6178817749023438 0.6752511537992038 0.014850873213547926 0.014710352971003605
0 0.7238980806790866 0.9074189846332257 0.019459064190204326 0.019328777606670674
0 0.6112284660339355 0.8156397892878606 0.016538253197303183 0.016701918381911058
0 0.14577585000258225 0.3650927176842323 0.03821853490976187 0.038229135366586536
0 0.7986931434044471 0.5284198247469388 0.014737936166616587 0.014550502483661357
0 0.7158137101393479 0.7186561731191782 0.015592428354116587 0.015262457040640024
0 0.39525662935697115 0.18537374643179086 0.02044809781588041 0.020475314213679388
0 0.8168738438532903 0.32243457207312953 0.020823552058293268 0.021242141723632812
0 0.37072056990403396 0.18191961141733023 0.024806976318359375 0.02470845442551833
0 0.08087234313671406 0.23724126815795898 0.057951468687791094 0.09803940699650691
0 0.5365430024953989 0.619667493380033 0.016987360440767728 0.017010578742394082
0 0.8924047029935397 0.19509392518263596 0.018215472881610576 0.018628707298865683
0 0.2611090586735652 0.15990303112910345 0.015052722050593449 0.01515351808988131
0 0.7053703161386343 0.3935474982628456 0.01854984576885517 0.01869054941030649
0 0.5260043511023889 0.6293732569767878 0.017398540790264424 0.01746221689077524
0 0.7979417214026818 0.7829659535334661 0.022678668682391826 0.02262731698843149
0 0.14124481494610125 0.8055757375863882 0.025391468634972207 0.02534660926231971
0 0.37543450869046724 0.42518131549541766 0.028944015502929688 0.029006077693058893
0 0.9017508580134466 0.6638419077946589 0.01909945561335637 0.01793054433969351
0 0.573966539823092 0.9399244601909931 0.01644618694598858 0.016728034386268027
0 0.3639981930072491 0.8756479116586539 0.023723602294921875 0.023865186251126803
0 0.7456829364483173 0.542815428513747 0.01755831791804387 0.017742743858924277
0 0.6339947627140925 0.9012623566847581 0.016270270714393027 0.016460125262920674
0 0.8819569807786208 0.8069088275615985 0.01743345994215745 0.017540564903846152
0 0.124557586816641 0.4283909430870643 0.02927688451913687 0.02875826908991887
0 0.43041324615478516 0.142105194238516 0.03671895540677584 0.03565300427950346
0 0.6924947591928335 0.566858511704665 0.015750004695012018 0.015927681556114785
0 0.5657323690561148 0.4994731316199669 0.019302221444936898 0.01933589348426232
0 0.9053729864267203 0.4937257766723633 0.022362342247596152 0.023135552039513223
0 0.8966942567091721 0.36501260904165417 0.026006111731896035 0.026682193462665264
0 0.9300777728740985 0.7621410076434796 0.015325106107271634 0.015464489276592549
0 0.5273818236130935 0.4789216701801007 0.01870302053598257 0.018673456632173978
0 0.8349535281841571 0.2752324617826022 0.02505067678598257 0.02518298075749324
0 0.29071950912475586 0.07556547568394588 0.014567888700045072 0.014649721292349009
0 0.9075499314528245 0.37259068855872524 0.01804938683143029 0.017949764545147236
0 0.862292216374324 0.5398021111121545 0.019388932448167067 0.0189971923828125
0 0.5270110643826998 0.7434384272648737 0.023770992572490986 0.023884113018329326
0 0.6597560002253606 0.8952906681941106 0.018112769493689902 0.01729275630070613
0 0.6186882899357722 0.6421840374286358 0.014765262603759766 0.01457507793719952
0 0.9367426358736478 0.49947676291832555 0.014524313119741587 0.014447799095740685
0 0.907844983614408 0.6647594158466046 0.01595614506648137 0.016684312086838942
0 0.8244562882643479 0.5708979459909292 0.03266994769756611 0.03243563725398137
0 0.8157522494976337 0.3789019217857948 0.017184330866887018 0.01763314467210036
