0 0.4881114959716797 0.4418621063232422 0.1086896749643179 0.1080320798433744
0 0.3476658601027269 0.23275003066429725 0.06387255741999699 0.0649567017188439
0 0.1957714741046612 0.06628675644214337 0.07218522291917068 0.07213498995854305
0 0.5684804182786208 0.11540510104252742 0.05907520881065956 0.05861319028414213
0 0.42703958658071667 0.8376771486722506 0.0751485090989333 0.07627487182617188
0 0.8045906653771033 0.8902798432570237 0.043974656325120196 0.044142649723933294
0 0.7566028741689829 0.039226577832148626 0.03412173344538762 0.033963604615284845
0 0.817080571101262 0.6824709818913386 0.029621270986703727 0.029690375694861777
0 0.7404947280883789 0.5698833832373986 0.02887564439039964 0.02899059882530799
0 0.23429661530714768 0.7592409574068509 0.05512927128718449 0.05577997060922476
0 0.7689445202167218 0.06838540847484882 0.06588686429537259 0.06569154445941632
0 0.3061695465674767 0.4449956233684833 0.04599761962890625 0.04554183666522686
0 0.723092299241286 0.22077266986553484 0.06964111328125 0.0698534158559946
0 0.46964329939622146 0.8658718696007361 0.0653685056246244 0.06516353900615986
0 0.558618765610915 0.8543362250694861 0.05060724111703726 0.05058846106896034
0 0.26390756093538725 0.34525500811063325 0.0338592896094689 0.03380768115703876
0 0.1720127692589393 0.3228059181800255 0.029771144573505107 0.03828848325289213
0 0.2837516344510592 0.40777015686035156 0.061801763681265026 0.06112333444448618
0 0.16897898453932542 0.23203217066251314 0.018579813150259163 0.01972517600426307
0 0.3486758012038011 0.14547799183772162 0.030995589036207933 0.031009894150954027
0 0.7326145905714768 0.12288636427659255 0.021930107703575723 0.02180932118342473
0 0.5046469615055964 0.5615940093994141 0.0296176030085637 0.029438312237079326
0 0.7494960931631235 0.8809119004469651 0.08051270705003005 0.08267857478215145
0 0.5986915001502404 0.20461551959698016 0.028833682720477764 0.028916652386005107
0 0.7305942682119516 0.9641270270714393 0.09593802232008714 0.0670317136324369
0 0.7678384047288161 0.6191057792076697 0.028572229238656852 0.028754014235276442
0 0.30239314299363357 0.06497889298659104 0.01964268317589393 0.020064665721012995
0 0.8062025216909555 0.3266938282893254 0.01909476060133714 0.01946368584266076
0 0.27754581891573393 0.5491354648883526 0.051095742445725664 0.051279434790978067
0 0.23204676921551043 0.46312816326434797 0.02748390344473032 0.027588477501502402
0 0.3325139559232272 0.164949527153602 0.020777775691105768 0.020584253164438102
0 0.8253201704758865 0.09876370429992676 0.01879736093374399 0.01866773458627554
0 0.2123439862177922 0.15038179434262788 0.01836571326622596 0.017995522572444037
0 0.16712665557861328 0.6260388447688177 0.017819698040301982 0.01764253469613882
0 0.2531127562889686 0.5119231297419622 0.03681505643404447 0.0372155996469351
0 0.24420811579777643 0.08832095219538762 0.023399206308218148 0.02347425314096304
0 0.6399054894080529 0.7853817572960486 0.040601290189302884 0.040659537682166465
0 0.3388534692617563 0.47205110696645886 0.03537134023813101 0.03577753213735727
0 0.19180367543147162 0.517904098217304 0.03513952401968149 0.03515911102294922
0 0.4057788115281325 0.09967325283930852 0.11201110252967247 0.11270391024076022
0 0.7280450967641977 0.5343743837796725 0.025758009690504808 0.025951385498046875
0 0.48455671163705677 0.33443476603581357 0.016335560725285456 0.01623703883244441
0 0.27007176325871396 0.01120407420855302 0.03302926283616286 0.021572917699813843
0 0.6607496555034931 0.9751088802631085 0.05743056077223558 0.04463474567119892
0 0.24379730224609375 0.021860856276292067 0.023498901954064004 0.0238839892240671
0 0.4429203180166391 0.711637937105619 0.01663838900052584 0.016591732318584736
0 0.4839346225445087 0.9554098569429837 0.023815301748422477 0.023795494666466348
0 0.6823030618520883 0.7587033051710862 0.2731154515193059 0.27301656282865083
0 0.5412367307222806 0.4698912547184871 0.019821900587815505 0.019838993365948018
0 0.17316328562222993 0.8419565787682166 0.019639015197753906 0.019630578848031852
0 0.32442232278677136 0.27221474280724156 0.02262577643761268 0.022745866041917067
0 0.5305758989774264 0.1631904565371 0.040303597083458535 0.040593734154334433
0 0.3004608704493596 0.47135166021493763 0.03278127083411583 0.03319087395301232
0 0.38856931833120495 0.03920760980019203 0.025310002840482272 0.025415943219111517
0 0.5067170216487005 0.07286054354447585 0.01673713097205529 0.01630119177011343
0 0.7764730453491211 0.27160475804255557 0.06503501305213341 0.06518246577336238
0 0.555459609398475 0.6741085786085862 0.016616234412560098 0.016245915339543268
0 0.7240726764385517 0.933633070725661 0.02008232703575721 0.02038750281700721
0 0.2576744006230281 0.6007851820725661 0.01630856440617488 0.016343336838942308
0 0.380371827345628 0.4632923419658954 0.02685972360464243 0.026833020723783053
0 0.6942692536574143 0.8602760755098783 0.04071353032038762 0.040846751286433294
0 0.30113807091346156 0.8475997631366436 0.030538412240835335 0.03030248788686899
0 0.18472790718078613 0.13767690841968244 0.051178235274094805 0.09164221470172589
0 0.26606985238882214 0.18352277462299055 0.07318438016451322 0.07395836023183969
0 0.44476178976205677 0.15734346096332258 0.02782154083251953 0.02763996674464299
0 0.41855988135704625 0.5661329489487869 0.04073964632474459 0.04100109980656551
0 0.20892937366779035 0.5602831473717322 0.036315514491154596 0.03604346055250902
0 0.2040256353525015 0.5367277585543119 0.035102550800030045 0.03597743694598858
0 0.4927233916062575 0.08336130472329947 0.01600030752328726 0.016379172985370342
0 0.17998416607196516 0.20914635291466346 0.041347577021672174 0.053827725923978366
0 0.6708027766301081 0.2190703245309683 0.028506645789513223 0.028619839594914362
0 0.3099957612844614 0.6178415738619291 0.03110041985144982 0.03057241439819336
0 0.4785972741933969 0.9253570850078876 0.17080277663010818 0.14648085374098557
0 0.6973128685584435 0.9185463098379282 0.01632103553185096 0.01629785391000601
0 0.5340813856858474 0.007794341215720544 0.019095787635216348 0.014408810780598568
0 0.47513437271118164 0.04119528256929838 0.029230851393479567 0.029706035669033345
0 0.48134950491098255 0.5969034341665415 0.01628274184006911 0.016201166006234977
0 0.7312360176673303 0.9011406531700721 0.018231611985426683 0.017923501821664665
0 0.28336000442504883 0.5894883962777945 0.03663943364070012 0.03656724783090445
0 0.513092407813439 0.3096306874201848 0.02487784165602464 0.025136782572819635
0 0.5707585261418269 0.5526366967421311 0.046996776874248795 0.048356056213378906
0 0.5155739417442908 0.21664685469407302 0.06952535189115085 0.06954486553485577
0 0.20194303072415865 0.8154445061316857 0.045905700096717246 0.04617999150202824
0 0.8079608036921575 0.9790000181931716 0.0777270977313702 0.04103176410381611
0 0.3258889638460599 0.19798429195697492 0.047619012685922474 0.04739867723905123
0 0.6725659003624549 0.4902720818152794 0.0699771000788762 0.07015521709735577
0 0.49529303037203276 0.5121342585637019 0.016957649817833535 0.016726127037635215
0 0.7420265491192157 0.1431247637822078 0.014716075016902043 0.014731077047494741
0 0.8025699028602014 0.33283673799954927 0.08123926016000602 0.1034394961137038
0 0.42188101548414964 0.042982789186330944 0.030820406400240384 0.030943677975581244
0 0.2655604069049542 0.7696999769944411 0.01758296673114483 0.017436687762920674
0 0.1650561002584604 0.9635386100182166 0.02363164608295147 0.02765479454627404
0 0.6624842423659104 0.17821372472322905 0.02140045166015625 0.020877508016733024
0 0.34977010580209583 0.29908565374521107 0.016102717472956732 0.015883519099308893
0 0.6093650230994592 0.6197088681734525 0.03465828528771034 0.033797044020432696
0 0.8267342494084284 0.17057547202477089 0.026140653170072116 0.026323758638822116
0 0.7962972200833834 0.17683927829448992 0.014894045316256009 0.015104000384990986
0 0.3208457139822153 0.08308649980104886 0.028133685772235576 0.027704458970289964
0 0.39426422119140625 0.3372051899249737 0.034271533672626205 0.03445214491624098
0 0.47710389357346755 0.7966858790471003 0.016587477463942308 0.016730822049654447
0 0.4746687962458684 0.19558099599984977 0.01578375009390024 0.01583972344031701
0 0.4561767211327186 0.7689519295325646 0.015229445237379808 0.015214773324819712
0 0.38141918182373047 0.48387857583852917 0.02024665245643029 0.020328668447641227
0 0.8100558060866135 0.8493784390963041 0.014229701115534855 0.014612051156850962
0 0.7296183659480169 0.8919360821063702 0.01623989985539363 0.016149080716646634
0 0.6973294478196365 0.2577666869530311 0.016560187706580527 0.01659261263333834
0 0.3726056172297551 0.010381595446513249 0.01984552236703726 0.018345369742466852
0 0.21091604232788086 0.8210882040170523 0.015625770275409404 0.015759981595552884
0 0.4934053421020508 0.6283771808330829 0.022530629084660456 0.022754669189453125
0 0.2725565800300011 0.9906949263352615 0.03032082777756911 0.017720149113581732
0 0.6537648714505709 0.7321275564340445 0.014659588153545674 0.014788994422325721
0 0.3226684790391188 0.11494596187884991 0.05418315300574669 0.05264740723830003
0 0.1651606009556697 0.9848380455603967 0.023949256310096152 0.026219001183143027
0 0.22305723337026742 0.5120944243211013 0.025675406822791465 0.025639167198768027
0 0.3614669212928185 0.7280376874483548 0.03442800962007963 0.03456673255333534
0 0.5518385080190805 0.29410380583543044 0.01652248089130108 0.016490679520827074
0 0.7197055816650391 0.7143347813532903 0.023117652306189902 0.021831219012920674
0 0.5157019175015963 0.5283689498901367 0.014366736778846154 0.014298952542818509
0 0.18555377079890326 0.9733847104586087 0.02297056638277494 0.023066594050480768
0 0.6624014927790716 0.18106790689321664 0.0241851806640625 0.02484420629648062
0 0.6412861163799579 0.7745117040780874 0.17648916978102464 0.238616209763747
0 0.6867423424353967 0.29405979009775013 0.017247860248272236 0.017314764169546273
0 0.7129882665780874 0.3358014180110051 0.05644519512469952 0.05708004878117488
0 0.41271261068490833 0.4943555685190054 0.020455287053034857 0.020575963533841647
0 0.39937712596013 0.4136820206275353 0.028400567861703727 0.02833901918851412
0 0.568298706641564 0.3286610383253831 0.030896700345552884 0.030822020310621995
0 0.5697252566997821 0.5560322174659142 0.04040057842548077 0.03917422661414513
0 0.7768313334538386 0.019670834908118613 0.015515400813176082 0.015542520926548885
0 0.23174460117633527 0.3352627387413612 0.020103894747220553 0.020450738760141227
