0 0.6957842019888071 0.2560728513277494 0.02058997521033654 0.020527106065016527
0 0.0870660268343412 0.028091196830456074 0.07504429725500253 0.054904891894413874
0 0.903656005859375 0.0735462812276987 0.016846583439753607 0.016483783721923828
0 0.6474261650672326 0.17313871016869178 0.01567811232346755 0.015657975123478815
0 0.14967540594247672 0.34311591661893404 0.022775870103102464 0.022550436166616585
0 0.5422022526080792 0.9579560940082257 0.016146293053260215 0.015930615938626803
0 0.32289732419527495 0.15894268109248236 0.026638617882361777 0.026691656846266527
0 0.9133742405818059 0.030739589379383966 0.018523583045372598 0.018693800155933086
0 0.9265818229088416 0.3966847199660081 0.02451148399939904 0.024217899029071514
0 0.7426451169527494 0.33008333352895886 0.05926660391000601 0.05868229499230018
0 0.7388935089111328 0.29849899732149565 0.022312457744891826 0.022366817180926982
0 0.05808947636530949 0.4963679313659668 0.015699239877554085 0.017360980694110576
0 0.27988186249366176 0.9488462301400992 0.015477473919208232 0.015367361215444712
0 0.3340618426983173 0.06088368709270771 0.06783147958608773 0.0675662114070012
0 0.2503965817964994 0.0174084328688108 0.017678480881911058 0.01797120846234835
0 0.08844073919149545 0.664851555457482 0.024097699385422926 0.024328085092397835
0 0.09702115792494553 0.4770514414860652 0.052523947679079495 0.05307417649489183
0 0.5419373879065881 0.17830643287071815 0.01426542722261869 0.01424855452317458
0 0.26133843568655163 0.10069483977097732 0.08418578367966872 0.08123362981356107
0 0.8953440739558294 0.3988560163057767 0.028822972224308893 0.02899771470289964
0 0.24270004492539626 0.4132073475764348 0.03279696978055514 0.032763187701885514
0 0.8166954333965595 0.9869031172532302 0.02407983633188101 0.02217894334059495
0 0.17837766500619742 0.22020323459918684 0.019649799053485576 0.01956312473003681
0 0.20619971935565656 0.5732377492464505 0.01384265606219952 0.013952988844651442
0 0.6040271612314078 0.40452102514413685 0.04259402935321514 0.0425410637488732
0 0.09649045650775616 0.07347323802801278 0.04110087339694683 0.04188668727874756
0 0.3959494370680589 0.3822620465205266 0.023115011361929085 0.022652259239783652
0 0.5863158519451435 0.7866193331204928 0.14385084005502555 0.1414771446814904
0 0.9409263317401593 0.2602733281942514 0.018522996168870192 0.03159607373751127
