0 0.4006466498741737 0.9436294849102314 0.025244712829589844 0.02532372107872596
0 0.4761517964876615 0.16505745741037223 0.033739750201885514 0.0334620842566857
0 0.6889475308931791 0.5811860011174128 0.024661430945763223 0.024799273564265326
0 0.3499375856839694 0.28349843392005336 0.019984978895920973 0.02012938719529372
0 0.7462331331693209 0.16167173018822303 0.033271496112530045 0.033458746396578275
0 0.6303771092341497 0.7214374542236328 0.019881028395432692 0.020111964299128607
0 0.39917674431434047 0.5230097770690918 0.01757365006666917 0.01775228060208834
0 0.522889834183913 0.20923504462608924 0.02107862325815054 0.021165114182692308
0 0.6564193138709435 0.14281048224522516 0.02189020010141226 0.021888146033653848
0 0.7716439320490911 0.9790657483614408 0.02191778329702524 0.021923358623798076
0 0.6470831357515775 0.9477750338040866 0.023462295532226562 0.02367577185997596
0 0.22801292859590971 0.38355064392089844 0.03369907232431265 0.03391559307391827
0 0.6151616023137019 0.8470665124746469 0.025978235098031852 0.025972513052133415
0 0.38854144169734073 0.4312382477980394 0.027370452880859375 0.027323062603290264
0 0.366483394916241 0.8963813781738281 0.01756712106557993 0.017529707688551683
0 0.7204827528733474 0.8964955990131085 0.018660912146935098 0.018720333392803486
0 0.45647459763746995 0.5700299189640925 0.01692676544189453 0.016914514394906852
0 0.49329031430757964 0.26242841207064116 0.020070736224834736 0.020204947544978216
0 0.4889252736018254 0.52556822850154 0.018871307373046875 0.018763615534855768
0 0.504176139831543 0.25046324729919434 0.020833749037522536 0.021187452169565055
0 0.522526741027832 0.5143456825843225 0.017237296471228965 0.01706974322979267
0 0.772778584406926 0.48117887056790865 0.017518997192382812 0.01779490250807542
0 0.5743890909048227 0.29008225294259876 0.017202157240647536 0.0171049924997183
0 0.7142008267916166 0.9789149944598858 0.0176846430851863 0.017879192645733174
0 0.48834228515625 0.4053500248835637 0.0989214090200571 0.09785300034743089
0 0.5845551123985877 0.8627505669227014 0.015816101661095254 0.015636590810922477
0 0.6391861255352314 0.666714594914363 0.017094245323768027 0.017252701979417067
0 0.5210445110614483 0.564360471872183 0.01632059537447416 0.01644295912522536
0 0.554315603696383 0.08847238467289852 0.016068018399752103 0.015821273510272685
0 0.33829600994403547 0.22315172048715445 0.016810050377478965 0.016560811262864333
0 0.21185500805194563 0.3261266855093149 0.01593751173753005 0.02256906949556791
0 0.3777518639197716 0.8279248017531174 0.12581971975473258 0.12431144714355469
0 0.3474116692176232 0.1558861915881817 0.017852196326622598 0.017682002140925482
0 0.4723986845750075 0.7427707818838266 0.01582923302283654 0.015973751361553486
0 0.7152054126446064 0.9156513214111328 0.0166628910945012 0.016245035024789665
0 0.739493149977464 0.7821642802311823 0.017220717210036058 0.017038345336914062
0 0.27856507668128383 0.5788128926203802 0.016447727496807393 0.01641192803016076
0 0.33788028130164516 0.6267741276667669 0.016041902395395134 0.015955411470853366
0 0.2688179382911095 0.5065095608051007 0.018617703364445612 0.018714464627779447
0 0.35840760744535005 0.6727422567514273 0.015926214364858773 0.015689849853515625
0 0.22198840288015512 0.4218547527606671 0.021454554337721605 0.021409988403320312
0 0.2797254965855525 0.9291566702035757 0.15912778560931867 0.13850989708533654
0 0.7068612025334284 0.752540294940655 0.1126852769118089 0.11682393000676082
0 0.36363741067739636 0.7913181598369892 0.015320851252629207 0.015219321617713341
0 0.2812363918011005 0.7677156741802509 0.0191805179302509 0.01918646005483774
0 0.5229985530559833 0.9542713165283203 0.0152740478515625 0.0151519775390625
0 0.3631475888765775 0.03535410991081825 0.015770838810847357 0.015499344238868127
0 0.6650439042311448 0.2074582026554988 0.08522283113919772 0.08410116342397836
0 0.36192923325758714 0.5454775370084323 0.018627020028921273 0.018515513493464544
0 0.6943956521841196 0.691039672264686 0.015136131873497596 0.015046046330378605
0 0.6196735822237455 0.9733433356651893 0.1426844963660607 0.052385917076697715
0 0.7218798123873197 0.9581577594463642 0.10183481069711539 0.07710588895357572
0 0.7864609498244065 0.03162539463776808 0.015623679527869591 0.01610532173743615
0 0.4553409723135141 0.20675094311053938 0.016508836012620192 0.01639578892634465
0 0.7222416217510517 0.2405372032752404 0.015580544104942909 0.016018207256610576
0 0.30038609871497524 0.6895400560819186 0.017638646639310397 0.017615098219651442
0 0.5505223641028771 0.3013969568105844 0.017199883094200723 0.017388417170597956
0 0.7385800434992864 0.862892957834097 0.014682916494516226 0.014565687913161058
0 0.22799242459810698 0.25491010225736177 0.014775642981896034 0.014592977670522837
0 0.27527831150935245 0.07189454940649179 0.01941834963285006 0.019220948219299316
0 0.48355744435237 0.1412607981608464 0.015634830181415264 0.01544358180119441
0 0.2739201325636644 0.2005904087653527 0.014625769395094652 0.014772855318509616
0 0.35417890548706055 0.5286583533653846 0.028055557837853067 0.027572778555063102
0 0.6142631677480844 0.036055221007420465 0.017053750845102165 0.017326749288118802
0 0.5152464646559495 0.5472057782686673 0.014849589421198918 0.01502535893366887
0 0.7050848740797776 0.5297055244445801 0.015015235314002404 0.01521000495323768
0 0.35330882439246547 0.18749094009399414 0.015010980459359976 0.014766766474797176
0 0.7398926661564753 0.8230438232421875 0.015618544358473558 0.015799595759465143
0 0.3317488156832181 0.18666751568134016 0.01526502462533804 0.015180147611177884
0 0.4578568385197566 0.25650864381056565 0.014684970562274639 0.014876879178560697
0 0.7844055615938627 0.09585036681248592 0.013630353487454928 0.013391531430757962
0 0.4087635920597957 0.395139584174523 0.0403443850003756 0.04075057689960186
0 0.5930136167086087 0.9083405274611253 0.01472641871525691 0.014322134164663462
