0 0.30019573064950794 0.7129654517540565 0.1671013465294471 0.16295917217548078
0 0.6321092752309946 0.5453214278587928 0.08275043047391452 0.08328635875995342
0 0.8637586006751428 0.9774814018836389 0.052415114182692304 0.040320323063777044
0 0.8004123247586764 0.7531603299654447 0.17689851614145133 0.17917779775766227
0 0.882078977731558 0.04130782530857967 0.0477748283973107 0.047835276677058294
0 0.7989114614633414 0.37537578436044544 0.046030484713040866 0.04642912057729868
0 0.8195202167217548 0.41199801518366885 0.052570343017578125 0.05208323552058293
0 0.7560898707463191 0.6223949285653921 0.04397304241473858 0.04372567396897536
0 0.5994618489192083 0.26900623394892764 0.08367156982421875 0.08369222054114708
0 0.5233891560481145 0.11051563116220328 0.0699159182035006 0.06970930099487305
0 0.18854961028465858 0.7992340968205378 0.09972807077261117 0.09893593421349159
0 0.418304443359375 0.3688460129957933 0.052509454580453724 0.05241482074444111
0 0.302921331845797 0.3215938348036546 0.060733721806452826 0.06105444981501652
0 0.3059114859654353 0.4795835201556866 0.07005775891817533 0.06976670485276443
0 0.13670151050274187 0.8610082039466271 0.08689304498525766 0.08726075979379508
0 0.1342008847456712 0.2777862548828125 0.06157698998084435 0.06069799569936899
0 0.14466155492342436 0.9789650256817157 0.05190207408024715 0.036904555100661054
0 0.6622581481933594 0.4128624109121469 0.03609671959510216 0.03594061044546274
0 0.7116694817176232 0.16738429436316857 0.06124525803786058 0.060756866748516374
0 0.14516230729910043 0.13570778186504656 0.027921713315523587 0.028172749739426833
0 0.7123446831336389 0.30247196784386265 0.08585313650277945 0.08662788684551533
0 0.8055229920607346 0.5034972704373873 0.03812760573167067 0.03824395399827223
0 0.7009655145498422 0.49957913618821365 0.029587819026066706 0.029428628774789665
0 0.8739933600792518 0.6803175119253305 0.03952290461613582 0.039493414071890026
0 0.8446172567514273 0.9228305816650391 0.02813896766075721 0.027842301588792067
0 0.6468739142784705 0.15269790245936468 0.040343944842998795 0.040207441036517806
0 0.5228467354407678 0.2246257341825045 0.06153781597430889 0.061534881591796875
0 0.4214770610515888 0.10554999571580154 0.04504871368408203 0.045180870936467096
0 0.18334320875314566 0.18490969217740572 0.02087101569542518 0.020809320303109977
0 0.20746381466205305 0.6988048553466797 0.030970683464637168 0.030816298264723558
0 0.7535376915564904 0.7867083916297326 0.09040333674504207 0.08996083186222957
0 0.4065845196063702 0.9421844482421875 0.03299859853891226 0.03330025306114784
0 0.42058882346520055 0.1678136128645677 0.022946577805739183 0.02253862527700571
0 0.8796245868389423 0.18930868002084586 0.03440299400916466 0.03462652059701773
0 0.8519276839036208 0.396515626173753 0.02016448974609375 0.020171532264122598
0 0.7157235512366662 0.35971678220308745 0.017125789935772236 0.017067835881159857
0 0.6879626787625827 0.04376322031021118 0.04071455735426683 0.040521750083336465
0 0.8345204866849459 0.5042429703932542 0.019871051494891826 0.019941403315617487
0 0.8596119513878455 0.32061272401076096 0.020839397723858174 0.020946576045109674
0 0.7011190561147836 0.5620503792395959 0.01975426307091346 0.019930546100323018
0 0.46730965834397536 0.17331464474017805 0.01762815622182993 0.01755351286668044
0 0.47902275965763974 0.8313950758713943 0.029535440298227165 0.029127120971679688
0 0.8828279055081881 0.30794422443096453 0.02680382361778846 0.026535639396080606
0 0.42243069868821365 0.14482352366814247 0.021190643310546875 0.0211794376373291
0 0.47118249306311977 0.8880977630615234 0.022234476529634915 0.022203592153695915
0 0.3114811823918269 0.22375796391413763 0.019283441396859977 0.01917428236741286
0 0.13921925654778114 0.9205348675067608 0.10431522589463454 0.10614600548377404
0 0.5875574258657602 0.34635125673734224 0.10726092411921574 0.10584515791672927
0 0.8457214648907001 0.5368429330679086 0.027617527888371393 0.02727376497708834
0 0.7976360321044922 0.5757671136122483 0.02037943326509916 0.02045866159292368
0 0.5500823534451998 0.16830981694735014 0.017796736497145433 0.01777304135836088
0 0.29192322951096755 0.2733917603125939 0.033017451946551986 0.03299581087552584
0 0.16693447186396673 0.7094977452204778 0.021502311413104717 0.021708561823918268
0 0.3348340621361366 0.9744704319880559 0.04931141779972957 0.045556141779972956
0 0.628937501173753 0.45020994773277867 0.07223187960111178 0.07226276397705078
0 0.2837846829341008 0.7094877683199369 0.023746197040264424 0.023728590745192308
0 0.5146384605994592 0.16585206985473633 0.023789185744065505 0.02362654759333684
0 0.9124983274019681 0.777121690603403 0.034613389235276446 0.034262437086838946
0 0.685331784761869 0.26366708828852725 0.03819612356332632 0.03835835823645958
0 0.5376113011286809 0.06760812722719632 0.019610478327824518 0.019686093697181113
0 0.8324391291691706 0.0940849781036377 0.01912513146033654 0.019045389615572415
0 0.5563952372624323 0.4152834232036884 0.03913806034968449 0.03946993901179387
0 0.8776125541100135 0.26233849158653844 0.018610294048602764 0.01849497281588041
0 0.4916562300461989 0.06466722029906052 0.017116399911733773 0.017029221241290752
0 0.3862467545729417 0.5843141995943509 0.05637521010178786 0.05702473567082332
0 0.5520767065194937 0.87725646679218 0.016932120689978965 0.016760752751277044
0 0.37752918096689075 0.8964182780339167 0.019734676067645732 0.019855205829326924
0 0.4117270983182467 0.7235943720890925 0.05237271235539363 0.05190071692833534
0 0.3812775978675255 0.6674188467172476 0.024925672090970553 0.024794651911808893
0 0.4999069067148062 0.4397618220402644 0.016075721153846152 0.01600228823148287
0 0.30863497807429385 0.40200233459472656 0.06920249645526592 0.06953613574688251
0 0.7299699049729568 0.600093254676232 0.023617671086237982 0.02363762488731971
0 0.789345961350661 0.4700676111074594 0.025493034949669473 0.025134893564077523
0 0.6981851137601413 0.4659863985501803 0.01526348407451923 0.015341612008901743
0 0.7206423832820013 0.11524689197540283 0.016973348764272835 0.01708709276639498
0 0.7457031836876502 0.022927506611897394 0.019948519193209134 0.020032823085784912
0 0.36821490067702073 0.1059101728292612 0.06972283583420974 0.07019651394623977
0 0.8627259181096003 0.8325584118182843 0.015537702120267428 0.015569540170522837
0 0.7710734880887545 0.5971805865948017 0.015197167029747596 0.015267445490910457
0 0.7397663409893329 0.6546154022216797 0.022722390981820915 0.023311614990234375
0 0.07228239683004525 0.5995360154371995 0.018928674551156852 0.019056320190429688
0 0.46902605203481823 0.06877549795004037 0.01627525916466346 0.016291398268479567
0 0.38808778616098255 0.8230680318979117 0.024308278010441706 0.024388826810396634
0 0.7164955139160156 0.9117349477914664 0.017588982215294473 0.017513862022986777
0 0.4650288361769456 0.23633736830491286 0.03302427438589243 0.03384311382587139
0 0.6133766541114221 0.16122711621798003 0.03234679882342999 0.032177274043743424
0 0.37955570220947266 0.8471653278057392 0.025761971106896035 0.025929084190955527
0 0.6213251260610727 0.9315235431377704 0.06615040852473332 0.06798348060021034
0 0.2241204701937162 0.2819261367504413 0.019505390754112832 0.01973735369168795
0 0.5155473122229943 0.6517375065730169 0.018252152663010817 0.017821385310246393
0 0.10348257651695839 0.7173877862783579 0.025469431510338418 0.025348369891826924
0 0.8407426980825571 0.20607460462130034 0.014767866868239183 0.014762584979717549
0 0.12575338437007025 0.3623689871567946 0.0664526499234713 0.06647036625788762
0 0.16435923943152794 0.6614901469304011 0.016681084266075723 0.016675508939302884
0 0.8298152043269231 0.3232477628267728 0.016264695387620192 0.016251490666316107
0 0.9265688382662259 0.6962016179011419 0.022611471322866585 0.02480316162109375
0 0.2631101608276367 0.29388988935030425 0.03700116964486929 0.037218460669884317
0 0.7096293522761419 0.08521571526160607 0.024921417236328125 0.025010072267972507
0 0.4095322535588191 0.26888297154353213 0.015752058762770433 0.015837669372558594
0 0.7983878209040716 0.04360428681740394 0.018505976750300482 0.01856374740600586
0 0.13249973150400016 0.6480504549466647 0.01755666732788086 0.017642974853515625
0 0.3502762501056378 0.5027700937711276 0.03679950420673077 0.03662314781775841
0 0.23723334532517654 0.8300643334021935 0.01653773968036358 0.016030238224909857
0 0.5101313224205604 0.08563628563514122 0.03351930471567007 0.03286367196303148
0 0.16109231802133414 0.40134426263662487 0.040546719844524674 0.04067853780893179
0 0.7481001340425931 0.34960431319016677 0.01614966759314904 0.01593956580528846
0 0.8896890786977915 0.10320019721984863 0.026238368107722357 0.025976144350492038
0 0.3473762365487906 0.27735115931584287 0.030014478243314303 0.029726395240196817
0 0.5422569421621469 0.6284390963040866 0.022005227895883415 0.021857628455528848
0 0.8476431186382587 0.12153918926532452 0.030427932739257812 0.02968564400306115
0 0.8868364920982947 0.41822272080641526 0.02055212167593149 0.020697520329402044
0 0.6082709019000714 0.20321849676278922 0.09242299886850211 0.08848417722261868
0 0.17367942516620344 0.35866220180804914 0.02857376978947566 0.028625928438626803
0 0.8756207686204177 0.4683728584876427 0.03353265615609976 0.03285026550292969
0 0.6736221313476562 0.5894460678100586 0.036077059232271634 0.03643329326923077
0 0.30191386662996733 0.9437421651986929 0.055903104635385364 0.05477289053109976
0 0.5785591418926532 0.8737306594848633 0.01613470224233774 0.016143211951622598
0 0.540569965655987 0.09166068297166091 0.016138663658728965 0.01595167013315054
0 0.5350527396568885 0.5112595924964318 0.03706785348745493 0.0370941162109375
0 0.35915029965914214 0.30346962121816784 0.022736109220064603 0.02372910426213191
0 0.6755645458514874 0.04369343244112455 0.019573505108173076 0.019516403858478252
0 0.33921608558067906 0.8091709430401142 0.016881355872521035 0.016711308405949518
0 0.9146950061504657 0.4240890649648813 0.017400594858022835 0.017105982853816107
0 0.3801967180692233 0.10582138941838191 0.0172269527728741 0.016954421997070312
0 0.4761204352745643 0.9327264932485727 0.014946570763221154 0.014929257906400241
0 0.705714592566857 0.5943387104914739 0.030888190636268027 0.031424449040339544
0 0.3816920793973483 0.9781588040865384 0.043120164137620196 0.03922477135291466
0 0.3308604313777043 0.2918875217437744 0.025680395273061898 0.0255282842195951
0 0.6934107266939603 0.10041362505692703 0.014624082125150241 0.014701623183030348
0 0.49006975614107573 0.8946247100830078 0.016717910766601562 0.01711449256310096
0 0.8698927805973933 0.11336961159339318 0.014961829552283654 0.015247858487642728
0 0.2659160907451923 0.18772455362173227 0.01957849355844351 0.0194247319148137
0 0.2708135017981896 0.26547030302194446 0.019260479853703424 0.019410426800067607
0 0.15590950158926156 0.7208079558152419 0.017853223360501803 0.018447435819185697
0 0.34137909228985125 0.85224122267503 0.04618277916541466 0.04624322744516226
0 0.3797738001896785 0.0071825259006940406 0.026144908024714544 0.012939040477459248
0 0.3136451794550969 0.24058884840745193 0.016716516934908353 0.016572952270507812
0 0.6379869167621319 0.21680474281311035 0.04096309955303486 0.04197780902569111
0 0.14881403629596418 0.11616810468526986 0.01806042744563176 0.01782679557800293
0 0.36356639862060547 0.8013174350445087 0.05560097327599159 0.05894000713641827
0 0.4823188048142653 0.2139760164114145 0.01956323476938101 0.019930509420541618
0 0.09407231440910926 0.808894524207482 0.0657051893380972 0.09099094684307392
0 0.2428433895111084 0.33136499845064604 0.01983022689819336 0.019621555621807393
0 0.48130101423997146 0.36444374231191784 0.06452311002291165 0.06628087850717398
0 0.6108191563532903 0.1606002404139592 0.026717992929311898 0.02676842762873723
0 0.285768802349384 0.2400951385498047 0.016300494854266826 0.01607212653526893
0 0.681547605074369 0.5544169499323919 0.015066440288837139 0.0151365720308744
0 0.6815922076885517 0.3553950236393855 0.014798384446364183 0.01467440678523137
0 0.8813067949735202 0.21602161114032453 0.015987542959359977 0.015674297626201924
0 0.5345088518582858 0.43964576721191406 0.029343898479755107 0.029095869797926683
0 0.6105818748474121 0.08627843856811523 0.061554321875939004 0.06012813403056218
0 0.9183745017418494 0.29813436361459583 0.016890745896559495 0.016785401564378005
0 0.07397427008702205 0.20533055525559646 0.015474887994619517 0.015571374159592848
0 0.48473541553203875 0.1658319143148569 0.02167378939115084 0.022193468534029447
0 0.8493518095750076 0.03157605345432575 0.015304271991436299 0.015536468762617845
0 0.30915128267728365 0.7393498053917518 0.015194507745596079 0.015349168043870192
0 0.8616265517014724 0.22310860340411848 0.020299911499023438 0.02026081085205078
0 0.8901976071871244 0.41881550275362456 0.022403423602764424 0.02246996072622446
0 0.907386486346905 0.8462861868051382 0.014142109797551082 0.013841482309194712
0 0.8756785025963416 0.5744777092566857 0.016599508432241585 0.016999318049504206
0 0.8124366906973032 0.46999916663536656 0.021053314208984375 0.021435957688551683
0 0.9152503380408654 0.4252360417292668 0.02135320810171274 0.021100411048302285
0 0.1777808849628155 0.07293866689388569 0.017917412977952223 0.0178911410845243
0 0.1888888432429387 0.7310834297767053 0.04063760317288912 0.04048318129319411
0 0.7867353879488431 0.5474161368149978 0.013904131375826322 0.013760640070988582
