0 0.4319657545823317 0.14754038590651292 0.11330369802621695 0.11384138694176307
0 0.2229189139146071 0.5623570222121018 0.09006390204796424 0.08872354947603665
0 0.8159971237182617 0.5003907863910382 0.07296312772310697 0.07358213571401742
0 0.5320025223952073 0.5619529577401968 0.05552952106182392 0.055112985464242786
0 0.18112395359919622 0.3592731769268329 0.030703177818885215 0.030750201298640326
0 0.6086279795720027 0.6635006391085111 0.020916278545673076 0.02072906494140625
0 0.5278959274291992 0.4009669377253606 0.06356165959284855 0.06453536106989934
0 0.7512326607337365 0.23819661140441895 0.036739349365234375 0.03648464496319111
0 0.08386200207930344 0.7581290465134841 0.01992179797245906 0.02008658189039964
0 0.46985175059391904 0.02442337228701665 0.03721882746769832 0.0375864368218642
0 0.3464543269230769 0.8688649397629958 0.018436431884765625 0.018214005690354567
0 0.21512787158672625 0.788583021897536 0.036632537841796875 0.03675563518817608
0 0.27665107066814715 0.42813689892108625 0.04452731059147762 0.044347176185021035
0 0.3775852643526517 0.8533068436842698 0.040048452524038464 0.04006517850435697
0 0.13951677542466384 0.8105206122765174 0.03604738528911884 0.036276010366586536
0 0.38520424182598406 0.821511855492225 0.027166073138897236 0.027315579927884616
0 0.5516041975754958 0.1453498235115638 0.028294123136080228 0.02834351246173565
0 0.26868574435894305 0.2753328543442946 0.051367686345027044 0.05160096975473257
0 0.38896997158343977 0.7879219055175781 0.029685020446777344 0.029467656062199518
0 0.8651063625629132 0.1235895248559805 0.06535515418419471 0.06506811655484714
0 0.8052638860849234 0.01740460441662715 0.04187363844651442 0.03301817178726196
0 0.7094593048095703 0.29658867762638974 0.03366793118990385 0.033629417419433594
0 0.23218908676734337 0.9385608526376578 0.018104956700251654 0.017905455369215745
0 0.5541169826801007 0.873164543738732 0.031540210430438705 0.03124075669508714
0 0.8150737469012921 0.048386106124291055 0.035846710205078125 0.03601538447233347
0 0.087546156002925 0.799311271080604 0.0200041991013747 0.01991609426645132
0 0.19934465334965631 0.05754712911752554 0.05933369123018705 0.05967483153709999
0 0.5033789047828088 0.652070925785945 0.05693237598125751 0.05640866206242488
0 0.13842366291926458 0.06424251886514518 0.01928509198702299 0.019509333830613356
0 0.41589062030498797 0.025824441359593317 0.032605538001427285 0.03258860111236572
0 0.702706557053786 0.3953543442946214 0.017965316772460938 0.017869215745192308
0 0.5435840166532077 0.2995472321143517 0.027895707350510817 0.02825018075796274
0 0.13746299193455622 0.32516054006723255 0.028504573381864108 0.028733033400315505
0 0.11121174005361703 0.39701271057128906 0.015760073295006387 0.015828939584585335
0 0.8339138031005859 0.31775118754460263 0.020741976224459134 0.02055058112511268
0 0.6484975081223708 0.5050527499272273 0.018316122201772835 0.01814614809476412
0 0.4956215344942533 0.6729370997502253 0.018017402062049277 0.017974266639122598
0 0.5072051194997934 0.7177435067983774 0.038501592782827526 0.03804720365084135
0 0.594123913691594 0.5916421596820538 0.01834722665640024 0.018686294555664062
0 0.43805500177236706 0.5255524561955378 0.02059349646935096 0.020389263446514424
0 0.5645728478064904 0.5985729510967548 0.04101364429180439 0.040509737454927884
0 0.6767369783841647 0.6384206918569711 0.019112220177283652 0.01891180185171274
0 0.6326917501596304 0.6049423217773438 0.01705140333909255 0.017224898705115683
0 0.33615721189058745 0.10648542184096116 0.07857705996586727 0.07876906028160682
0 0.636229735154372 0.3628144631019005 0.03152935321514423 0.031502136817345254
0 0.5863648928128756 0.8672007780808669 0.027039601252629206 0.027348738450270433
0 0.8684774545522836 0.58605406834529 0.03811146662785457 0.038576712975135215
0 0.7692926847017728 0.135734145457928 0.03960360013521635 0.03919405203599196
0 0.9310301267183744 0.6708599970890925 0.03517282926119291 0.03479854877178486
0 0.3775159395658053 0.04403492120596079 0.021085665776179388 0.021097467495844915
0 0.4851887042705829 0.5418709241426908 0.03598587329571064 0.03577423095703125
0 0.8476292536808894 0.22750315299400917 0.036307995135967545 0.03626537322998047
0 0.13365088976346529 0.740517102755033 0.01825259282038762 0.018261249248798076
0 0.5400032630333533 0.5000199538010818 0.02647223839393029 0.02660956749549279
0 0.5212956208449143 0.06213167539009681 0.041134027334359974 0.04035807572878324
0 0.6725337688739483 0.23590927857619065 0.02693631098820613 0.02721848854651818
0 0.5707685030423678 0.6309892214261569 0.030370272122896634 0.0305630610539363
0 0.6946306962233323 0.2617965478163499 0.030703911414513223 0.030485886793870192
0 0.7998564059917743 0.6990114358755258 0.016301521888146035 0.016194563645582933
0 0.8072883899395282 0.10910338621873122 0.06445077749399039 0.06492370825547439
0 0.3640296642596905 0.19493297430185172 0.018562757051908053 0.018617666684664212
0 0.06414274985973652 0.8036792461688702 0.018009020731999323 0.018206669734074518
0 0.7617728893573468 0.30854283846341646 0.10777106651893029 0.10968516423152043
0 0.49557949946476865 0.3952445617088905 0.01552581787109375 0.015442481407752404
0 0.15379279393416184 0.6610093483558068 0.017675748238196738 0.018063912024864785
0 0.681802382835975 0.4670431430523212 0.015570713923527645 0.015602698692908654
0 0.927916013277494 0.3812794318565956 0.02290490957406851 0.022757603571965143
0 0.6409965661855844 0.32214755278367263 0.02959280747633714 0.02952428964468149
0 0.548888793358436 0.6236773270827073 0.015332808861365685 0.015228711641751803
0 0.7536219816941482 0.521967887878418 0.03256313617412861 0.03220822260929988
0 0.9189929228562576 0.39127819354717547 0.023724189171424277 0.02382234426645132
0 0.2607698623950665 0.1584918315594013 0.014915723067063551 0.014638754037710337
0 0.2130455237168532 0.9749811612642728 0.04865316244272085 0.04418534498948317
0 0.5495683229886569 0.6474468524639423 0.023110609788161058 0.024242107684795674
0 0.8044549501859225 0.39852101986224836 0.04383028470552885 0.04378502185528095
0 0.07584310494936429 0.8882565131554236 0.01951905397268442 0.019794170673076924
0 0.6126301105205829 0.6876583099365234 0.0327305426964393 0.03357960627629207
0 0.25019240379333496 0.6871662139892578 0.04202839044424204 0.04232523991511418
0 0.035448578687814564 0.2918057074913612 0.01135101685157189 0.01687020521897536
0 0.0820920650775616 0.8190317887526292 0.01726433405509362 0.016789656419020433
0 0.45764651665320766 0.42518457999596226 0.023191011868990384 0.023188150846041165
0 0.04597693223219652 0.5933142441969651 0.0291747680077186 0.0299835205078125
0 0.9229012269240159 0.9676450582650992 0.015874422513521634 0.015888214111328125
0 0.3261123803945688 0.47961975977971005 0.04897858546330379 0.049666184645432696
0 0.6662376110370343 0.6590822660006009 0.015681340144230768 0.01561722388634315
0 0.7312756318312424 0.1378004367534931 0.030227220975435697 0.030055669637826774
0 0.11731875859774075 0.9445737692025992 0.015754516308124248 0.015900098360501803
0 0.8400786473200872 0.07190795586659358 0.0273281977726863 0.02690145602593055
0 0.890846692598783 0.009966115538890544 0.029584737924429085 0.018449643483528726
0 0.5531476094172552 0.6494070933415339 0.03164540804349459 0.03064390329214243
0 0.8427736575786884 0.7059717911940354 0.05478198711688702 0.05493794954740084
0 0.08346963845766507 0.19712536151592547 0.019241846524752103 0.019078621497521035
0 0.2640235974238469 0.07452512245911819 0.07592942164494441 0.07457372775444618
0 0.15607201136075532 0.6600412955650916 0.021491050720214844 0.02251096872182993
0 0.6342918689434345 0.5270598484919622 0.015206850492037259 0.015038783733661357
0 0.26315369972815883 0.8216254160954402 0.021117137028620794 0.021305964543269232
0 0.11307525634765625 0.7573208442101111 0.014516683725210337 0.014829635620117188
0 0.060618272194495566 0.5517345208388108 0.019855425908015326 0.019669606135441706
0 0.6072589434110202 0.6938792008620042 0.018101031963641826 0.017238030066856973
0 0.35931612895085263 0.7934279075035682 0.025614591745229866 0.02622193556565505
0 0.38818960923414964 0.6014022460350623 0.03126951364370493 0.031398846552922174
0 0.2835109050457294 0.36244744520920974 0.016489175649789665 0.016454109778771035
0 0.5885284863985502 0.6164746651282678 0.01462848369891827 0.014735882098858174
0 0.32825616689828724 0.1090707778930664 0.06378958775446965 0.0676274299621582
0 0.9093820131742038 0.44243680513822115 0.015043992262620192 0.015096517709585337
0 0.17084846129784217 0.21813649397629958 0.09489873739389273 0.09388329432560848
0 0.8226956587571365 0.8607749938964844 0.03186710064227764 0.03154886685884916
0 0.8972661678607647 0.06774541964897743 0.07930828974797176 0.07790277554438664
0 0.276180047255296 0.9103741279015174 0.031251760629507214 0.031218602107121393
0 0.3353732182429387 0.03840016860228319 0.04496148916391226 0.045235734719496504
0 0.6422267326941857 0.0788732492006742 0.01948826129619892 0.019729352914370023
0 0.08328962326049805 0.783546154315655 0.015073120594024658 0.014920454758864183
0 0.312557000380296 0.9372368592482346 0.01784053215613732 0.01858945993276743
0 0.4445482033949632 0.8873227926400992 0.0151976071871244 0.015137012188251201
0 0.7800853435809796 0.16913802807147688 0.016924344576322116 0.017263229076678935
0 0.38336181640625 0.37530895379873425 0.03235582204965445 0.032227516174316406
0 0.2712204639728253 0.7192600690401517 0.022660328791691706 0.022514930138221152
0 0.6577570988581731 0.3736109366783729 0.014641688420222355 0.014619680551382212
0 0.10935183671804574 0.8777788602388822 0.014810415414663462 0.014919867882361779
0 0.28471739475543684 0.3604439221895658 0.01961036828848032 0.019255858201246995
0 0.9234388791597806 0.38607186537522536 0.03135827871469351 0.031766451322115384
0 0.21284204262953538 0.4505390754112831 0.07376535122211163 0.07407188415527344
0 0.08890927754915677 0.589685843541072 0.05266794791588417 0.05166970766507662
0 0.06043370870443491 0.16795895649836615 0.0645147286928617 0.10498589735764724
0 0.6146657650287335 0.15120099141047552 0.014111885657677284 0.014075939471905049
0 0.6567862584040716 0.3979348035959097 0.02864250769981971 0.028279524583082933
0 0.6081168834979718 0.692291259765625 0.021447401780348558 0.020884293776292067
