0 0.5963698900662936 0.05341042005098783 0.06841615530160758 0.06900686484116775
0 0.3356601274930514 0.5095159090482272 0.05659646254319411 0.056812139657827526
0 0.4731205426729642 0.5949952052189753 0.047486378596379206 0.04742343609149639
0 0.35138559341430664 0.5546193856459397 0.06226833050067608 0.061796408433180586
0 0.5151465489314153 0.9547635591947116 0.04206129220815805 0.04217059795673077
0 0.5145922440748948 0.8667034736046424 0.041371712317833535 0.04184928307166466
0 0.5083779555100661 0.6368513840895432 0.050589341383713946 0.05128743098332332
0 0.6954017052283654 0.2715619894174429 0.045940252450796276 0.04613979046161358
0 0.36551926686213565 0.6132380412175105 0.07263234945443961 0.07274378263033353
0 0.7215997989361103 0.5339464407700759 0.03619384765625 0.03572361285869892
0 0.258750530389639 0.8441545046292819 0.0372917835529034 0.03722733717698317
0 0.6317391028771033 0.6213685549222506 0.03564012967623197 0.03580185083242563
0 0.7527292691744291 0.04168697962394127 0.03176043583796574 0.03388778979961689
0 0.5031014222365159 0.38540510030893177 0.03907629159780649 0.03893690842848558
0 0.671051025390625 0.8890550319965069 0.02542847853440505 0.0255279541015625
0 0.2667657778813289 0.06664542509959294 0.05147134340726412 0.05113751154679518
0 0.510017468379094 0.4380793204674354 0.027420630821814902 0.02742312504695012
0 0.6723599067101111 0.12490277106945331 0.02777275672325721 0.027605441900400016
0 0.264858392568735 0.5722323197584885 0.03423375349778395 0.034148142887995794
0 0.7260093688964844 0.21381264466505784 0.043394969059870794 0.043749369107759915
0 0.49718724764310396 0.9211058983435998 0.024905865009014424 0.024959564208984375
0 0.7472720512977014 0.14995207236363337 0.04080816415640024 0.06064218741196852
0 0.6585294283353366 0.5028439301710862 0.032828991229717545 0.03288767887995793
0 0.2629701724419227 0.7766876220703125 0.017395423008845404 0.017330463115985576
0 0.44299771235539365 0.5218846247746394 0.04755739065317007 0.04773022578312801
0 0.7111754784217248 0.18996864098768967 0.03428561870868389 0.033510795006385215
0 0.5384147350604718 0.7916294978215144 0.021887925954965446 0.021955343393179085
0 0.5939494646512545 0.6544052270742563 0.01934975844163161 0.019209935114933893
0 0.7297537143413837 0.5122339908893292 0.02409230745755709 0.02412553933950571
0 0.6294837364783654 0.4425341899578388 0.030139079460730918 0.030260012700007513
0 0.3541722664466271 0.02536899309891921 0.054902883676382214 0.048704211528484635
0 0.6318266941950872 0.9525605715238131 0.02178192138671875 0.02169623741736779
0 0.6903721736027644 0.4894870611337515 0.03547052236703726 0.03530531663161058
0 0.26543397169846755 0.8966245651245117 0.021384349236121543 0.021342644324669473
0 0.42064842810997594 0.6986779433030349 0.039731392493614785 0.03917239262507512
0 0.5826935401329627 0.7018496440007136 0.028427857619065505 0.02828642038198618
0 0.30517314030573917 0.7547581012432392 0.02212363023024339 0.021648260263296273
0 0.5220116835374099 0.5767018978412335 0.02292324946476863 0.022747626671424277
0 0.4556904572706956 0.4321722617516151 0.02731924790602464 0.027017666743351862
0 0.6281808706430289 0.5374694237342248 0.06155069057758038 0.06221309074988732
0 0.6078965847308819 0.14659485450157753 0.05211830139160156 0.05124114109919621
0 0.23661142129164475 0.5445967087378869 0.030712127685546875 0.03525359813983624
0 0.6825388394869291 0.9274195157564603 0.023816328782301683 0.023648482102614183
0 0.5350284576416016 0.5582100061269907 0.02570973909818209 0.025721183189978965
0 0.24513893861037034 0.028994633601262018 0.019524427560659554 0.019627690315246582
0 0.7328714957604041 0.12379142871269813 0.018477219801682692 0.018521675696739785
0 0.6838315083430364 0.45929743693425107 0.029741580669696514 0.02963124788724459
0 0.2683716003711407 0.1323517102461595 0.015979950244610127 0.016135105719933145
0 0.5163199351384089 0.18877572279710036 0.02429023155799279 0.023951237018291768
0 0.648680173433744 0.17219809385446402 0.043016873873197116 0.04250544768113356
0 0.38798853067251354 0.46277284622192383 0.028037144587590143 0.027994816119854268
0 0.36745353845449596 0.6700517214261569 0.03603495084322416 0.03694651677058293
0 0.26712747720571667 0.6663331251878005 0.054804435143103965 0.05497829730694111
0 0.48923609806941104 0.7428530179537259 0.050251153799203724 0.04882137592022236
0 0.5888740832989032 0.11233991843003494 0.05031527005709135 0.050610799055833086
0 0.376247185927171 0.6921077141394982 0.03672643808218149 0.03666760371281551
0 0.320916615999662 0.8103514451246995 0.017691979041466348 0.017556410569411058
0 0.2357477591587947 0.5995378494262695 0.029935653393085185 0.03686611468975361
0 0.6613075549785907 0.21176679317767805 0.027049431434044473 0.02666638447688176
0 0.2970629838796762 0.8634773401113657 0.03840791262113131 0.038978283221905045
0 0.7096871596116286 0.1605214889232929 0.021575047419621393 0.02145543465247521
0 0.5074864901029147 0.9846904461200421 0.015885426447941706 0.015383060161884014
0 0.41445181919978213 0.6223652913020208 0.021557074326735277 0.021559788630558893
0 0.5337578700138972 0.06415652770262498 0.062482980581430286 0.062382285411541276
0 0.2795831056741568 0.627865717961238 0.03131653712346004 0.03130806409395658
0 0.6149124732384315 0.9461690462552584 0.019593018751878005 0.019841120793269232
0 0.5371045332688552 0.14554231900435227 0.01765779348520132 0.01780357727637658
0 0.2759421238532433 0.8058238396277795 0.04056816834669847 0.04020148057204027
0 0.29767715013944185 0.4332726551936223 0.01598336146428035 0.016182092519906852
0 0.5630066211407001 0.6522458883432242 0.018023270827073317 0.018691429725060098
0 0.4393815260667067 0.4240097265977126 0.014389478243314303 0.014223392193134014
0 0.42294106116661656 0.7401281503530649 0.03909639211801382 0.039456881009615384
0 0.5061934544489934 0.28790761874272275 0.04980204655573918 0.05025155727679913
0 0.7373217802781326 0.1010513397363516 0.016880622276893027 0.01709901369535006
0 0.3418769102830153 0.6667754833514874 0.025022506713867188 0.02493124741774339
0 0.51160401564378 0.4085771120511569 0.018573760986328125 0.01817629887507512
0 0.64305356832651 0.8639929844782903 0.026109988872821514 0.025980729323167067
0 0.5693132693950946 0.6213223383976862 0.022048216599684495 0.0222015014061561
0 0.5274944672217736 0.3568314772385817 0.02739290090707632 0.027583782489483174
0 0.7516410534198468 0.9183456714336689 0.038078014667217545 0.038548983060396634
0 0.4192675810593825 0.39856800666222203 0.02672100067138672 0.02734976548414964
0 0.5654668807983398 0.6539831895094651 0.023001597477839544 0.023462442251352165
0 0.5809179452749399 0.011360629246785091 0.037413377028245196 0.021123982392824613
0 0.7065499379084661 0.7037089421198919 0.023594196026141826 0.023085667536808893
0 0.2613081198472243 0.41282176971435547 0.021825130169208232 0.021895481989933893
0 0.672137553875263 0.4253998169532189 0.02624937204214243 0.025979335491473857
0 0.6636851384089544 0.4690360656151405 0.01462554931640625 0.014451980590820312
0 0.6390800476074219 0.3096040945786696 0.02179439251239483 0.021638136643629808
0 0.6410617828369141 0.35006479116586536 0.027163138756385215 0.027040775005634014
