0 0.4313797217149001 0.39857805692232573 0.1431885499220628 0.1470159383920523
0 0.668740125802847 0.6164443676288311 0.09207388070913461 0.09141833965594952
0 0.5780467253464919 0.21750952647282526 0.14020641033466047 0.14428431254166824
0 0.32818896953876203 0.5168660970834585 0.09763763501093937 0.09480080237755409
0 0.4090243853055514 0.14595802013690656 0.1486515632042518 0.14570250877967247
0 0.17446510608379656 0.7595952840951773 0.04449906715979943 0.04455214280348558
0 0.1335635368640606 0.917122327364408 0.04023559276874249 0.04021365825946514
0 0.2602994625384991 0.21842072560237005 0.08049532083364633 0.08155646690955529
0 0.319887271294227 0.3289185303908128 0.021341543931227464 0.021329879760742188
0 0.05443387306653536 0.7727844531719501 0.020590598766620342 0.020491966834435098
0 0.9722248957707331 0.2439703391148494 0.05155680729792668 0.05244012979360727
0 0.9024149087759165 0.7766553438626803 0.04162274874173678 0.04217529296875
0 0.9099326500525842 0.556818962097168 0.06137525118314303 0.061231246361365683
0 0.759774428147536 0.11250130946819599 0.020166837252103366 0.020383321321927585
0 0.2601946317232572 0.8974066514235276 0.021758666405310996 0.021524576040414665
0 0.6690293825589694 0.46634571368877703 0.021302149846003607 0.02109498244065505
0 0.7113648928128756 0.9154152503380408 0.038869270911583535 0.03890712444598858
0 0.7633686799269456 0.9877757292527419 0.030948345477764424 0.020795675424429085
0 0.14974780266101545 0.0939928018129789 0.020675164002638597 0.020929776705228366
0 0.6081188642061673 0.7485721294696515 0.022049537071814902 0.022097367506760817
0 0.48947943173922026 0.28257379165062535 0.030236317561222956 0.0301361083984375
0 0.6107722795926608 0.7178191405076247 0.019589057335486777 0.019653907189002402
0 0.23019621922419622 0.4895215401282677 0.03887161841759315 0.03900476602407602
0 0.45389509201049805 0.8629936805138221 0.026047559884878304 0.02637026860163762
0 0.6103968620300293 0.6347989302415115 0.038782486548790567 0.03924648578350361
0 0.3487127744234525 0.5902354900653546 0.0414274655855619 0.04164262918325571
0 0.7520191486065204 0.8736362457275391 0.05626414372370793 0.05683224017803486
0 0.31354071543766904 0.30739633853618914 0.01684460273155799 0.01715542719914363
0 0.8082675933837891 0.07621895349942721 0.04132373516376202 0.04153038905217098
0 0.3036626118880052 0.7375659942626953 0.030486583709716797 0.03044744638296274
0 0.315828616802509 0.88544434767503 0.1431258458357591 0.14248803945688102
0 0.7549621875469501 0.4023796228262094 0.03598169180063101 0.03597244849571815
0 0.2029714034153865 0.2681934650127704 0.01908584741445688 0.0192721807039701
0 0.6812925338745117 0.2509615971491887 0.018459613506610576 0.01850553659292368
0 0.028535223924196683 0.8602721874530499 0.018248796463012695 0.018045572134164665
0 0.10104713073143592 0.3370833763709435 0.03461250892052284 0.0354303213266226
0 0.7975314213679388 0.6669415694016677 0.04058368389423077 0.040967501126802884
0 0.08911406993865967 0.29357996353736293 0.15676093101501465 0.15991852833674505
0 0.45378875732421875 0.2116091067974384 0.017685523399939902 0.017873250521146335
0 0.15260666150313157 0.037959589407994196 0.03261953133803148 0.032700841243450456
0 0.7981406725369967 0.9015695865337665 0.019756610576923076 0.01978756831242488
0 0.10653700278355525 0.4352720700777494 0.09035928432758038 0.0901348407451923
0 0.39233999985914964 0.9156367962176983 0.019899808443509616 0.019802386944110576
0 0.3931449376619779 0.6097193497877854 0.05829194875863882 0.05879974365234375
0 0.1358902912873488 0.594967585343581 0.016417264938354492 0.016417209918682393
0 0.9578339503361628 0.3465607716487004 0.04283699622521034 0.04249660785381611
0 0.7811183195847732 0.5562805029062124 0.045566558837890625 0.04573513911320613
0 0.4382068927471454 0.2655076797191913 0.025682742779071514 0.025641734783466045
0 0.3662875248835637 0.33855159466083234 0.015320704533503605 0.015406095064603366
0 0.11985492706298828 0.13181580030001128 0.023827516115628757 0.02405698482806866
0 0.8891426966740534 0.23050115658686712 0.021997451782226562 0.02191466551560622
0 0.90832152733436 0.13016585203317496 0.017650310809795674 0.017652584956242487
0 0.40227413177490234 0.13119791104243353 0.023979040292593148 0.023823334620549128
0 0.5361499052781326 0.01712882289519677 0.01790032019981971 0.01804386193935688
0 0.1952028641333947 0.25534695845383865 0.04121960126436674 0.042487107790433444
0 0.3296881088843712 0.16785495097820574 0.016223614032451924 0.01630372267503005
0 0.6421139790461614 0.6743961480947641 0.044279978825495794 0.04446543180025541
0 0.6027736663818359 0.11961832413306603 0.015689262977013223 0.015707896305964544
0 0.8669194441575271 0.2542235851287842 0.028121067927433893 0.028261881608229417
0 0.7325254587026743 0.6656743563138522 0.054772597092848554 0.05604289128230168
0 0.8074959975022536 0.21117613865778997 0.016314873328575723 0.01636637174166166
0 0.03924347345645611 0.9441268627460186 0.03483441242804894 0.03493176973783053
0 0.2553866643172044 0.3458285698523888 0.0670464955843412 0.06721056424654447
0 0.7876347761887771 0.7450369321382962 0.016575153057391826 0.016251784104567308
0 0.7726362668550931 0.9297877825223483 0.042345487154447116 0.042825552133413464
0 0.7932406205397385 0.12012659586392917 0.01685186532827524 0.01694037364079402
0 0.38833075303297776 0.2813856785113995 0.028334544255183294 0.028812151688795824
0 0.6760316995474008 0.40311710651104266 0.017355698805588942 0.017104955819936898
0 0.6522431006798377 0.5901799568763146 0.016369452843299277 0.016355367807241585
0 0.9950020863459661 0.5226506086496207 0.009668203500600962 0.024592032799353965
0 0.7208706782414362 0.3437484594491812 0.015543424166165866 0.015638058002178486
0 0.32400842813345104 0.805293449988732 0.03313400195195125 0.03278805659367488
0 0.727232419527494 0.5948732816256009 0.04966104947603666 0.048453991229717545
0 0.2595667655651386 0.5197049654447116 0.029470223646897536 0.02959757584791917
0 0.27547685916607195 0.23720416655907264 0.01573049105130709 0.015382730043851413
0 0.4418827937199519 0.2216794307415302 0.016466287466195915 0.01653920687161959
0 0.36244927919827974 0.20835359279926008 0.014679395235501803 0.01462694314809946
0 0.5021775319026067 0.11268393809978779 0.12621952937199518 0.12548450323251578
0 0.9239924504206731 0.17705829326923078 0.020825606126051683 0.020839691162109375
0 0.006397804388633141 0.5334173349233774 0.012790803725902852 0.07509004152738132
0 0.8861848391019381 0.6121788758497971 0.015362079326923076 0.015556775606595553
0 0.8414890582744892 0.8035405965951773 0.04840528048001803 0.04870928250826322
0 0.24911031356224647 0.4700572674091046 0.015810232896071214 0.015651702880859375
0 0.3779676877535306 0.7597841116098257 0.019005775451660156 0.019191448505108174
0 0.10131634198702298 0.770119520334097 0.01549541033231295 0.014883041381835938
0 0.42281649662898135 0.6273146409254807 0.05675513927753155 0.056964727548452526
0 0.22480333768404448 0.8707518210777869 0.04526244677030123 0.04466027479905348
0 0.7282855694110577 0.8341577970064603 0.06329345703125 0.06282806396484375
0 0.3615282132075383 0.17871409196120042 0.01584038367638221 0.015837669372558594
0 0.19789989177997297 0.8403415679931641 0.03957498990572416 0.040058135986328125
0 0.48702137286846453 0.18314926440899187 0.015589200533353366 0.015481948852539062
0 0.09611637775714581 0.589829261486347 0.015387938572810246 0.015364866990309495
0 0.06476415120638333 0.9898840097280649 0.020274941737835225 0.017459869384765625
0 0.4038220919095553 0.7735965435321515 0.01878532996544471 0.019145672137920674
0 0.9667424422044021 0.6189790872427133 0.04193408672626202 0.04138744794405424
0 0.9441008934607873 0.6585518763615534 0.05410575866699219 0.05356788635253906
0 0.9401629521296575 0.7755531897911658 0.017407637376051683 0.017107156606820915
0 0.9657196631798377 0.41899952521690953 0.015126448411207933 0.015259889455942007
0 0.3866925606360802 0.8034510979285607 0.019145965576171875 0.019064976618840143
0 0.3148524577801044 0.22270617118248573 0.020318324749286357 0.020366962139423076
0 0.4809788190401517 0.8383977596576397 0.014653572669396034 0.014775349543644832
0 0.9609515850360577 0.4443852718059833 0.015259816096379207 0.015314175532414364
0 0.7263817420372596 0.3669619927039513 0.02783936720628005 0.027952267573429987
0 0.5655329777644231 0.8301295500535232 0.016014832716721755 0.016061782836914062
0 0.7940406799316406 0.6825021597055289 0.014572436992938701 0.014485579270582933
0 0.8944152685312124 0.2782019835252028 0.03664823678823618 0.03707408905029297
0 0.6718434553879958 0.06979852456312913 0.030802213228665866 0.031022328596848708
0 0.8293865644014798 0.11016453229464017 0.014879079965444712 0.014735240202683669
0 0.7638941544752854 0.6123660160945013 0.018521969134990986 0.018725468562199518
0 0.6153896038348858 0.4913476797250601 0.022936270787165716 0.02272943349984976
0 0.7004288893479568 0.12084513444166917 0.03728132981520433 0.0372771116403433
0 0.6150291149432843 0.49485133244441104 0.01835353557880108 0.01802231715275691
0 0.46648322618924654 0.2705836296081543 0.020743516775277946 0.020871785970834587
0 0.1448976259965163 0.1321844871227558 0.015394137455866886 0.015528275416447567
0 0.5120152693528396 0.02516224980354309 0.014233662531926082 0.014433443546295166
0 0.7999332134540265 0.055334311265211836 0.015131290142352764 0.01499021970308744
0 0.1938321957221398 0.3338795441847581 0.08149887965275691 0.0811774730682373
0 0.40414289327768177 0.14655173741854155 0.03228671734149639 0.05709996590247521
0 0.601419082054725 0.5815346057598407 0.014603321368877705 0.014306288499098558
0 0.6596232194166917 0.518799194922814 0.018592687753530648 0.018457706157977764
0 0.7123487912691556 0.19043559294480544 0.014550722562349759 0.01459950667161208
0 0.4978353793804462 0.4780167066133939 0.029630367572490986 0.029595448420597956
0 0.980416517991286 0.7048372121957632 0.013673488910381611 0.014131399301382212
0 0.5619913614713229 0.5098103009737455 0.05171005542461689 0.052583547738882214
0 0.5896645325880784 0.19819336671095628 0.018457412719726562 0.018699279198279746
