0 0.5517319899338943 0.49573047344501203 0.197235107421875 0.20594406127929688
0 0.29006374799288237 0.7459088839017428 0.10471556736872746 0.14565130380483773
0 0.6028035970834585 0.9245156508225661 0.14856617267315203 0.14905724158653846
0 0.6715897780198318 0.4706437037541316 0.02817535400390625 0.028096712552584134
0 0.5548609586862417 0.13659751415252686 0.022495856651893027 0.022406486364511344
0 0.2948340085836557 0.3007551890153151 0.10466564618624173 0.12095425679133488
0 0.43555333064152646 0.31229690405038685 0.01996773939866286 0.019788301908052884
0 0.7095027336707482 0.5518314655010517 0.015803117018479567 0.015887994032639723
0 0.3322761975801908 0.6329540105966421 0.1769854472233699 0.18351070697490984
0 0.7468941761897161 0.18118524551391602 0.012781730064978966 0.022319903740516074
0 0.35211885892427885 0.26228662637563854 0.030914306640625 0.03096426450289213
0 0.4274773964515099 0.652043709388146 0.016253251295823317 0.016438997708834134
0 0.3407316574683556 0.1573958396911621 0.01961832780104417 0.019762002504788913
0 0.701022221491887 0.077911927149846 0.015611795278695913 0.015705544214982253
0 0.6845554938683143 0.5025607622586764 0.017525599553034857 0.017608055701622598
0 0.7209016359769381 0.17017771647526667 0.053019010103665866 0.05314166729266827
0 0.49730748396653396 0.44404433323786807 0.01700621384840745 0.01702719468336839
0 0.31382274627685547 0.5478366705087515 0.09318601168118991 0.09115857344407302
0 0.7012166976928711 0.4390579370351938 0.014585788433368389 0.014671619121844951
0 0.5484645183269794 0.6554508942824143 0.014869396503155049 0.014955373910757212
0 0.31766561361459583 0.923094602731558 0.015463315523587741 0.01536105229304387
0 0.7498353811410757 0.5377542055570163 0.013223794790414663 0.014280906090369591
0 0.7563981276292068 0.9464356349064753 0.011246754572941707 0.017619206355168268
0 0.6075624319223257 0.7987521244929388 0.021001228919396035 0.021361130934495192
0 0.3397010656503531 0.5427853510929987 0.04490867027869591 0.04334897261399489
0 0.3634814482468825 0.4583000403184157 0.1629000443678636 0.14848555051363432
0 0.37109485039344203 0.9725554539607122 0.014695387620192308 0.0148622072660006
0 0.5043372374314529 0.2882273013775165 0.014857072096604567 0.014677487886868991
