0 0.17707135127140924 0.8996761028583233 0.2196046389066256 0.19702515235314003
0 0.6301229917086087 0.9185639894925631 0.12617830129770133 0.1276720487154447
0 0.39351962162898135 0.49201261080228365 0.10259188138521634 0.10311390803410457
0 0.4312865917499249 0.3845075460580679 0.0667585226205679 0.06636935013991135
0 0.22909202942481408 0.15127195761753962 0.08106704858633187 0.0816338062286377
0 0.06352229301746075 0.9421517298771784 0.07824540138244629 0.07803286038912259
0 0.426639593564547 0.628060560960036 0.09883440457857572 0.09964766869178185
0 0.6168926679171048 0.1550330382127028 0.07956548837515023 0.07926501677586482
0 0.033947683297670804 0.4204684771024264 0.05736069495861347 0.08098807701697716
0 0.19948959350585938 0.3214563956627479 0.05637073516845703 0.05669395740215595
0 0.6610364180344802 0.767412699185885 0.019519512469951924 0.019435295691856973
0 0.36661632244403547 0.3865968264066256 0.0414576897254357 0.04149642357459435
0 0.06889071831336388 0.6113528471726638 0.052634330896230846 0.05367616506723257
0 0.4168897775503305 0.13508286842933068 0.0587620368370643 0.05775858805729793
0 0.5187374995304987 0.7266196470994216 0.05216202369103065 0.0525971926175631
0 0.16748938193688026 0.4667246891902043 0.03638161145723783 0.03628393319936899
0 0.11878462938161996 0.06000069471505972 0.060379743576049805 0.06027329885042631
0 0.8427773989163913 0.6494563176081731 0.02881901080791767 0.028676546536959134
0 0.46945549891545224 0.3729340113126315 0.05472491337702824 0.05443360255314754
0 0.3258760158832257 0.42037795140193057 0.028643314655010518 0.02847422086275541
0 0.8999246450570914 0.7144072606013372 0.03083008986253005 0.030893472524789665
0 0.26451617020827073 0.05287341429637028 0.08698808229886569 0.08518080527965839
0 0.019651921895834115 0.255738771878756 0.029616566804739144 0.03754689143254207
0 0.9521876115065354 0.053438039926382214 0.0219882084773137 0.02190096561725323
0 0.12917483769930327 0.1341096988091102 0.02705082526573768 0.026831663571871243
0 0.3977658198429988 0.10726237297058105 0.02286500197190505 0.022923102745643027
0 0.5165648827185998 0.3854501430804913 0.019835398747370794 0.019947638878455527
0 0.7450322371262771 0.7390458767230694 0.024714543269230768 0.024732149564302884
0 0.27694509579585147 0.34214393909160906 0.06481475096482497 0.06364888411301833
0 0.6460511134221003 0.8249674576979417 0.02055975107046274 0.020622840294471152
0 0.04939212248875545 0.8878546494704026 0.030897122163038988 0.030673980712890625
0 0.27207011442918044 0.3000609324528621 0.018985234774076022 0.018983840942382812
0 0.3068236204294058 0.03550732365021339 0.05054019047663762 0.05069041710633498
0 0.8407190763033353 0.8505436823918269 0.022843287541316107 0.022736476017878607
0 0.3014400555537297 0.14674764413100022 0.07321878579946664 0.07273681347186749
0 0.5988395397479718 0.7563267487746018 0.02263942131629357 0.02270229046161358
0 0.9761490455040565 0.7358480600210336 0.026466956505408652 0.034826425405649036
0 0.6753997802734375 0.23987397780785194 0.016884436974158652 0.01697378892164964
0 0.4300617804894081 0.03534916272530189 0.044205005352313705 0.04439412630521334
0 0.07642509845586923 0.6859544607309195 0.02289457504565899 0.02259225111741286
0 0.2540448445540208 0.45128763639009917 0.01978621116051307 0.01976468012883113
0 0.46558695573073167 0.09667766094207764 0.03304973015418419 0.03294636653019832
0 0.8769058814415565 0.7844803149883564 0.017966637244591348 0.01761010976938101
0 0.5771957177382249 0.44925535642183745 0.024804041935847357 0.025066522451547477
0 0.2498339873093825 0.2493312542255108 0.06897332118107723 0.06851651118351863
0 0.8012464963472806 0.7275625375600961 0.037593841552734375 0.036774708674504206
0 0.5265359144944411 0.7956029451810397 0.03768994258000301 0.037654876708984375
0 0.12235812040475699 0.24856141897348258 0.020784304692195013 0.020963375384990986
0 0.16550175960247332 0.1708353482759916 0.03856365497295673 0.03798741560715895
0 0.4863276848426232 0.18237876892089844 0.03317348773662861 0.03382550753079928
0 0.3686180848341722 0.8379065440251277 0.03125630892240084 0.031444402841421276
0 0.20702670170710638 0.4741081091073843 0.07086387047400841 0.07042077871469352
0 0.04870338623340313 0.15148294889009917 0.031569061370996326 0.031606197357177734
0 0.3860309307391827 0.5812682371873122 0.0183865473820613 0.018300716693584736
0 0.40605735778808594 0.4374557641836313 0.03406656705416166 0.03340867849496695
0 0.12691369423499474 0.5378223565908579 0.06872734656700721 0.06901865739088792
0 0.6563700896043044 0.8408162043644831 0.01749581557053786 0.017483051006610576
0 0.657079109778771 0.3345207434434157 0.020560044508713942 0.020685489361102764
0 0.15283973400409406 0.37425543711735654 0.020192843217116136 0.02035698523888221
0 0.09493609575124887 0.33403880779559797 0.025892331049992487 0.025973980243389424
0 0.8091172438401443 0.7035245161790115 0.024309745201697715 0.024729802058293268
0 0.9341336763822116 0.7255009871262771 0.025226299579326924 0.02542730478140024
0 0.6371269226074219 0.26253692920391375 0.03329673180213341 0.03413941310002254
0 0.1755504608154297 0.5184712776770959 0.06990707837618314 0.0685896506676307
0 0.154099152638362 0.6342174823467548 0.023634690504807692 0.023926368126502402
0 0.4250121850233812 0.2743411981142484 0.05451891972468449 0.05425115732046274
0 0.8229684829711914 0.1944572375370906 0.021927613478440505 0.021765965681809645
0 0.835863993718074 0.22992581587571365 0.03470626244178185 0.03435993194580078
0 0.5659022698035607 0.1811856489915114 0.04772875859187199 0.047206181746262774
0 0.039033669691819414 0.6132852114163913 0.029290930582926825 0.029700059157151442
0 0.7989473342895508 0.593690432035006 0.015657865084134616 0.015369855440579928
0 0.9783851916973407 0.9599830920879657 0.01850098830003005 0.01904927767240084
0 0.760895875784067 0.919594251192533 0.017903548020582933 0.01784486037034255
0 0.8945220066950872 0.2561371876643254 0.11238450270432693 0.11495890984168419
0 0.6236048478346604 0.10943236717810997 0.0172879145695613 0.017232601459209736
0 0.11950466266045204 0.15110566065861628 0.016400722356942985 0.016050302065335788
0 0.2626672341273381 0.5259539897625263 0.020448758051945612 0.020172559298001803
0 0.12249365219703087 0.1791376517369197 0.0328978024996244 0.033191680908203125
0 0.7489526455218976 0.7659913576566256 0.018817901611328125 0.018759800837590143
0 0.40761144344623274 0.2543925322019137 0.04753897740290715 0.047336394970233626
0 0.26630995823786807 0.09047399117396428 0.07480555314284104 0.07442336816054124
0 0.10145152532137357 0.6722514812762921 0.015247381650484525 0.015169877272385817
0 0.06985641442812406 0.5715329830463116 0.022899132508497972 0.023037103506234977
0 0.2998644021841196 0.3904390335083008 0.04706221360426683 0.0469056642972506
0 0.5938510161179763 0.3437962532043457 0.018232198861929085 0.01839755131648137
0 0.3014799631558932 0.8261475196251502 0.01424099848820613 0.014212388258713942
0 0.7807987653292142 0.7115693459144006 0.01936208284818209 0.019433975219726562
0 0.4980976398174579 0.2722602624159593 0.020166910611666165 0.020561585059532754
0 0.14966929875887358 0.4283699622521034 0.03022157228910006 0.031063373272235576
0 0.9489623583280123 0.7385300122774564 0.024710581852839544 0.02494988074669471
0 0.12253653086148776 0.6279992323655349 0.019199371337890625 0.019352546105018027
0 0.7297178415151743 0.7589172950157752 0.017003426185021035 0.017001518836388223
0 0.29219858462993914 0.42823208295381987 0.02670434805063101 0.026793186481182393
0 0.6887604640080378 0.8759099520169772 0.01683191152719351 0.016603616567758415
0 0.6728773850661057 0.7293638816246619 0.016946939321664665 0.016953248244065505
0 0.2666990573589618 0.1981501579284668 0.04187565583449144 0.041460550748384915
0 0.6195662571833684 0.747410407433143 0.01679684565617488 0.016789069542518027
0 0.5120357733506423 0.16324311036330003 0.044760557321401745 0.04400795239668626
0 0.4250788688659668 0.08611850555126484 0.0331114989060622 0.032825121512779824
0 0.5367985872121958 0.20884033349844125 0.016535465533916768 0.016409910642183743
0 0.3411250481238732 0.33849624487069935 0.017171859741210938 0.016938062814565804
0 0.34554576873779297 0.7441065861628606 0.017767686110276442 0.018248924842247598
0 0.09734260118924655 0.014043896244122432 0.016348875485933743 0.015890275056545552
0 0.06863087874192458 0.32240702555729794 0.07770608021662785 0.07865223517784706
0 0.6520442962646484 0.6547276423527644 0.01551525409405048 0.015378511868990384
0 0.4467422045194186 0.012061137419480544 0.02733157231257512 0.022485109475942757
0 0.6515670923086313 0.0617637771826524 0.1698612800011268 0.12139981526594895
0 0.14480437682225153 0.0065108537673950195 0.017882072008573092 0.01236043068078848
0 0.5275506973266602 0.01915889519911546 0.03337529989389273 0.033178444092090316
0 0.12460805819584773 0.4110306226290189 0.025855504549466647 0.025497289804311898
0 0.5932381703303411 0.21390592134915865 0.03899339529184195 0.037929718311016374
0 0.3656255281888522 0.5882912048926721 0.020975406353290264 0.02133017319899339
0 0.05995041590470534 0.2612312757051908 0.05759217188908504 0.05892320779653696
0 0.8864451188307542 0.4259200096130371 0.015932229849008415 0.016098169180063102
0 0.7927458836482122 0.20351927097027117 0.024426680344801683 0.024928973271296576
0 0.6729861772977389 0.6856374007004958 0.022860600398137018 0.02267147944523738
0 0.5701614526601938 0.23483975117023176 0.015172664935772236 0.014931201934814453
0 0.5495239404531626 0.8842959770789514 0.048683459942157455 0.048112135667067304
0 0.7847225482647235 0.55896729689378 0.017269427959735576 0.01690512437086839
0 0.5696287888746995 0.12083364450014554 0.04846059359036959 0.04833056376530574
0 0.14969955040858343 0.7695347712590144 0.03834836299602802 0.037666027362530045
0 0.7143490131084735 0.6550861505361704 0.016163459190955527 0.016052979689378005
0 0.6108360290527344 0.7733883490929236 0.016711014967698317 0.01716760488656851
0 0.13500820673429048 0.6620283860426682 0.032485246658325195 0.03242844801682692
0 0.17005533438462478 0.21814467356755182 0.04502509190486027 0.04437806056096004
0 0.7706000254704402 0.7900176415076623 0.014504359318659855 0.01430218036358173
0 0.38465320147000825 0.1498432159423828 0.04093045454758864 0.04089993696946364
0 0.6684155830970178 0.8133731255164514 0.01605063218336839 0.01605371328500601
0 0.31894705845759463 0.8422470092773438 0.02144035926231971 0.02200493445763221
0 0.2234033071077787 0.42519092559814453 0.03066591116098257 0.03085943368765024
0 0.07962534977839543 0.16127821115347055 0.017696692393376276 0.017581802148085374
0 0.08085126143235427 0.24747206614567682 0.017037299963144157 0.017447838416466348
0 0.48099220716036284 0.7351424877460186 0.01816426790677584 0.018320377056415264
0 0.48026312314547026 0.2290677290696364 0.028589982252854567 0.02867735349214994
0 0.9739571351271409 0.9216460448044997 0.015630575326772835 0.01561722388634315
0 0.6354137567373422 0.7688594231238732 0.016550357525165264 0.016141744760366585
0 0.6402229162362906 0.9763740392831656 0.06636120722844051 0.04370307922363281
0 0.13520241700685942 0.2078556647667518 0.030568911479069635 0.03092824495755709
0 0.7319456247182993 0.6925805898813101 0.02078863290640024 0.020959120530348558
0 0.9227093916672927 0.46962840740497297 0.07428917518028846 0.07506179809570312
0 0.7982386809128982 0.13992006045121413 0.04914137033315805 0.048862879092876725
0 0.10126124895535983 0.5271635055541992 0.056309791711660534 0.05658846635084886
0 0.01720622181892395 0.33766863896296573 0.018544183327601507 0.01892706064077524
0 0.6348338493934045 0.7911598499004657 0.015827472393329326 0.015825271606445312
0 0.3696743891789363 0.8014369377723107 0.01583730257474459 0.015606219951923076
0 0.7328501481276292 0.7883901596069336 0.019397588876577523 0.019395094651442308
0 0.5586029933049128 0.7624194805438702 0.061498788686899036 0.06011757483849159
0 0.6763455317570612 0.6514153113731971 0.014686291034405049 0.014667217548076924
0 0.4881154207082895 0.023981490960487954 0.022750120896559495 0.02306805207179143
