0 0.5364602895883414 0.04013479672945463 0.06566986670860878 0.06504372450021598
0 0.5760353528536283 0.8357433905968299 0.09140689556415264 0.09176166240985577
0 0.4289998274583083 0.8587882702167218 0.11713306720440204 0.11793694129356971
0 0.5946989426246057 0.1732792854309082 0.059827144329364486 0.0590972533592811
0 0.6535267463097205 0.9502588418813852 0.1347791231595553 0.09589327298677884
0 0.41614437103271484 0.18844967622023362 0.0595246828519381 0.05935544234055739
0 0.41726383796105015 0.9353792483990009 0.04847394503079928 0.04800737821138822
0 0.6330459301288311 0.01761890374697172 0.041884202223557696 0.03333228826522827
0 0.44328894981971156 0.10890634243304913 0.036861419677734375 0.037135380965012774
0 0.3204859220064603 0.9796638488769531 0.03431806197533241 0.033962396474984974
0 0.44512598331157976 0.5922131905188928 0.09330698160024789 0.09299410306490384
0 0.6373451673067533 0.4943062708928035 0.021348953247070312 0.021310806274414062
0 0.4300366181593675 0.056916970473069414 0.0320733877328726 0.03182268142700195
0 0.4466893122746394 0.7621360191932092 0.02422611530010517 0.024480672983022835
0 0.42262598184438854 0.692324344928448 0.02359771728515625 0.02361913827749399
0 0.42535913907564604 0.25372453836294323 0.051656136145958535 0.05225082544180063
0 0.5701301648066595 0.45105042824378383 0.1207113265991211 0.11979433206411508
0 0.6014671692481408 0.12288205440227802 0.0356446046095628 0.035518719599797174
0 0.42208319443922776 0.022655349511366624 0.018074475801908053 0.01803075808745164
0 0.6021366852980393 0.6146311393150916 0.021785882803109977 0.02212040240948017
0 0.524317191197322 0.26248966730557954 0.018353095421424277 0.018230144794170674
0 0.3407754898071289 0.07195560290263249 0.01707605215219351 0.01712191104888916
0 0.3345744793231671 0.9168228736290565 0.04472057635967548 0.04515207730806791
0 0.5224932523874136 0.5936788412240835 0.031203490037184495 0.03086376190185547
0 0.4864181371835562 0.1727915176978478 0.017632117638221152 0.01773672837477464
0 0.5152874359717736 0.5577688950758714 0.0367743418766902 0.03713563772348257
0 0.645323973435622 0.4243515088008 0.03238766009990986 0.03216332655686598
0 0.39503225913414586 0.5969810485839844 0.09357943901648888 0.09361443152794471
0 0.599362116593581 0.7349194013155423 0.017512981708233174 0.017693152794471152
0 0.44037547478309047 0.2728879268352802 0.030970646784855768 0.0308074217576247
0 0.33650713700514573 0.3742503386277419 0.01814402066744291 0.018147982083834134
0 0.41549191108116734 0.8802176255446214 0.021948887751652643 0.022026942326472357
0 0.36743765610914964 0.9377811138446515 0.03255330599271334 0.03198388906625601
0 0.5457388804509089 0.3681315642136794 0.015942793626051683 0.01579900888296274
0 0.3464893927940956 0.10291391152601975 0.02725674555851863 0.027348811809833232
0 0.4250910465533917 0.0718761132313655 0.016710281372070312 0.016570274646465596
0 0.5923585891723633 0.991904405447153 0.02035214350773738 0.015851681049053486
0 0.4451596920306866 0.49823291485126203 0.016080856323242188 0.016224787785456732
0 0.4748382568359375 0.22607113764836237 0.015600277827336239 0.015813313997708835
0 0.6099887994619516 0.8932346197275015 0.015974925114558294 0.016054446880634014
0 0.5343575110802283 0.22185441163870004 0.02860714839054988 0.028629523057204027
0 0.5667662253746619 0.9413424271803635 0.01598226107083834 0.015990624060997598
0 0.5786462196936975 0.05546496464655949 0.023278163029597357 0.023189581357515775
0 0.6988799755389874 0.028737359322034396 0.04542864285982572 0.05244086797420795
0 0.2912649924938495 0.29328434283916766 0.01724973091712365 0.017246026259202223
0 0.5802342341496394 0.019652224504030667 0.05829693720890926 0.03782397967118483
0 0.5846511767460749 0.6081705093383789 0.016146439772385817 0.015900391798753005
0 0.3140968176034781 0.29668723619901216 0.015104733980618991 0.014730893648587741
0 0.641569944528433 0.16687550911536583 0.03548695490910457 0.03522814237154447
0 0.4165520668029785 0.3127743280850924 0.02666135934682993 0.026715865501990683
0 0.5592184800368089 0.350585570702186 0.01544636946458083 0.015379538902869591
0 0.4538856653066782 0.21277875166672927 0.027591852041391227 0.027721111591045674
0 0.7114954728346604 0.338108282822829 0.025272956261268027 0.04017360393817608
0 0.5910605650681716 0.24625374720646784 0.01568434788630559 0.015738927401029147
0 0.7113317342904898 0.30695990415719837 0.02539649376502404 0.030286165384145882
0 0.2998437514671913 0.21443768648000863 0.015583331768329326 0.015446662902832031
0 0.669647216796875 0.08319690594306359 0.05646426861102764 0.05549117235036997
0 0.5707481090839093 0.30753209040715146 0.028862146230844352 0.02866062751183143
0 0.5099981748140775 0.11692734865041879 0.024573106032151442 0.024573802947998047
0 0.42536497116088867 0.7487411499023438 0.015342345604529748 0.015394210815429688
0 0.6596237329336313 0.8764209747314453 0.03772720923790565 0.03768627460186298
0 0.6464180579552283 0.25649096415593076 0.019290337195763223 0.019101803119365986
0 0.3532995810875526 0.8859066596397986 0.02712425818810096 0.026970789982722357
0 0.565952154306265 0.5484380722045898 0.07532193110539363 0.07834163078894982
0 0.30840301513671875 0.43768992790809047 0.03242314778841459 0.031691331129807696
0 0.3611098069411058 0.07185030900515042 0.026102359478290264 0.02604543245755709
0 0.5170485423161433 0.6820925199068509 0.0210418701171875 0.020746524517352764
0 0.37956894361055815 0.44086302243746245 0.01499638190636268 0.015115737915039062
0 0.3573665985694298 0.2352875562814566 0.024745721083420973 0.024977684020996094
0 0.27617432520939755 0.8991216512826773 0.016823181739220254 0.019819112924429085
0 0.3334635954636794 0.2754213626568134 0.014375906724196214 0.014633545508751502
0 0.31851885868952823 0.6201468981229342 0.07576450934776893 0.07636202298677884
0 0.33467567884005034 0.2592289997981145 0.03483317448542668 0.03472595948439378
0 0.377227599804218 0.12079325089087853 0.08861827850341797 0.0895240857050969
0 0.37991905212402344 0.8098932412954477 0.015030787541316105 0.015382620004507212
0 0.6725925298837515 0.06441872853499192 0.026121873121995192 0.02448267203110915
0 0.7095705179067758 0.4137901159433218 0.01587339547964243 0.01648844205416166
0 0.3968916672926683 0.9726318946251502 0.048215425931490384 0.04752291165865385
0 0.4071355966421274 0.517064094543457 0.01653627248910757 0.016410974355844352
0 0.6893427922175481 0.41338311708890474 0.06989552424504207 0.10307135948768029
