0 0.5262315089886005 0.09256139168372521 0.09022793403038612 0.09199329522939828
0 0.5586844224196214 0.30218140895550066 0.07258980090801533 0.0735760101905236
0 0.2942514236156757 0.6523266572218674 0.12792745003333458 0.12723731994628906
0 0.7886109718909631 0.4826619074894832 0.15621038583608773 0.15269059401292068
0 0.4228657942551833 0.4816192847031813 0.044524119450495794 0.0445404786330003
0 0.6652212876539964 0.4340318533090445 0.04898526118351863 0.04936064206636869
0 0.6294015737680289 0.8277861521794245 0.08900095866276668 0.08777104891263522
0 0.533714587871845 0.19492420783409706 0.05264971806452824 0.05236633007342999
0 0.8776696278498723 0.6842189201941857 0.04179851825420673 0.04172017024113582
0 0.890261356647198 0.07302000430914071 0.04282173743614784 0.04303588316990779
0 0.3354719602144681 0.8444997347318209 0.09656363267164964 0.09996678278996395
0 0.23351034751305214 0.4593067169189453 0.056371101966271035 0.05637770432692308
0 0.0701918418590839 0.957555183997521 0.04469464375422551 0.04816730205829327
0 0.7426495185265174 0.5770497688880334 0.07820892333984375 0.07882132897010216
0 0.3450166262113131 0.515436759361854 0.0312197758601262 0.031140547532301683
0 0.7733758779672476 0.04709314841490526 0.039098886343149036 0.039048185715308555
0 0.2887107042165903 0.25919408064622146 0.025037178626427285 0.02501051242534931
0 0.7223980243389423 0.04582872757544884 0.030057760385366585 0.030044253055865947
0 0.5446012203509991 0.7488528765164889 0.021597935603215143 0.021502274733323317
0 0.847447762122521 0.3085629389836238 0.03843395526592548 0.03875294098487267
0 0.7357903994046725 0.35005877568171573 0.027257479154146634 0.02702962435208834
0 0.8428266965425931 0.7225187741793119 0.03246366060697115 0.03264324481670673
0 0.42427789247952974 0.4009608488816481 0.026096930870643027 0.026223109318659857
0 0.3560747733482948 0.9176365045400766 0.03607529860276442 0.03563338059645433
0 0.213837953714224 0.5045729417067307 0.03913270510160006 0.03920877896822416
0 0.8991568638728216 0.7655850923978366 0.037967535165640026 0.038267282339242786
0 0.6347540341890775 0.17941876558157113 0.030252896822415866 0.030744369213397685
0 0.3782654175391564 0.4966106414794922 0.019169954153207634 0.019236931434044473
0 0.6500860360952524 0.16314257108248198 0.025769453782301683 0.026055033390338603
0 0.9167075523963342 0.1532677045235267 0.028835590069110576 0.029144122050358698
0 0.7949760143573468 0.7147866762601413 0.024971595177283652 0.02482751699594351
0 0.9052210587721604 0.5312308531541091 0.02074403029221755 0.020571341881385215
0 0.6330889188326322 0.33253875145545375 0.030789595383864183 0.030318040114182692
0 0.2376249019916241 0.12524738678565392 0.05240836510291466 0.05226740470299354
0 0.4248452920180101 0.045972319749685436 0.034975712115948014 0.03520198739491976
0 0.4396698291485126 0.7587196643535907 0.08943616426908053 0.09108572739821214
0 0.7525039819570688 0.2397338060232309 0.020858617929311898 0.02111046130840595
0 0.1678785910973182 0.4929944551908053 0.028132007672236517 0.0280148432804988
0 0.3529478953434871 0.43542685875525844 0.020360653217022236 0.02046350332406851
0 0.3462343949538011 0.7048536447378305 0.03923240074744591 0.0391534658578726
0 0.7800200535700872 0.2233582643362192 0.036554189828725964 0.0360865959754357
0 0.18880911973806527 0.09462566559131329 0.04391054006723257 0.043427540705754206
0 0.20715185312124398 0.5897282086885892 0.11940040038182186 0.11703124413123497
0 0.053567895522484414 0.9015335669884315 0.013708059604351338 0.01685362595778245
0 0.2972049346336952 0.3408186985896184 0.036128851083608776 0.03604346055250902
0 0.1709591792179988 0.044341399119450495 0.07738073055560772 0.07685169806847206
0 0.20255374908447266 0.12852767797616813 0.018477659959059495 0.01833824010995718
0 0.06693678635817307 0.1271700125474196 0.023853430381188027 0.023468677814190205
0 0.26043007924006534 0.5162952496455266 0.0278781377352201 0.02801359616793119
0 0.36424009616558367 0.5546384591322678 0.01859122056227464 0.018801248990572415
0 0.21576653994046724 0.14962782309605524 0.024164199829101562 0.024387377959031325
0 0.372137766617995 0.26759543785682094 0.027914927555964544 0.027879018049973708
0 0.8837036719689002 0.20595176403339094 0.019054119403545674 0.01904164827786959
0 0.4529570066011869 0.5579392359806941 0.02076545128455529 0.021061237041766826
0 0.403715757223276 0.17051318975595328 0.016858614408052884 0.01670103806715745
0 0.6825648087721604 0.6345297740055964 0.021135770357572116 0.020828980665940505
0 0.09915360120626596 0.08839288124671349 0.03181628080514761 0.031806542323185846
0 0.4911013383131761 0.13698288110586312 0.018080491286057692 0.017915670688335713
0 0.48916420569786656 0.22188285680917594 0.03867765573354868 0.038523087134728067
0 0.41323012572068435 0.07632504059718205 0.02136692633995643 0.021317812112661507
0 0.9241429842435397 0.2680535683265099 0.018230438232421875 0.018290886512169473
0 0.2605691689711351 0.7186867640568659 0.04812768789438101 0.04875784653883714
0 0.6913284888634315 0.05021303433638353 0.025455181415264424 0.0257114080282358
0 0.8986291151780349 0.13730307725759652 0.020105508657602165 0.020355077890249398
0 0.8637233880849985 0.16143222955557016 0.016895881065955527 0.016766557326683633
0 0.6591167449951172 0.3508334526648888 0.03318375807542067 0.03344513819767879
0 0.34138943598820615 0.45696287888746995 0.017748612623948317 0.01782564016488882
0 0.23088821998009315 0.7399143805870643 0.035923150869516224 0.035642183743990384
0 0.9233065385084885 0.8864595706646259 0.016814011793870192 0.016898668729341947
0 0.4988416525033804 0.25958290466895473 0.03502229543832632 0.03513178458580604
0 0.2666605252486009 0.7869864977323092 0.0353233997638409 0.03563616825984074
0 0.6093233915475699 0.09160482883453369 0.02432727813720703 0.024315852385300856
0 0.6319337991567758 0.35346324627216047 0.015789325420673076 0.01573489262507512
0 0.6716301991389348 0.6886427219097431 0.030748807466947116 0.030367924616887018
0 0.6003401829646184 0.3927566088162936 0.04018607506385216 0.040309906005859375
0 0.9056538068331205 0.6636393620417669 0.016999171330378607 0.01682281494140625
0 0.2838743649996244 0.81494690821721 0.03331631880540114 0.033544687124399036
0 0.5042226497943585 0.7965679168701172 0.016247675969050482 0.016230069673978366
0 0.4590313617999737 0.8706778012789212 0.0302123289841872 0.030074192927433893
0 0.4076507274921124 0.4313876445476825 0.0171206547663762 0.01721638899583083
0 0.71972289452186 0.2778629889855018 0.033078560462364785 0.03308721689077524
0 0.8942451477050781 0.3353633147019606 0.015918438251201924 0.01621216994065505
0 0.38977806384746844 0.40157912327693057 0.017909856942983773 0.01772895226111779
0 0.6207269521859976 0.5700212258559006 0.019037136664757363 0.019066297090970553
0 0.6971900646503155 0.14531722435584435 0.021796299861027643 0.021692459399883565
0 0.43085556763869065 0.365057505094088 0.05472146547757662 0.05427742004394531
0 0.3271322617164025 0.5502683199368991 0.01592738811786358 0.015927681556114785
0 0.5626554489135742 0.4818220872145433 0.07529170696551983 0.0765979473407452
0 0.7659738980806791 0.25039379413311297 0.015363546518179087 0.015105100778432993
0 0.7678419259878305 0.07416550012735221 0.023343012883112982 0.023373530461237982
0 0.7480622805081881 0.38220075460580677 0.016100663405198317 0.01578653775728666
0 0.7291506253756009 0.23908307002140924 0.021074441763070915 0.02114134568434495
0 0.6619165860689603 0.7517196948711689 0.07957209073580228 0.08237721369816707
0 0.28546459858234113 0.07066639570089486 0.20644345650306115 0.13934256480290338
0 0.30233375842754656 0.14980794833256647 0.02219522916353666 0.02238611074594351
0 0.587438546694242 0.6317834854125977 0.03904848832350511 0.03898811340332031
0 0.8032245635986328 0.38956135969895583 0.015415485088641826 0.015335523165189303
0 0.8604541191687951 0.2649834339435284 0.0175933837890625 0.01738592294546274
0 0.6242787287785456 0.3094555414639987 0.026403537163367637 0.027170694791353665
0 0.40093502631554234 0.20866535260127142 0.014799264761117788 0.014725061563345103
0 0.4081713969890888 0.12512621512779823 0.01493666722224309 0.014988459073580228
0 0.3626721455500676 0.8515206850492038 0.024635901817908652 0.024926112248347357
0 0.8704443711500901 0.5951871871948242 0.029495826134314902 0.030202498802771933
0 0.8971545879657452 0.9873011662409856 0.02541967538686899 0.021904578575721152
0 0.6534808232234075 0.38973236083984375 0.027695875901442308 0.027659196120042067
0 0.7926943852351263 0.6280883642343374 0.02658990713266226 0.02690432621882512
0 0.176527921970074 0.5806464415330154 0.059551349053016074 0.060391792884239785
0 0.882417238675631 0.25432372093200684 0.021281609168419473 0.021497543041522685
0 0.14631419915419358 0.6991302050076998 0.01706383778498723 0.016843502338115986
0 0.5273504990797776 0.25296944838303786 0.02542987236609826 0.026311470912053034
0 0.5453376036423904 0.14334434729356033 0.015493539663461538 0.015493282904991737
0 0.7789316910963792 0.325777530670166 0.03939203115609976 0.03921215350811298
0 0.38291190220759463 0.7967821267934946 0.04402630145733173 0.04494916475736178
0 0.3887254274808444 0.2522568519298847 0.016009404109074518 0.01595449447631836
0 0.48999940432035005 0.04699268707862267 0.017409104567307692 0.017653281872089092
0 0.18329796424278846 0.9492464799147385 0.015157772944523739 0.014944956852839543
0 0.5077821291410006 0.44844414637638974 0.02845147939828726 0.028056951669546273
0 0.7103464420025165 0.4774289131164551 0.019412847665640023 0.019826302161583535
0 0.7139390798715445 0.4351320266723633 0.028870802659254808 0.029658097487229567
0 0.3144656694852389 0.25528377753037673 0.025739082923302285 0.025698331686166618
0 0.7163967719444861 0.48534209911639875 0.02298883291391226 0.022750340975247897
0 0.8584610865666316 0.38697184049166167 0.014089584350585938 0.013976610623873197
0 0.21172684889573318 0.5508735730097845 0.0551604491013747 0.05548396477332482
0 0.5913555071904109 0.16969930208646333 0.019084783700796273 0.01909644787128155
0 0.6401603405292218 0.12135545107034537 0.016509129450871393 0.016386802379901592
0 0.6596329028789814 0.3230248231154222 0.02196473341721755 0.02190399169921875
0 0.8086204528808594 0.032331643196252674 0.039623260498046875 0.04126747296406673
0 0.9372178591214694 0.27445477705735427 0.015543424166165866 0.01774487128624549
0 0.9224554208608774 0.5950912695664626 0.014079460730919471 0.014068603515625
0 0.0772089407994197 0.9000958662766677 0.06012632296635555 0.1151272700383113
0 0.22482857337364784 0.9862530048076923 0.016036106989933893 0.015912569486177884
0 0.2707240398113544 0.22560996275681716 0.015091162461500902 0.015303831834059495
0 0.761566895705003 0.09869743310488187 0.015698653001051683 0.015732710178081807
0 0.9347226069523737 0.8164251767672025 0.02896396930401142 0.031869007990910456
0 0.7710241171029898 0.8544480250431941 0.016141451322115384 0.016026130089393027
0 0.18090112392718977 0.028804579606423013 0.02836330120380108 0.028705051312079795
0 0.7056674957275391 0.32629706309391904 0.029121545644906852 0.02844656430757963
0 0.1810172154353215 0.8976088303786057 0.015273020817683293 0.015177506666917067
0 0.6191202310415415 0.3782771917489859 0.019931463094858024 0.019745019766000602
0 0.37415262369009167 0.839970588684082 0.014864408052884616 0.014371138352614183
0 0.05675776188190167 0.84630614060622 0.018265632482675407 0.024821648230919473
0 0.0798874910061176 0.9746789198655349 0.022500148186316855 0.022550142728365384
0 0.1607672434586745 0.04833411711912889 0.05927713100726788 0.06121522646683913
0 0.2397146041576679 0.413301027738131 0.036641524388239935 0.036716607900766224
0 0.6971120100754958 0.42146066518930286 0.021947127122145433 0.021653248713566706
0 0.4406432371873122 0.9163289436927209 0.014874825110802284 0.014814670269305889
0 0.18344697585472694 0.9859621341411884 0.01682142110971304 0.01685758737417368
0 0.10949310889610878 0.8661084541907678 0.024110023791973408 0.023896143986628607
0 0.7447280883789062 0.8869900336632361 0.016100956843449518 0.015900538517878607
0 0.22762098679175743 0.36002349853515625 0.03683743110069862 0.03698099576509916
0 0.8774277613713191 0.6369061836829553 0.014246720534104567 0.014417501596304087
0 0.4541488794180063 0.2935620087843675 0.014851643488957332 0.014946790841909556
0 0.7179546356201172 0.40957252795879656 0.018553807185246393 0.018851206852839544
0 0.5169811615577111 0.23526070668147162 0.023195780240572415 0.022898747370793268
0 0.7136701437143179 0.48160578654362607 0.024150995107797477 0.025060727046086237
0 0.9275631537804236 0.35103845596313477 0.034164722149188705 0.034802876985990085
0 0.7359983004056491 0.327392944922814 0.014499370868389424 0.014321400569035457
0 0.9336662292480469 0.20470002981332633 0.022031343900240384 0.022736109220064603
0 0.46521836060744065 0.23859091905447152 0.017265980060283955 0.017457008361816406
0 0.5582930491520808 0.48937177658081055 0.06280150780310997 0.06254012768085186
0 0.8721317878136268 0.010210068180010868 0.018063471867487982 0.017969555579699002
0 0.9369018994844877 0.8882852701040415 0.0145414792574369 0.014553656944861779
0 0.6937397443331205 0.9669032463660607 0.029780167799729567 0.028927436241736777
0 0.440362416780912 0.5792029454157903 0.032492564274714544 0.0324861086331881
0 0.39503999856802136 0.6478376388549805 0.014057232783390926 0.014119808490459736
0 0.39277062049278844 0.5166689065786508 0.016741459186260518 0.016765594482421875
0 0.7230226076566256 0.3057443912212665 0.01775213388296274 0.01808907435490535
0 0.8723529668954703 0.555544009575477 0.014944076538085938 0.014717028691218449
