0 0.1857464496905987 0.832089350773738 0.094146728515625 0.09315784160907452
0 0.11125891025249775 0.8572903413038987 0.08927345275878906 0.08909210791954628
0 0.28766268950242263 0.22267655225900504 0.09830511533297025 0.09923256360567533
0 0.07485220982478215 0.42039166964017427 0.07324834970327523 0.0732882573054387
0 0.36866620870736927 0.28466039437514085 0.05342703599196214 0.05331629973191481
0 0.3786819898165189 0.46848216423621547 0.048863924466646634 0.04882365006666917
0 0.6067168896014874 0.15162415687854475 0.07834757291353665 0.07936303432171161
0 0.4620958108168382 0.8537191244272085 0.08208707662729117 0.08238836435171273
0 0.8152101956881009 0.6179753083449143 0.04197399432842548 0.04185779278094952
0 0.1647770221416767 0.03671826307590191 0.06667116055121788 0.06738416048196647
0 0.42594693257258487 0.37735575896043044 0.042618091289813705 0.04276253626896785
0 0.5253525513869065 0.724103047297551 0.034984441903921276 0.03504107548640324
0 0.131301237986638 0.5083719400259165 0.05979515955998348 0.0605318362896259
0 0.4316547100360577 0.9455256095299354 0.030177923349233773 0.03015562204214243
0 0.05127508365190946 0.8954042287973257 0.052723086797274075 0.05336203941932091
0 0.3585795989403358 0.4021986447847806 0.04686443622295673 0.04696303147536058
0 0.3306974997887245 0.16947170404287484 0.04144206413855919 0.04163804421058068
0 0.09147947568159837 0.7650642395019531 0.033706206541795 0.0337066650390625
0 0.2939793513371394 0.8927409832294171 0.029801368713378906 0.02960821298452524
0 0.3045694828033447 0.5203798734224759 0.039931113903339095 0.04081652714655949
0 0.3913732675405649 0.6475728841928335 0.06558909782996544 0.0662075556241549
0 0.1762088995713454 0.12061847173250638 0.06000312475057749 0.05939667041485126
0 0.19171740458561823 0.54882629101093 0.02869701385498047 0.028890609741210938
0 0.4681406021118164 0.20513292459341195 0.049747467041015625 0.04993222309992863
0 0.17227414938119742 0.9620307042048528 0.04408678641686073 0.04435641948993389
0 0.09779579822833721 0.9369726914625901 0.060581390674297624 0.05956180279071514
0 0.19103765487670898 0.2169355612534743 0.05495929718017578 0.05493838970477764
0 0.9279926740206205 0.563809688274677 0.022854731633112982 0.023049354553222656
0 0.2520597531245305 0.3446483612060547 0.05399946066049429 0.05373998788686899
0 0.4997377395629883 0.7241018735445462 0.01992636460524339 0.020016009990985576
0 0.9290508857140174 0.9360804924598107 0.03739782480093149 0.037011219904972956
0 0.16737162149869478 0.5741307552044208 0.04607728811410757 0.04502597221961388
0 0.7989217318021334 0.4022371585552509 0.03083214393028846 0.03083962660569411
0 0.5323082850529597 0.8981215403630183 0.0991978278526893 0.10004498408390926
0 0.48084508455716646 0.22829209841214693 0.07619050832895133 0.07634375645564152
0 0.2523415455451378 0.28421785281254697 0.05153028781597431 0.05063508107112004
0 0.8101676060603216 0.2955149687253512 0.030617347130408652 0.030605572920579176
0 0.5239622409527118 0.28303993665255034 0.09349397512582633 0.09342303642859826
0 0.07004302740097046 0.31127082384549654 0.07876408100128174 0.07788797525259164
0 0.22602415084838867 0.8606223326462966 0.026016382070688102 0.0260012700007512
0 0.3367173121525691 0.37231276585505557 0.017679581275353067 0.0176089360163762
0 0.2958631698901837 0.9400791755089393 0.0291898067180927 0.029085306020883415
0 0.2647307836092435 0.6086436418386606 0.08892382108248197 0.08592700958251953
0 0.27847631161029524 0.32607085888202375 0.04900836944580078 0.048913148733285755
0 0.39629169610830456 0.8762920086200421 0.05309347005990835 0.05234791682316707
0 0.5637982441828802 0.9055248407217172 0.027758084810697116 0.02809773958646334
0 0.9236933634831355 0.6687968327448919 0.019831730769230768 0.01978756831242488
0 0.583156732412485 0.25936416479257435 0.0408937014066256 0.04059322063739483
0 0.14365644638354963 0.6743860244750977 0.04060031817509578 0.041099254901592545
0 0.6855982266939603 0.5281417553241436 0.05178202115572416 0.052331190842848554
0 0.2515355623685397 0.04699636881168072 0.023818529569185697 0.023671902143038236
0 0.4526797074538011 0.953579095693735 0.05034292661226713 0.05067854661207933
0 0.3016542654771071 0.8221674699049729 0.01815172342153696 0.017882127028245192
0 0.794314824617826 0.5189403387216421 0.06806109501765324 0.06757648174579327
0 0.5289978614220252 0.3466814481295072 0.05347633361816406 0.05374570993276743
0 0.32559937697190505 0.7399912614088792 0.089051393362192 0.08957437368539664
0 0.3600037648127629 0.20305132865905762 0.021092928372896634 0.020968877352201022
0 0.42142383868877703 0.18075669728792632 0.024634581345778245 0.024431815514197715
0 0.4186425575843224 0.5367073645958533 0.022392419668344352 0.022185398982121393
0 0.4389494015620305 0.4187970528235802 0.03837042588454027 0.03831349886380709
0 0.3073603556706355 0.5569193913386419 0.020865807166466348 0.02100680424616887
0 0.0509484364436223 0.5849958933316745 0.02115794328542856 0.021279555100661058
0 0.700182841374324 0.11377547337458684 0.041090158315805286 0.041667828193077676
0 0.6498245826134315 0.031494622047130875 0.048478346604567304 0.04850688347449669
0 0.19856665684626654 0.716545031620906 0.06636384817270133 0.06707455561711238
0 0.2855520431811993 0.4957698675302359 0.020308751326340895 0.020572662353515625
0 0.9282349806565505 0.9753343141995944 0.02862548828125 0.028904548058143027
0 0.453985727750338 0.6758287136371319 0.0377042476947491 0.0374603271484375
0 0.1375228349979107 0.2549610871535081 0.039658234669612005 0.03949400094839243
0 0.21280668332026556 0.6077883060161884 0.02043005136343149 0.020560631385216348
0 0.7060618033775916 0.6594835428091196 0.05341500502366286 0.05309897202711839
0 0.3617852284358098 0.3420457106370192 0.061754813561072715 0.06197900038499098
0 0.3696727019089919 0.5919028062086839 0.018861697270320013 0.01879545358511118
0 0.3118132444528433 0.4741858702439528 0.04459667205810547 0.04468837151160607
0 0.6713424829336313 0.8603448134202224 0.041109525240384616 0.04088504497821514
0 0.9285031832181491 0.8320511304415189 0.022605309119591348 0.022343562199519232
0 0.27632434551532453 0.5272705371563251 0.017710025493915264 0.01758876213660607
0 0.3707498036898099 0.5490153752840482 0.016858687767615683 0.016565396235539362
0 0.908211194551908 0.24040691669170672 0.015745016244741585 0.01578176938570463
0 0.06766385298508865 0.5769983438345102 0.1305516499739427 0.189057130080003
0 0.5070500740638146 0.49762428723848784 0.027110466590294473 0.02735438713660607
0 0.51343507033128 0.16135402826162484 0.046417529766376205 0.04718420138725868
0 0.3817855394803561 0.5142034017122709 0.015860630915715143 0.01601747366098257
0 0.35472840529221755 0.24406541310823882 0.0381475595327524 0.037329563727745645
0 0.7183303833007812 0.7473586155818059 0.07349586486816406 0.07386002173790565
0 0.24187021989088792 0.16689590307382438 0.03300659473125751 0.03265652289757362
0 0.9216028360220102 0.3514898740328275 0.02276758047250601 0.022520945622370794
0 0.8740520477294922 0.7061498348529522 0.04566808847280649 0.04574452913724459
0 0.1266931020296537 0.4492807388305664 0.027887821197509766 0.027891892653245192
0 0.5926294326782227 0.20244543368999773 0.03073721665602464 0.030653990232027493
0 0.5404357176560622 0.13916488794180062 0.051124279315655045 0.052556368020864636
0 0.7940277686485877 0.32166635073148286 0.015763502854567308 0.015699093158428486
0 0.9751589114849384 0.8212834871732272 0.01714192903958834 0.017145597017728366
0 0.1624469940478985 0.42902396275446963 0.018379761622502253 0.018343998835637018
0 0.9613413443932166 0.5464852406428411 0.019573358389047477 0.019500879141000602
0 0.17952662247877854 0.9018066112811749 0.01774311065673828 0.017407930814302884
0 0.5150930331303523 0.4791261232816256 0.022884662334735576 0.023587593665489785
0 0.20252073728121245 0.6440343856811523 0.018266751216008112 0.018386400662935697
0 0.5130624771118164 0.10940486651200515 0.04661251948429988 0.04631268061124361
0 0.18259195181039664 0.31214134509746844 0.024314073415902946 0.024280401376577523
0 0.028758681737459622 0.3485652483426608 0.04999181857475868 0.06223077040452223
0 0.6601775242732122 0.31001985990084135 0.08014590923602764 0.08098644476670486
0 0.4695920210618239 0.11297174600454477 0.03013156010554387 0.03058915871840257
0 0.64660277733436 0.7594881791334885 0.02947998046875 0.029856755183293268
0 0.5368010447575495 0.6066945149348333 0.015819256122295674 0.01607997600848858
0 0.8274362270648663 0.7091139279879056 0.0452728271484375 0.046247629018930286
0 0.32635050553541917 0.39307036766639125 0.02322989243727464 0.023480928861177884
0 0.1676031626187838 0.6923572833721454 0.039632861430828385 0.03916021493765024
0 0.04225774911733774 0.6877613067626953 0.01844899241740887 0.017887702355018027
0 0.3289929169874925 0.6081775518564078 0.04008791996882512 0.041146498460036054
0 0.7600699204664964 0.8431582817664514 0.025203558114858773 0.025429799006535456
0 0.6024816219623272 0.05790132742661696 0.06543394235464242 0.06617314998920147
0 0.7379057957575872 0.042072598750774674 0.10215994027944711 0.0829471808213454
0 0.27925716913663423 0.9618418766902044 0.020663701570951022 0.02120795616736779
0 0.26644479311429536 0.7269609157855694 0.04448157090407152 0.044890330387995794
0 0.14666549059060904 0.21953311333289513 0.03307193976182204 0.033069500556358926
0 0.29640777294452375 0.6525476162250226 0.04317129575289213 0.043947806725135215
0 0.26758575439453125 0.92713135939378 0.024608391981858473 0.024797586294320915
0 0.5898547906142014 0.5158379628108098 0.015464709355280949 0.015369121844951924
0 0.4304052499624399 0.14850919063274676 0.015618984515850361 0.015922949864314154
0 0.22676787009605995 0.919543559734638 0.04918171809269832 0.048162020169771634
0 0.7218669011042669 0.41835880279541016 0.02891232417179988 0.029296875
0 0.579804933988131 0.762499735905574 0.014606329110952524 0.014494382418118991
0 0.22652776424701399 0.0989311566719642 0.053062805762657754 0.052563758996816784
0 0.1381991459773137 0.39332785973182094 0.019748137547419622 0.019890711857722357
0 0.7971027080829327 0.6792174852811373 0.03568898714505709 0.03634511507474459
0 0.23935796664311335 0.939079211308406 0.03709327257596529 0.03699420048640324
0 0.7242419169499323 0.5415224662193885 0.09134365962101863 0.08887305626502404
0 0.19928508538466233 0.9454347170316256 0.0388032106252817 0.037804823655348554
0 0.19525656333336464 0.6734049870417669 0.016168741079477165 0.016202193040114183
0 0.7601271409254807 0.4776971156780536 0.016348912165715143 0.0164186771099384
0 0.045716519539172835 0.018031136347697332 0.017026213499215934 0.016723949175614577
0 0.4162994898282565 0.9133095374474158 0.0331117189847506 0.03351637033315805
0 0.14295368928175706 0.4333062538733849 0.014870423537034255 0.014949725224421574
0 0.07300002758319561 0.07754567953256461 0.0752734037546011 0.07490495993540837
0 0.3488451884343074 0.5799197417039138 0.02785513951228215 0.027899815486027643
0 0.5949694560124323 0.84009706057035 0.014763465294471154 0.014795450063852163
0 0.7166597659771259 0.07063848697222196 0.026498794555664062 0.02680849111997164
0 0.24387486164386457 0.41419036571796125 0.024678633763239935 0.024587484506460335
0 0.4280552130479079 0.12325811386108398 0.05432422344501202 0.05211331294133113
0 0.5602888694176307 0.18143917964054987 0.025249554560734674 0.025449459369365986
0 0.49737027975229114 0.35777517465444714 0.03645486098069411 0.03632560143103966
0 0.3372613466702975 0.07999179913447453 0.028491680438701924 0.028397266681377705
0 0.38147621888380784 0.09963903977320744 0.046985552861140326 0.048186503923856296
0 0.3594358884371244 0.6156533314631536 0.02902676508976863 0.02953793452336238
0 0.24661781237675592 0.5016982005192683 0.023695725661057692 0.024080423208383415
0 0.4204387664794922 0.4519204359788161 0.03194214747502254 0.0319513907799354
0 0.6464088146503155 0.9067278641920823 0.043693249042217545 0.04301863450270433
0 0.28398629335256725 0.6245319659893329 0.04467689074002779 0.04377390788151668
0 0.34393141819880557 0.13963942344372088 0.016907912034254808 0.017204468066875752
0 0.23161836770864633 0.10011467566856971 0.06007509965163011 0.06351445729915912
0 0.22702712279099685 0.24844741821289062 0.03871286832369291 0.038770162142240085
0 0.27689563311063325 0.15342442805950457 0.04644357241117037 0.04548373589148888
0 0.22827449211707482 0.92566468165471 0.0581816893357497 0.056798348060021035
0 0.14438464091374323 0.7149032446054312 0.023508585416353665 0.023550033569335938
0 0.14105873841505784 0.9468581859882061 0.027130713829627402 0.026402693528395433
0 0.8904460026667669 0.9505378282987155 0.017260624812199518 0.017572843111478366
0 0.5099957539485052 0.024801765496914204 0.060154107900766224 0.0471305801318242
0 0.26873438174907976 0.974390616783729 0.03639514629657452 0.03493338364821214
0 0.7022658861600436 0.8970875373253455 0.06026106614332933 0.0600427480844351
0 0.14404389491448036 0.09500601658454308 0.020868833248431865 0.021179767755361702
0 0.5348689372722919 0.4401198167067308 0.033853384164663464 0.03297350956843449
0 0.2434401145348182 0.1014254643366887 0.07665443420410156 0.07503168858014621
0 0.7323715503399189 0.5482489512516902 0.07415448702298678 0.07496261596679688
0 0.7731646024263822 0.4231945551358737 0.018032073974609375 0.017804512610802285
0 0.2513875961303711 0.5235804044283353 0.031534855182354264 0.03219399085411659
0 0.2827942187969501 0.6273416372445914 0.03686442741980919 0.03655389639047476
0 0.49811264184805065 0.9614432408259466 0.043998351463904746 0.04422965416541466
0 0.5373609249408429 0.6440029877882737 0.028060032771183893 0.028048295241135817
0 0.44266297267033505 0.034599013053453885 0.06382502042330228 0.06273469099631676
0 0.1977411416860727 0.4902982711791992 0.01935922182523287 0.019544014563927285
0 0.9118446936974158 0.843013176551232 0.026540022629957933 0.026688795823317308
0 0.16606774696936974 0.9928428943340595 0.028721112471360426 0.013334127572866587
0 0.14159175065847543 0.15259616191570574 0.03677518551166241 0.03704236103938176
0 0.05828269169880794 0.0463754993218642 0.10894879011007455 0.09075582027435303
0 0.024401410267903254 0.5476497136629545 0.03241072709743793 0.0329437989455003
0 0.40210320399357724 0.6952144182645358 0.09873536916879508 0.10046225327711839
0 0.09557259999788724 0.13171958006345308 0.04325679632333609 0.042116220180804916
0 0.9281820884117713 0.8763879629281851 0.020436800443209134 0.020205864539513223
0 0.22197503309983474 0.4877707041226901 0.019904723534217246 0.020291768587552585
0 0.4328746795654297 0.09464621543884277 0.04852294921875 0.04788725651227511
0 0.31512906001164365 0.074882828272306 0.014911431532639723 0.015066825426541842
0 0.1190483570098877 0.363858516399677 0.025054344764122598 0.025685237004206732
0 0.7800044279832107 0.16853686479421762 0.061380826509915866 0.06017461189856896
0 0.4930918033306415 0.6696304908165565 0.03786556537334736 0.038055126483623795
0 0.5619482627281775 0.2309435330904447 0.043595460745004505 0.04306734525240385
0 0.43483253625723034 0.7782712349524865 0.058595437269944414 0.05868618304912861
0 0.057914091990544245 0.6747721158541166 0.026708511205819938 0.02674719003530649
0 0.6540078383225661 0.6576064183161809 0.03219046959510216 0.032090994027944714
