0 0.43527925931490385 0.12411163403437687 0.07387410677396335 0.07387355657724234
0 0.608883784367488 0.3685296865609976 0.09924624516413762 0.10100643451397236
0 0.37595220712515026 0.7601569249079778 0.07091243450458233 0.07129052969125602
0 0.7307005662184495 0.10792204049917367 0.044393099271334134 0.0439153084388146
0 0.21288935954754168 0.5167622933020959 0.07252091627854568 0.07201297466571514
0 0.8121952643761268 0.5559261028583233 0.0685282487135667 0.0687252924992488
0 0.7523187490609976 0.5748907235952524 0.06139843280498798 0.06182523874136118
0 0.3635194485004132 0.26622273371769833 0.03718009361853966 0.03740699474628155
0 0.855384533221905 0.9013878748967097 0.11337808462289664 0.11320818387545072
0 0.6417387448824369 0.29070056401766264 0.06562482393704928 0.06621247071486253
0 0.6808538436889648 0.48924864255464995 0.05196982163649339 0.05219415517953726
0 0.45125953967754656 0.5461397537818322 0.35346412658691406 0.3538675308227539
0 0.18934877102191633 0.9719235346867487 0.0200958251953125 0.01994044964130108
0 0.603575376363901 0.8413251730111929 0.033200557415301986 0.03322190504807692
0 0.30821492121769833 0.955971937913161 0.0777451625237098 0.07837530282827523
0 0.5552003933833196 0.39600284282977766 0.02351548121525691 0.023593022273137018
0 0.9693308610182542 0.38081220480111927 0.026524763840895433 0.026563204251802884
0 0.1818210528447078 0.6888249470637395 0.033200704134427585 0.033335318932166465
0 0.40749117044302136 0.8200484789334811 0.02158502432016226 0.02152589651254507
0 0.25753046916081357 0.8451246114877554 0.04851458622859074 0.04872043316180889
0 0.24362476055438703 0.8923703707181491 0.035732085888202376 0.03561489398662861
0 0.17097634535569411 0.07092683131878193 0.022782325744628906 0.022583851447472207
0 0.5383994762714093 0.24323272705078125 0.026620791508601263 0.026791866009051982
0 0.19625188754155085 0.834346184363732 0.020298517667330228 0.020437093881460335
0 0.2752728829017052 0.021473868535115168 0.018872187687800482 0.018893695794619046
0 0.90685301560622 0.684409655057467 0.07115320058969352 0.07167874849759616
0 0.8718485465416541 0.196438532609206 0.028129430917593148 0.027720121236947868
0 0.17277884483337402 0.563175788292518 0.022512179154616136 0.02277653033916767
0 0.9205633310171274 0.6418286837064303 0.09013014573317307 0.09005341163048378
0 0.35041086490337664 0.36133648799015927 0.027595153221717246 0.027435889610877402
0 0.3071547838357779 0.8952896411602314 0.08633932700523964 0.08564582237830529
0 0.8023433685302734 0.355591370509221 0.30897287222055286 0.34928593268761265
0 0.46534252166748047 0.19603795271653396 0.0287173344538762 0.028604727524977464
0 0.9764058039738581 0.27435418275686413 0.021240821251502402 0.021536827087402344
0 0.3546722485468938 0.23572202829214242 0.01778749319223257 0.017696380615234375
0 0.5636798051687387 0.9085703629713792 0.04018049973707933 0.040140005258413464
0 0.03217759499183068 0.601509901193472 0.03316978307870718 0.03235963674692007
0 0.19957516743586615 0.9521299508901743 0.16554590371938852 0.09504288893479568
0 0.2820596878345196 0.2617303408109225 0.0668506255516639 0.06665273813100961
0 0.7646000935481145 0.20627929614140436 0.017021032480093148 0.01709263141338642
0 0.6799113933856671 0.5245020572955792 0.05079240065354567 0.05059653062086839
0 0.23509755501380333 0.051987758049598105 0.0921938235943134 0.09102175785945012
0 0.2184789364154522 0.6328849792480469 0.02016133528489333 0.020175933837890625
0 0.4440964918870192 0.7301060603215144 0.02179585970365084 0.021858948927659255
0 0.19326188014103815 0.2783748736748329 0.041137328514685996 0.04132571587195763
0 0.21638279694777268 0.14847040176391602 0.015071648817795973 0.015142147357647236
0 0.6931667327880859 0.9633681223942683 0.0475459465613732 0.04722023010253906
0 0.6758529222928561 0.626613030066857 0.04807545588566707 0.046754103440504804
0 0.0998524335714487 0.3082277958209698 0.03603495084322416 0.03593862973726713
0 0.4952625861534706 0.7775264153113732 0.015756607055664062 0.015664320725661058
0 0.63481932419997 0.9883199104895959 0.0275115966796875 0.019484299879807692
0 0.2847096369816707 0.6340468480036809 0.0409856942983774 0.04044635479266827
0 0.9776328893808218 0.4202142862173227 0.018065232496995192 0.02439264150766226
0 0.166048159966102 0.8269447913536658 0.015423334561861478 0.015282557560847355
0 0.44904276040884167 0.3137206664452186 0.027039307814378005 0.02676729055551382
0 0.6119549824641302 0.31917726076566255 0.022627610426682692 0.022637660686786357
0 0.7361495678241436 0.7963311122013972 0.05804149921123798 0.056491851806640625
0 0.5208161427424505 0.26305657166701096 0.019733428955078125 0.01953726548414964
0 0.27022310403677136 0.5059050780076247 0.021627426147460938 0.022074552682729866
0 0.8110727163461539 0.1733697010920598 0.02417725783128005 0.0238494139451247
0 0.13692911771627572 0.33133906584519607 0.0348051694723276 0.03427725571852464
0 0.5127962919381949 0.9602146882277268 0.08149990668663612 0.07430736835186298
0 0.5796770682701697 0.2082818104670598 0.020273208618164062 0.02053994398850661
0 0.5297873570368841 0.3198993389423077 0.01658791762131911 0.01646584730881911
0 0.3807204319880559 0.23053589233985314 0.020614183866060697 0.020530040447528545
0 0.06874708028940055 0.9855979039118841 0.05876047794635479 0.027587890625
0 0.3921224887554462 0.35274611986600435 0.05725383758544922 0.05745638333834135
0 0.7050154759333684 0.05830541940835806 0.022188773522010215 0.02209012324993427
0 0.9538055566641 0.5488437505868765 0.03934185321514423 0.03932791489821214
0 0.05405089488396278 0.3260659804710975 0.07098186933077298 0.07017590449406551
0 0.7104719602144681 0.6431276614849384 0.07335354731633113 0.07251284672663762
0 0.43488333775446963 0.3627741887019231 0.030605903038611777 0.029781634990985576
0 0.39505910873413086 0.5587236331059382 0.08835022266094501 0.08881048055795523
0 0.028076877960791953 0.14527056767390326 0.03024433209345891 0.030813327202430137
0 0.9605046785794772 0.9430596278263972 0.05266028184157152 0.07247073833759014
0 0.1544671242053692 0.7011249248798077 0.0200650141789363 0.020259857177734375
0 0.5148812073927659 0.3771233925452599 0.019775537344125602 0.01997206761286809
0 0.8245030916654147 0.7676931527944711 0.014855018028846154 0.014576251690204326
0 0.25892523618844837 0.2999569636124831 0.03851483418391301 0.03924006682175856
0 0.3279247283935547 0.8698249963613657 0.0536648493546706 0.05351682809682993
0 0.5172310609083909 0.3763153369610126 0.023935538071852464 0.024221420288085938
0 0.8712376814622146 0.7423463968130258 0.06920418372521034 0.06941017737755409
0 0.7923529698298528 0.8240027794471154 0.018674703744741585 0.018858689528245192
0 0.15637927788954514 0.7613943540132962 0.0253451053912823 0.025666163517878607
0 0.5856881508460412 0.9795843271108774 0.057363069974459134 0.037757580096905045
0 0.1318597151682927 0.2371529982640193 0.014649097736065205 0.014347699972299429
0 0.07609302263993484 0.39980815007136417 0.028122938596285306 0.028146743774414062
0 0.3627472657423753 0.8547715407151443 0.01739780719463642 0.017116253192608174
0 0.3538634960467999 0.43047406123234677 0.01778250474196214 0.01772755842942458
0 0.626996113703801 0.6597928267258865 0.016071319580078125 0.016105064978966348
0 0.4564479681161734 0.3045700513399564 0.05304277860201322 0.05446206606351412
0 0.8230582017164964 0.7243568713848407 0.034546191875751205 0.03452711838942308
