0 0.09978191669170673 0.16506272095900315 0.07062387466430664 0.07066521277794471
0 0.6755183293269231 0.8691990192119892 0.07852906447190505 0.07811238215519832
0 0.9735477887667142 0.11238699692946214 0.047947076650766224 0.07270981715275691
0 0.4957005427433894 0.18145201756403997 0.11688393812913161 0.11429435473222
0 0.0374788366831266 0.31641696049616885 0.06074818281026987 0.05948448181152344
0 0.6519591991717999 0.4154639977675218 0.09634194007286659 0.09689595149113582
0 0.7200419352604792 0.4063289715693547 0.04745204632098858 0.04662367013784555
0 0.9206481346717248 0.30162378457876354 0.05524723346416767 0.05575260749230018
0 0.9598492108858548 0.21147693120516264 0.07246046799879807 0.08484822053175706
0 0.48777275819044846 0.6675959367018479 0.21887823251577523 0.22291414554302508
0 0.2747053366440993 0.45340919494628906 0.05504820897028996 0.05505679203913762
0 0.27286232434786284 0.03150754479261545 0.061107782217172474 0.059625483476198636
0 0.03442653784385094 0.19271542475773737 0.026243035609905537 0.026352552267221305
0 0.6744552025428185 0.6916082088763897 0.04317767803485577 0.043281848614032455
0 0.7750795804537259 0.40682689960186297 0.03985111530010517 0.04017859238844652
0 0.6618085274329553 0.3695836433997521 0.03971936152531551 0.03989498431865986
0 0.8626485971304086 0.13394386034745437 0.044784839336688705 0.04539671311011681
0 0.5242886176476111 0.97742066016564 0.033338693472055286 0.03307753342848558
0 0.1380366820555467 0.5906098439143255 0.2763195588038518 0.34055181650015026
0 0.8694739708533654 0.34730236346905047 0.030413994422325723 0.03075298896202674
0 0.46490837977482724 0.3295136965238131 0.02018282963679387 0.020402908325195312
0 0.2873852436359112 0.9594324552095853 0.02131491440993089 0.021563603327824518
0 0.2875675788292518 0.30014837705172026 0.018868299630972054 0.018869546743539665
0 0.401308169731727 0.32172496502216047 0.02497386932373047 0.024918849651630107
0 0.26838067861703724 0.660728381230281 0.02514332991379958 0.02526400639460637
0 0.23312836426955003 0.152696811235868 0.02026198460505559 0.020023859464205228
0 0.7830657225388747 0.15663629311781663 0.02733303950383113 0.02750231669499324
0 0.14548054108252892 0.33455984409038836 0.19835703189556414 0.19867860353910005
0 0.2543769066150372 0.22078308692345253 0.018653722909780648 0.018712337200458232
0 0.5101662782522348 0.5150891083937424 0.033687591552734375 0.03367416675274189
0 0.3378194295443021 0.12056548778827374 0.043695963346041165 0.04377284416785607
0 0.9485443555391752 0.06079433514521672 0.040683746337890625 0.04041541539705717
0 0.7060115520770733 0.6813345689039964 0.019822340745192308 0.01986841055063101
0 0.8754325279822717 0.23717762873722956 0.047303419846754804 0.04686649029071514
0 0.6209623630230243 0.2796183916238638 0.03023558396559495 0.030405448033259466
0 0.5635823469895583 0.4410244868351863 0.030146085298978366 0.030325962946965143
0 0.6632219461294321 0.18096318611731896 0.02725043663611779 0.02727640592134916
0 0.6002648426936223 0.26294898986816406 0.028147550729604866 0.02836014674260066
0 0.62372559767503 0.32636627784142125 0.06879718487079327 0.06928121126615085
0 0.7156539330115685 0.589474971477802 0.1137530987079327 0.11153103755070613
0 0.8940906524658203 0.9835596818190354 0.032411428598257214 0.02941718468299279
0 0.33481135735144985 0.19203490477341872 0.03822458707369291 0.038439310514009915
0 0.6521038642296424 0.14733110941373384 0.03983981792743389 0.040155227367694564
0 0.4548935156602126 0.18674028836763823 0.01825868166410006 0.01758707486666166
0 0.1489087618314303 0.6504322198721079 0.01784342985886794 0.01785557086651142
0 0.6588627741887019 0.23397950025705191 0.02169946523813101 0.02136373519897461
0 0.31070324090810925 0.5213284125694861 0.03800135392409105 0.037819202129657455
0 0.03920950797887949 0.7669256650484525 0.027618160614600547 0.027835552509014424
0 0.9676884137667142 0.03197103509536156 0.06251863332895133 0.06146041705058171
0 0.09964574300325833 0.40482477041391224 0.039873636685884915 0.04018548818734976
0 0.6747988187349759 0.4823146233191857 0.1212615599999061 0.12366646986741286
0 0.8120296184833233 0.702187024630033 0.017085442176231973 0.016958236694335938
0 0.032796807014025174 0.4579172501197228 0.02133436844899104 0.021480560302734375
0 0.7228017953725961 0.9473634866567758 0.017473954420823317 0.017291435828575723
0 0.07510530031644382 0.27681596462543195 0.018816636158869818 0.01887050041785607
0 0.4383539786705604 0.5102449930631198 0.019359441903921273 0.01941512181208684
0 0.8405459477351263 0.6104215475229117 0.015575995812049279 0.015606953547551082
0 0.38570884557870716 0.8012101833636944 0.027736150301419772 0.0278628422663762
0 0.3254658625676082 0.5665453397310697 0.03190422058105469 0.032201326810396634
0 0.6015000710120568 0.29555720549363357 0.017955633310171273 0.017865621126615085
0 0.4387611976036659 0.159695368546706 0.04449125436636118 0.045441544972933255
0 0.4246364006629357 0.48803094717172474 0.027338248032789964 0.02769631605881911
0 0.7451356741098257 0.21477934030386117 0.024851872370793268 0.024819374084472656
0 0.8306324298565204 0.4347478426419772 0.023400233342097357 0.023377345158503607
0 0.5053445375882663 0.14689185069157526 0.01984090071458083 0.019698289724496696
0 0.03220282151148869 0.4059883264394907 0.03146514525780311 0.03177994948167067
0 0.29508068011357236 0.5870848068824182 0.03339389654306265 0.03305515876183143
0 0.5384313876812274 0.47971296310424805 0.059644112220177285 0.06187593019925631
0 0.9793514838585486 0.2748560171860915 0.020946209247295674 0.0212705318744366
0 0.28890371322631836 0.946316645695613 0.015840457035945013 0.016017913818359375
0 0.19020834335914025 0.26249632468590367 0.07203017748319186 0.07187696603628305
0 0.043864850814525895 0.44123125076293945 0.023533380948580228 0.02407528803898738
0 0.5641356614919809 0.2366624612074632 0.02018627753624549 0.019978816692645732
0 0.016433454476870023 0.4581908446091872 0.01476911398080679 0.014591070321890024
0 0.32132662259615385 0.2195438971886268 0.05895541264460637 0.058005112868088946
0 0.14759061886714056 0.08414004399226262 0.018362045288085938 0.018384621693537787
0 0.3066137203803429 0.6938114166259766 0.036873927483191855 0.03685202965369591
0 0.1504750343469473 0.28398990631103516 0.016423390461848333 0.016372167147122897
0 0.8589872947105994 0.42571419935960036 0.015195846557617188 0.015176479633037861
0 0.8564965174748347 0.03369031044153067 0.015925187330979567 0.015810590523939867
0 0.7247151594895583 0.8062815299400916 0.03221746591421274 0.03213412945087139
0 0.06538093090057373 0.09639230141272911 0.0738522272843581 0.0741286094372089
0 0.39615359673133266 0.784972777733436 0.018774032592773438 0.018411636352539062
0 0.4881456815279447 0.6158850743220403 0.016989781306340143 0.017060169806847207
0 0.5073791650625376 0.24198480752798227 0.021069453312800482 0.02094877683199369
0 0.9142861733069787 0.838766831618089 0.020076751708984375 0.020145122821514424
0 0.1611795608813946 0.29945157124445987 0.015333285698523888 0.015355953803429237
0 0.8948196998009315 0.3622682277972882 0.024976290189302884 0.025249334482046273
0 0.694920906653771 0.16282828037555402 0.026491165161132812 0.025988322037916917
0 0.5291868356557993 0.2643430966597337 0.022643309373121995 0.02282582796536959
0 0.8590844961313101 0.9443878760704627 0.015517014723557692 0.015282850999098558
0 0.14453986974862906 0.9352149963378906 0.297245245713454 0.1295004624586839
0 0.5493978353647085 0.06556220238025372 0.01654390188363882 0.016414990791907676
0 0.24190759658813477 0.26139644476083607 0.02225039555476262 0.02154394296499399
0 0.2565192992870624 0.27122108752910906 0.020613633669339694 0.020993526165301982
0 0.98870849609375 0.28304433822631836 0.01994147667518029 0.02203956017127404
0 0.3661508560180664 0.5028298451350286 0.03351042820857121 0.03360704275277945
0 0.7413280193622296 0.7878236037034255 0.018320523775540866 0.018557328444260817
0 0.03246808281311622 0.35325934336735654 0.037617165308732256 0.038450461167555586
0 0.9170969449556791 0.041712976419008695 0.020050635704627402 0.019655869557307318
0 0.9630449735201322 0.9469305185171274 0.016803741455078125 0.016795525184044473
0 0.3920216193565956 0.39848716442401594 0.08113039456881009 0.07821083068847656
0 0.40224053309513974 0.7651764796330378 0.021996571467472956 0.022264627309945915
0 0.41170421013465297 0.12870403436514047 0.039960200969989486 0.04010706681471605
0 0.4147131626422589 0.4159544798044058 0.01471864260160006 0.0147552490234375
0 0.9594741968008188 0.6542125115027795 0.01688531728891226 0.017254756047175482
0 0.3589305144089919 0.7935628157395583 0.021109801072340745 0.021101731520432692
0 0.6830745110144982 0.8059956477238581 0.028561812180739183 0.028375772329477165
0 0.3128581413855919 0.977173218360314 0.025748839745154746 0.025450486403245192
0 0.8969014974740835 0.007925966611275306 0.020977900578425482 0.014165364778958835
0 0.3170970036433293 0.13820031973031852 0.01687137897198017 0.01697430243858924
0 0.959759785578801 0.4251253421490009 0.07497024536132812 0.11658419095552884
0 0.9865151185255784 0.2805646382845365 0.0251919673039363 0.025165777940016527
0 0.49681722200833833 0.26645333950336164 0.038895753713754505 0.039440155029296875
0 0.09561646901644193 0.2386604639200064 0.015673398971557617 0.01575312247643104
0 0.9147898600651667 0.9674923970149114 0.015151537381685697 0.015148749718299279
0 0.6476904062124399 0.8130815946138822 0.022252596341646634 0.022535177377554085
0 0.011516717764047476 0.8861409700833834 0.02291808220056387 0.04817111675555889
0 0.6086566631610577 0.20979921634380633 0.02066318805401142 0.021017147944523737
0 0.5237995294424204 0.42644287989689755 0.03957704397348257 0.03939599257249098
0 0.5811897057753342 0.4678815694955679 0.028916212228628304 0.02913181598369892
0 0.1578374275794396 0.13101610770592323 0.015014272469740648 0.015061635237473708
0 0.015032715522325955 0.7324786553016076 0.029250928988823525 0.030946878286508415
0 0.8286122542161208 0.6403694152832031 0.01503284160907452 0.015098865215594951
0 0.8568126971905048 0.20403603407052848 0.02871117225060096 0.028593686910775993
0 0.17323750715989333 0.2864569333883432 0.016153702369103067 0.016077591822697565
0 0.8271433756901667 0.19678273567786583 0.015648621779221755 0.01585102081298828
0 0.3446864348191481 0.7695770263671875 0.01361846923828125 0.013513124906099759
0 0.4394381963289701 0.1542211679311899 0.038153648376464844 0.03774070739746094
0 0.8225022829495944 0.2779836287865272 0.07322164682241586 0.07500421083890475
0 0.40775548494779146 0.50408935546875 0.021014580359825723 0.021332300626314603
0 0.7887460268460788 0.2447973581460806 0.023050895104041465 0.023446339827317458
0 0.88427000779372 0.0796358218559852 0.015595949613131009 0.015697699326735277
0 0.6590811656071589 0.28193448140070987 0.020218775822566107 0.020345321068396933
0 0.8657056368314303 0.06984300338304959 0.015031961294320913 0.015141716370215783
0 0.24195572046133187 0.21184374735905573 0.10947051415076622 0.10994654435377854
0 0.6945755298321064 0.9035440591665415 0.04269834665151743 0.04140002910907452
0 0.06972384452819824 0.4038899861849271 0.01886409979600173 0.018599730271559495
0 0.7702202430138221 0.4636214329646184 0.01421062762920673 0.014447579017052284
0 0.10211084439204289 0.018043419489493735 0.017455211052527793 0.017208498257857103
0 0.6205539703369141 0.1924570890573355 0.05936523584219126 0.06095306689922626
0 0.5559760974003718 0.30036269701444185 0.07853493323692909 0.08200828845684345
