0 0.04975027762926542 0.13387442552126372 0.03966704698709341 0.049280991921058066
0 0.49329442244309646 0.7090782752403846 0.03961401719313402 0.039802844707782455
0 0.7933949690598708 0.06299208677732028 0.031586867112379804 0.03160973695608286
0 0.8878184098463792 0.0931227573981652 0.027003948505108174 0.027181441967303935
0 0.35413026809692383 0.4612442896916316 0.021436691284179688 0.021371988149789665
0 0.6802149552565354 0.6428630535419171 0.020307100736177884 0.020404228797325723
0 0.06653970938462478 0.8772376133845403 0.019966932443472054 0.019807081956129808
0 0.1276874725635235 0.2706092687753531 0.019355297088623047 0.01925175006573017
0 0.06699966467343844 0.24041049297039324 0.020157520587627705 0.020002181713397685
0 0.5242102696345403 0.7502024723933294 0.018585571875939004 0.018581390380859375
0 0.6000467447134165 0.8005311672504132 0.018224202669583835 0.01784486037034255
0 0.3001254521883451 0.2792171331552359 0.018188329843374398 0.018203368553748496
0 0.6539714519794171 0.5564383726853591 0.018283257117638223 0.018306145301231973
0 0.8598621074969952 0.46723281420194185 0.016821641188401442 0.01652108705960787
0 0.11156043639549842 0.5120273736807016 0.020370336679311898 0.020461009098933294
0 0.22690901389488807 0.7231589097243089 0.017320559575007513 0.017338385948768027
0 0.4359024488008939 0.37926534505990833 0.016945031973031852 0.016834259033203125
0 0.23770493727463943 0.7356984065129206 0.01650714874267578 0.016431661752554085
0 0.43013752423799956 0.6260780921349158 0.01658175541804387 0.01675547086275541
0 0.8681592207688552 0.8757683680607722 0.016537886399489183 0.016698690561147835
0 0.21217951407799354 0.23365268340477577 0.07861533531775841 0.08101767760056716
0 0.17899054747361404 0.6333751678466797 0.01546632326566256 0.015576876126802884
0 0.49913747494037336 0.923331774198092 0.017249327439528245 0.017152932974008415
0 0.11159174258892353 0.1070543252504789 0.05068192115196815 0.05061912536621094
0 0.22231116661658654 0.30826480572040266 0.018715344942533053 0.018777994009164665
0 0.12867189370668852 0.21953410368699294 0.02189462001507099 0.02233255826509916
0 0.34461483588585484 0.2042677219097431 0.015233846811147837 0.015440574059119591
0 0.4507498007554274 0.45557154141939604 0.014513455904447116 0.014516683725210337
0 0.9284877043503982 0.8878894219031701 0.015146108774038462 0.014972393329326924
0 0.8760877755972055 0.9432003314678485 0.015850360576923076 0.01547696040226863
0 0.2812529710622934 0.5502214431762695 0.016042562631460335 0.016080929682804987
0 0.8101764092078576 0.8111685239351712 0.029986748328575723 0.030833904559795674
0 0.5362040446354792 0.8351625295785757 0.015800622793344352 0.015696598933293268
0 0.6106226994441106 0.7457516743586614 0.02782410841721755 0.02785007770244892
0 0.2083120896266057 0.3195029405447153 0.016613116631141074 0.016917081979604866
0 0.19844992344196027 0.6778651017409104 0.02723840566781851 0.026899191049429085
0 0.31142385189349836 0.3964870893038236 0.05734869150015024 0.057814524723933294
0 0.06484602964841403 0.7792101639967698 0.01540675530066857 0.015359144944411058
0 0.1292288853571965 0.3504420793973483 0.022311852528498724 0.02239080575796274
0 0.7708423321063702 0.019218209844369154 0.015004964975210337 0.014880370635252733
0 0.4563140135544997 0.3999228844275841 0.022342828603891227 0.022337840153620794
0 0.7412924399742713 0.008082012717540447 0.02327273442195012 0.014846762785544762
0 0.2283492088317871 0.3885458799508902 0.020058705256535456 0.02014468266413762
0 0.14473669345562273 0.5731606850257287 0.01859254103440505 0.01891458951509916
0 0.7548355689415565 0.9459238785963792 0.07714579655573918 0.07700670682466947
0 0.3073114065023569 0.29176546977116513 0.014921151674710788 0.015032328092134915
0 0.7649088639479417 0.07462769288283128 0.015746189997746393 0.016058701735276442
0 0.9673218360314002 0.8422481830303485 0.012897198016826924 0.018804110013521634
0 0.10922971138587365 0.016761056505716763 0.015545404874361478 0.015832907878435575
0 0.137423772078294 0.6943314625666692 0.013941104595477764 0.013830625093900241
0 0.951655021080604 0.2561063766479492 0.039209952721228965 0.05426861689640926
0 0.8027499272273138 0.09023694808666523 0.02642675546499399 0.026729363661545973
0 0.5817219660832331 0.7193892552302434 0.014516243567833534 0.014007274921123799
0 0.2747632173391489 0.9928179520827073 0.017266273498535156 0.012732579157902645
0 0.5079772288982685 0.3669743171105018 0.018257727989783652 0.018454771775465745
0 0.07929042669442984 0.22365208772512582 0.024883852555201605 0.025288765247051533
0 0.32123382274921125 0.8307192875788763 0.02091349088228666 0.020805945763221152
0 0.49265377338115984 0.5793543595534104 0.03383093613844652 0.033866588885967545
0 0.935633292564979 0.8456090780404898 0.014758476844200721 0.014556004450871395
0 0.4437382771418645 0.7577610015869141 0.03458331181452824 0.03470127399151142
0 0.8925278736994817 0.6446531735933744 0.013963992779071514 0.013732469998873197
0 0.043764627896822415 0.24923375936654898 0.028876588894770697 0.033276998079740085
0 0.4746387555049016 0.8155507307786208 0.07161250481238732 0.0729513901930589
0 0.7045051868145282 0.03569433780816885 0.0330804678109976 0.032211560469407305
