0 0.4074982496408316 0.41884246239295375 0.0656574689424955 0.06549512423001803
0 0.6318249335655799 0.23964775525606596 0.11718383202185997 0.11600024883563702
0 0.42939090728759766 0.6568519885723407 0.05392324007474459 0.053920745849609375
0 0.5917522723858173 0.026903989223333504 0.09081972562349759 0.052460629206437334
0 0.6804651113656851 0.361114501953125 0.06174190227801983 0.06146078843336839
0 0.28066558104295 0.542576056260329 0.03776961106520433 0.047683422382061295
0 0.4461084512563852 0.8042747057401217 0.06030772282527043 0.06108386699969952
0 0.6094523576589731 0.9299342815692608 0.1741476058959961 0.1378024174616887
0 0.5066788379962628 0.8858038095327524 0.024325003990760215 0.024211296668419473
0 0.5842971068162185 0.3142695060143104 0.08652305603027344 0.08442953916696402
0 0.5716440861041729 0.6570160205547626 0.06400034977839543 0.06334832998422477
0 0.3696423677297739 0.8561608241154597 0.042398966275728665 0.04308671217698317
0 0.49355565584622896 0.5686096044687124 0.02484468313363882 0.024821941669170674
0 0.5465924189640925 0.7910677836491511 0.0441595224233774 0.04395484924316406
0 0.4224819770226112 0.7745227080125076 0.0669552729679988 0.06717887291541466
0 0.7060356140136719 0.24835918499873236 0.02878541212815505 0.028760726635272685
0 0.29449893878056455 0.14362974350269025 0.02026954064002404 0.02017079866849459
0 0.5107491566584661 0.8057061708890475 0.03313930218036358 0.03331287090594952
0 0.3796307123624362 0.7459800426776593 0.017332003666804388 0.017551128680889424
0 0.33190147693340594 0.08629875916701096 0.017375065730168268 0.01779347199660081
0 0.41485228905311 0.564116698044997 0.019805247967059795 0.019756023700420674
0 0.7321125177236704 0.8969119145320013 0.02010932335486779 0.02051573533278245
0 0.43024330872755784 0.6834320655235877 0.01665834280160757 0.016514411339393027
0 0.5948842122004583 0.8232556856595553 0.01733823922964243 0.017135033240685098
0 0.3010202737954947 0.7089854020338792 0.04517243458674504 0.045073289137620196
0 0.42560269282414365 0.09538306639744686 0.04508399963378906 0.04541663023141714
0 0.46242347130408656 0.34749009059025693 0.017522591810960036 0.01787721193753756
0 0.342339772444505 0.7073510976938101 0.017312269944411058 0.01714911827674279
0 0.5944300431471604 0.43975830078125 0.01655153127817007 0.016384271474984977
0 0.6306500068077674 0.33513479966383714 0.03111853966346154 0.031115311842698317
0 0.4722243088942308 0.6502637129563552 0.03896669241098257 0.039638372567983776
0 0.5502667060265174 0.19019886163564828 0.034478260920597956 0.03537420126108023
0 0.3009777802687425 0.0686866961992704 0.01641985086294321 0.016224787785456732
0 0.5907071920541617 0.5054607758155236 0.03213794414813702 0.03230593754695012
0 0.40767816396859974 0.07984430056351882 0.03752913841834435 0.036963921326857344
0 0.47739142637986404 0.4500237978421725 0.015653316791240986 0.015507184542142428
0 0.7248197702261118 0.09372285696176383 0.015877650334284857 0.016132519795344427
0 0.4986662497887245 0.0427511976315425 0.01877461946927584 0.018743414145249587
0 0.5469049307016226 0.31746732271634615 0.03389806013840895 0.034196120042067304
0 0.44470849403968227 0.19124397864708534 0.05196336599496695 0.05286363454965445
0 0.34271533672626203 0.548420942746676 0.015386654780461239 0.01517956073467548
0 0.3791939662053035 0.05224517675546499 0.02765230032113882 0.027833991325818576
0 0.583311337691087 0.5361890426048865 0.02248103802020733 0.02244743934044471
0 0.3228617448073167 0.4307895073523888 0.04578810471754808 0.045827352083646335
0 0.6506531055157001 0.5591612962576059 0.095765077150785 0.09778198829064003
0 0.27586034628061146 0.4423036208519569 0.02685392819918119 0.03363462594839243
0 0.52145660840548 0.6517171859741211 0.04535983158991887 0.0455926748422476
0 0.7199694560124323 0.37720672900860125 0.03162296001727764 0.05152086111215445
0 0.28073373207679164 0.2907993243290828 0.03451229975773738 0.03855580549973708
0 0.42947893876295823 0.5193941409771259 0.026145201462965745 0.026232792780949518
0 0.7102793180025541 0.4528407316941481 0.05357038057767428 0.09945121178260216
0 0.406093010535607 0.7340590403630183 0.015253800612229567 0.01544482891376202
0 0.4619869819054237 0.7567314734825721 0.02413001427283654 0.024319868821364183
0 0.33463507432204026 0.2136975801908053 0.021351447472205527 0.021320929894080527
0 0.588534061725323 0.5610420520489032 0.017909416785606973 0.017776049100435697
0 0.5644887043879583 0.4760315968440129 0.016301668607271634 0.016504287719726562
0 0.4183648182795598 0.2603596907395583 0.0847782721886268 0.08504940913273738
0 0.3261057413541354 0.9936800736647385 0.015554354741023136 0.011685591477614183
0 0.3098756350003756 0.40320546810443586 0.018338992045475885 0.018383246201735277
0 0.4540866338289701 0.5616122025709885 0.057878934420072116 0.05790262955885667
0 0.4763454290536734 0.2093330713418814 0.03793188241811899 0.03658224986149715
0 0.3018050193786621 0.25032747708834135 0.044984597426194414 0.04546363537128155
0 0.41257227384127104 0.9375399076021634 0.014727225670447716 0.014862353985126201
0 0.6977090101975661 0.35205598977895886 0.0755318861741286 0.10508025609529935
0 0.3408217430114746 0.09483973796551044 0.08043817373422477 0.0801858168381911
0 0.3687630066504845 0.8996385427621695 0.05377666766826923 0.05405631432166466
0 0.7318128439096304 0.6245108384352464 0.013853806715745192 0.0164645268366887
0 0.4771821682269757 0.35193795424241286 0.0149232424222506 0.014988385714017428
0 0.6819144028883714 0.2891116509070763 0.019650826087364785 0.019724038931039665
0 0.5912072841937726 0.10928019193502572 0.014728546142578125 0.014698487061720628
0 0.3109709666325496 0.31563648810753453 0.03474105321443998 0.035116177338820234
0 0.36333128122182995 0.7110503270075872 0.03046593299278846 0.03033872751089243
0 0.34710297217735875 0.010689883277966427 0.03142826373760517 0.020300161380034227
0 0.6578903198242188 0.026801641170795146 0.05413348858173077 0.051334848770728476
0 0.44693429653461164 0.7316047961895282 0.014218770540677585 0.01417834942157452
0 0.6662599857036884 0.14509107516362116 0.05489393380972055 0.055891843942495495
0 0.5993322225717398 0.5465074319105881 0.014651665320763221 0.015261136568509616
0 0.31278566213754505 0.3116102952223558 0.040413654767549954 0.04106477590707632
0 0.7319732079139123 0.5592995056739221 0.012361673208383413 0.014037278982309194
0 0.48247476724477917 0.37754110189584583 0.015010540301983174 0.015215213482196514
0 0.3280034065246582 0.03303745618233314 0.014185098501352163 0.014246381246126615
0 0.6865505805382361 0.17562273832467887 0.0642843980055589 0.0642700928908128
0 0.5848051217886118 0.5337257752051721 0.026621305025540866 0.027127559368426982
0 0.6019861514751728 0.391206851372352 0.05860358018141527 0.05831307631272536
0 0.584016909966102 0.5772776970496545 0.014414273775540866 0.013856300940880409
0 0.7263343517596905 0.49234610337477464 0.014748499943659855 0.014400482177734375
0 0.4278404896075909 0.022357491346505973 0.016164266146146335 0.01613911298605112
0 0.33568378595205456 0.23172420721787673 0.027762853182279147 0.027037767263559196
0 0.6358667520376352 0.07104391776598416 0.022156348595252402 0.022489740298344538
0 0.43736560528094953 0.11593886522146371 0.015094610360952524 0.015165475698617788
0 0.37944676325871396 0.6645855536827674 0.017522811889648438 0.017375359168419473
