0 0.4325721814082219 0.06694644231062669 0.1622925538283128 0.13433307867783767
0 0.44495237790621245 0.674491075369028 0.033181410569411054 0.033048042884239785
0 0.4433448498065655 0.3624869126539964 0.043562669020432696 0.04345365671011118
0 0.6423882704514724 0.9785300034743089 0.02131065955528846 0.02184119591346154
0 0.7093334197998047 0.44562156383807844 0.034716239342322715 0.03461192204402043
0 0.5623457981989934 0.30730652809143066 0.02591866713303786 0.02599022938654973
0 0.7146594707782452 0.5295320290785569 0.027966425969050482 0.02766572512113131
0 0.6175716840303861 0.8668961158165565 0.018585645235501803 0.018467536339393027
0 0.701936648442195 0.3657612433800331 0.024755477905273438 0.024796265822190505
0 0.37904035128079927 0.5021219253540039 0.018167935884915866 0.018176445594200723
0 0.41794105676504284 0.256714784182035 0.04186446850116436 0.042359498830942005
0 0.44386863708496094 0.6077920473538913 0.016396449162409857 0.016273058377779447
0 0.6878810295691857 0.24991820408747747 0.01938291696401743 0.01941981682410607
0 0.6933388343224158 0.6429896721473107 0.026230445274939902 0.026183054997370794
0 0.5916376113891602 0.7028094805203952 0.02415598355806791 0.02398505577674279
0 0.6910055600679837 0.5641884436974158 0.03221893310546875 0.032114395728478067
0 0.6372263981745794 0.6387977600097656 0.021339856661283053 0.021268111008864183
0 0.3970479231614333 0.9460175587580755 0.018294921288123496 0.018249658437875602
0 0.41954814470731294 0.36046934127807617 0.015163128192608174 0.014938647930438701
0 0.404207523052509 0.8365339132455679 0.0539404062124399 0.05384063720703125
0 0.6905574798583984 0.5371508965125451 0.02258902329664964 0.022617120009202223
0 0.34442688868596005 0.5829181671142578 0.015437713036170373 0.015405581547663761
0 0.4546238092275766 0.8061564518855169 0.07193961510291466 0.07013408954326923
0 0.5043886624849759 0.4533715614905724 0.015477914076585036 0.015589640690730168
0 0.47713463123028094 0.5205422181349534 0.015712884756234977 0.01563240931584285
0 0.3986074741070087 0.5308146109947791 0.017314030573918268 0.017053897564227764
0 0.37398998553936297 0.63245362501878 0.017226732694185697 0.017148237961989183
0 0.4810787714444674 0.6417160034179688 0.017716627854567308 0.017639747032752402
0 0.33174492762638974 0.027255466351142295 0.01772917233980619 0.017877661264859714
0 0.5921594913189228 0.803484843327449 0.015539756188025841 0.015490311842698317
0 0.48102232126089245 0.6930195001455454 0.015193792489858774 0.015195553119365986
0 0.4540437184847318 0.7714564983661358 0.05240968557504507 0.05358563936673678
0 0.4856389852670523 0.24070277580848107 0.01953741220327524 0.019715309143066406
0 0.6270831181452825 0.8968424430260291 0.01598328810471755 0.01602451617901142
0 0.5893352215106671 0.9364334253164438 0.02615517836350661 0.02586203355055589
0 0.5791315665611854 0.9494601029616135 0.021467208862304688 0.02174993661733774
0 0.3782810798058143 0.5913076400756836 0.02385293520413912 0.023588107182429388
0 0.499271429502047 0.7319535475510818 0.022508621215820312 0.022838885967548076
0 0.4541307596059946 0.8499879103440505 0.04749723581167368 0.04792873676006611
0 0.4292122767521785 0.13116062604464018 0.025417547959547777 0.024973410826462965
0 0.3269822047306941 0.3830146789550781 0.016129567072941706 0.015790205735426683
0 0.3966051248403696 0.007584991363378672 0.04363573514498197 0.014934700268965501
0 0.26920817448542667 0.1499712742291964 0.017010321983924277 0.016808454806988057
0 0.3262473619901217 0.16054890705988958 0.03896060356727013 0.039229622254004844
0 0.2854652221386249 0.5502015627347506 0.025436841524564303 0.025566834669846755
0 0.26972235166109526 0.1823707910684439 0.015541700216440054 0.015303648435152493
0 0.31560046856219953 0.5005819614116962 0.01438434307391827 0.014335338885967549
0 0.7335075965294471 0.5723404517540565 0.012644254244290866 0.019970086904672477
0 0.5040349960327148 0.5415187982412485 0.01448352520282452 0.014611317561222957
