0 0.7559521748469427 0.9444810427152194 0.1349820357102614 0.10831510103665866
0 0.8329285841721755 0.06462995822613056 0.092681884765625 0.12456879248985878
0 0.43684911727905273 0.9078413889958308 0.12294989365797776 0.12428533113919772
0 0.27850772784306455 0.6564901792086087 0.06684747109046349 0.06737518310546875
0 0.48607848240778995 0.17055848928598258 0.053250826322115384 0.05327541094559889
0 0.29982983149014986 0.347505129300631 0.05230980653029222 0.05252163226787861
0 0.2755261567922739 0.6097994584303635 0.06831895388089694 0.06875140850360577
0 0.2560299726632925 0.8637017470139724 0.05444130530724159 0.05437762920673077
0 0.8347351367657001 0.8826285142164964 0.07921248215895432 0.08378278292142428
0 0.18495534016535833 0.2828084872319148 0.051355802095853366 0.05159282684326172
0 0.39935841927161586 0.6634619786189153 0.04244687007023738 0.04205645047701322
0 0.5434590119581956 0.15900105696458083 0.037703294020432696 0.03786006340613732
0 0.6153963529146634 0.6543681071354792 0.032816630143385664 0.03301591139573317
0 0.8089873240544245 0.5615090590256911 0.03283838125375601 0.03283904148982121
0 0.6298406307513897 0.8666183765117939 0.03196936387282152 0.03200178879957933
0 0.7355998112605169 0.6307603395902194 0.034353989821213946 0.034341628734882064
0 0.6483130821814904 0.36295230572040266 0.03593122042142428 0.03580430837777945
0 0.43488223736102766 0.15240095211909369 0.0307766841008113 0.03074345221886268
0 0.30117115607628453 0.0669210461469797 0.053239088792067304 0.05332793639256404
0 0.19149270424476036 0.5716336323664739 0.019611872159517728 0.019482979407677285
0 0.8672369443453275 0.33008832197922927 0.02377011225773738 0.03320649953988882
0 0.49440802060640776 0.11823254365187424 0.060077813955453724 0.05979132652282715
0 0.3626176393949069 0.611425179701585 0.0955810546875 0.09729884221003605
0 0.4391283622154823 0.26428908568162185 0.027382630568284255 0.02748526059664213
0 0.6238071001493014 0.01527652946802286 0.040622564462515026 0.02938306560883155
0 0.818782586317796 0.5200420526357797 0.03664809006911058 0.03706491910494291
0 0.2808651557335487 0.22342093174274152 0.023780309236966647 0.023628895099346455
0 0.43974894743699294 0.6632066873403696 0.03715052971473107 0.03747852032001202
0 0.47717776665320766 0.7009007380558894 0.021179639376126803 0.021428034855769232
0 0.5904284990750827 0.8121072329007663 0.03895862285907452 0.03881058326134315
0 0.5648267452533429 0.77440856053279 0.031214347252478965 0.030859727125901442
0 0.6548350407527044 0.5576721338125376 0.15132966408362755 0.1505414522611178
0 0.4956913727980394 0.5546349745530349 0.06693062415489784 0.06562291658841647
0 0.7088402968186599 0.585575690636268 0.025009888869065505 0.024909239548903245
0 0.6730161813589243 0.5008075420673077 0.026781082153320312 0.026654463547926683
0 0.4305406717153696 0.02070087194442749 0.0542449951171875 0.040316022359407865
0 0.3606863021850586 0.49828529357910156 0.060204725999098554 0.059884878305288464
0 0.25014598552997297 0.7763780447152945 0.027194463289701022 0.02712396474984976
0 0.5627097349900466 0.3535578801081731 0.016446480384239785 0.016326757577749398
0 0.547307381263146 0.7135282663198618 0.01725006103515625 0.017270895150991585
0 0.2387672204237718 0.1683497979090764 0.02175741929274339 0.02189782949594351
0 0.2513747215270996 0.9712395301231971 0.025443590604341947 0.025103935828575723
0 0.31453503095186675 0.17961294834430402 0.029854847834660456 0.02967060529268705
0 0.49573384798490083 0.6101790941678561 0.020396012526292067 0.02022728553185096
0 0.4291187066298265 0.8368382087120643 0.02775889176588792 0.02741270798903245
0 0.4494166741004357 0.04463683641873873 0.05187445420485277 0.053646014286921576
0 0.5647048950195312 0.6876715146578275 0.0205078125 0.020396892841045674
0 0.3247735316936786 0.1280828622671274 0.03180877978985126 0.031542264498197116
0 0.8123405163104718 0.16760525336632362 0.13398009080153245 0.20646421725933367
0 0.2562343157254733 0.7433556776780349 0.016971294696514424 0.01696630624624399
0 0.5739389933072604 0.2897783426138071 0.15779605278602013 0.15126998607928938
0 0.4502205481896034 0.5239306229811448 0.0265347407414363 0.026503929725060098
0 0.15046101350050706 0.7230563530555139 0.024077195387620192 0.024065017700195312
0 0.6117967825669509 0.030251253109711867 0.02946582207312951 0.029771149158477783
0 0.26964422372671276 0.020674123213841364 0.05379082606388973 0.03993562551645132
0 0.5829124450683594 0.6067479573763334 0.026906527005709134 0.026442821209247295
0 0.21283283600440392 0.6692600250244141 0.01669461910541241 0.01681694617638221
0 0.6070474111116849 0.18918613287118766 0.01720142364501953 0.017042013315054085
0 0.3135136090792142 0.9849692124586839 0.043349852928748496 0.028620793269230768
0 0.7874186589167669 0.4686683508066031 0.1684086139385517 0.17668005136343148
0 0.7044657193697416 0.3420619231003981 0.09227429903470553 0.09258048350994404
0 0.6137086061330942 0.7323606197650616 0.02101890857403095 0.02115000211275541
0 0.5472854467538687 0.5764416914719802 0.025033070490910456 0.025113325852614183
0 0.35135958744929385 0.6027869444627029 0.02659430870643029 0.026854588435246393
0 0.14475367619441107 0.5879521736731896 0.03699977581317608 0.03686611468975361
0 0.7584031911996695 0.3051009911757249 0.02004403334397536 0.019887557396521933
0 0.5169481864342322 0.03607751085208012 0.023707169752854567 0.023426583180060752
0 0.3220385771531325 0.5144514303940994 0.022280546335073616 0.02237562032846304
0 0.13334114734943098 0.4165026591374324 0.026011907137357272 0.03444363520695613
0 0.8171431468083308 0.33278318551870495 0.014733974750225361 0.014812322763296274
0 0.6947466043325571 0.6602993745070237 0.03212738037109375 0.03255403958834135
0 0.5730614295372596 0.06193607587080736 0.02641883263221154 0.026430845260620117
0 0.5456235592181866 0.6472027118389423 0.01741966834435096 0.01734132033128005
0 0.4524375475369967 0.13461881417494553 0.034989577073317304 0.03522759217482347
0 0.3089926059429462 0.09905384137080266 0.048400512108435996 0.04907153661434467
0 0.25380926865797776 0.36994149134709287 0.02444289280818059 0.024233451256385215
0 0.48985132804283726 0.7301131028395432 0.01748341780442458 0.017209566556490384
0 0.38720218951885516 0.029910314541596632 0.02304223867563101 0.023052788697756253
0 0.7969465989332932 0.39075576342069185 0.03233777559720553 0.031876710745004505
0 0.441921014052171 0.09466772813063401 0.06280700977032001 0.06235566964516273
0 0.26135143866905797 0.502926753117488 0.07366774632380559 0.07368748004619892
0 0.20057934981126052 0.3268560996422401 0.019523767324594352 0.019391720111553486
0 0.8440891412588266 0.9469694724449744 0.06169700622558594 0.09547600379356971
0 0.3719573754530687 0.9896184481107272 0.04111297313983624 0.019778618445763223
0 0.37116311146662784 0.054268947014441855 0.02927985558143029 0.029652522160456732
0 0.4781524584843562 0.0796201595893273 0.021955049954927884 0.02174000098155095
0 0.5427783452547513 0.6804874860323392 0.01925512460561899 0.01927977341871995
0 0.5552128645089957 0.9336143640371469 0.016130374028132513 0.016033466045673076
0 0.3522221491887019 0.7309423593374399 0.13285372807429388 0.13110204843374398
0 0.16646465888390174 0.9004212892972506 0.01749075376070463 0.017270895150991585
0 0.8291892271775466 0.38736827556903547 0.015212425818810096 0.015219615055964543
0 0.5031911409818209 0.022114114119456366 0.017527653620793268 0.01736362622334407
0 0.8489535405085638 0.2869080396798941 0.05771490243765024 0.07403080280010517
0 0.41690499965961164 0.42397385377150315 0.16313596872182992 0.1553665307851938
0 0.63658934373122 0.8470937288724459 0.017308455247145433 0.017795562744140625
0 0.4569306740394005 0.9612331390380859 0.06827046320988582 0.0680691645695613
0 0.219895051075862 0.30877854273869443 0.02502606465266301 0.02491598862868089
0 0.43587486560528094 0.7061205643873948 0.03689281757061298 0.03730333768404447
0 0.7985558143028846 0.5762236668513372 0.024759439321664665 0.023333622859074518
0 0.7284216514000525 0.14151353102463943 0.015450844397911659 0.015346307020920973
0 0.6462338520930364 0.33013145740215594 0.028635318462665264 0.02873391371506911
0 0.523921746474046 0.6205864686232346 0.01572843698354868 0.015665641197791465
0 0.3847346305847168 0.7588230279775766 0.017557877760667067 0.017801578228290264
0 0.6006274590125451 0.362982309781588 0.2127095735990084 0.2010210477388822
0 0.8220116541935847 0.6367551363431491 0.01910224327674279 0.01882758507361779
0 0.1672533658834604 0.22036251654991737 0.024429504687969502 0.023565952594463643
0 0.5210183583773099 0.5673405207120455 0.11849806858943059 0.11392498016357422
0 0.487824770120474 0.24503267728365385 0.16861563462477464 0.1676961458646334
0 0.3302864661583534 0.46213839604304385 0.021283516517052285 0.02135496873121995
0 0.6560558172372671 0.5471491446861854 0.01876684335561899 0.01874087407038762
0 0.5876045227050781 0.7528897798978366 0.03775317852313702 0.03792351942795973
0 0.4640450110802284 0.3280216363760141 0.017559344951923076 0.017835323627178486
0 0.6564787351168119 0.45731757237361026 0.023655818058894232 0.023752212524414062
0 0.3648530153127817 0.18113508591285118 0.1406717300415039 0.14755835899939904
0 0.5390813534076397 0.9428579623882587 0.1434494165273813 0.11214226942795974
0 0.25827796642596906 0.5100639049823468 0.061642940227801986 0.06145389263446514
0 0.6435406024639423 0.5187399203960712 0.04278300358698918 0.04278359046349159
0 0.8331079483032227 0.18629870047936073 0.018965647770808294 0.018866832439716045
0 0.40047733600323016 0.01910245303924267 0.026830526498647835 0.027253712599094097
0 0.27616042357224685 0.9674935707679162 0.029091248145470254 0.028418614314152643
0 0.3825257374690129 0.13444966536301833 0.0746760735144982 0.07537504342886117
0 0.8683943381676307 0.265108401958759 0.01795020470252404 0.019192989055926982
0 0.5945640710683969 0.5665293106665978 0.018307025615985576 0.01844648214486929
0 0.3182702431311974 0.4854185397808368 0.02007887913630559 0.02018591073843149
0 0.8096970778245193 0.26356544861426723 0.04213875990647536 0.04396471610436073
0 0.4492811056283804 0.0860130970294659 0.0806110822237455 0.08045163521399865
0 0.5264902848463792 0.685320780827449 0.018712483919583835 0.019265394944411058
0 0.7787680992713342 0.3788235370929425 0.014876732459435096 0.014910551217886118
0 0.3963982875530536 0.02203748317865225 0.03293323516845703 0.029054270340846136
0 0.411867618560791 0.5805156781123235 0.02463538830096905 0.02485231252817007
