0 0.48161176534799427 0.21231709993802583 0.07213563185471755 0.07173736278827374
0 0.36707122509296125 0.1848908937894381 0.024150995107797477 0.02444942180926983
0 0.5725357715900128 0.29596431438739484 0.01924903576190655 0.019275591923640326
0 0.3670081358689528 0.40401576115534854 0.07975372901329628 0.07928393437312199
0 0.313238657437838 0.35168222280649036 0.02775150078993577 0.027557959923377402
0 0.6032250477717473 0.28269052505493164 0.025688758263221152 0.025832249568058893
0 0.33913931479820836 0.3972355769230769 0.022983844463641826 0.02289750025822566
0 0.40357182576106143 0.3491187829237718 0.01682288830096905 0.017149998591496393
0 0.41647841380192685 0.4065174689659706 0.016509422889122598 0.01681819328894982
0 0.5179824829101562 0.4504245244539701 0.05709501413198618 0.05685740250807542
0 0.41945868272047776 0.5684779240534856 0.017516943124624398 0.017544086162860576
0 0.3655517651484563 0.46523211552546573 0.020725323603703424 0.020509866567758415
0 0.34966556842510516 0.07735749391409066 0.0419007814847506 0.04189622860688429
0 0.4218036945049579 0.37415599822998047 0.045107327974759616 0.045267545259915866
0 0.29060816764831543 0.4536247987013597 0.017439585465651292 0.017710172213040866
0 0.27619130794818586 0.6749475919283353 0.020923541142390326 0.022104410024789665
0 0.6775321960449219 0.3600785182072566 0.07752081064077523 0.07682110713078426
0 0.31116419572096604 0.4379530686598558 0.015735479501577523 0.015497941237229567
0 0.3126559257507324 0.09596561468564548 0.05405426025390625 0.05280481852017916
0 0.4429426926832933 0.027376202436593864 0.08776158552903396 0.054993739494910605
0 0.35758128532996547 0.664803725022536 0.018463281484750602 0.01872869638296274
0 0.33658779584444487 0.3181507404033954 0.028030835665189303 0.02822742095360389
0 0.3187433389516977 0.7213783997755784 0.05891770582932692 0.058891589824969955
0 0.6154073568490835 0.07116910127493051 0.01674971213707557 0.016847922251774713
0 0.6637288607083834 0.18901964334341195 0.017298771784855768 0.017204137948843148
0 0.4498624801635742 0.48200167142427885 0.07265736506535457 0.07263638423039363
0 0.3187694182762733 0.37473088044386643 0.03609877366286058 0.035128153287447415
0 0.6231619027944711 0.11923159085787259 0.01654536907489483 0.016433183963482197
0 0.3429071353032039 0.0507008616740887 0.013788296626164364 0.013739824295043945
0 0.4747870151813214 0.039259763864370495 0.014499150789701022 0.014284940866323618
0 0.36666055826040417 0.49387506338266224 0.016192069420447715 0.016211583064152643
