0 0.09729781517615685 0.06630048385033241 0.08441978234511155 0.08465273563678448
0 0.7896392528827374 0.7045798668494592 0.03751784104567308 0.03775728665865385
0 0.6523468311016376 0.7731424478384165 0.03690015352689303 0.03700608473557692
0 0.43930768966674805 0.3407599742595966 0.04038150493915264 0.0397489254291241
0 0.6244424673227164 0.8389279292179987 0.024961288158710185 0.02532650874211238
0 0.5989407025850736 0.6891313699575571 0.03360968369704027 0.033601614145132214
0 0.047289325640751764 0.5819680140568659 0.03160531704242413 0.03170629648061899
0 0.7463967983539288 0.8253674140343299 0.024006770207331732 0.023965982290414665
0 0.7665316508366511 0.4326896667480469 0.035012465256911054 0.034993685208834134
0 0.47838409130389875 0.7518989856426532 0.022986485407902643 0.023099752572866585
0 0.8158463698167068 0.9086004403921274 0.026418539193960335 0.02658976041353666
0 0.284846856043889 0.9677181243896484 0.03338080186110277 0.033419095552884616
0 0.7553154872013972 0.5385716878450834 0.022678375244140625 0.022816217862642728
0 0.8758973341721755 0.638933695279635 0.025458702674278848 0.025182137122521035
0 0.36182979437021107 0.03925482584879948 0.03106036553016076 0.03120580086341271
0 0.7408879353449895 0.8891140864445612 0.018092522254356973 0.018073448768028848
0 0.5086484322181115 0.6860158626849835 0.02665402339054988 0.026686888474684495
0 0.05883521300095778 0.8155232943021334 0.0323947209578294 0.03244722806490385
0 0.18561926254859337 0.4840540885925293 0.0297851195702186 0.029912215012770433
0 0.06672823429107666 0.36745665623591495 0.024403957220224235 0.024460719181941107
0 0.026888166482631978 0.8160985799936148 0.022167448814098652 0.0224612309382512
0 0.880624037522536 0.4886427659254808 0.019732842078575723 0.020020118126502402
0 0.7154471324040339 0.26453186915471005 0.023273468017578125 0.023395024813138522
0 0.06948918562669021 0.9858800447904147 0.028783082962036133 0.024515298696664665
0 0.7126290247990534 0.5391837633573092 0.020354050856370192 0.0202176754291241
0 0.7737008608304538 0.9850276066706731 0.020586453951322116 0.020787899310772236
0 0.9774158184344952 0.5968665343064529 0.020746964674729567 0.020670083852914665
0 0.9063089810884916 0.38730900104229266 0.019154475285456732 0.01944395212026743
0 0.9840788474449744 0.7520960294283353 0.02287453871506911 0.025415567251352165
0 0.6979716374323919 0.40846802638127255 0.024905571570763223 0.02490234375
0 0.8878859006441556 0.9461084512563852 0.027253077580378607 0.027136582594651442
0 0.6654164974506085 0.6109163577740009 0.024973649245042067 0.02499727102426382
0 0.7406302965604342 0.44653940200805664 0.01880337641789363 0.018700012793907754
0 0.538487067589393 0.7098142183743991 0.024750196016751803 0.02475885244516226
0 0.4315620569082407 0.29775061974158656 0.05267480703500601 0.05296934567964994
0 0.6045183768639197 0.21625051131615272 0.030014184805063102 0.03025212654700646
0 0.8091674217810998 0.46056945507343 0.02008966299203726 0.02016170208270733
0 0.038424863265110895 0.6141794278071477 0.021589490083547738 0.021566464350773737
0 0.8875881341787485 0.892665642958421 0.019887630756084736 0.019868997427133415
0 0.24930946643535906 0.7526955237755408 0.020352290226862982 0.02038412827711839
0 0.30658127711369443 0.7574810614952674 0.022981790395883415 0.023015829233022835
0 0.7454331471369817 0.4931345352759728 0.019251309908353366 0.019109359154334433
0 0.5086612701416016 0.25824810908390927 0.024210269634540264 0.024027090806227464
0 0.4698196557851938 0.9725521527803861 0.02481871384840745 0.025060213529146634
0 0.5183688677274264 0.9059355809138372 0.02475885244516226 0.02485348628117488
0 0.03383795573161198 0.3362862513615535 0.022869110107421875 0.022920608520507812
0 0.6453364445612981 0.07858877915602464 0.01806816687950721 0.018064058743990384
0 0.3690240199749286 0.0889131656059852 0.02314897683950571 0.023233303656944863
0 0.04584045593555157 0.03747799534064073 0.028020565326397236 0.02807232508292565
0 0.872217765221229 0.1598050410930927 0.017661168025090143 0.017754114591158353
0 0.3155851730933556 0.5516246648935171 0.029924906217134915 0.029781048114483174
0 0.5727990957406851 0.6137468631450946 0.02024254432091346 0.020246212299053486
0 0.8759486858661358 0.7504059718205378 0.018948481633112982 0.019072606013371393
0 0.8981738457312951 0.14990938626802885 0.016007056603064902 0.015922106229341947
0 0.636356940636268 0.6181570199819711 0.01880190922663762 0.018690109252929688
0 0.04500669240951538 0.7972338016216571 0.02020441568814791 0.020085554856520433
0 0.3309288758497972 0.6703579976008489 0.020307614253117487 0.020630029531625602
0 0.6359987258911133 0.5538172355064979 0.019264661348783053 0.019158363342285156
0 0.7086951182438777 0.7982441828801081 0.02049886263333834 0.02039469205416166
0 0.2909381573016827 0.428501349229079 0.021405953627366286 0.0215762211726262
0 0.2366362718435434 0.1628292707296518 0.022258758544921875 0.02194554989154522
0 0.44784186436579776 0.6001904560969427 0.024039782010591947 0.023895997267503005
0 0.42130055794349086 0.8823403578538161 0.021964146540715143 0.02203193077674279
0 0.6796164879432092 0.6405564821683444 0.017746558556189902 0.01761465806227464
0 0.32443068577693057 0.7761005254892203 0.020325293907752402 0.020348475529597357
0 0.9269283001239483 0.3387473546541654 0.01689764169546274 0.016881796029897835
0 0.2600480593167819 0.434203367966872 0.017751326927771933 0.017685963557316706
0 0.7156661106989934 0.4980922112098107 0.018611027644230768 0.018733978271484375
0 0.7551881350003756 0.9825944166917068 0.018166762131911058 0.018039409930889424
0 0.254486267383282 0.5547221257136419 0.017824539771446817 0.017773774953988884
0 0.7817704127385066 0.08517224055070144 0.019780525794396035 0.019823514498197116
0 0.13346985670236441 0.574129764850323 0.027772793403038613 0.027947059044471152
0 0.21395929043109602 0.769142591036283 0.02617777310884916 0.026081231924203727
0 0.2880249390235314 0.7635977818415716 0.017226659334622897 0.017389444204477165
0 0.9054418710561899 0.6761371905987079 0.016328958364633415 0.016442225529597357
0 0.03557605468309843 0.5120066129244291 0.02132559739626371 0.021120805006760817
0 0.06639242172241211 0.6333678318903997 0.01970336987422063 0.019706872793344352
0 0.04522506548808171 0.6916605142446665 0.022200382672823392 0.021925999568058893
0 0.813328742980957 0.5285932100736178 0.01612091064453125 0.01611929673414964
0 0.09970189974858211 0.47626407329852766 0.018317516033466045 0.018468416654146634
0 0.27642125349778396 0.7053433198195237 0.018561730018028848 0.018904759333683893
0 0.4100532531738281 0.9898801950307993 0.022866469163161058 0.016854212834284857
0 0.013009069057611318 0.9130451495830829 0.01711946725845337 0.026171170748197116
0 0.1375425045306866 0.8225257580096905 0.01675754327040452 0.016590118408203125
0 0.805262932410607 0.23809324778043306 0.017577538123497598 0.01754595683171199
0 0.8878742364736704 0.6798597482534555 0.0164639399601863 0.016581021822415866
0 0.15697585619412935 0.5562848311204177 0.024610115931584284 0.024718798123873197
0 0.8201224987323468 0.2004999014047476 0.01796693068284255 0.0180968137887808
0 0.7003412980299729 0.23441525606008676 0.015803410456730768 0.016048724834735576
0 0.15825609060434195 0.5868753286508414 0.021963779742901143 0.021666746873121995
0 0.854784892155574 0.219756896679218 0.024538773756760817 0.024289571321927585
0 0.6715585268460788 0.5730807231022761 0.019710247333233174 0.019815738384540264
0 0.1323326459297767 0.548284493959867 0.02614452288700984 0.026472165034367487
0 0.2955139967111441 0.5348107264592097 0.017759323120117188 0.017976907583383415
0 0.4305477509131798 0.04452971311715933 0.022419049189640924 0.022552636953500602
0 0.693058600792518 0.3895662014301007 0.017649430495042067 0.01709615267240084
0 0.10819105001596305 0.5409809992863581 0.024507504243117113 0.024934915395883415
0 0.011987480979699355 0.8072103353647085 0.01559945482474107 0.01804498525766226
0 0.5659386194669284 0.6322995699368991 0.019521346459021933 0.019439257108248197
0 0.8846096625694861 0.6196179023155799 0.014772268442007212 0.014825967641977163
0 0.4345391346858098 0.8455103360689603 0.01581705533541166 0.015681927020733174
0 0.070388702245859 0.7540319149310772 0.02701293505155123 0.02701539259690505
0 0.31108261988713193 0.43862188779390776 0.01818363483135517 0.018049973707932692
0 0.9677122556246244 0.008548231652149787 0.01882597116323618 0.01587002896345579
0 0.9116794146024264 0.9890273167536809 0.01647215623121995 0.016070732703575723
0 0.7204889150766226 0.5591319891122671 0.014995574951171875 0.015082212594839243
0 0.04155280956855187 0.22528367776137131 0.016576677560806274 0.01638166721050556
0 0.4645298444307767 0.5852358891413763 0.01640906700721154 0.016363877516526442
0 0.16022651012127215 0.808707017164964 0.01757199947650616 0.017405583308293268
0 0.01561157749249385 0.9528614924504206 0.02346572967676016 0.041400909423828125
0 0.3134343073918269 0.10387345460745004 0.015181981600247897 0.015208684481107272
0 0.6114679483266977 0.4466915497413048 0.015644366924579326 0.015489871685321514
0 0.9317534520075872 0.18064374190110427 0.017172886775090143 0.01719819582425631
0 0.06272176595834586 0.5514411926269531 0.016647430566641 0.01656972444974459
0 0.8116215925950271 0.5877614388099084 0.020949583787184495 0.02137888394869291
0 0.5470005182119516 0.47880319448617786 0.015768051147460938 0.015779495239257812
0 0.3022496516887958 0.16329592924851638 0.027898421654334433 0.02765786647796631
0 0.8776702880859375 0.9698355748103216 0.01838508019080529 0.018416478083683893
0 0.21916539852435774 0.5131267034090482 0.01661814176119291 0.01687174576979417
0 0.6269635420579177 0.8239828256460336 0.015555308415339543 0.015479014470027043
0 0.9651261843167819 0.8163539446317233 0.015422527606670674 0.015426195584810697
0 0.25360723642202526 0.6916969005878155 0.01570283449613131 0.015690730168269232
0 0.9680893237774189 0.8981833824744592 0.016636188213641826 0.016666412353515625
0 0.9667800756601187 0.07801148524651161 0.01638661898099459 0.016306712077214167
0 0.8144834958589994 0.6408628317025992 0.01477813720703125 0.014753048236553486
0 0.79912596482497 0.4064586345966046 0.01529385493351863 0.015461408174954928
0 0.2374099584726187 0.9727400266207181 0.018257507911095254 0.018178206223707933
0 0.23309911214388335 0.8800951150747446 0.016179304856520433 0.016169327955979567
0 0.8985933157113882 0.16862403429471529 0.018617776724008415 0.018507884098933294
0 0.2884374398451585 0.8099296276385968 0.01570862990159255 0.015572474553034855
0 0.7865482477041391 0.5812195997971755 0.017705917358398438 0.01771237299992488
0 0.3181183154766376 0.5218236996577337 0.02671073033259465 0.02687417543851412
0 0.8075570326585036 0.6638614214383639 0.019867530235877402 0.019770108736478366
0 0.8718947630662185 0.5057475016667292 0.015633803147536058 0.016067651601938102
0 0.1606156826019287 0.9690988980806791 0.016418603750375602 0.016493577223557692
0 0.03094614239839407 0.4529880376962515 0.019596031078925498 0.019701444185697116
0 0.8267034383920523 0.02601613448216365 0.014825380765474759 0.01458899791424091
0 0.8158592810997596 0.41209961817814755 0.01823572012094351 0.0183413578913762
0 0.05736972735478328 0.6139364976149339 0.016715453221247747 0.01707913325383113
0 0.3941691471980168 0.3310694327721229 0.015207877525916466 0.015453632061298076
0 0.12040138244628906 0.9733513318575345 0.02366975637582632 0.023944854736328125
0 0.5423322090735803 0.5877741666940542 0.026449203491210938 0.02647223839393029
0 0.09625316583193265 0.8855075102586013 0.014689243756807767 0.014925296490009014
0 0.2356734275817871 0.5767627129187951 0.018198306743915264 0.01826777824988732
0 0.5669861206641564 0.3393091055063101 0.01918616661658654 0.019333912776066706
0 0.21404204001793495 0.22365601246173566 0.01720127692589393 0.017139764932485726
0 0.676797133225661 0.20600344584538385 0.01459033672626202 0.014660101670485277
0 0.800632330087515 0.6061559090247521 0.014765519362229567 0.014724071209247295
0 0.5046227528498723 0.36405064509465146 0.01663970947265625 0.016655408419095553
0 0.9421631006094126 0.7040222608126127 0.020191486065204326 0.0202633784367488
0 0.5127263435950646 0.795753185565655 0.01571787320650541 0.015630428607647236
0 0.4005012512207031 0.9574061173659104 0.0162661625788762 0.016475677490234375
0 0.052917384184323825 0.4700595782353328 0.015236882063058706 0.015475933368389424
0 0.4044078313387357 0.11154225239386925 0.017893864558293268 0.017871379852294922
0 0.4389508687532865 0.42679959077101487 0.021413583021897536 0.021175164442795973
0 0.7596849294809195 0.779212658221905 0.014890817495492788 0.014995428232046274
0 0.5195579528808594 0.007235218126040239 0.015320631173940806 0.013431050456487216
0 0.6981349358191857 0.6663837432861328 0.01618326627291166 0.015990770780123197
0 0.0849298147054819 0.25501750065730167 0.03575838987643902 0.03555085108830379
0 0.3335367716275729 0.41491435124323917 0.027452909029447116 0.02726012009840745
0 0.19300295756413385 0.5518944080059345 0.044981883122370794 0.04601625295785757
0 0.7679532858041617 0.5760568472055289 0.015462435208834134 0.015461261455829326
0 0.7914901146521935 0.5649392788226788 0.014421609731820913 0.014185318580040565
0 0.29765774653508115 0.4563933519216684 0.017197572267972507 0.017455321091871995
0 0.7991408568162185 0.9225470469548152 0.01595335740309495 0.016054593599759616
0 0.4133768815260667 0.07836015407855694 0.03948681171123798 0.03962335219750038
0 0.9496863438532903 0.4273824691772461 0.01601380568284255 0.01592247302715595
0 0.9607468384962815 0.6299978402944711 0.015691463763897236 0.015781989464393027
0 0.17795808498676008 0.45583343505859375 0.017214224888728216 0.017250647911658652
0 0.9396494351900541 0.2127662622011625 0.016712482158954326 0.0167541870704064
0 0.8575498140775241 0.7995478556706355 0.017551422119140625 0.017515035775991585
0 0.5644264221191406 0.31789559584397536 0.014852083646334134 0.014550429124098558
0 0.9716817415677584 0.2999066206125113 0.015408589289738582 0.015425461989182692
0 0.13761689112736628 0.9713750252356896 0.015227794647216797 0.015256734994741587
0 0.5959055607135479 0.7248772841233474 0.015267445490910457 0.015280943650465745
0 0.7799430260291467 0.40875728313739484 0.021313007061298076 0.021693009596604567
0 0.93956235738901 0.2608645145709698 0.033299959622896634 0.033355346092810996
0 0.4145782177264874 0.14848308379833514 0.015008853032038761 0.015077352523803711
0 0.6868853935828576 0.9833329274104192 0.03139026348407452 0.029566838191105768
0 0.1912528368142935 0.02971311715932993 0.031743599818303034 0.03175419110518236
0 0.8509668203500601 0.4957102628854605 0.01592122591458834 0.01608907259427584
0 0.35397977095383865 0.3946630037747897 0.03144366924579327 0.03108039269080529
0 0.8460803398719201 0.10216472699091984 0.01409618671123798 0.013771680685190054
0 0.37577375998863805 0.8591497861422025 0.015993411724384014 0.016087458683894232
0 0.10416841506958008 0.6421626897958609 0.015549916487473708 0.015497501079852764
0 0.042947778334984414 0.8270942981426532 0.015128413071999183 0.014384196354792668
0 0.4726282266470102 0.5377192130455604 0.027992101816030648 0.027816038865309495
0 0.7827819677499624 0.6570456578181341 0.014557178203876201 0.014539278470552884
0 0.6937026243943435 0.22361447260929987 0.01477505610539363 0.014904609093299279
0 0.7982352330134466 0.9760274153489333 0.016906591562124398 0.0169375492976262
0 0.6099744209876428 0.5400250875032865 0.01546786381648137 0.015234873845027043
0 0.5332886622502253 0.6505332359900842 0.017147064208984375 0.0171359135554387
0 0.46418366065392125 0.14410766271444467 0.016104991619403545 0.01637691717881423
0 0.35664690457857573 0.10314797438108005 0.014542066133939303 0.013957702196561374
0 0.8966751098632812 0.7107366415170523 0.01491253192608173 0.014895072350135216
0 0.8474475420438327 0.1425852317076463 0.014051290658804087 0.014183741349440355
0 0.07639548411736122 0.5271910153902494 0.023091481282160833 0.023652003361628607
0 0.23694045727069563 0.5045578663165753 0.01596524165226863 0.01592848851130559
0 0.8540174777691181 0.02876814741354722 0.014859859759990986 0.014640354193173923
0 0.03294439040697538 0.31008511323195237 0.018575576635507438 0.018573614267202523
0 0.315220466026893 0.7357220282921424 0.017657353327824518 0.017928490271935098
0 0.1872867804307204 0.21329520298884466 0.014963223383976864 0.015234983884371243
0 0.6469125014085036 0.4095017359806941 0.04196313711313101 0.04215533916766827
0 0.17775854697594276 0.5196091578556941 0.014422123248760518 0.014502158531775841
0 0.5429799373333271 0.023680719045492318 0.015301117530235877 0.015399231360508846
0 0.6081374241755559 0.14565656735346869 0.0284115717961238 0.028754527752216045
0 0.42972245583167445 0.6026376577524039 0.014507807218111478 0.015296275799091045
0 0.8518124360304612 0.36815679990328276 0.014802199143629808 0.015032254732572116
0 0.19476488920358512 0.5610484343308669 0.03319751299344576 0.03334727654090294
0 0.301638309772198 0.6556101578932542 0.020593716548039362 0.020919212928185098
0 0.39736645038311297 0.9283304948073167 0.028237416194035456 0.028624901404747598
0 0.5817296688373272 0.12059719745929424 0.015495226933405949 0.015902042388916016
0 0.5966387895437387 0.33224876110370344 0.014347663292518029 0.014442003690279447
0 0.15937511737530047 0.7514054225041316 0.016832828521728516 0.01688531728891226
0 0.08055559488443229 0.5274087465726413 0.030000980083759014 0.030573184673602764
0 0.5075511932373047 0.039021583703848034 0.01801300048828125 0.018233464314387396
0 0.030318973156122062 0.021260245488240168 0.022122442722320557 0.022318936311281644
0 0.9355969062218299 0.8444488231952374 0.015798422006460335 0.015980940598707933
0 0.33161067962646484 0.10104547097132756 0.014072124774639424 0.0139311276949369
0 0.5885272026062012 0.6238151697012094 0.015308673565204326 0.015376604520357572
0 0.7026401666494516 0.04644493873302753 0.02467522254356971 0.024961675588901226
0 0.7997992588923528 0.11027994522681603 0.019712007962740384 0.02001168177678035
0 0.6217385071974534 0.7788369105412409 0.013963699340820312 0.013993923480694111
0 0.8209332686204177 0.1708220335153433 0.015427222618689904 0.015470064603365384
0 0.6372299194335938 0.24603465887216422 0.026659745436448317 0.02658689939058744
0 0.9790118290827825 0.823707287128155 0.013955923227163462 0.013498159555288462
0 0.7400500224186823 0.35575804343590367 0.017137527465820312 0.01715740790733924
0 0.9281657292292669 0.8831959504347581 0.013673342191256009 0.013864663931039663
0 0.6713961821336013 0.3975394322321965 0.014196395874023438 0.014693333552433895
0 0.8493441068209134 0.9735623873197116 0.014423370361328125 0.014534583458533654
0 0.26900405150193435 0.15727934470543495 0.04238216693584736 0.042269413287823014
0 0.8980956444373498 0.0502855869439932 0.01662269005408654 0.016579169493455153
0 0.7814799088698167 0.8665142059326172 0.014166318453275241 0.014158982496995192
0 0.16965356239905724 0.9939195192777194 0.014760090754582332 0.010786056518554688
0 0.19959493783804086 0.8101406097412109 0.01509842505821815 0.014993227445162259
0 0.8608263455904447 0.991700685941256 0.014043074387770433 0.012842911940354567
0 0.850978631239671 0.6720711634709284 0.013327525212214543 0.013588538536658654
