0 0.7771098797137921 0.2918111727787898 0.047944875863882214 0.048059316781850964
0 0.10424918394822341 0.08637763903691219 0.029735821944016676 0.029528324420635518
0 0.31510085325974685 0.7998368189885066 0.032586244436410755 0.03281754713792067
0 0.3953402592585637 0.3166651358971229 0.0275418941791241 0.027560307429387018
0 0.4701990714439979 0.6688640301044171 0.02815077855036809 0.028134272648737982
0 0.516846986917349 0.6838744236872747 0.024569291334885817 0.0245364262507512
0 0.27672144082876354 0.35506461216853213 0.028335424569936898 0.028406876784104567
0 0.6950319730318509 0.9719616082998422 0.02681878896859976 0.026772132286658652
0 0.0942670015188364 0.41728540567251354 0.0287323364844689 0.028617125291090745
0 0.5469431143540603 0.8058204650878906 0.02838296156663161 0.028479649470402643
0 0.2950782042283278 0.7028522491455078 0.023338171151968148 0.023383507361778848
0 0.3145118860098032 0.4888584797198956 0.024620202871469352 0.02483683366041917
0 0.13394640959226167 0.4168315300574669 0.02315965065589318 0.023103713989257812
0 0.021612859689272367 0.09307697186103234 0.02471265884546133 0.02495895899259127
0 0.2978357351743258 0.5742243986863357 0.024042092836820163 0.02411314157339243
0 0.8323193330031174 0.08920483405773456 0.0254672123835637 0.025503782125619743
0 0.11678180327782264 0.03012478810090285 0.02236203046945425 0.02244743934044471
0 0.924411260164701 0.7188282746535081 0.03342936589167668 0.033863214346078724
0 0.23534661072951096 0.15127226022573617 0.020857810974121094 0.0210873163663424
0 0.2690576773423415 0.1503143493945782 0.02032008537879357 0.020294556250939004
0 0.18777935321514422 0.5295380078829252 0.017261651846078727 0.017261211688701924
0 0.31298167888934797 0.2530777637775128 0.02337162311260517 0.023414795215313252
0 0.2106337180504432 0.45377683639526367 0.019830043499286357 0.01996025672325721
0 0.942910414475661 0.584081429701585 0.0293423579289363 0.029660591712364785
0 0.9168665959284856 0.3603325623732347 0.018990443303034857 0.018852967482346755
0 0.6072240976186899 0.977454845721905 0.02028964116023137 0.020190312312199518
0 0.8425341386061448 0.3749855481661283 0.022475756131685697 0.022576258732722357
0 0.4203195571899414 0.7019025362454928 0.020174319927509014 0.019975808950570915
0 0.2924441374265231 0.15578981546255258 0.02984479757455679 0.029983960665189303
0 0.39484031383807844 0.610141974229079 0.02630299788254958 0.02645741976224459
0 0.3587774863609901 0.7139211067786584 0.020230953509990986 0.020273648775540866
0 0.7208740527813251 0.4547386169433594 0.02048066946176382 0.020586160513070915
0 0.26535571538485014 0.2280885256253756 0.021311466510479268 0.02150586935190054
0 0.3858683659480168 0.41565847396850586 0.02491650214562049 0.02517414093017578
0 0.3088173499474159 0.11571897910191463 0.028466132970956657 0.028523995326115534
0 0.6325949155367337 0.8496642479529748 0.017668797419621393 0.017548341017503005
0 0.27675771713256836 0.9225679544302133 0.01747300074650691 0.01795020470252404
0 0.3888859382042518 0.17065809323237494 0.022967118483323317 0.023161044487586387
0 0.7633297259990985 0.43512659806471604 0.024092454176682692 0.0242765133197491
0 0.3768310546875 0.8572146342350886 0.018245697021484375 0.018309959998497598
0 0.14394780305715707 0.5199813842773438 0.017404923072228067 0.017306988055889424
0 0.8238427088810847 0.7009179041935847 0.018708449143629808 0.018763322096604567
0 0.16795039176940918 0.2447653733766996 0.017627826103797324 0.017497539520263672
0 0.47919486119196963 0.914253675020658 0.019029837388258714 0.019143031193659857
0 0.29217056127694935 0.9908391512357272 0.020762516902043268 0.0156863285945012
0 0.1334178356023935 0.7330686129056491 0.017596648289607122 0.017519143911508415
0 0.2031868054316594 0.14537787437438965 0.020491379957932692 0.02053209451528696
0 0.2389542689690223 0.7971957280085638 0.017454257378211387 0.017626248873197116
0 0.24848692233745867 0.32970171708327073 0.02158979269174429 0.0212863041804387
0 0.2586067639864408 0.5084079595712515 0.019283881554236777 0.01929444533128005
0 0.5705650036151593 0.9505366545457107 0.023293421818659857 0.023600358229417067
0 0.06373725946132953 0.9704811389629657 0.018514330570514385 0.01831964346078726
0 0.9268462107731745 0.945111348078801 0.01816104008601262 0.018173804649939902
0 0.4366724674518292 0.8041456662691556 0.016609558692345254 0.016554612379807692
0 0.8128775083101712 0.900538077721229 0.016447067260742188 0.01628905076246995
0 0.07141653849528386 0.18063767139728254 0.017943904950068548 0.0177914179288424
0 0.3803421167226938 0.7170128455528846 0.016594373262845553 0.016648219181941107
0 0.2197545858529898 0.6021354381854718 0.023538992955134466 0.02387398939866286
0 0.9747842641977164 0.3690181145301232 0.016399530264047477 0.016399603623610277
0 0.5237206312326285 0.06502394951306857 0.01957570589505709 0.019673851820138786
0 0.17359583194439226 0.45085686903733474 0.016632923713097207 0.01703805189866286
0 0.4163154455331656 0.5568988139812763 0.016041022080641527 0.015915870666503906
0 0.05663859844207764 0.6613947061391977 0.017233921931340143 0.017359220064603366
0 0.2551960578331581 0.5244545202988845 0.01645176227276142 0.016606697669396035
0 0.1027389122889592 0.5417374464181753 0.016603359809288613 0.016564369201660156
0 0.09955690457270695 0.9022191854623648 0.01668121264531062 0.016525855431189902
0 0.24285503534170297 0.3518666487473708 0.015727446629450872 0.0156862552349384
0 0.2655019026536208 0.6722866938664362 0.016086064852201022 0.0161593510554387
0 0.8510957131019006 0.39150527807382435 0.021901057316706732 0.021838261530949518
0 0.07211650793369 0.6650185218224158 0.01654345255631667 0.01639732947716346
0 0.2349866536947397 0.10392449452326848 0.017718168405386116 0.017873690678523138
0 0.5094340397761419 0.8539148477407602 0.01683983435997596 0.016900282639723558
0 0.908390265244704 0.47037696838378906 0.01687798133263221 0.016827143155611478
0 0.09592355214632474 0.23884267073411208 0.015244630666879507 0.01524646465594952
0 0.2066654425400954 0.40787696838378906 0.014901821429912861 0.014924269456129808
0 0.9212262080265925 0.7772662823016827 0.019025215735802285 0.019024482140174277
0 0.47536325454711914 0.9912842970628005 0.026837715735802285 0.015049567589393029
0 0.23670398272000825 0.5480647453894982 0.01592738811786358 0.016228162325345553
0 0.8044370504525992 0.7949818831223708 0.026402986966646634 0.026186429537259616
0 0.4463949203491211 0.6148185729980469 0.015360171978290264 0.015437639676607572
0 0.231002899316641 0.8257617950439453 0.02140654050386869 0.021662198580228366
0 0.02526561113504263 0.9037779294527494 0.018551247624250557 0.01862511268028846
0 0.29450511932373047 0.8718568361722506 0.019008856553297777 0.019108405480018027
0 0.18812949840839094 0.43802371391883266 0.016392267667330228 0.016162285437950723
0 0.6361864530123197 0.7190050711998572 0.016499445988581732 0.01651279742901142
0 0.4040913215050331 0.5915462420536921 0.014951412494365986 0.01500093019925631
0 0.5498704543480506 0.7610417879544772 0.017875231229341947 0.017794682429387018
0 0.4704257524930514 0.6428756713867188 0.022319500262920674 0.022133460411658652
0 0.6905464759239783 0.6521183894230769 0.015323345477764424 0.015269646277794471
0 0.46113256307748646 0.8733620276817908 0.015338897705078125 0.015398759108323317
0 0.3524360656738281 0.4132270079392653 0.01625794630784255 0.01628736349252554
0 0.810452387883113 0.553866826570951 0.015116178072415866 0.015178827139047476
0 0.05638774083210872 0.817596435546875 0.016772150993347168 0.016709254338191107
0 0.8231006035437951 0.8105186315683218 0.017613777747521035 0.017194014329176683
0 0.25260613514826846 0.8113482548640325 0.01863751044640174 0.018611321082481973
0 0.894940816439115 0.05709316180302547 0.022045135498046875 0.022142318578866813
0 0.9628372192382812 0.9434600243201623 0.01580018263596755 0.015718900240384616
0 0.266617829983051 0.47333269852858323 0.015529302450326772 0.015290480393629808
0 0.8669486412635217 0.13943883088918832 0.023245591383713942 0.02320399651160607
0 0.118431595655588 0.15117046466240516 0.018089991349440355 0.018210062613854043
0 0.7368538196270282 0.8439877583430364 0.016210409311147835 0.016178277822641227
0 0.5813228900615985 0.6790231557992789 0.015238688542292668 0.015415485088641826
0 0.38591634310208833 0.09264485652630146 0.014549842247596154 0.014432173508864183
0 0.7136713908268855 0.4861448728121244 0.015413577740009014 0.015592575073242188
0 0.5720987319946289 0.5542219602144681 0.015024478618915264 0.01514141376201923
0 0.4433493980994591 0.6960904048039362 0.015491925753079928 0.015506450946514424
0 0.059762266966012806 0.7290168908926157 0.014519783166738657 0.014701549823467549
0 0.9749331107506385 0.32394673274113583 0.01962118882399339 0.019710834209735576
0 0.37583211752084583 0.937142592210036 0.014908643869253306 0.014894045316256009
0 0.658627803509052 0.5913850344144381 0.016316047081580527 0.01635434077336238
0 0.03221536599672758 0.4696504886333759 0.017357514454768255 0.017489213209885817
0 0.5872686826265775 0.9339138177724985 0.01923971909743089 0.0193328857421875
0 0.3897437315720778 0.43289940173809344 0.024791717529296875 0.025278531588040866
0 0.037085347450696506 0.6032382891728327 0.015310952296623817 0.015262090242826022
0 0.6872093494121845 0.5873672045194186 0.014329470120943509 0.014403416560246395
0 0.012057370864428006 0.7805836750910833 0.011988619199165931 0.0182650639460637
0 0.5904496266291692 0.7451291451087365 0.017396853520320013 0.017417174119215745
0 0.2123724130483774 0.041385105023017295 0.014845738044151893 0.014839594180767354
0 0.07623312106499305 0.12423399778512809 0.015020443842961239 0.01498719362112192
0 0.06972291836371788 0.48644080528846156 0.018956606204693135 0.018795306865985576
0 0.21935176849365234 0.09112066488999587 0.019289823678823616 0.01932661349956806
0 0.8950446202204778 0.4614127966073843 0.015629695012019232 0.015236927912785457
0 0.16468469913189226 0.11800698133615348 0.014944956852839543 0.01509717794565054
0 0.061761828569265514 0.1657551618722769 0.015448496891902043 0.01556257101205679
0 0.3800086241502028 0.9912641231830304 0.015552447392390324 0.014265647301307091
0 0.7614889878493089 0.7454319733839768 0.015644366924579326 0.01560504619891827
0 0.8872639582707331 0.021659883169027474 0.040277334359975964 0.039715895285973184
0 0.3115202463590182 0.6658112452580378 0.014776229858398438 0.014931605412409855
0 0.12799479411198542 0.08438442303584172 0.017022316272442158 0.017036291269155648
0 0.6404524583082932 0.5008657162006085 0.014151646540715145 0.01410080836369441
0 0.591640985929049 0.1494169418628399 0.02186760535606971 0.02143383026123047
0 0.5880822768578162 0.6895211293147161 0.015631602360652044 0.015741935143103965
0 0.03786920584165133 0.4314899444580078 0.014510723260732798 0.01458285405085637
0 0.5480491931621845 0.8824762197641226 0.015057637141301082 0.01537029559795673
0 0.5093465951772836 0.9173346299391526 0.016673821669358473 0.016882969782902643
0 0.8539263651921198 0.49390624119685245 0.03880471449631911 0.038415175217848554
0 0.15027638582082894 0.634945429288424 0.015459023989163913 0.015393917377178486
0 0.6539180462176983 0.7488721700815054 0.015178680419921875 0.015160487248347355
0 0.2689728553478534 0.8853799379788913 0.014763795412503757 0.015090648944561299
0 0.7238244276780349 0.8716729971078726 0.016823255098783053 0.017046121450570915
0 0.45573161198542667 0.07368110234920795 0.016267923208383415 0.016386903249300443
0 0.8039778195894681 0.6823190542367789 0.017966783963716947 0.017836644099308893
0 0.2615203857421875 0.9199463037344126 0.015244043790377103 0.015494566697340745
0 0.575932686145489 0.7592994983379657 0.014438188993013822 0.014500838059645433
0 0.523753129518949 0.3834625024061937 0.016240706810584433 0.016283475435697116
0 0.6120175948509803 0.8140985048734225 0.01620828188382662 0.016326904296875
0 0.02858519095640916 0.7317959712101862 0.015555225885831393 0.01561722388634315
0 0.799992194542518 0.7941458775446966 0.020005446213942308 0.021489070012019232
0 0.3487841532780574 0.21786840145404524 0.014990439781775841 0.015427626096285306
0 0.15165411509000337 0.3241299115694486 0.013760676750769982 0.013785729041466346
0 0.8227380605844351 0.5003107511080228 0.016291691706730768 0.01602965134840745
0 0.3831342550424429 0.5113386741051307 0.01405943357027494 0.014159569373497596
0 0.34952075664813703 0.5042966695932242 0.01440899188701923 0.014516096848707933
0 0.26343706937936634 0.8572667928842398 0.01616507310133714 0.016724072969876803
0 0.9583955911489633 0.2966919678908128 0.014036618746243991 0.01428516094501202
0 0.33661490220289964 0.00952299741598276 0.01638001662034255 0.015745554979030903
0 0.19096598258385292 0.9806182567889874 0.01816705557016226 0.01750769981971154
0 0.15353774107419527 0.016567356311357938 0.030926612707284782 0.029800456303816576
0 0.6881138728215144 0.4585092251117413 0.015260256253756009 0.015341538649338942
0 0.7274002662071815 0.7506877459012545 0.014135507436899038 0.014007128201998197
0 0.25237189806424654 0.0341644837306096 0.013631527240459736 0.013416932179377629
