0 0.9010639190673828 0.7072781782883865 0.050697033221905045 0.05081998384915865
0 0.8109219624445989 0.1826308507185716 0.07944400493915264 0.07797655692467323
0 0.7578827784611628 0.1816541231595553 0.04780021080603966 0.04798052861140324
0 0.40111318001380336 0.4322980734018179 0.1583860103900616 0.16416138869065505
0 0.2772060174208421 0.7762859051044171 0.04105366193331205 0.04080112163837139
0 0.7338427030123197 0.31555938720703125 0.027380723219651442 0.02732680394099309
0 0.47923572246844953 0.38193981464092547 0.023777154775766227 0.02378683823805589
0 0.9225006837111253 0.10242445652301495 0.042937938983623795 0.04284972410935622
0 0.8084593552809495 0.38393123333270734 0.029195638803335335 0.029255060049203727
0 0.8910878254817083 0.20514844014094427 0.02162654583270733 0.02176365485558143
0 0.7326814944927509 0.21967627451970026 0.036676993736853965 0.036748372591458835
0 0.6086347653315618 0.7570612247173603 0.03581714630126953 0.03603773850661058
0 0.5628786087036133 0.41588966663067156 0.03706814692570613 0.03708597329946665
0 0.6915635329026443 0.13003963690537673 0.035111647385817304 0.03488720380342924
0 0.21913891572218674 0.8076735276442307 0.02698069352370042 0.026920465322641227
0 0.8683502490703876 0.8425310575045072 0.06239670973557692 0.06395413325383113
0 0.24597468742957482 0.7159950549785907 0.04163910792424129 0.04132520235501803
0 0.14841439173771784 0.44136755283062273 0.02808101360614483 0.02785037114070012
0 0.4882031220656175 0.8079156142014724 0.020880919236403245 0.020694439227764424
0 0.4958839416503906 0.4838160734910231 0.0650328122652494 0.06509017944335938
0 0.8080483950101413 0.06651679827616765 0.021336482121394232 0.021270210926349346
0 0.22793039908775917 0.05701656524951641 0.021806936997633714 0.021836886039147012
0 0.5592338121854342 0.6891020994919997 0.01961487990159255 0.019634393545297477
0 0.9510853107158954 0.29512086281409633 0.037154857928936295 0.03754204970139723
0 0.6704464692335862 0.039750598944150485 0.0345915280855619 0.03487017521491417
0 0.8879284491905799 0.35898274641770583 0.03661067669208233 0.0363916250375601
0 0.9819696866548978 0.7437678850614108 0.019922696627103366 0.020001924954927884
0 0.7373834756704477 0.6561624086820163 0.017212794377253607 0.016802274263822116
0 0.9186900212214544 0.6821525280292218 0.022788121150090143 0.02257053668682392
0 0.3095672680781438 0.044524394548856296 0.1601104736328125 0.08750717456524189
0 0.9424141370333158 0.7289877671461839 0.0317079103910006 0.031075404240534857
0 0.346439765049861 0.7004668896014874 0.11341674511249249 0.11544535710261418
0 0.10071644416222206 0.3427590590256911 0.018117207747239333 0.01853781480055589
0 0.5559023343599759 0.3361348005441519 0.06128854017991286 0.06171754690317007
0 0.48157405853271484 0.7360347601083609 0.02477403787466196 0.024582789494441107
0 0.8823672808133639 0.6388026017409104 0.06105114863469051 0.06125963651216947
0 0.8050019190861628 0.684843503511869 0.030242919921875 0.030163104717548076
0 0.41712551850538987 0.5813994040855994 0.02781391143798828 0.027865043053260215
0 0.6274019388052133 0.06776211811945988 0.018120252169095553 0.018035760292640098
0 0.7931977785550631 0.030301969784956712 0.03405350905198317 0.034306847132169284
0 0.22714952322152945 0.6423463087815505 0.02178353529710036 0.021747882549579326
0 0.8921144925631009 0.1601861440218412 0.03685965904822716 0.03666973114013672
0 0.7202063340407151 0.43731520726130557 0.03484843327448918 0.03511502192570613
0 0.015983549448160026 0.9111882723294772 0.023020680134113018 0.025862767146183893
0 0.7490388430081881 0.049805668684152454 0.016953101524939902 0.016641818560086764
0 0.4332332977881798 0.7348214662992038 0.019900982196514424 0.019653907189002402
0 0.7690698917095478 0.38809449856097883 0.03282004136305589 0.032823415902944714
0 0.1901979813208947 0.47512076451228213 0.02399415236253005 0.024138377262995794
0 0.3503685731154222 0.9851869436410757 0.03325022183931791 0.025727492112379808
0 0.24773981021000788 0.5492580853975736 0.27395318104670596 0.292936765230619
0 0.6449409631582407 0.5377229543832632 0.017952698927659255 0.017980355482835036
0 0.9625537578876202 0.44647932052612305 0.028048588679387018 0.02756529587965745
0 0.8579934927133414 0.9414929610032302 0.0379327627328726 0.03843542245718149
0 0.13160280080942008 0.31047483590932995 0.028651934403639574 0.028696647057166465
0 0.7918237539438101 0.09891610879164475 0.03647290743314303 0.03659193332378681
0 0.4743771186241737 0.6955498915452224 0.023250873272235576 0.023123814509465143
0 0.0696101005260761 0.9909626153799204 0.016327307774470404 0.0151826418363131
0 0.5389236670274001 0.5704191648043119 0.01568940969613882 0.015804877647986777
0 0.16396977351262018 0.456331913287823 0.02757762945615328 0.027553851787860576
0 0.18183576143704927 0.8672498556283804 0.02352626507098858 0.023651709923377402
0 0.9088109823373648 0.6620443784273587 0.019263634314903848 0.019231356107271634
0 0.27721766325143665 0.9128205226017878 0.02795120385976938 0.027577326847956732
0 0.7460260391235352 0.4985217314500075 0.022366450383112982 0.022446118868314303
0 0.07230011316446158 0.08544100247896634 0.046952155920175404 0.0478361936715933
0 0.9647427338820237 0.7568783393272986 0.018769190861628607 0.018900651198167067
0 0.9830427903395432 0.7079532329852765 0.018547644981971152 0.020405989426832933
0 0.2842448674715482 0.5620139562166654 0.01766234177809495 0.01795614682711088
0 0.650365609389085 0.3386311164269081 0.01929048391488882 0.019393480741060697
0 0.8550660060002253 0.12473705181708702 0.019470361562875602 0.01955690750708947
0 0.8955810987032377 0.6744588705209585 0.018824357252854567 0.018780048076923076
0 0.38336665813739484 0.1086114553304819 0.019351812509390023 0.019530241306011494
0 0.8291834317720853 0.33387264838585484 0.021024263822115384 0.02095310504619892
0 0.7529754638671875 0.8935012817382812 0.03685613778921274 0.037165128267728366
0 0.3102662746722882 0.6677377407367413 0.018398284912109375 0.01840943556565505
0 0.6884370216956506 0.5144450114323542 0.021771357609675482 0.02138489943284255
0 0.814697265625 0.14513197311988243 0.016100076528695915 0.016267739809476413
0 0.8455407802875226 0.6318652079655573 0.016678296602689303 0.01691862253042368
0 0.14752527383657602 0.7868137359619141 0.022722317622258112 0.022859720083383415
0 0.8449886028583233 0.5247660416823167 0.02622809776893029 0.026156205397385817
0 0.4530156942514273 0.883089725787823 0.02581332280085637 0.02556184621957632
0 0.9125727873582107 0.2846989264855018 0.020624600923978366 0.02140206557053786
0 0.23848876586327186 0.12045806187849778 0.023994995997502253 0.024157267350416917
0 0.7336204235370343 0.1396789734180157 0.03366499680739183 0.03324328936063326
0 0.23088600085331842 0.6852084673368014 0.021500660822941706 0.02189504183255709
0 0.6262176953829252 0.44852330134465146 0.01933156527005709 0.019168853759765625
0 0.43259510627159703 0.006483710729158842 0.01934990516075721 0.0123823514351478
0 0.4881748052743765 0.72216063279372 0.0177609370304988 0.01818686265211839
0 0.16743900225712702 0.7498730145967923 0.022453491504375752 0.022852384127103366
0 0.7319334470308744 0.4157590132493239 0.03001990685096154 0.029926886925330527
0 0.3328879796541654 0.25582221838144154 0.01492933126596304 0.014969238868126502
0 0.21746008212749773 0.2741113075843224 0.029004793900709886 0.02928946568415715
0 0.8565888038048377 0.9673888866717999 0.017610696645883415 0.017361567570612982
0 0.9431563157301682 0.04139980903038612 0.045651802649864785 0.044071509287907526
0 0.5988229604867789 0.20274470402644232 0.023667408869816706 0.023915804349459134
0 0.9738002190223107 0.3381360127375676 0.015936631422776442 0.015823510976938102
0 0.8411892377413236 0.6915221581092248 0.023565292358398438 0.0246124267578125
0 0.12021519587590145 0.41811715639554536 0.05995258918175331 0.059114969693697415
0 0.6324046941903921 0.6007059537447416 0.01503753662109375 0.0148162841796875
0 0.03439406706736638 0.30134081840515137 0.03178551563849816 0.031229716080885667
0 0.7959076808049128 0.22818646064171424 0.023212286142202523 0.023336483882023737
0 0.8180308708777795 0.5628935006948618 0.0289767338679387 0.028324714073768027
0 0.19969555047842172 0.7555498710045447 0.016861695509690505 0.01684849078838642
0 0.7008293592012845 0.5409255027770996 0.028705010047325723 0.029474185063288763
0 0.9576538526094877 0.6640914036677434 0.018120545607346755 0.018019456129807692
0 0.6279505949753982 0.09419671388772818 0.017551422119140625 0.017357477774986856
0 0.7482268993671124 0.5954129145695612 0.014876879178560697 0.014716001657339243
0 0.40988529645479643 0.7217461512638972 0.029714510991023138 0.029723974374624398
0 0.6561747330885667 0.07037775333111103 0.014512575589693509 0.014834825809185322
0 0.312381964463454 0.8684248557457557 0.02836146721473107 0.02852968069223257
0 0.5241215779231145 0.3338383161104642 0.01545121119572566 0.015535868131197415
0 0.29460925322312576 0.8186393150916467 0.016615574176494893 0.016744320209209736
0 0.6940022982083834 0.3926483667813815 0.02245198763333834 0.022959489088792067
0 0.9708900451660156 0.42252331513624924 0.020056504469651442 0.020121134244478665
0 0.058844722234285794 0.8492410366351788 0.015920217220599834 0.01604637732872596
0 0.9783282646766076 0.7742151113656851 0.030159876896784857 0.03092222947340745
0 0.7561583885779748 0.6727204689612756 0.06035291231595553 0.061210338885967545
0 0.1976927977341872 0.14829457723177397 0.03715331737811749 0.03744646219106821
0 0.36718243819016677 0.07112194483096783 0.02372917762169471 0.02321458779848539
0 0.648805178128756 0.5866785783034104 0.02142950204702524 0.021225709181565505
0 0.09135226102975699 0.02054348587989807 0.020852143947894756 0.020372386162097637
0 0.46526681459867036 0.9453733884371244 0.27252828157865083 0.10840019812950721
0 0.8463143568772536 0.48674598106971156 0.018450516920823317 0.018503775963416465
0 0.5009346008300781 0.5260921258192796 0.020356104924128607 0.020710871769831732
0 0.3877226756169246 0.8956524775578425 0.0202637452345628 0.020396012526292067
0 0.5372324723463792 0.4789878405057467 0.016574712900015023 0.016803741455078125
0 0.20412965921255258 0.3009467308337872 0.026874542236328125 0.02821045655470628
0 0.22759448564969575 0.8905184085552509 0.019277205834021933 0.021212211022010215
0 0.16955755307124212 0.13641687539907602 0.020294923048753005 0.020458111396202676
0 0.814204582801232 0.5630061809833233 0.03465182964618389 0.03349172152005709
0 0.9812111487755408 0.042481761712294355 0.02636131873497596 0.034687282947393566
0 0.16872508709247297 0.51147827735314 0.021512581751896784 0.02120824960561899
0 0.11448564896216759 0.7500423284677359 0.020009572689349834 0.020136466393103965
0 0.6244027797992413 0.5434158031757061 0.018290299635667067 0.0184628413273738
0 0.2812443513136644 0.8290717051579402 0.019133494450495794 0.019295178926908053
0 0.9816891596867487 0.3148044439462515 0.025820218599759616 0.043691194974459134
0 0.8686048067533053 0.6481635020329402 0.03680860079251803 0.03613134530874399
0 0.5822392977201022 0.16362540538494402 0.03638458251953125 0.037283787360558145
0 0.0703359108704787 0.021455659316136286 0.017113373829768255 0.017155573918269232
0 0.5950227150550256 0.6026261036212628 0.01889456235445463 0.01917919745812049
0 0.543637202336238 0.43993685795710635 0.024662091181828424 0.024538847116323616
0 0.9521905458890475 0.3662729630103478 0.0627124492938702 0.06356320014366737
0 0.9601266567523663 0.6485173152043269 0.01631956834059495 0.01680154066819411
0 0.12177839645972618 0.22114137502817008 0.014817421252910908 0.014867709233210636
0 0.7268966528085562 0.05528113016715416 0.01623667203463041 0.016332039466271035
0 0.20354371804457444 0.30577641267042893 0.023982671590951774 0.023539983309232272
0 0.8738287412203275 0.6433481069711539 0.04685812730055589 0.04837887103740986
0 0.5366781674898587 0.4214035914494441 0.014588429377629207 0.014351111191969652
0 0.8767130925105169 0.12011021834153396 0.020943421583909255 0.021161336165208083
0 0.7553322865412786 0.21709796098562387 0.014098534217247596 0.01438760757446289
0 0.5089396696824294 0.05909806031447191 0.014494675856370192 0.014510118044339694
0 0.8463505965012771 0.691184557401217 0.030857232900766227 0.03156838050255409
0 0.5290275720449594 0.4523124694824219 0.01918763380784255 0.019221672644981973
0 0.914427977341872 0.18054666885962853 0.15959490262545073 0.21776569806612456
