0 0.6882519355187049 0.884765625 0.07921130840594952 0.08506921621469352
0 0.5036186805138221 0.5611905684837928 0.0688313704270583 0.06852208651029147
0 0.6548331334040716 0.9629688262939453 0.03747147780198317 0.0376129150390625
0 0.5773112223698542 0.6653537016648513 0.0228732182429387 0.023108702439528245
0 0.3112770227285532 0.12578088503617507 0.025449037551879883 0.02541503539452186
0 0.586701539846567 0.7951256678654597 0.0332794189453125 0.033407358022836536
0 0.6491411649263822 0.5640049714308518 0.03246864905724159 0.03213625687819261
0 0.3167122327364408 0.45722161806546724 0.03457452700688289 0.034268819368802585
0 0.6062994736891526 0.13861698370713454 0.027259386502779447 0.026989129873422477
0 0.6160738284771259 0.06925426996671237 0.028993606567382812 0.02924625690166767
0 0.4039766605083759 0.4485928462101863 0.05980638357309195 0.05813129131610577
0 0.3131088476914626 0.8481641182532678 0.027170621431790866 0.027100196251502402
0 0.6250991821289062 0.7410538013164814 0.048279835627629206 0.04817889286921574
0 0.7110501802884616 0.75940675001878 0.03245206979604868 0.045502002422626205
0 0.7197469564584585 0.2281657732450045 0.020624307485727165 0.02059305631197416
0 0.6893909160907452 0.5827345481285682 0.05097756019005409 0.05055398207444411
0 0.6030818865849421 0.8308661534236028 0.03706939403827374 0.037123460036057696
0 0.43181687134962815 0.891601929297814 0.017894598153921273 0.017490533682016227
0 0.5788456843449519 0.12126342149881217 0.022192955017089844 0.02215119508596567
0 0.4844239675081693 0.20292968016404372 0.020281865046574518 0.020318984985351562
0 0.4805401655343863 0.8640569540170523 0.02476156674898588 0.024570171649639424
0 0.5030849530146673 0.32684828684880185 0.0222930174607497 0.022215549762432393
0 0.35492559579702526 0.3229783865121695 0.042709644024188705 0.04283464871920072
0 0.4242148766150841 0.7695374122032752 0.016919356126051683 0.016799339881310098
0 0.6655000539926382 0.6102655850923978 0.03664838350736178 0.03650445204514723
0 0.40485726870023286 0.6461321023794321 0.020071689899151143 0.02051881643442007
0 0.665881450359638 0.6392635932335486 0.0333558596097506 0.033799978402944714
0 0.4419609216543344 0.842738885145921 0.01939876262958233 0.01964084918682392
0 0.5995292663574219 0.0526726429279034 0.017568148099459134 0.017667825405414287
0 0.4063771688021146 0.8207227266751803 0.019178243783804085 0.019124838022085335
0 0.6310863494873047 0.7865807459904597 0.044738439413217396 0.0454565194936899
0 0.46363030947171724 0.9113744588998648 0.04600216792179988 0.046174269456129804
0 0.5640132243816669 0.4275771654569186 0.06483774918776292 0.06414721562312199
0 0.6088708730844351 0.04174345273237962 0.018263890193058893 0.018560939110242404
0 0.48334576533390927 0.08092418083777794 0.01870859586275541 0.018611105588766243
0 0.5645468785212591 0.03011768597822923 0.01649020268366887 0.01628546531383808
0 0.6907024383544922 0.8188585868248572 0.051054147573617786 0.050689697265625
0 0.6591933323786809 0.24688427264873797 0.019078181340144232 0.019077521104079027
0 0.6456609872671274 0.18351507186889648 0.016373854417067308 0.016485030834491435
0 0.654393562903771 0.6543206434983474 0.026767143836388223 0.02733333294208233
0 0.6193718543419471 0.6719603171715369 0.02686793987567608 0.026505690354567308
0 0.26871116344745344 0.1947328310746413 0.01853466033935547 0.018509534689096305
0 0.38637814154991734 0.7596830221322867 0.027856753422663763 0.02778009267953726
0 0.43543580862192005 0.18469480367807242 0.02090292710524339 0.02110778368436373
0 0.4094108801621657 0.9611566983736478 0.01982740255502554 0.019985492412860576
0 0.2910038874699519 0.8914585113525391 0.021683326134314902 0.0218045161320613
0 0.6171082716721755 0.22541053478534406 0.016370626596304085 0.016674261826735277
0 0.6802089397723858 0.9487457275390625 0.032167874849759616 0.03222216092623197
0 0.5766971661494329 0.9456817920391376 0.015427662776066707 0.01579152620755709
0 0.49724820943979114 0.7006362768319937 0.02469180180476262 0.02483529310960036
0 0.40604305267333984 0.489719610947829 0.031682527982271634 0.03161180936373197
0 0.6396574607262244 0.8215839679424579 0.039361073420597956 0.038311004638671875
0 0.6321813876812274 0.9882221955519456 0.029766669640174277 0.020355811485877402
0 0.5932485140286959 0.7435761965238131 0.031862038832444414 0.03169103769155649
0 0.46204229501577526 0.8366312613854041 0.016550650963416465 0.01645234914926382
0 0.2832079483912541 0.2216954231262207 0.021246873415433444 0.020979000971867487
0 0.5775799384483924 0.06034936813207773 0.016040948721078727 0.016440382370581992
0 0.49399529970609224 0.39541842387272763 0.06927857032189003 0.06846875410813552
0 0.6705989837646484 0.7303901085486779 0.054358262282151446 0.052758290217472956
0 0.6065162878770095 0.27776670455932617 0.015201495243952824 0.015366774338942308
0 0.34279874654916614 0.9376063713660607 0.02382043691781851 0.02391198965219351
0 0.3720646638136644 0.4763302803039551 0.025914705716646634 0.0259857177734375
0 0.504299677335299 0.6018159939692571 0.01956030038686899 0.01964906545785757
0 0.5970675395085261 0.9763281895564153 0.03212943443885216 0.03211564284104567
0 0.3824649957510141 0.590899027310885 0.01470184326171875 0.014770214374248799
0 0.4295695745027982 0.9230274787315955 0.03948219005878155 0.03903609055739183
0 0.28247891939603365 0.10293135276207557 0.021854914151705228 0.02181845444899339
0 0.5997381210327148 0.47182061122013974 0.016149520874023438 0.016596133892352764
0 0.3072972297668457 0.7204338220449594 0.0412293947660006 0.04201977069561298
0 0.6300624700692984 0.10932056720440204 0.01948371300330529 0.01975277753976675
0 0.2854278637812688 0.3545974584726187 0.04678821563720703 0.06745397127591647
0 0.609218927530142 0.810215950012207 0.021729762737567607 0.021420405461237982
0 0.5216473799485427 0.14787567578829253 0.016624303964468148 0.01649174323448768
0 0.5368734873258151 0.7815617781419021 0.04361600142258864 0.043678577129657455
0 0.48176097869873047 0.8885465768667368 0.028056951669546273 0.028236976036658652
0 0.70032288477971 0.4899294926570012 0.022500111506535456 0.022165885338416465
0 0.6338123908409705 0.9125518798828125 0.018492478590745192 0.018559089073768027
0 0.45015063652625453 0.8097248810988206 0.023047814002403848 0.022922662588266227
0 0.34110531440147984 0.3304167160621056 0.02312337435208834 0.023244637709397536
0 0.596142842219426 0.2850827620579646 0.014607796302208534 0.014534766857440654
0 0.44397838299091047 0.5252210910503681 0.01985960740309495 0.019883082463191107
0 0.6765191004826472 0.14332363238701454 0.01769417982835036 0.01754276569073017
0 0.6532780573918269 0.22618220402644232 0.024119450495793268 0.024083577669583835
0 0.3876950190617488 0.916817885178786 0.023780089158278245 0.024455437293419473
0 0.26847479893611026 0.16901228978083685 0.021483347966120794 0.024332780104417067
0 0.44635791044968826 0.3304094901451698 0.03149707500751202 0.031873116126427285
0 0.3874804423405574 0.9223197056696966 0.027846556443434495 0.02903263385479267
0 0.6767959594726562 0.17333041704618013 0.015066293569711538 0.015091235821063701
0 0.406555725977971 0.9259922321026142 0.02147667224590595 0.021394876333383415
0 0.6326629932110126 0.15374035101670486 0.02156683114858774 0.022068097041203424
0 0.6240985576923077 0.8782727901752179 0.04412287932175856 0.0444337404691256
0 0.45632505416870117 0.7725109687218299 0.028215408325195312 0.028334984412560098
0 0.5218250568096454 0.8384458101712741 0.029293207021859977 0.029622298020582933
0 0.4949820591853215 0.4814464495732234 0.013789983896108774 0.013724253727839543
0 0.6567619030292218 0.24822290127093977 0.020705296443058893 0.02016933147723858
0 0.6148910155663123 0.6816236055814303 0.019134154686560996 0.018160306490384616
0 0.6245063635019156 0.2240740702702449 0.020301965566781852 0.020069709190955527
0 0.5174008882962741 0.972780887897198 0.038026662973257214 0.03814022357647236
0 0.597193167759822 0.08188877655909611 0.022544420682466947 0.02216656391437237
0 0.7085352677565354 0.4127664932837853 0.02391844529371995 0.02462599827693059
0 0.2925540850712703 0.2878279685974121 0.01716452378493089 0.017421502333420973
0 0.4180180476262019 0.8507925180288461 0.014795890221228966 0.014893165001502404
0 0.6864486107459435 0.4759071790255033 0.015225923978365384 0.015117058387169471
0 0.3036631804246169 0.9412959172175481 0.053444935725285456 0.05253923856295072
0 0.3022891374734732 0.8740982642540565 0.020683692051814154 0.021263709435096152
0 0.47309354635385364 0.7060533670278696 0.016391754150390625 0.016251490666316107
