0 0.5322278829721304 0.1478559420658992 0.07843839205228366 0.07802589123065655
0 0.28279462227454555 0.5856587703411396 0.047202036930964544 0.04720922616811899
0 0.41248145470252406 0.6206066425030048 0.04948975489689754 0.04955012981708233
0 0.30616074341994065 0.683645982008714 0.0398401847252479 0.040174044095552884
0 0.2905415755051833 0.8219908200777494 0.03867882948655348 0.03857627281775841
0 0.5356387358445388 0.4206184974083534 0.07771990849421574 0.07770670377291165
0 0.5520882973304162 0.8337270296536959 0.046504974365234375 0.046432788555438705
0 0.6596528566800631 0.040452856283921465 0.043968494121844955 0.043885689515333906
0 0.4557790389427772 0.672391231243427 0.02921742659348708 0.02902368398813101
0 0.28766478024996245 0.7205975605891302 0.03103945805476262 0.03125836299015926
0 0.388918583209698 0.7168894547682542 0.041868943434495196 0.04152415348933293
0 0.366052297445444 0.7899912320650541 0.03807918842022236 0.03852139986478365
0 0.38302751687856823 0.6834558340219351 0.027335753807654746 0.026853121243990384
0 0.2716531753540039 0.2905472975510817 0.030617127051720254 0.03126225104698768
0 0.30511680016150844 0.7737122315626878 0.03279025738055889 0.03265659625713642
0 0.2580434725834773 0.7946051084078275 0.0311126708984375 0.031074964083158053
0 0.2551087232736441 0.8816383801973783 0.01854551755464994 0.01828604478102464
0 0.24633238865778997 0.6860867280226487 0.02948452876164363 0.029616722693810098
0 0.4745265520535983 0.6956721085768479 0.02089060269869291 0.020861405592698317
0 0.4257341531606821 0.7067686227651743 0.021851026094876803 0.022190387432391826
0 0.5171363537128155 0.6524618588961087 0.02189504183255709 0.0219576908991887
0 0.38881866748516375 0.8075926854060247 0.02204132080078125 0.021678631122295674
0 0.3374625352712778 0.6568034979013296 0.02223506340613732 0.020149377676156852
0 0.40734030650212216 0.5528850922217736 0.02715125450721154 0.026771692129281852
0 0.39406703068659854 0.8420732204730694 0.01808474614070012 0.017654859102689303
0 0.3895703462453989 0.5674382723294772 0.02347219907320463 0.023267599252554085
0 0.43511144931499773 0.5719627600449783 0.034804344177246094 0.03509162022517277
0 0.33737399027897763 0.6786826207087591 0.027329444885253906 0.027008936955378607
0 0.5520049975468562 0.9414495321420523 0.05170917510986328 0.05183850801908053
0 0.3639553510225736 0.8948885110708383 0.03441399794358473 0.03441077012282152
0 0.6785146273099459 0.665440192589393 0.022015204796424277 0.022217383751502402
0 0.6913539446317233 0.7561188477736253 0.05123578585111178 0.050882192758413464
0 0.6150636672973633 0.4475605304424579 0.015670336209810697 0.01583561530480018
0 0.3950397784893329 0.6530884962815505 0.018967481759878304 0.01905235877403846
0 0.3560513716477614 0.7400525900033804 0.02862402108999399 0.028239030104417067
0 0.39105785810030425 0.5184914515568659 0.03183893057016226 0.032011178823617786
0 0.2577463480142447 0.46084657082190883 0.03642885501568134 0.03632230025071364
0 0.44133248695960414 0.5995493668776292 0.01739641336294321 0.01760101318359375
0 0.5229567381051871 0.8517065048217773 0.023012161254882812 0.02311985309307392
0 0.719242682823768 0.06536010136971107 0.043912447415865384 0.04398908064915584
0 0.24337953787583572 0.5284040157611554 0.02254460408137395 0.022780491755558893
0 0.2838171628805307 0.47724412037776065 0.015956621903639574 0.015925774207481973
0 0.3569517135620117 0.6384364641629733 0.02970578120304988 0.029438605675330527
0 0.24158635506263146 0.7773562944852389 0.018816140981820915 0.018955083993765023
0 0.437805542579064 0.9063088343693659 0.018835948063777044 0.019238692063551683
0 0.4650277357835036 0.6522954794076773 0.02237848135141226 0.022090618426983174
0 0.29774211003230167 0.6176085838904748 0.02540874481201172 0.025186428656944863
0 0.359590457035945 0.6785651720487155 0.024396602924053486 0.023940159724308893
0 0.48839668127206654 0.11260373775775616 0.017313443697415866 0.017322246844951924
0 0.3792416499211238 0.871808125422551 0.02206083444448618 0.022403717041015625
0 0.5010159565852239 0.3301851566021259 0.04622158637413612 0.046030558072603665
0 0.4155128919161283 0.7869779146634616 0.03788060408372145 0.03864640455979567
0 0.33561941293569714 0.7657567537747897 0.02667236328125 0.026549706092247598
0 0.27122666285588193 0.6579206906832181 0.027269620161790114 0.02704620361328125
0 0.5377145180335412 0.21104075358464167 0.02857824472280649 0.028763991135817308
0 0.6912538821880634 0.03938641456457285 0.022656367375300482 0.022642098940335788
0 0.3453665513258714 0.6421081836407001 0.0171505854679988 0.017643855168269232
0 0.28699012903066784 0.6341937138484075 0.016597417684701774 0.016525855431189902
0 0.3788306162907527 0.7558744870699369 0.02768853994516226 0.028714986947866585
0 0.49254013941838193 0.6552565648005559 0.017542032095102165 0.017889903141902044
0 0.4446275050823505 0.6168597294734075 0.01825567392202524 0.01844644546508789
0 0.32217862055851865 0.6303494526789739 0.025548348060021035 0.025905609130859375
0 0.3357824912438026 0.833436525785006 0.02123744671161358 0.021311833308293268
0 0.3489076907818134 0.8399072060218225 0.015481655414287861 0.01531512920673077
0 0.7249466089101938 0.6436711091261643 0.0254361079289363 0.025009888869065505
0 0.41303693331204927 0.8895784524770883 0.015803043658916768 0.016122084397536058
0 0.4959710928109976 0.21749144334059495 0.01587339547964243 0.015566349029541016
0 0.5936583739060622 0.3828240908109225 0.02290476285494291 0.02300680600679838
0 0.35000874445988583 0.48872800973745495 0.015580103947566105 0.015861364511343148
0 0.29453328939584583 0.6184790684626653 0.01992335686316857 0.02060226293710562
0 0.5887219722454364 0.8736726320706881 0.02018583737886869 0.019871931809645433
0 0.31795868506798375 0.8613532873300406 0.01761649205134465 0.017281165489783652
0 0.35808665935809797 0.7694421914907602 0.028683589054987982 0.030339461106520433
