0 0.22451149500333345 0.5442713957566482 0.18575290533212516 0.2037222935603215
0 0.22309567378117487 0.048182207804459795 0.06294881380521335 0.0627665794812716
0 0.3642363181480995 0.17692852020263672 0.056377337529109076 0.05639332991379958
0 0.35967291318453276 0.3019991654616136 0.07405845935528095 0.07487194354717548
0 0.23464259734520546 0.6863456872793344 0.058463720174936146 0.05838981041541466
0 0.5736563022320087 0.47051231677715594 0.04350544856144832 0.04387209965632512
0 0.45862388610839844 0.8867096534142127 0.04929835979755108 0.04946694007286659
0 0.31749879396878755 0.34807410606971156 0.05299582848182091 0.053786938007061295
0 0.6014687097989596 0.027964280201838568 0.04522888477032001 0.044640421867370605
0 0.2862224028660701 0.8460338299091046 0.08133583802443284 0.08157906165489784
0 0.38339629540076625 0.3869785895714393 0.05723160963792067 0.056765042818509616
0 0.5628109345069299 0.30753463965195876 0.04632150209867037 0.046657378856952376
0 0.7574627216045673 0.1023564155285175 0.04798478346604567 0.0479738528911884
0 0.5333931629474347 0.35731337620661807 0.049346557030310996 0.04933518629807692
0 0.6243156286386343 0.2141297046954815 0.04741463294396034 0.04757147568922777
0 0.15943705118619478 0.753990466778095 0.05940052179189829 0.06016980684720553
0 0.6884625508235052 0.045003835971538834 0.03844760014460637 0.03863699619586651
0 0.8082338479849008 0.09772879343766433 0.03910622229942909 0.03932987726651705
0 0.352319203890287 0.5183351956881009 0.0828095949613131 0.08288728273831882
0 0.36376630342923677 0.6879623119647686 0.046938529381385215 0.04704754169170673
0 0.3255250637347882 0.569384868328388 0.04712816385122446 0.04701526348407452
0 0.4492794917179988 0.3682279586791992 0.04325257814847506 0.04322668222280649
0 0.41727421833918643 0.35310888290405273 0.0404363045325646 0.04032046978290264
0 0.46077720935528094 0.486631650191087 0.04054678403414213 0.04116146381084736
0 0.27620645669790417 0.24290176538320687 0.0430291249201848 0.04334801893967848
0 0.6243474666888897 0.3519978156456581 0.04247606717623197 0.04287162193885216
0 0.36483038388765776 0.22479475461519682 0.0345916748046875 0.034766050485464245
0 0.2792038917541504 0.29391772930438703 0.0260160152728741 0.02621005131648137
0 0.4323844909667969 0.9245158709012545 0.04340567955603966 0.043732863206129804
0 0.595584355867826 0.14520418643951416 0.024416996882512018 0.024428716072669394
0 0.695103278526893 0.41346263885498047 0.03382726816030649 0.033538818359375
0 0.6470077221210186 0.4314221969017616 0.029622884897085335 0.02970115955059345
0 0.20896258720984826 0.7199432666485126 0.03530241892887996 0.035234304574819714
0 0.4687167681180514 0.9732111417330228 0.03363462594839243 0.03361027057354267
0 0.41574698228102464 0.5897967998798077 0.027038427499624398 0.02713804978590745
0 0.7664165496826172 0.18633607717660758 0.02276758047250601 0.022752688481257513
0 0.3077055490933932 0.7898235321044922 0.02561356471135066 0.02571898240309495
0 0.41627957270695615 0.44078951615553635 0.022280179537259616 0.022292063786433294
0 0.7827597398024339 0.14623672228593093 0.022440690260667067 0.02264882968022273
0 0.24214726227980393 0.25113292840810925 0.03457230788010817 0.034891568697415866
0 0.18666978982778695 0.030054321655860312 0.019195043123685397 0.019411233755258415
0 0.47406189258282 0.6170909588153546 0.04268367473895733 0.042266295506404
0 0.19248333344092736 0.3299721937913161 0.020882716545691855 0.020898965688852165
0 0.19425192246070275 0.286885720032912 0.0282900150005634 0.028229163243220404
0 0.7544969411996695 0.3860742495610164 0.03253863408015324 0.03223910698523888
0 0.5667109856238732 0.06752988466849694 0.021408961369441107 0.02150908800271841
0 0.8267338092510517 0.5812311906080979 0.026751591609074518 0.026757093576284554
0 0.6046992081862229 0.2959943184485802 0.034749544583834134 0.034829139709472656
0 0.563659484569843 0.41813828394963193 0.020987950838529147 0.020903660700871393
0 0.4701136809128981 0.18498679307790902 0.020052616412823018 0.01972499260535607
0 0.7033593104435847 0.6656822057870718 0.03202907855694111 0.03215452340932993
0 0.5324996067927434 0.2586032427274264 0.0186312748835637 0.018712630638709433
0 0.27346508319561297 0.353026610154372 0.02521834006676307 0.02524537306565505
0 0.7443309197059045 0.5698744700505183 0.022771395169771634 0.022847615755521335
0 0.27481834705059344 0.7157398370596079 0.022950465862567607 0.02290945786696214
0 0.17157492270836464 0.4038473642789401 0.017395496368408203 0.01736281468318059
0 0.6700044778677133 0.06578226731373714 0.020172999455378607 0.02028324970832238
0 0.6375212302574744 0.33095741271972656 0.025704310490534857 0.026096857511080228
0 0.5040629460261419 0.3212622862595778 0.02703549311711238 0.026631575364332933
0 0.4323536799504207 0.12710855557368353 0.023436766404371995 0.023129059718205378
0 0.19181475272545448 0.3676110047560472 0.023873182443472054 0.0237119381244366
0 0.48757795187143177 0.1352699169745812 0.021859389085036058 0.021643895369309645
0 0.4630426993736854 0.5757625653193548 0.02474667475773738 0.024890752939077523
0 0.5358284069941595 0.4266630686246432 0.020830447857196514 0.02060097914475661
0 0.41291412940392125 0.40929104731633115 0.020040071927584134 0.020032735971304085
0 0.40723206446721005 0.1446207303267259 0.02230556194598858 0.022217603830190804
0 0.5840886922983023 0.1821260819068322 0.0209042475773738 0.020728551424466647
0 0.32245657994196963 0.4169740310082069 0.029604251568134014 0.029726468599759616
0 0.5256727658785306 0.21299516237699068 0.022771321810208835 0.02295831533578726
0 0.15446666570810172 0.8397967265202448 0.02523040771484375 0.02516775864821214
0 0.637879151564378 0.937104005080003 0.16709591792179987 0.12253790635329026
0 0.1994457978468675 0.3802357820364145 0.022852677565354567 0.02311369088979868
0 0.22743606567382812 0.8532821948711689 0.031039898212139424 0.030983411348783053
0 0.2635822662940392 0.27551159491905797 0.022144244267390326 0.022301893967848558
0 0.489229862506573 0.34219903212327224 0.01932356907771184 0.019257618830754206
0 0.41712379455566406 0.11867044522212102 0.025421289297250602 0.025272662823016826
0 0.8406939873328576 0.1620644055880033 0.017098060021033652 0.017394441824692946
0 0.23491257887620193 0.09285780099722055 0.02371839376596304 0.023900325481708232
0 0.2075986495384803 0.7655605903038611 0.026444068321814902 0.026509505051832933
0 0.725659443781926 0.08017079646770771 0.020836756779597357 0.020718739582942083
0 0.6385288238525391 0.24883820460392878 0.0243072509765625 0.024780823634221003
0 0.17115156467144305 0.325526971083421 0.02318543654221755 0.022848862868088942
0 0.7382171337421124 0.24371823897728553 0.01889214148888221 0.018889940701998197
0 0.24489934627826399 0.22134157327505258 0.01828795212965745 0.01843892610990084
0 0.841799809382512 0.19308117719796988 0.0174868657038762 0.017488626333383415
0 0.14268124103546143 0.7071494322556716 0.016193738350501426 0.01625647911658654
0 0.341892095712515 0.7690744400024414 0.021050526545597956 0.02097452603853666
0 0.4166712394127479 0.06425023078918457 0.02086507357083834 0.020894252336942233
0 0.631243632389949 0.4648763950054462 0.027119856614332933 0.02726892324594351
0 0.1524499563070444 0.26473289269667405 0.024684429168701172 0.026803273421067458
0 0.3916134834289551 0.43803926614614636 0.024828323951134317 0.024835733266977165
0 0.620358760540302 0.16530269842881423 0.01944585946890024 0.019564738640418418
0 0.19844550352830154 0.7460074791541467 0.021455764770507812 0.021223801832932692
0 0.8466567993164062 0.1153240570655236 0.016389993520883415 0.016436044986431416
0 0.23822751412024865 0.7546163705679086 0.05381290729229267 0.05254804171048678
0 0.6574435600867639 0.09934566571162297 0.01724727337176983 0.017481217017540567
0 0.3275537124046913 0.6794461470383865 0.021786909836989183 0.021711202768179085
0 0.3110949442936824 0.9318943023681641 0.02292605546804575 0.023123814509465143
0 0.3489380983205942 0.4166063161996695 0.021239794217623197 0.020964695857121393
0 0.196746642772968 0.7994587971613958 0.028098473182091348 0.028424776517427884
0 0.22172799477210411 0.29630017280578613 0.021926733163686898 0.021811485290527344
0 0.2335951144878681 0.3409376878004808 0.02707701462965745 0.026717992929311898
0 0.3707406704242413 0.662167108975924 0.015706869272085335 0.0158383296086238
0 0.5411470486567571 0.9523389522845929 0.049524087172288164 0.04929542541503906
0 0.4404081931480995 0.45485723935640776 0.027969947228064902 0.027968480036808893
0 0.4540598209087665 0.2345734742971567 0.021759913517878607 0.021867752075195312
0 0.6711317209097055 0.21563227360065168 0.03051024216871995 0.030626773834228516
0 0.37212148079505336 0.4281045106741098 0.021678851200984076 0.02195886465219351
0 0.7154904879056491 0.025393733611473672 0.01796296926645132 0.017760534699146565
0 0.3210700842050406 0.07075880124018742 0.03472225482647236 0.03466351215655987
0 0.3869177011343149 0.349395935352032 0.020448978130634014 0.020639419555664062
0 0.735682120689979 0.21024113435011643 0.019161811241736777 0.01897147985605093
0 0.5795977665827825 0.1979052470280574 0.01752501267653245 0.01761308083167443
0 0.5068137095524714 0.5606841307419997 0.019487747779259317 0.01916988079364483
0 0.16866808671217698 0.8674694207998422 0.022407898536095254 0.022299546461838942
0 0.4027709227341872 0.5532305057232196 0.044755055354191706 0.04477398212139423
0 0.5421469394977276 0.1282095634020292 0.017146990849421576 0.017080251987163838
0 0.4839454797598032 0.19854092597961426 0.02032925532414363 0.02056290553166316
0 0.6339653455294095 0.027796859924609844 0.022371585552509014 0.02221078139085036
0 0.6173399411714994 0.5181044798630935 0.02765681193425105 0.02705970177283654
0 0.4534002450796274 0.46288482959453875 0.030078887939453125 0.030975341796875
0 0.6558098426231971 0.21024678303645208 0.02076104971078726 0.020667369549091045
0 0.5219175998981183 0.01229337316292983 0.035019214336688705 0.022101640701293945
0 0.5442668474637545 0.5496620765099158 0.018333068260779746 0.018482134892390326
0 0.578647283407358 0.3639819071843074 0.03382954230675331 0.03345533517690805
0 0.7387594076303335 0.1951438830449031 0.016949873704176683 0.017126743610088643
0 0.8318148392897385 0.0786739862882174 0.020624160766601562 0.020783749910501335
0 0.7107579157902644 0.7140084780179538 0.02747799799992488 0.027497364924504206
0 0.15069883603316087 0.9570689568152795 0.02130921070392315 0.021114055926983174
0 0.688058119553786 0.17522586308992827 0.02006838871882512 0.01991161933312049
0 0.5028787759634165 0.21625111653254583 0.01742128225473257 0.017580839303823616
0 0.44956031212439906 0.05988176052386944 0.018620050870455228 0.01836877602797288
0 0.6629895430344802 0.3892625661996695 0.020521017221304085 0.020638245802659255
0 0.6961989035973182 0.47783103355994594 0.017811114971454326 0.017693006075345553
0 0.637481689453125 0.15096306800842285 0.021347926213191107 0.021203004396878757
0 0.36311039557823765 0.446751044346736 0.017779130202073317 0.017827620873084433
0 0.4984108117910532 0.4487635905926044 0.01913276085486779 0.019088231600247897
0 0.40572672623854417 0.1652503930605375 0.019226807814378005 0.018848749307485726
0 0.3483721659733699 0.26148163355313814 0.025217643150916465 0.025443187126746543
0 0.4894260259775015 0.0799565315246582 0.020072350135216348 0.020342831428234395
0 0.5065260667067307 0.15874565564669096 0.01827724163348858 0.018589313213641826
0 0.8472584944504958 0.14730180226839507 0.016353900615985576 0.016617701603816107
0 0.3964778459989108 0.8912664560171274 0.05263827397273137 0.05324510427621695
0 0.8114767808180589 0.4313783645629883 0.021541888897235576 0.021406173706054688
0 0.4437403312096229 0.25792796795184797 0.0192719239455003 0.019855682666485127
0 0.595115221463717 0.3369277073786809 0.029710769653320312 0.030566582312950723
0 0.35303930135873646 0.5831678097064679 0.019659922673152044 0.01923707815317007
0 0.44707569709190953 0.45888922764704776 0.03481248708871695 0.0350340329683744
0 0.4472508797278771 0.5614665838388296 0.02131520784818209 0.021352034348707933
0 0.1346440131847675 0.9893292647141677 0.01676790530865009 0.011829963097205529
0 0.5047402015099158 0.6151899191049429 0.03594053708589994 0.03568282494178185
0 0.6609407571645883 0.3867797117966872 0.023533747746394232 0.023134231567382812
0 0.8009636952326848 0.3317154004023625 0.016911433293269232 0.01697400900033804
0 0.18453132189237154 0.06844075368000911 0.01788330078125 0.017960080733666055
0 0.4366563650277945 0.6300123654879056 0.049318166879507214 0.04823464613694411
0 0.545043028317965 0.05376596634204571 0.015585239116962139 0.015590209227341872
0 0.8468070397010217 0.26379992411686826 0.0246579096867488 0.026789004986102764
0 0.7780521099384015 0.40546725346491885 0.015709803654597357 0.015601818378155049
0 0.4628031804011418 0.09067625265855056 0.02203193077674279 0.022097000708946817
0 0.5310536531301645 0.4419094599210299 0.01442271012526292 0.014435621408315806
0 0.496211785536546 0.5335030922522912 0.020995213435246393 0.02069267859825721
0 0.5169489933894231 0.5250066610483023 0.017866134643554688 0.017779130202073317
0 0.2420803950383113 0.3053588500389686 0.01909795174231896 0.01906754420353816
0 0.24816236129173866 0.18396678337684044 0.02122787328866812 0.02131352057823768
0 0.6479355738713191 0.37213839017427885 0.021106133094200723 0.021292393024151143
0 0.337094967181866 0.4338485277616061 0.018379651583158053 0.018425354590782754
0 0.43503841987022984 0.18970903983482948 0.017154840322641227 0.016987323760986328
0 0.14824516956622785 0.19737548094529372 0.01379988743708684 0.018070220947265625
0 0.15945350206815279 0.3742665144113394 0.015896980579082783 0.015895696786733773
0 0.5678947888887845 0.1460874080657959 0.019077594463641826 0.019016082470233623
0 0.46944156059852016 0.8509762837336614 0.04084587097167969 0.04013193570650541
0 0.5343126883873572 0.5898969723628118 0.02585117633526142 0.026386114267202523
0 0.1802344689002404 0.3518811739408053 0.019401183495154746 0.019256958594689004
0 0.660509989811824 0.5035528036264273 0.040321643535907455 0.040830758901742786
0 0.5305882967435397 0.40633465693547177 0.017222477839543268 0.017232308020958535
0 0.19513781254108137 0.8018179673414964 0.022995141836313102 0.022992647611177884
0 0.49811737353985125 0.3576688766479492 0.02064939645620493 0.021207809448242188
0 0.5908751854529748 0.4459630526029147 0.014201090886042668 0.014082688551682692
0 0.216889711526724 0.9818970606877253 0.025704603928786058 0.024887231680063102
0 0.5074790074275091 0.49571748880239636 0.018058336698091947 0.017727411710298978
0 0.13531101666964018 0.8400303767277644 0.015146438892071065 0.016902043269230768
0 0.5953177305368277 0.3400096526512733 0.024936896104079027 0.025797477135291465
0 0.24793276420006385 0.7264927350557767 0.03367343315711388 0.03346120394193209
0 0.5254948322589581 0.6425013908973107 0.029271272512582634 0.029899010291466348
0 0.7877037341778095 0.16276935430673453 0.015418712909405049 0.01500093019925631
0 0.6559694730318509 0.5904079583974985 0.014545147235576924 0.014498197115384616
0 0.14258832197922927 0.7904853087205154 0.027949443230262168 0.046177057119516224
0 0.2201224840604342 0.19842210182776818 0.022305415226862982 0.02202144035926232
0 0.8408722510704627 0.7811544858492337 0.04402630145733173 0.04414455707256611
0 0.18103625224186823 0.24114473049457258 0.03184193831223708 0.03187098869910607
0 0.19931699679448053 0.7961142613337591 0.03461533326369066 0.033616286057692304
0 0.40622883576613206 0.46053431584284854 0.023322398845966045 0.023479755108173076
0 0.42755765181321365 0.04625835785498986 0.018442594088040866 0.018243652123671312
0 0.6750799325796274 0.5838893743661734 0.024910853459284857 0.024878428532527044
0 0.6897886716402494 0.17351564994225135 0.023957472581129808 0.023889761704664964
0 0.18886118668776292 0.8838757735032302 0.03696705744816707 0.036684476412259616
0 0.6401634216308594 0.08245843190413255 0.015205676739032451 0.015355788744412936
0 0.8579346583439753 0.5209750762352576 0.0177459716796875 0.020761930025540866
0 0.18912175985483023 0.9445044444157527 0.015574235182542067 0.015390396118164062
0 0.37818233783428484 0.0947267642387977 0.02185850877028245 0.021906229165884163
0 0.3616480093735915 0.04892854048655583 0.023735486544095553 0.024220585823059082
0 0.7466954451340896 0.2670148702768179 0.015287252572866587 0.015309920677771935
0 0.4664907455444336 0.3914693318880521 0.017901787391075723 0.01826367011437049
0 0.3304878381582407 0.624510618356558 0.016385885385366585 0.016487268301156852
0 0.37461137771606445 0.09409876970144418 0.026390882638784554 0.026476181470430814
0 0.5193845675541804 0.11080485123854417 0.0169220704298753 0.01686855462881235
0 0.7093285780686599 0.2514364169194148 0.016469808725210335 0.016354854290301982
0 0.3722272286048302 0.8016402904803936 0.22585060046269342 0.2136406531700721
0 0.6582764112032377 0.1373974818449754 0.025199156541090745 0.024729820398183968
0 0.36891830884493315 0.09326490989098182 0.029571900000939004 0.029622958256648138
0 0.573577147263747 0.11409898904653695 0.017032476571890023 0.016823585216815654
0 0.3938384789686937 0.4818519445566031 0.024112114539513223 0.024489182692307692
0 0.8512896024263822 0.4987784899198092 0.027599334716796875 0.0281979487492488
0 0.7723521452683669 0.3246933863713191 0.01553799555851863 0.015679286076472357
0 0.6766774837787335 0.5620835377619817 0.01881555410531851 0.018547938420222357
0 0.48763773991511417 0.2325895016009991 0.022066116333007812 0.02221811734713041
0 0.6124610900878906 0.07055763097909781 0.018732511080228366 0.018732474400446966
0 0.23305274890019342 0.15111523408156174 0.020559017474834736 0.020663371452918418
0 0.5072980293860803 0.12177676420945388 0.017498236436110277 0.01752783701970027
0 0.4535652674161471 0.19419638927166277 0.015207584087665264 0.0151368654691256
0 0.31846365561852086 0.23096337685218224 0.020514928377591647 0.02050927969125601
0 0.5129393797654372 0.5420461801382211 0.0202181889460637 0.019875746506911058
0 0.4225897789001465 0.4805020552415114 0.01638053013728215 0.016424912672776442
0 0.671146979698768 0.6520034349881686 0.014992347130408654 0.014675140380859375
0 0.23700178586519682 0.3682430707491361 0.016172188978928786 0.016193536611703727
0 0.7052271916316106 0.5842747321495643 0.014516390286959134 0.014623495248647837
0 0.27535005716177136 0.2054600899036114 0.03910123384915865 0.037890030787541315
0 0.8118996253380408 0.26392096739548904 0.017191079946664665 0.0172425050001878
0 0.4229906522310697 0.14991000982431266 0.015802970299353965 0.015088081359863281
0 0.7289186624380258 0.37333231705885667 0.03665865384615385 0.035848177396334134
0 0.8366637596717248 0.518654309786283 0.019144204946664665 0.01914068368765024
0 0.36676692962646484 0.9856838813194861 0.03173681405874399 0.025433466984675482
0 0.6272618220402644 0.46281139667217547 0.025926479926476113 0.025562579815204326
0 0.32696786293616664 0.6079870737515963 0.015652803274301384 0.015656764690692607
