0 0.4256578592153696 0.4490503164438101 0.04443814204289363 0.04414675785945012
0 0.3572115898132324 0.9545616003183218 0.054732322692871094 0.05508863008939303
0 0.5520956699664776 0.9480059697077825 0.14184064131516677 0.10330875103290264
0 0.42188020852895886 0.7782933161808894 0.047901300283578724 0.048368600698617786
0 0.432465149806096 0.969996085533729 0.09813756209153396 0.059329986572265625
0 0.5369766308711126 0.17241245049696702 0.04090301807110126 0.041088801163893476
0 0.45798646486722505 0.8974379025972806 0.03241157531738281 0.03262945321890024
0 0.4307699203491211 0.8366801188542292 0.07810445932241586 0.07899269690880409
0 0.4593969125014085 0.7363951756403997 0.032661071190467246 0.03249828632061298
0 0.3588687089773325 0.3983774551978478 0.026402840247521035 0.026395504291240986
0 0.504008623269888 0.7403855690589318 0.032341296856219955 0.032556387094350964
0 0.6907697090735803 0.5615259317251352 0.036622267503004804 0.03647569509652945
0 0.3852977019089919 0.8423379017756536 0.04657745361328125 0.04793211129995493
0 0.5626997580895057 0.6160672261164739 0.03686721508319561 0.03709338261530949
0 0.33974552154541016 0.6331509076631986 0.036124156071589544 0.03615423349233774
0 0.5477132063645583 0.8341220708993765 0.024396896362304688 0.02428304232083834
0 0.32922627375676083 0.93103760939378 0.027870765099158652 0.0278164790226863
0 0.5335185711200421 0.13315464900090143 0.021633001474233773 0.021679217998798076
0 0.6997334406926081 0.8039376919086163 0.018386694101186898 0.018271813025841348
0 0.7009154099684495 0.8832602867713342 0.019412407508263223 0.019415635329026442
0 0.6306973970853366 0.7068943610558143 0.029102325439453125 0.028614631065955527
0 0.5929939563457782 0.6046707446758564 0.02106783940241887 0.020890455979567308
0 0.4781747597914476 0.6223079974834735 0.032047125009390026 0.032291265634390026
0 0.7031797262338492 0.04118129381766686 0.032131195068359375 0.03241954399989201
0 0.5343796656681941 0.7737740736741286 0.018885685847355768 0.018701993502103366
0 0.4619505222027118 0.7715861980731671 0.03076303922213041 0.030791209294245794
0 0.49674437596247745 0.6525971339299128 0.02364195310152494 0.0238186762883113
0 0.7160791983971229 0.2777186907254733 0.017285273625300482 0.02176974369929387
0 0.31555920380812424 0.7772795603825495 0.021698731642503005 0.02204000032865084
0 0.2974663514357347 0.9508724946242112 0.03933415046105018 0.039600225595327526
0 0.31245781825138974 0.7972280062161959 0.02814775246840257 0.028179462139423076
0 0.4831991195678711 0.04654719737859873 0.017854983990009014 0.017833407108600322
0 0.6627512711745042 0.9375848036545974 0.025534996619591348 0.02596253615159255
0 0.5534996619591346 0.5746861237746018 0.016931900611290567 0.016948113074669473
0 0.6545124787550706 0.5706380697397085 0.024580001831054688 0.02447641812838041
0 0.6443372873159555 0.4706439971923828 0.16535007036649263 0.19306490971491888
0 0.6184378403883714 0.3379853688753568 0.015192325298602764 0.015144714942345252
0 0.5938571783212515 0.6530295151930589 0.019893866318922777 0.019782139704777643
0 0.2954253049997183 0.9025600139911358 0.0234072758601262 0.02330926748422476
0 0.508703561929556 0.8269194089449369 0.028971451979417067 0.028789226825420674
0 0.5142923501821665 0.30666564061091495 0.022030757023737982 0.022302554203913763
0 0.46516990661621094 0.20317791058466986 0.034091876103327826 0.03419623008141151
0 0.37367732708270734 0.6112010662372296 0.02693484379695012 0.02713775634765625
0 0.27827646182133603 0.6595486127413236 0.014554573939396786 0.019072899451622598
0 0.5995955100426307 0.44670743208665115 0.015894523033728965 0.015984315138596755
0 0.6160018627460186 0.7519716116098257 0.023724922767052285 0.024216871995192308
0 0.5977639785179725 0.893370114839994 0.05281529059776893 0.05292070828951322
0 0.5297649823702298 0.7428602071908804 0.017749492938701924 0.017875084510216348
0 0.45603326650766224 0.4957311703608586 0.02878731947678786 0.028737948491023138
0 0.6858366452730619 0.21998900633591872 0.020633404071514424 0.020756648137019232
0 0.4853693888737605 0.3367035205547626 0.026458740234375 0.02736517099233774
0 0.5195280221792368 0.8457293877234826 0.01764077406663161 0.017760643592247598
0 0.4637155532836914 0.799395487858699 0.01747468801645132 0.017597491924579326
0 0.3609641882089468 0.6472188509427584 0.025032850412222054 0.025403536283052884
0 0.5770188111525315 0.8248545573307917 0.032016607431265026 0.0321801992563101
0 0.37737054091233474 0.5555612123929538 0.038696582500751205 0.038532403799203724
0 0.2855246984041654 0.7322797041672927 0.03186658712533804 0.04680765592134916
0 0.7164176060603216 0.02430473382656391 0.018034714918870192 0.020852299836965706
0 0.612248787513146 0.6366342397836539 0.01490035423865685 0.014645209679236779
0 0.5779583270733173 0.6826368478628305 0.024373421302208535 0.0243533207820012
0 0.6444453459519607 0.8001555662888747 0.014565834632286659 0.014930284940279447
0 0.636391126192533 0.4741080724276029 0.01449130131648137 0.014473254864032451
0 0.4453212297879733 0.6419014563927283 0.03993944021371695 0.04021013700045072
0 0.664091183589055 0.7389108217679538 0.016864189734825723 0.017182276799128607
0 0.5337407772357647 0.4989424485426683 0.017461776733398438 0.01752581963172326
0 0.5360829279972956 0.6354694366455078 0.02473625769981971 0.02466436532827524
0 0.48635013286884016 0.722286737882174 0.025740990271935098 0.025660001314603366
0 0.4145964108980619 0.21667122840881348 0.034954144404484674 0.03454017639160156
0 0.6806573867797852 0.8844796694242038 0.014438042273888221 0.014314064612755409
0 0.5672548734224759 0.7036241384652945 0.020828980665940505 0.021112588735727165
0 0.4478026536794809 0.422234975374662 0.014807921189528245 0.01483623798076923
0 0.7112415020282452 0.952793341416579 0.03742482112004207 0.04392843980055589
0 0.5952548980712891 0.7610306373009315 0.019365457388070915 0.019412994384765625
0 0.6792622346144456 0.029356234348737277 0.022158109224759616 0.022404537751124456
0 0.6944225017841046 0.00860108664402595 0.05024924645057091 0.017267910333780143
0 0.48589596381554234 0.23962972714350775 0.01778551248403696 0.017627936143141527
0 0.539859074812669 0.7118847186748798 0.02878871330848107 0.028873737041766826
