0 0.08105549445519081 0.3590522912832407 0.0958862488086407 0.09641324556790866
0 0.6358742347130408 0.034646061750558704 0.07403960594764122 0.06679849441234882
0 0.6627486302302434 0.8641053713285006 0.07501396766075721 0.07519971407376803
0 0.41504889268141526 0.6322582685030423 0.08151817321777344 0.08049847529484676
0 0.5849053309513972 0.6844194852388822 0.07036898686335637 0.07079197810246395
0 0.7413195096529447 0.9764122596153846 0.04701497004582332 0.042714632474459134
0 0.09818052328549899 0.02669187463246859 0.06428727736839882 0.05165949693092933
0 0.7343791081355169 0.11161298935229962 0.06221096332256611 0.06259589928847092
0 0.7675330088688777 0.8181109795203576 0.06906524071326622 0.06894801213191105
0 0.9548910581148587 0.8024795238788311 0.05484228867750902 0.0551458505483774
0 0.8186210485605093 0.930909670316256 0.029143260075495794 0.029099097618689902
0 0.011819392442703247 0.6599308894230769 0.02361659361765935 0.03658764178936298
0 0.8147965944730319 0.0901174728686993 0.032806103046123795 0.03261764691426204
0 0.20354415820195124 0.014872353810530443 0.034141137049748346 0.028501528960007887
0 0.6044841913076547 0.0744772690993089 0.03191786545973558 0.03186449637779823
0 0.07391622433295617 0.7002924405611478 0.0319522527547983 0.03163851224459135
0 0.5984727052541879 0.7735631649310772 0.08728357461782602 0.08856670673076923
0 0.49770978780893177 0.24604056431696966 0.03308310875525841 0.03297688410832332
0 0.49280606783353365 0.9241167948796198 0.028267933772160456 0.02805181650015024
0 0.9050596677339994 0.8833323258620042 0.0263979985163762 0.0259249760554387
0 0.29372666432307315 0.8041879947368915 0.023601458622859076 0.023495307335486777
0 0.5070787209730881 0.9772613231952374 0.02771597642164964 0.027888371394230768
0 0.43662408682016224 0.8940794284527118 0.03593004666841947 0.03577070969801683
0 0.7029649294339694 0.05685859460097093 0.02243980994591346 0.022381709172175482
0 0.7296434549184946 0.04074828441326435 0.019266862135667067 0.019306714718158428
0 0.08656829137068528 0.14513329359201285 0.05039490186251127 0.0492851917560284
0 0.6226372352013221 0.9849721468411959 0.023035049438476562 0.022738236647385817
0 0.6613647020780123 0.9846999095036433 0.026338870708759014 0.025212654700646035
0 0.8398745610163763 0.03351767705037044 0.01857141348031851 0.018693382923419658
0 0.19953377430255598 0.6115745030916654 0.031040338369516227 0.03113401853121244
0 0.2711204382089468 0.4198471949650691 0.032698521247276895 0.03277793297400841
0 0.13046757991497332 0.7368291708139273 0.039800277123084433 0.03987825833834135
0 0.3709321388831505 0.13862011982844427 0.24802587582514837 0.2527320568378155
0 0.27788624396690953 0.9662906940166767 0.031018697298490085 0.030991187462439902
0 0.06469569297937247 0.9492096534142127 0.046917851154620833 0.04709009023813101
0 0.5145039558410645 0.9400552602914664 0.021838041452261116 0.022183638352614183
0 0.3270316490760216 0.18298974403968224 0.025212948138897236 0.025253956134502705
0 0.848695314847506 0.06113598896906926 0.03065637441781851 0.030394242360041693
0 0.2790827934558575 0.2366316135113056 0.02258462172288161 0.022239244901216947
0 0.5782251724830041 0.17323138163639948 0.03524090693547176 0.034822243910569414
0 0.5990281471839318 0.09888279438018799 0.018437312199519232 0.018580014889056865
0 0.3124972123366136 0.4267081113962027 0.046004882225623496 0.04596570821908804
0 0.8224146182720478 0.062469977598923906 0.02245932358961839 0.022180740649883565
0 0.9821894719050481 0.6496518208430364 0.03531910822941707 0.0716844705434946
0 0.11487296911386344 0.7221750846275916 0.03023991217980018 0.030554551344651442
0 0.0983804647739117 0.2549456082857572 0.020310658674973708 0.020424769474909857
0 0.017136012132351216 0.8638251377986028 0.024339258670806885 0.024612866915189303
0 0.39003944396972656 0.49808414165790266 0.01889632298396184 0.018984574538010817
0 0.15976766439584586 0.5416834171001728 0.03337232883159931 0.033312284029447116
0 0.18244057435255784 0.0601958861717811 0.03394860487717848 0.03454092832712027
0 0.8820724487304688 0.8802791008582482 0.01883110633263221 0.018967555119441107
0 0.649354494535006 0.3638167748084435 0.04402600801908053 0.04357704749474159
0 0.2738893765669603 0.25879570154043346 0.027898018176739033 0.027724192692683294
0 0.8809386033278245 0.8999445988581731 0.023934290959284857 0.02399297860952524
0 0.2321320680471567 0.43348363729623646 0.0463713132418119 0.04650541452261118
0 0.41915314014141375 0.41769108405480015 0.01706827603853666 0.017326208261343148
0 0.9676931821382962 0.027705233830672044 0.021552159236027643 0.021693101296058066
0 0.3756117820739746 0.9231693561260517 0.037424601041353665 0.03763360243577223
0 0.8153531001164362 0.7664867547842172 0.0282589839054988 0.028000904963566706
0 0.6052430959848257 0.5608920684227576 0.03659248352050781 0.03731852311354417
0 0.3250578366793119 0.07750882552220272 0.02929203326885517 0.029797187218299277
0 0.8232173919677734 0.01002449026474586 0.02200493445763221 0.018566888112288255
0 0.20246160947359526 0.2620533613058237 0.01887790973369892 0.018778177408071663
0 0.9054195697490985 0.47098101102388823 0.031541090745192304 0.03154475872333233
0 0.4980277648338905 0.7167568940382737 0.04526827885554387 0.04535660376915565
0 0.47759573276226336 0.4729119080763597 0.019479971665602464 0.019144058227539062
0 0.8147048950195312 0.8810140903179462 0.04542072002704327 0.04514254056490385
0 0.14337341602032 0.6989785707913913 0.02143243642953726 0.021551865797776442
0 0.19778358019315279 0.32100758185753453 0.045953567211444564 0.04562854766845703
0 0.0303533489887531 0.5255057995135968 0.02306994108053354 0.023313522338867188
0 0.5625478304349459 0.1797041893005371 0.018288832444411058 0.018655850337101862
0 0.9774509576650766 0.5746296369112455 0.028521904578575723 0.028408930851862982
0 0.10057462178743802 0.6356422717754657 0.022631278404822715 0.022841820350060098
0 0.43712564615102917 0.36287920291607195 0.01651756580059345 0.01617879133958083
0 0.04470075093782865 0.1450676184434157 0.028169595278226413 0.02831855187049279
0 0.1657445614154522 0.30220923056969273 0.036460619706373945 0.03654127854567308
0 0.1359739486987774 0.41238619731022763 0.03997333233173077 0.03991281069242037
0 0.7245791508601263 0.17334822508004996 0.11650320199819711 0.11647536204411434
0 0.009395720867010264 0.8423285851111779 0.018848038636721097 0.0312347412109375
0 0.1575013124025785 0.27419424057006836 0.03722454951359676 0.03732486871572641
0 0.9531527299147385 0.07951562221233661 0.027822347787710335 0.02798373424089872
0 0.6583085426917443 0.26179126592782825 0.15227816655085638 0.15253939995398888
0 0.4139533776503343 0.49385496286245495 0.01828795212965745 0.018397991473858174
0 0.05525815945405226 0.638026604285607 0.017885244809664212 0.017775315504807692
0 0.1873802405137282 0.44660073060255784 0.021784122173602764 0.02167503650371845
0 0.9528447664701022 0.9814647527841421 0.016944298377403848 0.01702748812161959
0 0.06391334533691406 0.0597755633867704 0.017992496490478516 0.017858523588914137
0 0.5621905693641076 0.2107554582449106 0.03589982252854567 0.03615621420053335
0 0.008314544191727271 0.07075089674729568 0.015868482681421135 0.016341998026921198
0 0.617774669940655 0.9579174335186298 0.02332584674541767 0.02352318396935096
0 0.7219565464900091 0.29976573357215297 0.036941821758563705 0.0366820555466872
0 0.008025184846841373 0.1891477291400616 0.016073157007877644 0.05601369417630709
0 0.5976367363562951 0.9314113030066857 0.04773624126727764 0.0484161376953125
0 0.9135766396155725 0.39377902104304385 0.05728061382587139 0.05815447293795072
0 0.7466197380652795 0.5938670085026667 0.32994725153996396 0.3316965836745042
0 0.6144264661348783 0.4792630855853741 0.016190308790940505 0.016157003549429085
0 0.4744407947246845 0.4011984605055589 0.020329695481520433 0.02050927969125601
0 0.016735740579091586 0.9796050145075872 0.03354214017207806 0.03653717041015625
0 0.027549404364365798 0.6733882610614483 0.01866625937131735 0.018845778245192308
0 0.8565161778376653 0.1718327265519362 0.018008892352764424 0.01793388219980093
0 0.1272287552173321 0.7051660831157978 0.016116619110107422 0.016271444467397835
0 0.12880969047546387 0.19432797798743615 0.028634328108567458 0.028735014108511116
0 0.2864344303424542 0.9133571478036734 0.025313560779278096 0.025265326866736777
0 0.5398691250727727 0.010247750924183773 0.024342977083646335 0.018953300439394437
0 0.6061290227449857 0.3281446603628305 0.022362562326284554 0.022715201744666465
0 0.5788071705744817 0.4912821329556979 0.01555178715632512 0.015623019291804386
0 0.7070649953988882 0.09965300559997559 0.016192216139573317 0.016271591186523438
0 0.38069600325364333 0.9923609220064603 0.019526848426231973 0.013309772198016826
0 0.4501091150137094 0.8648487971379206 0.019727706909179688 0.019797691932091348
0 0.30556278962355393 0.3653410764840933 0.026617930485652044 0.02649263235238882
0 0.5299662810105544 0.6898703941932092 0.016068751995380107 0.016131180983323317
0 0.9534969329833984 0.5949310889610877 0.037641085111177884 0.03768656804011418
0 0.13937848347883958 0.9152201139009916 0.016483471943781927 0.016123551588792067
0 0.7746077317457932 0.7582548581636869 0.030900221604567308 0.030756143423227165
0 0.4693413514357347 0.8824575864351712 0.027065203740046576 0.026851360614483174
0 0.7414057071392353 0.8345815218411959 0.03191361060509315 0.032621530386117786
0 0.05131800358112042 0.4680548081031212 0.01650695617382343 0.016384271474984977
0 0.9501719841590295 0.0447807632959806 0.020711752084585335 0.021095092479999248
0 0.11288987673245944 0.6653018364539514 0.02583147929264949 0.025318439190204326
0 0.9874380551851712 0.37195847584651065 0.024708674504206732 0.04221189939058744
0 0.4314750524667593 0.8397388458251953 0.015609301053560697 0.015428396371694712
0 0.7150433613703802 0.4748550561758188 0.01613308833195613 0.016251784104567308
0 0.486544315631573 0.4159713158240685 0.02569125248835637 0.025509174053485576
0 0.4022036332350511 0.7913147852971003 0.03646146334134615 0.03638883737417368
0 0.18099772013150728 0.8902667118952825 0.03335244839008038 0.033386523907001205
0 0.5987062087425818 0.15666167552654559 0.016289417560283955 0.016217158390925482
0 0.40185858653141904 0.31194404455331654 0.030374820415790264 0.03015554868257963
0 0.052571434241074785 0.20313730606665978 0.021312676943265475 0.0213473760164701
0 0.41616344451904297 0.33082998715914214 0.01765104440542368 0.017472560589130107
0 0.7866221207838792 0.1006166201371413 0.0240475581242488 0.02415154530451848
0 0.3954125184279222 0.35416383009690505 0.035345224233774036 0.035927919241098255
0 0.4844600237332858 0.9128426771897536 0.01695427527794471 0.01703775846041166
0 0.9886967585637019 0.9007747356708233 0.022410172682542067 0.05454547588641827
0 0.530945557814378 0.7933287987342248 0.016115482036884014 0.01595453115609976
0 0.846128903902494 0.9110215994027945 0.04289392324594351 0.04223016592172476
0 0.5213219569279597 0.6567448102510892 0.03402108412522536 0.03408945523775541
0 0.886357674231896 0.43645407603337216 0.04543715256911058 0.04585610903226412
0 0.3167893703167255 0.6184667440561148 0.015761448786808893 0.01568012971144456
0 0.20037317276000977 0.11824528987591083 0.02677301260141226 0.02655165012066181
0 0.12917529619657075 0.9524911000178411 0.2196333224956806 0.09406603299654447
0 0.24435714574960563 0.8461903792161208 0.025293240180382363 0.025579012357271634
0 0.5898575415978065 0.12969295795147234 0.018686441274789665 0.018439256227933444
0 0.6367396574753982 0.9382322751558744 0.014611464280348558 0.014684677124023438
0 0.3499731650719276 0.9514614985539362 0.019016485947829027 0.01933112511268029
0 0.42380281595083386 0.8504062065711389 0.015486790583683895 0.01561737060546875
0 0.2583773319537823 0.677132459787222 0.016998804532564603 0.017313590416541465
0 0.4969042264498197 0.6638303169837365 0.015909268305851862 0.016035079956054688
0 0.3140907287597656 0.9348477583665115 0.020935865548940804 0.0211184575007512
0 0.2364526895376352 0.9545471484844501 0.04155855912428636 0.041759490966796875
0 0.4945206275353065 0.7758765587439904 0.044879766610952526 0.04490089416503906
0 0.8788921649639423 0.9337328397310697 0.03792865459735577 0.0377354255089393
0 0.20046296486487755 0.1008149843949538 0.0160673948434683 0.015697809366079476
0 0.5090900567861704 0.8301313106830304 0.014937767615685096 0.014870863694411058
0 0.021994985066927396 0.1295904012826773 0.028124868869781494 0.027997878881601188
0 0.15155194355891302 0.9337665851299579 0.02191440875713642 0.021805689885066107
0 0.03105802719409649 0.4089665779700646 0.015384518183194675 0.015185869657076322
0 0.03184788960676927 0.7072636530949519 0.01834902396568885 0.01834722665640024
0 0.39288440117469203 0.9088370249821589 0.016233004056490384 0.016101250281700723
0 0.10294345708993766 0.20967531204223633 0.022823883936955378 0.02277689713698167
0 0.13361518199627215 0.046488670202401966 0.01563567381638747 0.015607870542086087
0 0.9591839863703802 0.9047719515286959 0.03730685894305889 0.037273406982421875
0 0.06548747649559608 0.6509608488816482 0.01563580219562237 0.015485029954176683
0 0.08612922521737906 0.09650016747988187 0.01500701904296875 0.015058590815617489
0 0.318051815032959 0.05478892876551701 0.07190652994009164 0.07689365973839393
0 0.09109620864574726 0.21900514455942008 0.014478555092444787 0.014525927030123197
0 0.27384743323692906 0.6800613403320312 0.015609447772686299 0.015575408935546875
0 0.5564254247225248 0.8317872560941256 0.014273790212777944 0.014302473801832933
0 0.7027152134821966 0.7279937450702374 0.017025140615609977 0.016659663273737982
0 0.6926331886878381 0.7513120357806866 0.020511773916391227 0.020453673142653245
0 0.3856870944683368 0.02982903902347271 0.031402587890625 0.031184168962331917
0 0.16346632517301118 0.23821150339566743 0.04052327229426457 0.04059956623957707
0 0.3032497992882362 0.6818065643310547 0.03193341768704928 0.031808119553786054
0 0.20580000143784744 0.7716701214130108 0.015393623938927284 0.015150216909555288
0 0.48593836564284104 0.7722288278432993 0.06797306354229267 0.06782737145057091
0 0.38408759924081654 0.33144906850961536 0.02560872298020583 0.02529173630934495
0 0.8503426771897536 0.5524328305171087 0.01784691443810096 0.017807446993314303
0 0.13592872252831092 0.1780535257779635 0.020247202653151292 0.020237189072829027
0 0.644783460176908 0.7304119696983924 0.04408454895019531 0.04452191866361178
0 0.7540650000939002 0.05947404641371507 0.014246427095853366 0.014394228275005635
0 0.36629229325514573 0.6626118880051833 0.035890432504507214 0.036276597243088946
0 0.09915383045489971 0.32448321122389573 0.015526331388033353 0.015754186190091647
0 0.44857927469106823 0.40139073591965896 0.02816596397986779 0.027650099534254808
0 0.46355485916137695 0.5771394142737756 0.03237504225510817 0.032483541048490085
0 0.08563026098104623 0.5676343257610614 0.02895217675429124 0.02841802743765024
0 0.5427105243389423 0.16767487159142128 0.020023492666391227 0.020024519700270433
0 0.7823247909545898 0.9554462432861328 0.01868922893817608 0.019071138822115384
0 0.8767236562875601 0.034245236561848566 0.026901831993689902 0.026440404928647555
0 0.8740045107327975 0.05689661777936495 0.014263446514423076 0.014150674526508037
0 0.7347721686730018 0.6465077033409705 0.045632582444411054 0.045728243314302884
0 0.44631682909452 0.46695591853215146 0.01766336881197416 0.017315497765174277
0 0.6372704139122596 0.9710392585167518 0.0163113520695613 0.016132354736328125
0 0.15722304124098557 0.03724937714063204 0.03771275740403395 0.03737438642061674
0 0.42345351439255935 0.29018182020920974 0.01708676264836238 0.016625697796161357
0 0.503633058988131 0.33088236588698167 0.023091683020958535 0.023414758535531852
0 0.30852794647216797 0.303142786026001 0.016776176599355843 0.016992605649507962
0 0.8745211821336013 0.787686274601863 0.015932083129882812 0.01611328125
0 0.9701370092538687 0.8739750201885517 0.025591190044696514 0.025493915264423076
0 0.08138531904954177 0.4782408934373122 0.02597732268846952 0.026073455810546875
0 0.7993354797363281 0.3941169885488657 0.017214848445012018 0.017496255727914665
0 0.723167712871845 0.7278837057260367 0.022421616774338942 0.022712267362154447
0 0.2028981722318209 0.5430206152109 0.015108952155480018 0.015356797438401442
0 0.5169378427358774 0.4234162110548753 0.028911003699669473 0.028829134427584134
0 0.133484803713285 0.3344300710237943 0.014488000136155348 0.014367323655348558
0 0.4268150329589844 0.81312318948599 0.014905195969801683 0.014934833233173076
0 0.533407578101525 0.3012054516718938 0.018118784977839544 0.018143140352689303
0 0.27581037007845366 0.9383577200082632 0.015048980712890625 0.015319530780498799
0 0.49788801486675555 0.07597045715038593 0.01366563943716196 0.01342912820669321
0 0.3871262256915753 0.18686632009652945 0.024316787719726562 0.024602449857271634
0 0.4757914909949669 0.3590891911433293 0.013572986309344951 0.01396802755502554
0 0.57166444338285 0.39858388900756836 0.03320782001201923 0.03328836881197416
0 0.5359555757962741 0.7346229553222656 0.03130949460543119 0.03101524939903846
0 0.04727820249704214 0.291418405679556 0.01714475338275616 0.01737183790940505
0 0.561067691216102 0.9181025578425481 0.014251708984375 0.014161623441256009
0 0.9591473799485427 0.5027419603787936 0.015580690824068509 0.015339484581580529
0 0.249235960153433 0.2842397139622615 0.01613624279315655 0.016169291276198167
0 0.4936775794396034 0.4522823920616737 0.01780355893648588 0.018006398127629206
0 0.14314215916853684 0.13280501732459435 0.014798641204833984 0.014401417512160081
0 0.2428161731133094 0.6726019932673528 0.015558976393479567 0.015367654653695913
0 0.059106134451352633 0.0736929728434636 0.01620295414557824 0.016374588012695312
0 0.027350301925952617 0.07201315806462215 0.01629789975973276 0.016803154578575723
0 0.9574163877047025 0.18917014048649713 0.0873110844538762 0.278863393343412
0 0.6250916260939378 0.9053858243502103 0.017334131094125602 0.01711273193359375
0 0.7805343041053185 0.9548515906700721 0.022715641902043268 0.022907550518329326
0 0.3971867928138146 0.6893115410437951 0.0147705078125 0.014581240140474759
0 0.1141289472579956 0.6682846362774189 0.022582475955669697 0.021473811222956732
0 0.21250121410076434 0.09345913850344144 0.01540844257061298 0.01572383367098295
0 0.4512758988600511 0.3052062621483436 0.02707048562856821 0.027956375708946817
0 0.5437300755427434 0.3915744928213266 0.016968213594876803 0.016937842735877402
