0 0.07787094666407658 0.6082372665405273 0.1186372866997352 0.11812430161696214
0 0.8295451677762545 0.45649418464073765 0.06269425612229568 0.06225945399357723
0 0.15812094394977277 0.6303988236647385 0.10140818815964919 0.09913943364070012
0 0.3224664101233849 0.8390290920551007 0.0750267505645752 0.07502262408916767
0 0.8465582040640024 0.6623061253474309 0.0841359358567458 0.08328951322115384
0 0.4973237697894757 0.7110450451190655 0.03579037006084736 0.03663473862868089
0 0.29352485216580904 0.6112354351924016 0.060842734116774336 0.06053990584153395
0 0.6084893666780912 0.9707954846895658 0.06058700268085186 0.0534663567176232
0 0.45725253912118763 0.506606652186467 0.06510177025428185 0.06559900137094352
0 0.527026469890888 0.9090444858257587 0.08391585716834435 0.0843517596905048
0 0.715954487140362 0.25852518815260667 0.023822197547325723 0.02384185791015625
0 0.5174974294809195 0.19320478806128868 0.05202762897198017 0.05206603270310622
0 0.31802977048433745 0.16863766083350548 0.05194324713486891 0.05212193268996019
0 0.4617730654202975 0.8099199441763071 0.04541103656475361 0.04538227961613582
0 0.3809556227463942 0.8083342038668119 0.07872229356032151 0.07876029381385216
0 0.11090271289532001 0.887388669527494 0.06989530416635367 0.07007364126352164
0 0.5712767380934495 0.23696090624882624 0.03345768268291767 0.03325774119450496
0 0.34922401721660906 0.9832012469951923 0.025461270258976862 0.025532942551832933
0 0.6061631716214694 0.7484226960402268 0.02017549368051382 0.02027717003455529
0 0.5309425500723032 0.6647560413067157 0.06754904526930589 0.06746262770432693
0 0.3043247919816237 0.053216406932243936 0.0500646371107835 0.05000192385453444
0 0.45910908625676083 0.6334193303034856 0.042494553786057696 0.042568353506234974
0 0.257627377143273 0.49597688821645886 0.03988849199735201 0.040405566875751205
0 0.8370210207425631 0.5239608471210186 0.02613551800067608 0.02626932584322416
0 0.5166039100060096 0.6297754141000601 0.06593161362868089 0.06531495314378005
0 0.4667890988863431 0.5536475548377404 0.05364784827599159 0.05329000032865084
0 0.7801928887000451 0.40977089221660906 0.017798203688401442 0.018073302048903245
0 0.050359524213350736 0.34245564387394833 0.06038805154653696 0.05981914813701923
0 0.960785645705003 0.5105574681208684 0.03960154606745793 0.03973953540508564
0 0.8707827054537259 0.9184165367713342 0.20674969599797174 0.16007071274977464
0 0.507624992957482 0.4218889749967135 0.031957112825833835 0.03198403578538161
0 0.8417643033541166 0.9693238185002253 0.02349677452674279 0.02362662095289964
0 0.4142304567190317 0.644623903127817 0.04239815932053786 0.04208168616661659
0 0.48801891620342547 0.5984320640563965 0.03814961360051082 0.03858236166147085
0 0.585022522852971 0.2640533814063439 0.02079178736760066 0.020614037146935098
0 0.7515725355881911 0.3140141780559833 0.10999415471003605 0.1119831525362455
0 0.11215765659625714 0.7132760561429538 0.017696380615234375 0.01787728529710036
0 0.561977899991549 0.17442947167616624 0.017305374145507812 0.017055254716139574
0 0.8125582474928635 0.7647725618802584 0.07188151432917668 0.07289666395920974
0 0.10846129747537467 0.22568132327153131 0.02189163061288687 0.02203787290132963
0 0.6068314772385818 0.766823255098783 0.01833490224984976 0.018271813025841348
0 0.6954854818490835 0.7382018749530499 0.032304030198317304 0.032073974609375
0 0.8161089970515325 0.5675890629108136 0.07254615196814904 0.07276601057786208
0 0.423610833974985 0.4735593062180739 0.02957938267634465 0.029799534724308893
0 0.062048957898066595 0.40148448944091797 0.05357975226182204 0.05337084256685697
0 0.8333944173959585 0.8154913095327524 0.061767578125 0.061515514667217545
0 0.7409047346848708 0.23197210752047026 0.035739898681640625 0.03568627284123348
0 0.10269371362832877 0.7616391548743615 0.04535093674292931 0.04519051771897536
0 0.060065232790433444 0.6715654960045447 0.016463609842153695 0.016232123741736777
0 0.16685748100280762 0.14682961427248442 0.0532841682434082 0.05461511245140663
0 0.6618457940908579 0.8342035733736478 0.17801989041841948 0.1839624551626352
0 0.8890920785757211 0.8616517873910757 0.07429064237154447 0.07526397705078125
0 0.14649587411146897 0.9898568666898288 0.018467793097862832 0.015441601092998799
0 0.05416660125438984 0.28191738862257737 0.04269823661217323 0.043459598834698014
0 0.6958043025090144 0.9310585168691782 0.04406532874474159 0.044187105618990384
0 0.7218202444223257 0.324278501363901 0.015948955829326924 0.015938465411846455
0 0.4749308732839731 0.21824158155001128 0.07929823948786809 0.07713747024536133
0 0.299743835742657 0.1180566824399508 0.08164919339693509 0.08071224506084736
0 0.3737632678105281 0.2357658973106971 0.030524473923903245 0.030274354494535007
0 0.49061723855825573 0.7709288963904748 0.033216036283052884 0.03271924532376803
0 0.6804271111121545 0.4720604236309345 0.020016890305739183 0.01988704387958233
0 0.237197050681481 0.12746825584998497 0.02238739453829252 0.022419856144831732
0 0.07849447543804462 0.7016825309166541 0.06309089293846717 0.06372510469876803
0 0.5546630712655874 0.8698847110454853 0.054590812096228965 0.054841848520132214
0 0.6587966038630559 0.5079526901245117 0.0415953122652494 0.04163830096905048
0 0.1989562878241906 0.5580200782189002 0.01631054511437049 0.016406132624699518
0 0.02994227409362793 0.9831080803504357 0.034389495849609375 0.03180019672100361
0 0.10381153913644645 0.809970708993765 0.07428446182837853 0.07403182983398438
0 0.6141168154202975 0.5094987429105319 0.027736076941856973 0.027461858896108773
0 0.9773953511164739 0.8357769159170297 0.013437124399038462 0.015625586876502402
0 0.7079668045043945 0.48058289747971755 0.025494208702674277 0.02573086665226863
0 0.20264951999370867 0.6863234593318059 0.036751893850473255 0.03644473736102764
0 0.5803057597233698 0.6678625987126277 0.030298966627854567 0.030159436739408053
0 0.2828739606417142 0.009453337926131029 0.021826817439152643 0.017639669088216927
0 0.3523341692410983 0.3003716468811035 0.033032784095177285 0.03332981696495643
0 0.08906385531792274 0.3063789514394907 0.035991521982046276 0.03600010505089393
0 0.39108136984018177 0.1582327622633714 0.019362229567307692 0.019354856931246243
0 0.6837472915649414 0.5396065345177283 0.027482986450195312 0.028083067673903245
0 0.43492988439706654 0.19365703142606294 0.02543332026554988 0.025122935955341045
0 0.21051238133357122 0.5832353738638071 0.016147540165827826 0.016111080463115986
0 0.061266312232384317 0.11624891941363995 0.039290428161621094 0.03922587174635667
0 0.7771552159236028 0.6090550055870643 0.028214087853064902 0.028200296255258415
0 0.08820596108069786 0.8429103264441857 0.06515998106736404 0.06640155498798077
0 0.8219736539400541 0.9308206118070163 0.01598211435171274 0.016026130089393027
0 0.8727233593280499 0.376253238091102 0.033805553729717545 0.0336912595308744
0 0.35800768778874326 0.2577462929945726 0.05473107558030348 0.05474780156062199
0 0.43283422176654524 0.5759717501126803 0.025752801161545973 0.026089008037860576
0 0.7979715787447416 0.7015948662391076 0.04996563838078426 0.050281524658203125
0 0.4745943362896259 0.7568616133469802 0.031732412484975964 0.03116607666015625
0 0.0497358303803664 0.446893178499662 0.02346873054137597 0.023028153639573317
0 0.6714029312133789 0.6333314455472506 0.03880750215970553 0.037651355449969955
0 0.1424333774126493 0.10226084635807918 0.07605521495525654 0.07401224741568932
0 0.2493290901184082 0.30437663885263294 0.02697577843299279 0.027103644150954027
0 0.4377460479736328 0.7739100823035607 0.015810012817382812 0.015919905442457933
0 0.35487725184513974 0.17399006623488206 0.03887939453125 0.038654180673452526
0 0.7603744360116812 0.6436284872201773 0.03505692115196815 0.0350042489858774
0 0.03228068810242873 0.4841004518362192 0.037104083941533014 0.06864423018235427
0 0.28072338837843674 0.5460224151611328 0.02989475543682392 0.029777160057654746
0 0.38097653022179234 0.982818970313439 0.032225535466120794 0.029628753662109375
0 0.7708970583402194 0.5324270541851337 0.015486790583683895 0.015706429114708535
0 0.3966660499572754 0.5995016831618089 0.030713888315054085 0.030739417442908652
0 0.297198460652278 0.7127172029935397 0.033477453085092396 0.03379146869365986
0 0.06188616844323965 0.028886836308699388 0.029907474151024453 0.0297848444718581
0 0.18515286078819862 0.3665610093336839 0.026301750769981973 0.026276881878192607
0 0.4525314110975999 0.37014909890981823 0.014946057246281551 0.01444244384765625
0 0.37055323674128604 0.6143963153545673 0.014967111440805288 0.014917080218975361
0 0.6109214929433969 0.296405187019935 0.05022269028883714 0.04996978319608248
0 0.1447065518452571 0.5555129784804124 0.026867224619938776 0.02718323927659255
0 0.4930686950683594 0.37585559258094203 0.02458528371957632 0.024555499737079326
0 0.5078564423781174 0.02019057136315566 0.015140680166391226 0.015275519627791185
0 0.9450999039870042 0.7215543893667368 0.027737837571364183 0.02824988731971154
0 0.6049179297227126 0.2236330325786884 0.015468964209923377 0.015526771545410156
0 0.1588884867154635 0.24141922363868126 0.044991337336026706 0.04524905865009014
0 0.9705470158503606 0.3488006958594689 0.031070415790264424 0.03427395453819862
0 0.05012228397222666 0.7303587106557993 0.06404600693629338 0.06296876760629508
0 0.43530764946570766 0.04624819297056932 0.016224787785456732 0.016187236859248236
0 0.4056847645686223 0.4948677649864784 0.03396826524000902 0.03336737706111027
0 0.7238979339599609 0.7701627291165866 0.01605048546424279 0.015982407789963942
0 0.38034483102651745 0.07609229821425217 0.015685301560621995 0.015684733024010293
0 0.5785826903123122 0.053946380431835465 0.027462152334359977 0.02687192880190336
0 0.6459341782789964 0.5820441979628342 0.031142308161808893 0.031051048865685098
0 0.20065624897296613 0.8779946840726413 0.12334497158343975 0.1332547114445613
0 0.35706186294555664 0.2519346017103929 0.06533542046180138 0.0659931623018705
0 0.835111691401555 0.030688288120123055 0.014812176044170674 0.014876613250145545
0 0.8373507719773513 0.8701321528508112 0.014864114614633413 0.014998362614558293
0 0.8367118101853591 0.9931316375732422 0.015534034142127404 0.012598771315354567
0 0.28854039999154896 0.21983729876004732 0.024771690368652344 0.024844242976262018
0 0.637072856609638 0.6350303063025842 0.015290773831881009 0.015062772310697116
0 0.9228675548846905 0.9050630422738882 0.033063448392427884 0.03253496610201322
0 0.09736305933732253 0.8265122633713943 0.09160775404710036 0.09274761493389423
0 0.6042257455679086 0.576998417194073 0.031021558321439303 0.03092340322641226
0 0.07619766547129704 0.18248963356018066 0.025992476023160495 0.02586955290574294
0 0.06059675033275898 0.6154475578894982 0.014543826763446514 0.014330387115478516
0 0.566296284015362 0.7403609936053936 0.06361638582669772 0.0639181870680589
0 0.23436443622295672 0.6748513441819411 0.02870640387901893 0.028422135573167067
0 0.20063161849975586 0.08935021437131442 0.03142217489389273 0.031546684411855846
0 0.9573246882512019 0.8155736189622146 0.035575573260967545 0.035048264723557696
0 0.3558646715604342 0.5475018574641302 0.04210985623873197 0.04207625755896935
0 0.6464100617628831 0.5075141466580905 0.018033981323242188 0.018038236177884616
0 0.9359575418325571 0.9885462247408353 0.037204742431640625 0.021066665649414062
0 0.6511091819176307 0.8576290424053485 0.014998362614558293 0.014981783353365384
0 0.022100670979573175 0.24292325973510742 0.02417308550614577 0.03374063051663912
0 0.8080560244046725 0.6750522026648889 0.01807374220628005 0.018062298114483174
0 0.11333406888521634 0.3572007692777194 0.014627346625694862 0.014635086059570312
0 0.5759424796471229 0.05314411108310406 0.019808402428260215 0.020878993547879733
0 0.6536314304058368 0.2591576943030724 0.05382523169884315 0.05352475092961238
0 0.6757207283606896 0.6101958201481745 0.03368216294508714 0.03298744788536659
0 0.49988654943612904 0.866473124577449 0.05978107452392578 0.059624011699969955
