0 0.45755760486309344 0.3956912480867826 0.2790181086613582 0.2763789983896109
0 0.3349805978628305 0.5594800068781927 0.21514410238999587 0.21184774545522836
0 0.1406675118666429 0.5668355868412898 0.05256927930391752 0.05260782975416917
0 0.5750192495492789 0.018794744060589716 0.05497961777907152 0.03600986416523273
0 0.9048187549297626 0.7169903241671048 0.0963758321908804 0.10371751051682693
0 0.7962474822998047 0.7793497672447791 0.2435889610877404 0.22921430147611177
0 0.14423014567448542 0.32995168979351336 0.05575213065514198 0.05525478949913612
0 0.4227746816781851 0.9583138685960036 0.05072153531588041 0.05051099337064303
0 0.3306879630455604 0.5651455659132737 0.056193296725933366 0.05594224196213942
0 0.6783887423001803 0.9791001539963943 0.04826501699594351 0.03566389817457933
0 0.0819024581175584 0.4294767746558556 0.03834990354684683 0.038331031799316406
0 0.34943764026348406 0.24746318963857797 0.031931363619290866 0.032242188086876504
0 0.39978577540471005 0.7112855177659255 0.11688540532038762 0.11693543654221755
0 0.2673156811640813 0.3165467335627629 0.03883178417499249 0.03865872896634615
0 0.4895257583031288 0.6026880190922663 0.0450594241802509 0.04494072840763973
0 0.20929494270911583 0.8678047473614032 0.06708269852858323 0.06679916381835938
0 0.6445580262404221 0.6671689840463492 0.034015508798452526 0.033895639272836536
0 0.30876702528733474 0.31398303692157453 0.03902873626122108 0.03908569996173565
0 0.2732879381913405 0.11168899902930626 0.026789775261512168 0.026643147835364707
0 0.10656211009392372 0.736411241384653 0.03941963269160344 0.03964512164776142
0 0.3563597018902118 0.7839594620924729 0.06316463763897236 0.0630176250751202
0 0.30705950810359073 0.045592583142794095 0.022067803602952223 0.022113112302926872
0 0.18441420335036057 0.09108922114739051 0.043088546166053183 0.04245207859919621
0 0.26877326231736404 0.6337010310246394 0.021171056307279147 0.021206048818734977
0 0.16408021633441633 0.401852717766395 0.03855691506312443 0.038614126352163464
0 0.2668408980736366 0.799643296461839 0.02788257598876953 0.027883382943960335
0 0.5371139966524564 0.6951734102689303 0.07044117267315204 0.07111094548152043
0 0.11949902314406174 0.46454752408541167 0.022447916177602913 0.022673680232121393
0 0.5864221866314228 0.6276554694542518 0.05308752793532152 0.05319624680739183
0 0.13807095014131987 0.702187024630033 0.05022646830632137 0.04919565640963041
0 0.19490559284503645 0.1931291360121507 0.029716675098125752 0.029740333557128906
0 0.25694735233600324 0.6583314308753381 0.03760117750901442 0.03742306049053486
0 0.9169964423546424 0.20829519858727089 0.020253108097956732 0.020421615013709433
0 0.601280689239502 0.28207555183997524 0.05124172797569862 0.05104497762826773
0 0.8744434943565955 0.04079741698044997 0.016775131225585938 0.01666922064927908
0 0.5609928277822641 0.8506393432617188 0.045795587392953724 0.046099295982947715
0 0.18500766387352577 0.9432741311880258 0.06923884611863357 0.06888639009915866
0 0.1582307632152851 0.6550464630126953 0.030263680678147536 0.029985574575570915
0 0.10090860953697792 0.2163996696472168 0.03016009697547326 0.030160023615910456
0 0.6181936997633714 0.685757196866549 0.03615889182457557 0.03649476858285757
0 0.6925889528714694 0.6070445867685171 0.05130621103140024 0.04995522132286659
0 0.35410558260404146 0.16832900047302246 0.03970659696138822 0.04032347752497746
0 0.5238613715538611 0.27343170459453875 0.03944103534405048 0.03890646420992338
0 0.7998060813316932 0.5744668520413913 0.021130928626427285 0.020894564115084134
0 0.3814231799199031 0.08493042909182034 0.02605783022367037 0.025969798748309795
0 0.21538378642155573 0.1735246364886944 0.02982675112210787 0.02988301790677584
0 0.6900879786564753 0.6717950380765475 0.028809474064753607 0.028734647310697116
0 0.12163121883685772 0.5059541922349197 0.03283893145047701 0.0327149904691256
0 0.3790099070622371 0.8345106565035306 0.0354466071495643 0.03535608144906851
0 0.1988683847280649 0.8055537297175481 0.0760341791006235 0.07538164578951322
0 0.5448774191049429 0.7417388329139123 0.040430509127103366 0.040737152099609375
0 0.5259179702171912 0.7661578838641827 0.017829234783466045 0.017676280095027044
0 0.19930659807645357 0.40288631732647234 0.029092935415414665 0.028963015629695013
0 0.1228175530066857 0.9164148477407602 0.029515596536489632 0.02933355478140024
0 0.5462043101970966 0.29122535999004656 0.02842866457425631 0.028750199538010817
0 0.8374599310067984 0.6760994837834284 0.03945174584021935 0.03932395348182091
0 0.7313559605525091 0.4085698494544396 0.023247938889723558 0.02333993178147536
0 0.36243853202232945 0.6652256158682016 0.0971362040593074 0.09627210176908053
0 0.3943867316612831 0.923042737520658 0.0189517094538762 0.019238692063551683
0 0.6016752536480243 0.7122918642484225 0.02593377920297476 0.026165008544921875
0 0.27978334060082066 0.564794503725492 0.0280758784367488 0.02823338141808143
0 0.7593124096210186 0.8790039649376502 0.021185948298527643 0.02128777137169471
0 0.7153767805833083 0.38922911423903245 0.032787469717172474 0.03255403958834135
0 0.5228526775653546 0.8612506573016827 0.0340269528902494 0.03377679678109976
0 0.09498033156761757 0.5710864067077637 0.03364695035494291 0.03346655919001652
0 0.3148628381582407 0.019617314522082988 0.020006161469679613 0.020047137370476358
0 0.29897532096275914 0.9841756087083083 0.03379198221059946 0.027123084435096152
0 0.4821441356952374 0.9713654151329627 0.06242443965031551 0.05377754798302284
0 0.6357774000901443 0.2725045864398663 0.02049416762131911 0.020232420701246995
0 0.12742867836585411 0.5253431613628681 0.03801386172954853 0.037136224599984974
0 0.06989083840296818 0.8795941426203802 0.02827734213608962 0.02855653029221755
0 0.2122975862943209 0.27516722679138184 0.015315569364107572 0.015371909508338341
0 0.14517848308269793 0.19646615248460036 0.018709329458383415 0.018900504479041465
0 0.6710488246037409 0.6002487035898062 0.019923870380108174 0.019934727595402643
0 0.55565672654372 0.8851221524752103 0.0519865476168119 0.05160375741811899
0 0.8330731025108924 0.6277944858257587 0.04274749755859375 0.04233829791729267
0 0.5002263876108023 0.556479233961839 0.030957588782677285 0.030681610107421875
0 0.17562651634216309 0.26364524547870344 0.03191819557776818 0.031041658841646634
0 0.31503703044011044 0.9619789123535156 0.02702492934006911 0.026870140662560098
0 0.09432326830350436 0.49886050591102016 0.01694466517521785 0.017085882333608773
0 0.12488216620225173 0.5995089457585261 0.02249294060927171 0.022767287034254808
0 0.0745318394440871 0.6704651025625376 0.05535600735591008 0.055864920982947715
0 0.6606998443603516 0.10285862592550424 0.016161698561448317 0.016048266337468073
0 0.6243406442495493 0.07214275690225455 0.06268061124361478 0.06321912545424241
0 0.1995392946096567 0.4419658367450421 0.03998873783991887 0.03988442054161659
0 0.41003087850717396 0.06464488689716046 0.02219728323129507 0.022069417513333835
0 0.8184731556819036 0.035621535319548384 0.019588470458984375 0.019321968922248252
0 0.3524189728956956 0.8789093311016376 0.03490425990178035 0.034662686861478366
0 0.6587049044095553 0.6321791135347806 0.04737443190354567 0.048039803138146035
0 0.6745260678804837 0.21232858070960411 0.017363621638371393 0.01756154573880709
0 0.9260008885310247 0.9435891371506911 0.018476339486929085 0.018564957838792067
0 0.504081652714656 0.227232602926401 0.02451163071852464 0.024785848764272835
0 0.6915767376239483 0.7451654580923227 0.05028255169208233 0.0501397939828726
0 0.11858552235823411 0.9647375987126277 0.01945345218365009 0.01929327157827524
0 0.6300976092998798 0.3991642731886644 0.021450336162860576 0.021637989924504206
0 0.4011103556706355 0.3581944245558519 0.018058189978966348 0.01772161630483774
0 0.4007188356839694 0.21544170379638672 0.027951460618239183 0.027797772334172174
0 0.21665430068969727 0.4195246329674354 0.024082477276141826 0.02410265115591196
0 0.5357364874619704 0.5296726960402268 0.02571876232440655 0.025627282949594352
0 0.5701907231257513 0.9617387331449069 0.09729297344501202 0.0704030257004958
0 0.8745876458974985 0.3380964719332181 0.015956585223858174 0.016057674701397236
0 0.2737266833965595 0.8858222227830154 0.018400192260742188 0.018543536846454326
0 0.6928693331204928 0.49737082994901216 0.023502643291766826 0.023617964524489183
0 0.25772876005906326 0.8244317861703726 0.016675949096679688 0.016833378718449518
0 0.06975099673637977 0.9683883373553936 0.04333180647629958 0.04366654616135817
0 0.11037795360271747 0.6742251469538763 0.017888435950646035 0.01775389451246995
0 0.14239595486567572 0.9465590990506686 0.02133009983943059 0.021554946899414062
0 0.2447530489701491 0.8382892608642578 0.01592529737032377 0.016132501455453727
0 0.06403041802919827 0.3049381696260892 0.03464961051940918 0.05153113145094652
0 0.5365217649019681 0.9229121574988732 0.04109544020432692 0.040458385760967545
0 0.31249416791475737 0.2725628706125113 0.027933414165790264 0.028069496154785156
0 0.20098422123835638 0.5498005060049204 0.021414830134465143 0.021743114177997295
0 0.4869450055635892 0.8810741717998798 0.032586317795973554 0.032505035400390625
0 0.31103376241830677 0.7536965883695163 0.05756180103008564 0.05948169414813702
0 0.1996628321134127 0.9829453688401443 0.052554937509390026 0.030667818509615384
0 0.3467826476463905 0.9055502964900091 0.023863498981182393 0.024300795335036058
0 0.5329804053673377 0.24167669736422026 0.03283339280348558 0.032817987295297474
0 0.9118011914766752 0.59829070017888 0.018685120802659255 0.018945840688852165
0 0.668093387897198 0.7760993517362155 0.031658172607421875 0.031800343440129206
0 0.7923031586867112 0.7743896337655874 0.041708872868464544 0.041131092951847956
0 0.9452915191650391 0.841154538668119 0.017278231107271634 0.018678811880258415
0 0.4182612712566669 0.3857069749098558 0.014859786400428185 0.014747032752403846
0 0.6452133472149189 0.3761904056255634 0.03145291255070613 0.03180841299203726
0 0.18789027287409857 0.7190404305091271 0.01704993614783654 0.017070476825420674
0 0.6982309634868915 0.15273501322819635 0.0154725588285006 0.015619314633882962
0 0.1352137693992028 0.06770918460992667 0.015163274911733774 0.015525230994591346
0 0.2862273362966684 0.41568675407996547 0.03953977731557993 0.03883978036733774
0 0.21148125941936785 0.29142141342163086 0.014353348658635067 0.014303647554837741
0 0.8596696853637695 0.9463999821589544 0.02615503164438101 0.02645697960486779
0 0.5840809528644269 0.6970587510329026 0.029623765211838942 0.029875828669621393
0 0.09487400605128361 0.3990157200739934 0.027452927369337816 0.027477264404296875
0 0.3187086765582745 0.9027332892784705 0.016953321603628304 0.017083388108473558
0 0.9202764951265775 0.297497767668504 0.015178680419921875 0.01510168955876277
0 0.6963809086726263 0.09174798085139348 0.014169546274038462 0.014207803286038913
0 0.593060200030987 0.786699808560885 0.027956742506760817 0.027799459604116585
0 0.46549532963679385 0.1738293170928955 0.10007740901066707 0.09877502001248874
0 0.21955644167386568 0.8922016437237079 0.02846358372614934 0.028821211594801683
0 0.23151027239285982 0.034716482345874496 0.030994341923640326 0.030545573968153734
0 0.18810050304119402 0.5129565825829139 0.04555661861713116 0.04544874338003305
0 0.6513555966890775 0.43163387592022234 0.021030132587139424 0.021042456993689902
0 0.24822583565345177 0.016012539084141072 0.015894669752854567 0.015521803727516761
0 0.9340724945068359 0.24348534070528471 0.014676314133864183 0.014496216407189002
0 0.1128769929592426 0.800688596872183 0.02741694450378418 0.028186944814828727
0 0.7796213443462665 0.9781473599947416 0.018798387967623197 0.01890740027794471
0 0.59808349609375 0.14993872092320368 0.0976549295278696 0.09790510397690994
0 0.32668528190025914 0.08478318727933444 0.01644273904653696 0.01668101090651292
0 0.12193637627821702 0.29717254638671875 0.02199714000408466 0.02181838108943059
0 0.05711949788607084 0.49947701967679536 0.01922783484825721 0.019177950345552884
0 0.6749895535982572 0.9523591995239258 0.039019071138822116 0.04048288785494291
0 0.8887086281409631 0.9097504248985877 0.017013989962064303 0.016970707820012018
0 0.35166454315185547 0.6157274979811448 0.016158470740685098 0.015879264244666465
0 0.3848555638239934 0.13837460371164176 0.01749273446890024 0.017187228569617637
0 0.824582026554988 0.7841950196486253 0.020852309006911058 0.021483788123497598
0 0.4097477839543269 0.7903793775118314 0.03557894780085637 0.03558056171123798
0 0.4594741968008188 0.6497696363008939 0.09667249826284555 0.0996552980863131
0 0.28701921609731823 0.15841161287747896 0.02234033437875601 0.02271241408128005
0 0.35635926173283505 0.014671176671981812 0.015886746920072116 0.015678291137401875
0 0.8580646514892578 0.8046502333420974 0.04052998469426082 0.04001705463115986
0 0.2251714559701773 0.03432616591453552 0.020311428950383112 0.021585138944479134
0 0.21284903012789214 0.9694386995755709 0.01429286369910607 0.01413257305438702
0 0.624844477726863 0.9653187531691331 0.05946130018967848 0.05922214801494892
0 0.8842375828669622 0.022473500325129583 0.03536723210261418 0.035355604611910306
0 0.44310445051926833 0.8204414661114032 0.04538565415602464 0.04587995089017428
0 0.569178581237793 0.6017440649179312 0.12573080796461839 0.13301966740534857
0 0.8993194286639874 0.8985051375169021 0.016346271221454326 0.01645484337439904
0 0.12064024118276742 0.6912783109224759 0.014252369220440205 0.014611610999474159
0 0.18203819715059721 0.6316465231088492 0.018126414372370794 0.01841002244215745
0 0.6910015986515925 0.9283894758958083 0.014812322763296274 0.014816577617938701
0 0.22022188626802885 0.6855869293212891 0.04316219916710487 0.041217803955078125
0 0.33849415412315953 0.8570822935837966 0.016824869009164665 0.017032770010141227
0 0.23740691405076247 0.2865318701817439 0.017557474283071663 0.017438925229586087
0 0.6143064498901367 0.1003276384793795 0.01440723125751202 0.01405954360961914
0 0.11217318131373478 0.6736995990459735 0.021132505857027493 0.021500807542067308
0 0.853558613703801 0.3325647941002479 0.013763721172626201 0.013877061697152944
0 0.45081277994009167 0.8970785140991211 0.03626324580265926 0.037064772385817304
0 0.7496637197641226 0.4791253163264348 0.020834849430964544 0.021087279686560996
0 0.6507854461669922 0.8069179241473858 0.04542849614070012 0.04542101346529447
0 0.3982971998361441 0.8750542860764724 0.03335930750920223 0.033598679762620196
0 0.12158027062049279 0.8423252105712891 0.026127961965707634 0.026356036846454326
0 0.624543336721567 0.8433158581073468 0.05268302330603966 0.0532379150390625
0 0.821066636305589 0.3660280521099384 0.1705446976881761 0.17227482795715332
0 0.09683832755455604 0.27163318487314075 0.030512442955603965 0.030897140502929688
0 0.7361508882962741 0.646296867957482 0.02039337158203125 0.020664215087890625
0 0.22651380759019119 0.10059283329890324 0.015299393580510067 0.015119625971867489
