0 0.554497975569505 0.016205134300085213 0.03791090158315805 0.031061401733985312
0 0.790112568781926 0.29653560198270357 0.024565916794996995 0.024669940655048076
0 0.6219021723820612 0.3378041707552396 0.048120902134821966 0.04792477534367488
0 0.2771269174722525 0.11569174436422494 0.049675244551438555 0.04916024208068848
0 0.6284737220177283 0.2336898033435528 0.04582082308255709 0.04572138419518104
0 0.6661635178786057 0.015122430828901438 0.03456673255333534 0.02856774742786701
0 0.41622169201190656 0.3548889526954064 0.025265033428485576 0.025045101459209736
0 0.46308759542611927 0.05765758110926701 0.025096012995793268 0.025035931513859674
0 0.619850598848783 0.11251655908731314 0.03219941946176382 0.03231362196115347
0 0.21415481200585 0.2948424999530499 0.020319461822509766 0.020322542924147386
0 0.776766850398137 0.41969581750723034 0.028922447791466348 0.029043931227463942
0 0.26823018147395206 0.7791020320012019 0.08023504110483023 0.0803985595703125
0 0.43771061530480015 0.20777071439302885 0.03274741539588341 0.03252190809983473
0 0.15988764396080604 0.11701066677386944 0.03435831803541917 0.03694827740009014
0 0.27688059440025914 0.30633814518268293 0.03304026677058293 0.03320917716393104
0 0.7951343242938702 0.059155051524822526 0.020990518423227165 0.02105883451608511
0 0.41675615310668945 0.08635612634512094 0.02581919156588041 0.02580739901616023
0 0.8073809697077825 0.27075947248018706 0.018781221829927884 0.018717178931603067
0 0.40962655727679914 0.7763262528639573 0.03526152097261869 0.0350347665640024
0 0.7961004697359525 0.7165225102351263 0.0282900883601262 0.027981097881610576
0 0.5793247589698205 0.3212304482093224 0.030519412114070013 0.030236005783081055
0 0.46140465369591344 0.4052201784574069 0.028609789334810697 0.028968077439528245
0 0.23413667312035194 0.4738331574660081 0.04057385371281551 0.04053695385272686
0 0.6345016772930439 0.43938317665686977 0.029109954833984375 0.02906175760122446
0 0.38825416564941406 0.4313790981586163 0.0450895749605619 0.044706491323617786
0 0.15906711725088266 0.7739100823035607 0.025337521846477803 0.030434535099909857
0 0.5574759703416091 0.24623210613544172 0.026165008544921875 0.026478914114145134
0 0.7726268768310547 0.5009277783907377 0.018402539766751803 0.018417945274939902
0 0.3903830968416654 0.4656689717219426 0.03045999086820162 0.030530195969801683
0 0.7151087247408353 0.14951150233928973 0.017305814302884616 0.01717211649968074
0 0.5557258679316595 0.4577771700345553 0.0245663569523738 0.024724373450646035
0 0.4033200557415302 0.9214609586275541 0.05606541266808143 0.05578965407151442
0 0.7580501849834735 0.04982017553769625 0.019207000732421875 0.019424988673283503
0 0.6718706717857947 0.29483498059786284 0.01716467050405649 0.017071283780611478
0 0.8247890472412109 0.26797643074622524 0.017115079439603366 0.017248777242807243
0 0.38206159151517427 0.3284865159254808 0.01962867149939904 0.019340148338904746
0 0.6439693157489483 0.3662729263305664 0.021335895244891826 0.020995140075683594
0 0.4361099096444937 0.4849214187035194 0.036772654606745794 0.03713629795954777
0 0.21566035197331354 0.8410761172954853 0.03477257948655348 0.03463290287898137
0 0.816353284395658 0.9727946794950045 0.018483968881460335 0.01878532996544471
0 0.22633084884056678 0.03638183153592623 0.02019673127394456 0.020397433867821328
0 0.6559239901029147 0.3268718352684608 0.01677674513596755 0.016930139981783353
0 0.5466472919170673 0.6531787285437951 0.025803052462064303 0.026104560265174277
0 0.45023500002347505 0.2731478397662823 0.029229237483097956 0.02901748510507437
0 0.24788792316730207 0.433044800391564 0.01676482420701247 0.01689324012169471
0 0.47082992700430065 0.921691160935622 0.040762094350961536 0.04075153057391827
0 0.3742515123807467 0.12291159996619591 0.02706146240234375 0.027240276336669922
0 0.4110577656672551 0.1306448532984807 0.027054346524752103 0.026794616992657002
0 0.21162845538212702 0.2584860691657433 0.016329875359168418 0.01628908744225135
0 0.6702022552490234 0.2343018238361065 0.03568678635817308 0.03516530990600586
0 0.5959099256075345 0.01772476388857915 0.018545004037710335 0.018593618502983682
0 0.24151912102332482 0.7346173799954928 0.05473643082838792 0.054404918964092545
0 0.4158543073214017 0.3939102246211125 0.06277047670804538 0.06213709024282602
0 0.8379318530742939 0.30597976537851185 0.0160061762883113 0.01612245119535006
0 0.8345782940204327 0.09753007155198318 0.016267042893629808 0.016210262592022236
0 0.768002436711238 0.7158418802114633 0.027647898747370794 0.02735724815955529
0 0.511560476743258 0.20729983769930327 0.026672950157752402 0.026555648216834433
0 0.6031450858482947 0.38223926837627703 0.018808951744666465 0.018882604745718148
0 0.5111673061664288 0.14471684052393988 0.01829866262582632 0.018272601641141452
0 0.26133064123300404 0.6485314735999475 0.035671234130859375 0.035999444814828724
0 0.39678192138671875 0.07507535127493051 0.01805261465219351 0.01801952948937049
0 0.8489969693697416 0.27977906740628755 0.011991794292743389 0.019222406240609977
0 0.16751502110407904 0.6790624765249399 0.035763364571791426 0.036575610821063705
0 0.5793033012977014 0.28059994257413423 0.01833930382361779 0.01852244597214919
0 0.30956260974590594 0.008731216192245483 0.02515732325040377 0.016692005670987643
0 0.31196025701669544 0.07925568177149846 0.03512705289400541 0.03457790154677171
0 0.40272844754732573 0.7145588214580829 0.022725325364332933 0.022847102238581732
0 0.28257131576538086 0.19016139323894793 0.031921790196345404 0.03219046959510216
0 0.25191307067871094 0.03735458850860596 0.017060206486628607 0.016891873799837552
0 0.5102302477909968 0.019587509907208957 0.017627495985764723 0.0176200820849492
0 0.6700407174917368 0.6634811254648062 0.0239712641789363 0.02379754873422476
0 0.704133914067195 0.1319303145775428 0.015234727125901442 0.015039003812349759
0 0.42364832071157604 0.830782963679387 0.034164135272686295 0.03356493436373197
0 0.4255361557006836 0.009270286903931545 0.017681415264423076 0.016128667272054233
0 0.6695987994854267 0.31305166391225964 0.01541431133563702 0.015385847825270433
0 0.16054793504568246 0.3889004633976863 0.036530678088848405 0.044507540189302884
0 0.720189828139085 0.5005102891188401 0.017806419959435098 0.01763285123384916
0 0.5627983533419095 0.1022802132826585 0.015871708209698018 0.01597485175499549
0 0.7372722625732422 0.36545955217801607 0.015811626727764424 0.015584505521334134
0 0.7951063009408804 0.2568360842191256 0.01463024432842548 0.014627493344820462
0 0.1505731986119197 0.4115740702702449 0.015242283160869893 0.016580655024601862
0 0.2637572471912091 0.7006777249849759 0.04453006157508263 0.045234386737530045
0 0.5725909013014573 0.18766201459444487 0.015346453740046574 0.015575042137732873
0 0.2589846390944261 0.49850075061504656 0.02593649350679838 0.026445828951322116
0 0.6516700157752404 0.44801594660832333 0.014274890606219951 0.014051584097055288
0 0.31011460377619815 0.8094590994027945 0.03220059321476863 0.031656705416165866
0 0.32195157271165115 0.40641425206111026 0.019224166870117188 0.019080969003530648
0 0.3740381094125601 0.6127850459172175 0.015625660236065205 0.015441160935621995
0 0.19924365557157075 0.631039546086238 0.03444253481351412 0.03430472887479342
0 0.3472581643324632 0.019705439989383403 0.018832060006948616 0.018560258241800163
0 0.17680998948904184 0.6524757238534781 0.020067471724290114 0.020239756657527044
0 0.23451541020320013 0.5124704654400165 0.021626362433800332 0.021869806142953727
0 0.25293542788578915 0.6717158831082858 0.03565762593195988 0.035322922926682696
0 0.2559832059420072 0.7294423029972956 0.08604922661414513 0.08600763174203727
0 0.22617395107562727 0.8144997083223783 0.020546693068284255 0.020871089054987982
0 0.23038433148310736 0.7016092447134165 0.019980797400841348 0.02034906240609976
0 0.3829804933988131 0.8342545582697942 0.016501133258526143 0.016438997708834134
0 0.4511917187617375 0.08737312830411471 0.02882986802321214 0.028746898357684795
0 0.7836286104642428 0.37455045259915865 0.01526333735539363 0.015572914710411659
0 0.6344592021061823 0.06364276775946984 0.02075327359713041 0.020785936942467324
0 0.41056368901179385 0.17904120225172776 0.043793898362379804 0.04451942443847656
0 0.3625094707195575 0.16393291033231294 0.019307870131272536 0.019183965829702523
0 0.22881192427415115 0.09257208384000339 0.026856715862567607 0.02650286601139949
0 0.7411676553579477 0.3910334293658917 0.022929851825420674 0.022790982173039362
0 0.6767080013568585 0.0966643920311561 0.0167697026179387 0.017063617706298828
0 0.4485289500309871 0.6285318961510291 0.019850804255558893 0.019739444439227764
0 0.299774536719689 0.3834976783165565 0.023776714618389424 0.023439847506009616
0 0.2634243598351112 0.4243889588576097 0.016127806443434495 0.0160982425396259
0 0.21432986626258263 0.03157852246211125 0.013811331528883714 0.014028164056631235
0 0.2979719272026649 0.36269895847027117 0.02369517546433669 0.02345415262075571
0 0.7903095392080454 0.32971800290621245 0.014487926776592549 0.014761851384089543
0 0.20964483114389273 0.6911250627957858 0.02944352076603816 0.030068030724158652
0 0.25981833384587216 0.6551479926476111 0.04235916871290941 0.0435943603515625
0 0.32750742252056414 0.25982728371253383 0.014713507432204027 0.014861106872558594
