0 0.3487869409414438 0.5182948479285607 0.0423283943763146 0.04232333256648137
0 0.651278569148137 0.1738738463475154 0.043202767005333535 0.043462203099177435
0 0.6168456444373498 0.931780741764949 0.034375667572021484 0.034530346210186295
0 0.543667353116549 0.4607885434077336 0.03808036217322716 0.03763499626746544
0 0.38581411655132586 0.7776379218468299 0.027225347665640023 0.027773343599759616
0 0.5370763631967398 0.5944519776564378 0.03385235713078426 0.033928210918719955
0 0.5664105415344238 0.916719363285945 0.028635318462665264 0.028624461247370794
0 0.42522327716533953 0.8995246887207031 0.028765018169696514 0.028796269343449518
0 0.3634715447059044 0.3237638840308556 0.030683517456054688 0.030692614041841947
0 0.39671215644249547 0.12713271837968093 0.026174251849834736 0.026402840247521035
0 0.5433984903188852 0.6359816331129807 0.0273287846491887 0.027101956881009616
0 0.3728380570044884 0.37919946817251354 0.025052657494178183 0.024944598858173076
0 0.41138659990750825 0.16042709350585938 0.026425728431114785 0.026407544429485615
0 0.6751519716702975 0.26569894643930286 0.029026031494140625 0.02892332810621995
0 0.444974239055927 0.42460016103891224 0.02473310323861929 0.02522109105036809
0 0.5109695287851187 0.4837809342604417 0.0266573979304387 0.02655953627366286
0 0.5918374061584473 0.7235306959885818 0.02229609856238732 0.022181290846604567
0 0.47770206744854266 0.9917039137620193 0.021360397338867188 0.01637444129356971
0 0.4410814138559195 0.6607943314772385 0.021484815157376803 0.021510197566105768
0 0.5494854266826923 0.2162002416757437 0.023398619431715745 0.023471832275390625
0 0.5286344748276931 0.8966806851900541 0.020424769474909857 0.020775721623347357
0 0.5239191055297852 0.012168564475499667 0.029432223393366888 0.022665970600568332
0 0.39311984869150013 0.1497849592795739 0.020273795494666465 0.02046858347379244
0 0.31128223125751203 0.7243760915902945 0.021312786982609674 0.02135893014761118
0 0.36153587928185094 0.2817936677199144 0.016971881573016826 0.01699528327355018
0 0.4251540990976187 0.966540263249324 0.023112076979417067 0.023205683781550482
0 0.5551492250882663 0.74475831251878 0.017778543325570915 0.017870389498197116
0 0.4107831074641301 0.32125186920166016 0.017699755155123197 0.018021510197566107
0 0.5524755624624399 0.8289062059842623 0.021558541517991286 0.021692569439227764
0 0.3656512407156137 0.4904981026282677 0.022968292236328125 0.02317223182091346
0 0.42113802983210635 0.11009711485642654 0.0188448979304387 0.01889148125281701
0 0.44111002408541167 0.6289653778076172 0.01819192446195162 0.018261249248798076
0 0.686885246863732 0.8289270401000977 0.01966094970703125 0.019734602708082933
0 0.5721304966853216 0.8188331310565655 0.018622911893404447 0.018579923189603366
0 0.37746678865872896 0.9191787426288311 0.018389775202824518 0.018294701209435098
0 0.49460264352651745 0.8583745222825271 0.017315497765174277 0.017273536095252402
0 0.3640906260563777 0.9089070100050706 0.01651316422682542 0.01653157747708834
0 0.4160425846393292 0.5967670587392954 0.01772301013653095 0.01779908400315505
0 0.33841206477238583 0.7627186408409705 0.024439885066105768 0.024308131291316107
0 0.44190810276911807 0.9517666009756235 0.021569031935471755 0.02180319565993089
0 0.46608836834247297 0.7248473534217248 0.016647779024564303 0.016713655911959134
0 0.34941783318152797 0.5703485929048978 0.0209502440232497 0.020829127385066107
0 0.5830571101262019 0.9716865832989032 0.016698397122896634 0.016529670128455527
0 0.5462948358975924 0.8805820024930514 0.01664117666391226 0.016779532799353965
0 0.679747801560622 0.18692995951725885 0.0166476323054387 0.016548523536095254
0 0.3642762257502629 0.3943163798405574 0.015494860135591947 0.015663733849158652
0 0.32102284064659703 0.8023278163029597 0.024429761446439303 0.02443078848031851
0 0.5044664236215445 0.4108849305372972 0.017086909367487982 0.017024847177358773
0 0.535789416386531 0.3305361821101262 0.016263961791992188 0.016312232384314902
0 0.426784295302171 0.30299898294302136 0.018230438232421875 0.01816705557016226
0 0.3675206991342398 0.6862032230083759 0.015038416935847355 0.015160633967472957
0 0.31364070452176607 0.25688501504751354 0.015708189744215745 0.015877576974722054
0 0.6084538973294772 0.5848219944880559 0.015778321486253005 0.015463462242713341
0 0.5017334131094126 0.09810930031996506 0.015889828021709736 0.01595460451566256
0 0.6608657103318435 0.620094372675969 0.015609301053560697 0.015589640690730168
0 0.432185906630296 0.3414162855881911 0.01488802983210637 0.015014061560997596
0 0.31699690451988805 0.27251261931199294 0.015477473919208232 0.015617700723501353
0 0.6756450946514423 0.6302548922025241 0.015597123366135817 0.015786391038161058
0 0.3817636783306415 0.7138808323786809 0.02238156245304988 0.022460057185246393
0 0.471096185537485 0.6996043278620794 0.016327051016000602 0.016211289625901442
0 0.36016156123234677 0.1390544084402231 0.01657691368689904 0.016848270709698018
0 0.32411747712355393 0.925066874577449 0.015005405132587139 0.015092849731445312
0 0.6120485892662635 0.2528998301579402 0.017154840322641227 0.01713217221773588
0 0.5331562849191519 0.6978417176466721 0.016870938814603366 0.016842768742487982
0 0.6006613511305589 0.9763391934908353 0.016360943134014424 0.016327637892503005
0 0.2974528899559608 0.9157233605018029 0.01567561809833233 0.016057821420522835
0 0.6499253052931565 0.3115420341491699 0.01976614732008714 0.01928116725041316
0 0.5178946715134841 0.5072720601008489 0.015573208148662861 0.015248445364145132
0 0.4848903509286734 0.010284902957769541 0.021103492149939902 0.018411310819479134
0 0.5797029275160569 0.009461818979336666 0.0227664067195012 0.017835869238926813
0 0.4411745805006761 0.786957153907189 0.015229445237379808 0.01495053217961238
0 0.4745969038743239 0.9531789192786584 0.014611904437725361 0.014669858492337741
0 0.5861023389376127 0.9088692298302283 0.015772892878605768 0.016393514779897835
0 0.5054044723510742 0.3541231888991136 0.014723777770996094 0.014573904184194712
0 0.6966572541456956 0.3927618907048152 0.015621038583608774 0.015887920673076924
0 0.346376712505634 0.14919548768263596 0.01687446007361779 0.016900319319504958
0 0.6922404949481671 0.23167901772719163 0.014950385460486779 0.015259412618783804
0 0.6294313577505258 0.47189030280480015 0.0156857417179988 0.015563377967247596
0 0.49555378693800706 0.9628489567683294 0.014402976402869591 0.014272249661959134
0 0.38987211080697864 0.7360842778132513 0.017410425039438102 0.01777502206655649
0 0.4413630778972919 0.7063011756310096 0.015871268052321214 0.016185760498046875
0 0.4885405026949369 0.48413779185368466 0.018307905930739183 0.018549625690166768
0 0.3912678498488206 0.36562031965989333 0.014763465294471154 0.014471934391902043
0 0.4853922403775729 0.22873823459331805 0.01672473320594201 0.016657902644230768
0 0.3599140460674579 0.11760804286369911 0.015127622164212741 0.015334569490872897
0 0.6498443163358248 0.27487866695110613 0.017948444073016826 0.01811500696035532
0 0.5741026951716497 0.3967991608839769 0.014680422269381009 0.014686291034405049
0 0.7020912904005784 0.9438441349909856 0.014778577364408053 0.01525570796086238
0 0.6936896397517278 0.33354913271390474 0.018137565025916465 0.01808929443359375
0 0.48678027666532075 0.4277549890371469 0.015019710247333232 0.01505264869103065
0 0.47712157322810245 0.11446241232065055 0.014411045954777645 0.01422289701608511
0 0.6524328085092398 0.9712118735680213 0.01782358609713041 0.01752295860877404
0 0.58103058888362 0.23774062670194185 0.014295504643366886 0.014311973865215596
0 0.3194563939021184 0.0395196767953726 0.014333871694711538 0.014171086824857272
0 0.6487475175123948 0.255230371768658 0.02013221153846154 0.020545299236591045
0 0.5400262979360727 0.6601483271672175 0.014605302077073317 0.014577572162334736
0 0.518209824195275 0.3444016163165753 0.01811680426964393 0.017952845646784857
0 0.4315337034372183 0.8324359013484075 0.013785435603215145 0.013373154860276442
0 0.4031033149132362 0.8682308197021484 0.015015235314002404 0.015427222618689904
