0 0.7157173890333909 0.8039773060725286 0.019287842970628005 0.01943382850060096
0 0.22696423530578613 0.5256788547222431 0.020336151123046875 0.02042227524977464
0 0.1989454856285682 0.8390695865337665 0.03626331916222206 0.036907049325796276
0 0.3242203639103816 0.6901038976816031 0.021000128525954027 0.021308312049278848
0 0.45028239030104417 0.8546441885141226 0.031725516686072715 0.0314939939058744
0 0.2086151013007531 0.9853956515972431 0.02829577372624324 0.02633828383225661
0 0.19765235827519342 0.7097782721886268 0.01988708055936373 0.020033616286057692
0 0.3708906907301683 0.7434888986440805 0.03238230485182542 0.03228055513822115
0 0.25091959879948544 0.9386244553786057 0.024294046255258415 0.02424460190993089
0 0.4981370705824632 0.5582678868220403 0.08706180865948017 0.08661314157339242
0 0.5032744774451623 0.9534116891714243 0.02225010211651142 0.021695357102614183
0 0.3237325594975398 0.5683737901540903 0.03792212559626652 0.037854634798490085
0 0.3761454728933481 0.7192079103910006 0.020235648522010215 0.020089076115534857
0 0.8145420367901142 0.771838114811824 0.02819677499624399 0.027819706843449518
0 0.39665948427640474 0.8985499602097732 0.033722950862004206 0.03376051095815805
0 0.30979332557091344 0.7209203426654522 0.02350000234750601 0.023298116830679085
0 0.3821610670823317 0.686091423034668 0.023220062255859375 0.02324984623835637
0 0.28200573187607986 0.6772217383751502 0.016478758591871995 0.016614620502178486
0 0.711215459383451 0.022651099241696872 0.02018869840181791 0.02009751246525691
0 0.4473438262939453 0.9585150938767654 0.03385323744553786 0.03365898132324219
0 0.18617600661057693 0.534123604114239 0.024429981525127705 0.024472823509803183
0 0.3363392169658954 0.46823611626258266 0.016863456139197715 0.016631493201622598
0 0.2155277545635517 0.6982658092792218 0.020719198080209587 0.020807999830979567
0 0.4081528370197003 0.6465652172382061 0.020125829256497897 0.02003625723031851
0 0.14330841944767878 0.049892544746398926 0.01775514162503756 0.025875547757515542
0 0.24086660605210525 0.5494509843679575 0.036072144141564004 0.036119314340444714
0 0.30539697867173415 0.10171750875619742 0.06259386356060322 0.06183946591157179
0 0.269986629486084 0.5140967002281775 0.021065711975097656 0.020945328932542067
0 0.167877564063439 0.7598032584557166 0.019517201643723708 0.01968515836275541
0 0.3510172917292668 0.8438349503737229 0.02098817091721755 0.021016047551081732
0 0.17716000630305365 0.12686767944922814 0.039399220393254206 0.03939661612877479
0 0.5538571431086614 0.18952002892127404 0.017829014704777643 0.017571155841533955
0 0.6621216994065505 0.9173113015981821 0.034385387714092545 0.03432904756986178
0 0.4564396051260141 0.7468409905066857 0.018442740807166465 0.018376570481520433
0 0.1858695103571965 0.8620537977952224 0.030921422518216647 0.030429840087890625
0 0.16947456506582406 0.5726743111243615 0.028120774489182692 0.027625890878530648
0 0.8423824310302734 0.8927739216731145 0.017277644230769232 0.01717215317946214
0 0.17383821193988508 0.3633438990666316 0.07720691424149734 0.1362153383401724
0 0.5327092684232272 0.014760333758134108 0.016104478102463942 0.01602050891289344
0 0.29364182398869443 0.4910094921405499 0.03077103541447566 0.030445098876953125
0 0.3237129724942721 0.7962000186626728 0.034210571875939004 0.03436572735126202
0 0.20450779107900766 0.571950729076679 0.01610719240628756 0.01617739750788762
0 0.20835505999051607 0.480035268343412 0.02128425011268029 0.021095129159780648
0 0.30847351367657 0.9846326387845553 0.017249694237342246 0.017350123478816107
0 0.19206577080946702 0.47375099475567156 0.054613736959604114 0.05466263110821064
0 0.33121020977313703 0.8496379118699294 0.02037525177001953 0.020116219153771035
0 0.16059662745549128 0.6027053319490873 0.018306218660794772 0.018283843994140625
0 0.3029172603900616 0.7648867093599759 0.037145761343149036 0.03707386897160457
0 0.768267558171199 0.9749201261080228 0.0659637451171875 0.048023223876953125
0 0.8343929877647986 0.7442960005540115 0.024599808913010817 0.024663485013521634
0 0.6528551395122821 0.8304339188795823 0.04803055983323317 0.04824154193584736
0 0.695529791025015 0.9094388668353741 0.04431445782001202 0.04467934828538161
0 0.29921289590688854 0.6120087183438815 0.015818962684044473 0.01585278144249549
0 0.4969615202683669 0.7400239797738882 0.021457085242638223 0.021397517277644232
0 0.749916883615347 0.8977369161752554 0.014089290912334736 0.014049823467548076
0 0.4573797079233023 0.9853957249568059 0.030335352971003607 0.025328709528996393
0 0.3222102385300856 0.6070357469411997 0.018386253943810098 0.01849211179293119
0 0.8546562194824219 0.5025261365450345 0.011682657095102163 0.015381299532376803
0 0.2944328968341534 0.9840354185837966 0.015640698946439303 0.016088192279522236
0 0.1454543608885545 0.22882611934955305 0.018619372294499323 0.023095974555382363
0 0.1648693451514611 0.3010881680708665 0.01460581559401292 0.014755065624530498
0 0.40498722516573393 0.7947474259596604 0.028252821702223558 0.028079106257512018
0 0.3936427923349234 0.7029979412372296 0.026535621056189902 0.026719166682316706
0 0.16296056600717398 0.5920874522282527 0.019239095541147087 0.019513643704927884
0 0.1569052292750432 0.6443428626427283 0.014583514286921574 0.014348543607271634
0 0.26793918242821324 0.8911107870248648 0.025870469900277946 0.025839878962590143
0 0.1578093675466684 0.9148384974553034 0.0367050262597891 0.04532065758338341
0 0.187091222176185 0.8150709592379056 0.015979876885047324 0.016172262338491585
0 0.5418358949514536 0.876613030066857 0.03035574692946214 0.030653880192683294
0 0.7590434001042292 0.8021780160757211 0.020598631638746995 0.020548600416917067
0 0.6567253699669471 0.8303949649517353 0.04028819157527043 0.039992259098933294
0 0.2554768782395583 0.18207010856041542 0.04485724522517277 0.04471133305476262
0 0.42502447275015026 0.7282752990722656 0.018507884098933294 0.018230438232421875
0 0.8277260706974909 0.9770675072303185 0.018275921161358174 0.018194932204026442
0 0.5137435472928561 0.9070064838115985 0.015409176166240986 0.015471971951998197
0 0.5908204592191256 0.8498656933124249 0.01920905480018029 0.019127772404597357
0 0.37752349560077375 0.8411756662222055 0.01820799020620493 0.018040583683894232
0 0.79052367577186 0.7721129197340745 0.01858344444861779 0.018395643967848558
0 0.41474566092857945 0.832100354708158 0.015934283916766826 0.016039628248948317
0 0.8302025428185096 0.9341546572171725 0.019589937650240384 0.019408446091871995
0 0.22722526697012094 0.5629906287560096 0.014918657449575571 0.015216680673452524
0 0.8026551466721755 0.03358975282082191 0.04966530433067909 0.049996055089510404
0 0.7081973736102765 0.4794195248530461 0.033472648033728965 0.03300769512469952
0 0.2222294257237361 0.31450990530160755 0.046432091639592096 0.046007321431086615
0 0.21116084318894607 0.46627286764291614 0.014036985544057993 0.014481617854191707
