0 0.7797057812030499 0.6405938955453726 0.12399057241586539 0.12595488474919245
0 0.20570212144118089 0.31385403413038987 0.0488428702721229 0.04892231867863582
0 0.4440564008859488 0.3890219835134653 0.04385728102463942 0.043878922095665567
0 0.11648333989656888 0.22400837678175706 0.033368477454552285 0.03357359079214243
0 0.9035698817326472 0.20579983637883112 0.050565866323617786 0.051206735464242786
0 0.6316946469820462 0.07757313434894268 0.02902089632474459 0.029158413410186768
0 0.8945504702054538 0.3587534244243915 0.028374305138221152 0.028319432185246393
0 0.9047220670259916 0.9481386037973257 0.04907842782827524 0.049415881817157455
0 0.06442318054345939 0.5991146381084735 0.04022678045126108 0.04040336608886719
0 0.20737710365882286 0.4208049774169922 0.02315095754770132 0.023407569298377402
0 0.634056384746845 0.27394617520845854 0.0287167475773738 0.0288998530461238
0 0.011788775141422566 0.08523436693044809 0.0234893812583043 0.03406422413312472
0 0.6235875349778396 0.18802639154287484 0.03223991394042969 0.03257289299598107
0 0.9565079028789814 0.6850526516254132 0.025958134577824518 0.025914118840144232
0 0.07998165717491737 0.17620257230905387 0.01996601544893705 0.02013089106633113
0 0.2108770517202524 0.7554209782527044 0.02060989233163687 0.020479935866135817
0 0.8851845081035907 0.1443517391498272 0.028946509728064902 0.02913361329298753
0 0.1655574211707482 0.08901490614964412 0.019511296198918268 0.019417762756347656
0 0.419579946077787 0.23914219782902643 0.025145897498497598 0.025266500619741585
0 0.013122943731454702 0.15190781079805815 0.01821112632751465 0.018090248107910156
0 0.974211912888747 0.7604835216815655 0.04043872539813702 0.04021527216984676
0 0.12709689140319824 0.6878211681659405 0.03382581930894118 0.03343288715069111
0 0.6560978522667518 0.8375128232515775 0.024173149695763223 0.02442624018742488
0 0.22596858097956732 0.8725436283991888 0.018654529864971455 0.01873045701246995
0 0.8343538137582632 0.46326464873093826 0.0199435307429387 0.020099933330829326
0 0.9400227620051458 0.7307607210599459 0.029047305767352764 0.029057429387019232
0 0.012864037201954769 0.3996406701894907 0.022062260370988112 0.02204616253192608
0 0.2005007817195012 0.6911447965181791 0.019925924447866585 0.020041245680588942
0 0.23286368296696588 0.8033764912531927 0.027453055748572715 0.02760491004356971
0 0.3519593752347506 0.7893330500676081 0.01976438669057993 0.019824394812950723
0 0.9162480280949519 0.4177199877225436 0.030456689687875602 0.030698849604679987
0 0.9515357384314904 0.4283775549668532 0.029147808368389424 0.029187642610990085
0 0.8428702721228967 0.32275001819317156 0.016767061673677884 0.016896467942457933
0 0.026520316417400654 0.381628550015963 0.02029273143181434 0.020366595341609076
0 0.13076779475578895 0.5768883778498723 0.019535945012019232 0.019431187556340143
0 0.0737150815817026 0.45797091263991135 0.01653465857872596 0.016540087186373197
0 0.4940653580885667 0.0406531416452848 0.04541015625 0.045858374008765586
0 0.6159981214083158 0.4318850223834698 0.019022134634164665 0.01929950714111328
0 0.05542278289794922 0.18969286405123198 0.026214727988609902 0.026230298555814303
0 0.6416684664212741 0.4549385951115535 0.0167083740234375 0.016390433678260215
0 0.28411098626943737 0.3113393783569336 0.023521863497220553 0.023606502092801608
0 0.6837034959059495 0.30992713341346156 0.020272181584284857 0.02043599348801833
0 0.7545578296367939 0.0918648151250986 0.018121866079477165 0.01834273338317871
0 0.49498950518094575 0.05556365159841684 0.018102279076209433 0.018225651520949144
0 0.3092816059405987 0.469418635735145 0.01685487307035006 0.016789069542518027
0 0.6869740119347205 0.2941867388211764 0.01625853318434495 0.016297230353722207
0 0.580661260164701 0.10497117042541504 0.023926294766939603 0.023811853848970853
0 0.41032673762394833 0.7146379764263446 0.028237636272723857 0.028580152071439303
0 0.8914075998159555 0.25360312828650844 0.016321328970102165 0.016282081604003906
0 0.08793890476226807 0.7904300689697266 0.01834707993727464 0.018559822669396035
0 0.28780544721163237 0.3385481834411621 0.019971370697021484 0.02015524644118089
0 0.309749016394982 0.23584563915546125 0.018562977130596455 0.018421759972205527
0 0.36347143466656023 0.14970506154573882 0.01582475808950571 0.01598365490253155
0 0.5438797290508564 0.44077271681565505 0.020310035118689902 0.02021026611328125
0 0.16466547892643854 0.02963930368423462 0.05513124282543476 0.0539936194053063
0 0.6704453688401443 0.08376484650831956 0.016158470740685098 0.01600614419350257
0 0.7052964430588943 0.22077380693875825 0.016263521634615384 0.016503040607158955
0 0.2984777780679556 0.8727245330810547 0.022978525895338792 0.023053682767427884
0 0.5690819666935847 0.13376102080711952 0.019338314349834736 0.019540933462289665
0 0.932769775390625 0.14728120657113883 0.01700768103966346 0.017222844637357272
0 0.4251597477839543 0.3468462870671199 0.02084981478177584 0.02048037602351262
0 0.09804992492382343 0.6488370161790115 0.018913819239689753 0.019062922551081732
0 0.6034246591421274 0.6734290489783654 0.032031866220327526 0.03191933265099159
0 0.14737294270442083 0.09283891090979943 0.022741134350116435 0.023206123938927285
0 0.8889097067025992 0.6961573820847732 0.015892909123347357 0.016009404109074518
0 0.7087850570678711 0.31051775125356823 0.019461998572716348 0.01951775184044471
0 0.668854493361253 0.6053454325749323 0.02195123525766226 0.021953582763671875
0 0.5515981820913461 0.779973396888146 0.01587222172663762 0.01586737999549279
0 0.6738213759202224 0.9908968852116511 0.016363877516526442 0.014428945688100962
0 0.7353019714355469 0.5009327668410081 0.015610621525691105 0.015506891103891226
0 0.6339646119337815 0.3918674909151517 0.015738707322340745 0.015488697932316707
0 0.6836846424983098 0.27705808786245495 0.019963631263146035 0.020031232100266676
0 0.11781564125647911 0.9167443055372971 0.016640663146972656 0.016616234412560098
0 0.9619411321786734 0.8772757603571966 0.05006702129657452 0.04939622145432692
0 0.28638909413264346 0.21005558967590332 0.015650455768291768 0.015541443457970252
0 0.26087159376878005 0.9563315464900091 0.019786834716796875 0.01995233389047476
0 0.0742502762721135 0.0142439420406635 0.020377507576575644 0.020740032196044922
0 0.06471425753373367 0.08395264698908879 0.01634832528921274 0.016542466787191536
0 0.4251372263981746 0.17226571303147536 0.01963072556715745 0.01997683598445012
0 0.6130115068875827 0.14565753936767578 0.019608570979191706 0.019737867208627555
0 0.5242834457984338 0.8385135944073017 0.016675215501051683 0.016501500056340143
0 0.423921511723445 0.43552244626558745 0.02607096158541166 0.026370708759014424
0 0.6785894540640024 0.9030525500957782 0.016358008751502402 0.01647215623121995
0 0.426451903123122 0.9112074191753681 0.016155536358173076 0.01613778334397536
0 0.5725554319528433 0.4751266332773062 0.015787638150728665 0.015947708716759317
0 0.16838677112872785 0.43509116539588344 0.021151652702918418 0.021170836228590745
0 0.266313387797429 0.46820695583636945 0.016680570749136116 0.016512357271634616
0 0.7276137425349309 0.352144718170166 0.015222696157602163 0.015202008760892428
0 0.7520787165715144 0.05192793791110699 0.01560680682842548 0.01546165576347938
0 0.32472625145545375 0.4361104231614333 0.03141491229717548 0.03173960172213041
0 0.6902438677274264 0.4730234879713792 0.015246758094200721 0.015405801626352163
0 0.8900557297926682 0.4801178712111253 0.024936969463641826 0.024969834547776442
0 0.6607648409329928 0.561182242173415 0.018306145301231973 0.018595328697791465
0 0.5377078423133264 0.10440383507655217 0.018654016348031852 0.018569157673762396
0 0.5613823303809533 0.14884374691889837 0.01620938227726863 0.016303869394155648
0 0.3945920283977802 0.6992465532743014 0.01921418996957632 0.01924764193021334
0 0.007803418315373934 0.036117494106292725 0.01573808376605694 0.018768979952885553
0 0.15473173214839056 0.7773148463322566 0.01759033936720628 0.017665716317983773
0 0.6523394217857947 0.13160894467280462 0.02372008103590745 0.023557479564960185
0 0.08919616845937875 0.6376465283907377 0.018958623592670146 0.01915579575758714
0 0.2042549756857065 0.18725043076735276 0.015287986168494591 0.015279109661395732
0 0.43911442389855015 0.945248163663424 0.015658158522385817 0.015529926006610576
0 0.10573869485121506 0.06846160155076247 0.017785677543053262 0.018121114143958457
0 0.4820990195641151 0.7810924236591046 0.01578551072340745 0.015857989971454326
0 0.41923046112060547 0.9328592006976788 0.031604620126577526 0.031608874981219955
0 0.6347738412710336 0.6229897279005784 0.019618988037109375 0.019806495079627402
0 0.32342360569880557 0.8073511857252854 0.016284869267390326 0.016594813420222357
0 0.47031501623300404 0.40570908326369065 0.027795864985539362 0.02796451862041767
0 0.5265310727632962 0.7780028856717623 0.015904646653395433 0.016150988065279447
0 0.595797612116887 0.9926077035757211 0.026307032658503607 0.013521194458007812
0 0.367311954498291 0.23566733873807466 0.015022938068096455 0.015108255239633413
0 0.7251121814434345 0.3179218585674579 0.020004125741811898 0.019991067739633415
0 0.8801227716299204 0.720846909743089 0.2369081057035006 0.3047657012939453
0 0.17309194344740647 0.2306219981266902 0.016888911907489482 0.017255086165208083
0 0.7959283682016226 0.5531930189866286 0.014851790208082933 0.014573097229003906
0 0.6382139646089994 0.42741724161001354 0.014787527231069712 0.014823620135967549
0 0.62786498436561 0.7919540405273438 0.015592721792367788 0.015633069551908053
0 0.5555212314312274 0.20771475938650277 0.016787088834322415 0.016550064086914062
0 0.5620526533860427 0.9532836033747747 0.015993265005258415 0.015810746413010817
0 0.04251864781746498 0.7558566606961764 0.014954181817861704 0.015074949998121995
0 0.5143923759460449 0.38292253934420073 0.013990182142991286 0.014076819786658654
0 0.5022055919353778 0.15958085426917443 0.01624019329364483 0.016677058660067044
0 0.8599028954139123 0.4822227037869967 0.014604421762319712 0.014491741473858174
0 0.9893396817720853 0.9833599970890925 0.020464383638822116 0.02142510047325721
0 0.6497211456298828 0.4735417732825646 0.021891373854417067 0.021971482496995192
0 0.6647790762094351 0.34293028024526745 0.01573005089393029 0.015929295466496393
0 0.19974264731773964 0.26133148486797625 0.014592757591834435 0.014663769648625301
0 0.175476257617657 0.12505942124586839 0.0163268309373122 0.016229592836820163
0 0.4283798657930814 0.35854471646822417 0.01665606865516076 0.016425646268404447
0 0.967807623056265 0.2099305666410006 0.015345206627478966 0.01548319596510667
0 0.12942244456364557 0.47705650329589844 0.013969898223876953 0.013993776761568509
0 0.3778846814082219 0.08143580876863919 0.04626310788668119 0.04603096155019907
0 0.6206946739783654 0.455254994905912 0.01410818099975586 0.014265500582181491
0 0.6516748575063852 0.013982902352626506 0.01636651846078726 0.016766683413432196
0 0.33291178483229417 0.4129131023700421 0.028815416189340446 0.02897776090181791
0 0.9536205438467172 0.7166612331683819 0.014102642352764424 0.014482938326322116
0 0.10182083570040189 0.09244926159198467 0.014851863567645732 0.015304253651545597
0 0.09980600613814133 0.1834110846886268 0.014273129976712741 0.014269682077261118
0 0.9943871131310096 0.42351553990290713 0.010982513427734375 0.03174605736365685
0 0.3500752082237831 0.3356746526864859 0.021030719463641826 0.02113503676194411
0 0.9564766517052283 0.21997976303100586 0.020790980412409857 0.020851722130408652
0 0.582182737497183 0.05404759828860943 0.030510975764347956 0.030486556199880745
0 0.2444589871626634 0.12725653098179743 0.016171602102426384 0.015969533186692458
0 0.10366575534527118 0.5311451325049767 0.02331832739023062 0.023042018596942607
0 0.0069003471961388224 0.5171623963576096 0.01389953952569228 0.03145760756272536
0 0.9842680417574369 0.19468388190636268 0.03139847975510817 0.042558449965256914
0 0.15150779944199783 0.36919384736281174 0.013770727010873647 0.014080634483924279
0 0.48340687384972203 0.26125508088331956 0.015030787541316105 0.015136278592623197
0 0.618858630840595 0.34122092907245344 0.014013730562650241 0.014058479895958534
0 0.09751629829406738 0.13695203340970552 0.013617368844839243 0.013802675100473257
0 0.9542366908146784 0.06201782593360314 0.09141335120567909 0.1222695203927847
0 0.29786108090327335 0.9341287612915039 0.019028883713942308 0.019227101252629206
0 0.7454665257380559 0.47093673852773815 0.01506511981670673 0.015002617469200721
0 0.9048766356248122 0.3796220926138071 0.018023564265324518 0.01814754192645733
0 0.3294517443730281 0.35953492384690505 0.021120144770695612 0.02146280728853666
0 0.0499046857540424 0.007413407930961022 0.016785951761099007 0.01368716129889855
0 0.6513429788442758 0.3243418473463792 0.013707967904897837 0.013661017784705529
0 0.4692370341374324 0.40774858914888823 0.03271139585054838 0.03490851475642277
0 0.3905654687147874 0.7712243887094351 0.015862538264347956 0.01583275428185096
0 0.984227547278771 0.10817162807171161 0.031395251934344955 0.03728818893432617
0 0.13932396815373346 0.21651851213895357 0.013732249920184795 0.013636515690730168
0 0.5510066105769231 0.13215026488670936 0.01621246337890625 0.016499776106614333
0 0.4433011275071364 0.8962898254394531 0.01747263394869291 0.017908536470853366
0 0.6788842127873347 0.1868007733271672 0.014341794527493991 0.014423957237830529
0 0.9602978046123798 0.9861571972186749 0.0279849125788762 0.0239718510554387
0 0.14059205238635725 0.4592258380009578 0.015963040865384616 0.016100003169133112
0 0.5785885590773362 0.19549782459552473 0.014357346754807692 0.014635196098914513
0 0.10240827156947209 0.8039637345534104 0.017927518257727988 0.018121866079477165
0 0.5345224233774039 0.02384785505441519 0.020455287053034857 0.020646957250741813
0 0.6739006042480469 0.4619463407076322 0.014317732590895433 0.01403045654296875
0 0.5383070432222806 0.707035651573768 0.01465592017540565 0.014687464787409855
0 0.18980721326974723 0.19709084584162787 0.01363068360548753 0.013579001793494591
0 0.647189213679387 0.6089182633620042 0.018720039954552285 0.01874879690317007
0 0.5587918941791241 0.06796100506415734 0.018007425161508415 0.01803698906531701
0 0.6138905745286208 0.04029993827526386 0.029799534724308893 0.030179259868768547
0 0.5109959015479455 0.6693699176494892 0.015261283287635216 0.015311607947716346
0 0.5133320735051081 0.054996444628788874 0.019504033602201022 0.019492259392371543
0 0.49861988654503453 0.6975729282085712 0.04226083021897536 0.04315611032339243
0 0.974635491004357 0.1759498669550969 0.05111958430363582 0.0755156370309683
