0 0.31415847631601185 0.8635016954862155 0.14159943507267878 0.14198934114896333
0 0.9312931941105769 0.15218261572030875 0.07083687415489784 0.07468520678006686
0 0.7909371302678034 0.10817188483018142 0.05019085223858173 0.050362036778376654
0 0.22950242115901068 0.8084394014798678 0.06928517268254207 0.06902063809908353
0 0.3369000875032865 0.697750971867488 0.04329343942495493 0.04317929194523738
0 0.8702746171217698 0.9370269775390625 0.04451135488656851 0.044702970064603366
0 0.10164981621962327 0.05794434822522677 0.043069692758413464 0.04338248876424936
0 0.3802933692932129 0.6380270444429837 0.03913035759559044 0.03961885892427885
0 0.25149789223304164 0.19630162532512957 0.03224343519944411 0.0321345329284668
0 0.10771000385284424 0.6399803895216721 0.0427403083214393 0.042798409095177285
0 0.38208836775559646 0.4014369524442233 0.031215080848106973 0.030742131746732272
0 0.5899587044349084 0.6105201427753155 0.03338835789607121 0.033543953528771035
0 0.9054635121272161 0.2077635618356558 0.037526644193209134 0.03758995349590595
0 0.5231240712679349 0.6922036684476413 0.027206054100623496 0.0269473149226262
0 0.4198171909038837 0.47185149559607875 0.019393334021935098 0.01944563939021184
0 0.6491383772629958 0.8431301116943359 0.019027269803560697 0.019252483661358174
0 0.37689685821533203 0.7185964584350586 0.026099425095778245 0.026385380671574518
0 0.15912730877216047 0.7215037712684045 0.04538536071777344 0.04570476825420673
0 0.17030697602492112 0.8286501077505258 0.03545541946704571 0.035851698655348554
0 0.06910671179111187 0.29756978841928333 0.02802396737612211 0.028226632338303786
0 0.6643681159386268 0.4730881177462064 0.021802462064302884 0.022131846501277044
0 0.12233805656433105 0.6767610403207632 0.03797272535470816 0.037872607891376205
0 0.1445767329289363 0.24430034710810736 0.02274461892934946 0.022763912494365986
0 0.9187246469350961 0.5337647291330191 0.018633622389573317 0.01867844508244441
0 0.8886183958787185 0.09680373852069561 0.02201535151554988 0.021831512451171875
0 0.6002558928269607 0.056254029273986816 0.018852674044095553 0.019131898880004883
0 0.9160530383770282 0.33647882021390474 0.07477144094613883 0.07490449685316819
0 0.39890597416804385 0.3672461142906776 0.01823557340181791 0.017982629629281852
0 0.18234597719632661 0.23380400584294245 0.03893830226017879 0.03925646268404447
0 0.13772475719451904 0.05084451803794274 0.03060005261347844 0.030469023264371432
0 0.5401869186988244 0.36397189360398513 0.03765575702373798 0.03747257819542518
0 0.6574638806856595 0.9375327917245718 0.01780275198129507 0.017780303955078125
0 0.8851839212270883 0.9827426763681265 0.043398490318885215 0.030540319589468148
0 0.8283097927386944 0.15742070858295149 0.021209129920372598 0.021167397499084473
0 0.9226477696345403 0.8704408498910757 0.030487060546875 0.030439230111929085
0 0.427950198833759 0.3318288509662335 0.04660591712364784 0.04687954829289363
0 0.4351365016056941 0.5224509605994592 0.021805543165940505 0.02199407724233774
0 0.41608957143930286 0.6123369657076322 0.017872443565955527 0.017865694486177884
0 0.5843493755047138 0.6604611323429987 0.027119196378267728 0.02704165532038762
0 0.12087748600886418 0.7468484731820914 0.023073691588181715 0.023151397705078125
0 0.3099370369544396 0.5127403552715595 0.020034349881685697 0.02019163278432993
0 0.5190216944767878 0.9445218306321365 0.025036004873422477 0.024976583627554085
0 0.5057052465585562 0.20953801962045523 0.024463066687950723 0.024584183326134317
0 0.8461683713472806 0.37577269627497745 0.04768078143780048 0.047588495107797474
0 0.24564156165489784 0.7576838273268479 0.04220999204195463 0.041857205904447116
0 0.16581924145038313 0.68347351367657 0.04253798264723558 0.04274691068209135
0 0.1605695210970365 0.6431673490084134 0.02885758876800537 0.028937413142277643
0 0.4812217125525841 0.32237793849064755 0.020329915560208835 0.02035390413724459
0 0.41223514997042143 0.9723672133225661 0.023981534517728366 0.023919325608473558
0 0.5689761088444636 0.2960347212277926 0.0607911623441256 0.06204865528987004
0 0.5975168301508977 0.9358552786020132 0.02800332582913912 0.02787164541391226
0 0.13869174627157357 0.8858899336594802 0.039748613650982194 0.039464510404146634
0 0.10893772198603703 0.9407549638014573 0.03266433569101187 0.03293316180889423
0 0.04810814674084003 0.2613166662362906 0.027498281919039212 0.04169045961820162
0 0.4066984470073993 0.7056591327373798 0.044006641094501205 0.043844956618088946
0 0.26951767848088193 0.0495605285351093 0.02096410898061899 0.0213014896099384
0 0.4804719411409818 0.37419755642230695 0.016916715181790866 0.01683976100041316
0 0.17443048037015474 0.910906351529635 0.019277425912710335 0.01949457021859976
0 0.5377093828641452 0.17662910314706656 0.023417839637169473 0.02320076869084285
0 0.8523048987755408 0.5260174457843487 0.2237545893742488 0.3158084429227389
0 0.8089921657855694 0.2816443076500526 0.021047592163085938 0.021013186528132513
0 0.21771419965303862 0.04827687832025381 0.025420592381403997 0.025409817695617676
0 0.3674005361703726 0.16245088210472694 0.0477300790640024 0.04795019443218525
0 0.4971248186551608 0.4470338454613319 0.015219028179462139 0.015215873718261719
0 0.8670865572415866 0.27675731365497297 0.042220775897686295 0.042867220365084134
0 0.09832516083350548 0.5104792668269231 0.04532622832518358 0.04608506422776442
0 0.23509762837336615 0.017696343935452975 0.025336485642653245 0.02534612325521616
0 0.08604000164912297 0.6110919805673453 0.01602906447190505 0.016173582810621995
0 0.6837409826425406 0.40316097552959734 0.016816212580754206 0.01672025827261118
0 0.4744904591487004 0.38849243750939 0.015994512117826022 0.016140130849984977
0 0.5238548425527719 0.09049004774827224 0.018093989445612982 0.018231740364661582
0 0.44174590477576625 0.8141307830810547 0.015604019165039062 0.015316302959735576
0 0.6033134827247033 0.9204113300030048 0.024446560786320612 0.02417124234713041
0 0.10993084540733924 0.5524991108820989 0.036477162287785456 0.03623668964092548
0 0.5820067112262433 0.7814759474534255 0.0339045157799354 0.03333575908954327
0 0.380835092984713 0.7297704403217022 0.05806864224947416 0.056964874267578125
0 0.15480597202594465 0.5124959578880897 0.028224945068359375 0.028223477877103366
0 0.7676110634436975 0.3609470587510329 0.017570642324594352 0.017623314490685098
0 0.05244169785426213 0.3945347712590144 0.03662701982718248 0.04965914212740385
0 0.19677235529972956 0.2069420997913067 0.016190602229191706 0.016322906200702373
0 0.5037357990558331 0.8661675086388221 0.01672216562124399 0.0165557861328125
0 0.6162206209622897 0.7290934782761794 0.016802531022291917 0.016762953538161058
0 0.4506605588472806 0.9574959094707782 0.015410790076622596 0.015131583580603966
0 0.6222786536583533 0.8405310557438777 0.01816280071551983 0.017899146446814902
0 0.6774717477651743 0.32760990582979643 0.055362554696890026 0.05624264937180739
0 0.44719571333665115 0.3985448617201585 0.019191448505108174 0.019217271071213942
0 0.41774808443509615 0.391543094928448 0.04032347752497746 0.04079892085148738
0 0.4735590861393855 0.8706971682035006 0.014768307025615986 0.014735148503230168
0 0.37172764998215896 0.05274770351556631 0.016393074622521035 0.016535612253042366
0 0.7472827617938702 0.2703580122727614 0.020352290226862982 0.020448684692382812
0 0.9438854364248422 0.7871708503136268 0.015387901893028846 0.015365894024188701
0 0.8017068276038537 0.06049544994647686 0.016486241267277643 0.016444041178776667
0 0.5925814922039325 0.6913444078885592 0.018889720623309795 0.018651522122896634
0 0.584016909966102 0.04691888735844539 0.017125643216646634 0.017060497632393472
0 0.4462564174945538 0.22423118811387283 0.015439253586989183 0.015262273641733022
0 0.2840845584869385 0.4502849578857422 0.05671116021963266 0.05699641887958233
0 0.07531490692725548 0.9083956938523513 0.016489725846510667 0.016772930438701924
0 0.3856835732093224 0.5019315206087552 0.020492993868314303 0.020558650677020732
0 0.4008991534893329 0.7700286278357873 0.017464124239408053 0.017508433415339544
0 0.2850787456219013 0.2161693939795861 0.016007056603064902 0.01644266568697416
0 0.7649850111741286 0.9325491098257211 0.020710871769831732 0.02100519033578726
0 0.10434161699735202 0.8682262714092548 0.0242612178509052 0.02472833486703726
0 0.32077943361722505 0.9549450507530799 0.08947913463299091 0.08476873544546273
0 0.6695848611684946 0.6677178602952224 0.02119299081655649 0.021200913649338942
0 0.32987242478590745 0.5213414705716647 0.017687577467698317 0.017823292658879206
0 0.8952038838313177 0.40737269474909854 0.01603273245004507 0.016057968139648438
0 0.6168327331542969 0.9047396733210638 0.01898050308227539 0.019009223351111777
0 0.3576968266413762 0.7878694534301758 0.03027057647705078 0.0299835205078125
0 0.8203100057748648 0.24066873697134164 0.015553107628455529 0.015355953803429237
0 0.5226280505840595 0.2827169161576491 0.01751841031588041 0.017754151270939753
0 0.4347677964430589 0.36494739239032453 0.01746544471153846 0.01777032705453726
0 0.17418747681837815 0.2851406610929049 0.022616239694448616 0.023020304166353665
0 0.5560811482943021 0.31422824126023513 0.014444351196289062 0.014298585745004507
0 0.9266438850989709 0.9490596331082858 0.017429205087515023 0.017428178053635817
0 0.13754009283505952 0.14269632559556228 0.01628595132094163 0.01611779286311223
0 0.15262376345120943 0.3332734474769005 0.02334484687218299 0.023735633263221152
0 0.7014478536752554 0.05417377215165358 0.016067651601938102 0.01631626716026893
0 0.36531793154202974 0.23054981231689453 0.055699935326209433 0.056043184720552884
0 0.06813812255859375 0.4326515197753906 0.018832921981811523 0.018511845515324518
0 0.13653763440939096 0.6180117680476263 0.01462092766394982 0.014765372643103966
0 0.9590502518873948 0.4889930578378531 0.012157146747295674 0.020252741300142728
0 0.8342442879310021 0.9859544313870944 0.01918484614445613 0.019020960881159857
0 0.44232683915358323 0.47780785193810094 0.022284727830153245 0.022336959838867188
0 0.1210791147672213 0.2858117910531851 0.01864968813382662 0.018872627845177285
0 0.4701339281522311 0.20017209419837365 0.014914952791654147 0.014649464533879207
0 0.22902316313523513 0.3218290622417743 0.058681634756234974 0.05965438255896935
0 0.12359037766089806 0.7166772255530725 0.030748293950007513 0.03142195481520433
0 0.89271303323599 0.25980091094970703 0.024206161499023438 0.02424768301156851
0 0.2654140545771672 0.9252614241379958 0.03407720419076773 0.03439595149113582
0 0.5901265511145959 0.2509566820584811 0.0324701162484976 0.03367013197678786
0 0.4142858065091647 0.3322560237004207 0.021273099459134616 0.02293087885929988
0 0.9156051048865685 0.09341129889855018 0.02872290978064904 0.028136821893545296
0 0.12380521114055927 0.2097019415635329 0.0166318233196552 0.016326537499060996
0 0.3914211713350736 0.8046511136568509 0.014712700477013221 0.014713287353515625
0 0.4570957330557016 0.6560883155235877 0.026113216693584736 0.025359227107121393
0 0.27095277492816633 0.3138049565828763 0.043039908775916465 0.04370858119084285
0 0.09754448670607346 0.9005345564622146 0.017126046694242038 0.01691304720365084
0 0.6425342559814453 0.8908905616173377 0.014464451716496395 0.014339740459735576
0 0.7403335571289062 0.8561187157264123 0.01973577646108774 0.019916534423828125
0 0.36373369510357195 0.451287709749662 0.015621625460111178 0.015489138089693509
0 0.485805107997014 0.29278223331157976 0.03849073556753305 0.038484940162071817
0 0.9136747947105994 0.0923751500936655 0.022661942702073317 0.022809798900897685
0 0.5991286864647498 0.23729427044208234 0.048777140103853665 0.04914547846867488
0 0.18803359911992 0.34569307473989636 0.038725046011117786 0.03834673074575571
0 0.3285829103910006 0.03834646481734056 0.041366870586688705 0.04207890767317552
0 0.6160470522367038 0.2732616938077487 0.03622788649338942 0.03660869598388672
0 0.21575194138746995 0.2026076316833496 0.026636930612417366 0.02770200142493615
0 0.0799018144607544 0.1369984791829036 0.01721671911386343 0.017266108439518854
0 0.12090784769791824 0.0075980516580434945 0.020309319862952598 0.013763753267434927
0 0.06895121244283822 0.5280010516826923 0.026773489438570462 0.02747374314528245
0 0.2648741648747371 0.23188607509319598 0.014348690326397236 0.01414163296039288
0 0.5360282017634466 0.726249254666842 0.022843140822190505 0.022997636061448317
