0 0.32378424130953276 0.7364035386305589 0.08890005258413461 0.0890206557053786
0 0.7558805759136493 0.1310720076927772 0.06406446603628305 0.06395560044508714
0 0.5489107278677133 0.6706308951744666 0.07748618492713341 0.07709473830003005
0 0.36240779436551607 0.48709766681377703 0.14455333122840294 0.14416085756742036
0 0.524755257826585 0.5496728603656476 0.10102492112379807 0.10208775446965145
0 0.28061094650855434 0.9816387616671048 0.030106617854191706 0.029881110558143027
0 0.3285194543691782 0.2647877473097581 0.09666369511530949 0.09529260488656852
0 0.5329254957345816 0.6168305323674128 0.026067807124211237 0.026026542370135967
0 0.1324684895001925 0.9577323473416842 0.07894096007713905 0.07934805063100961
0 0.2699388357309195 0.8507480621337891 0.02965061481182392 0.029599116398737982
0 0.8728135915902945 0.5187436617337741 0.07120778010441707 0.11686303065373348
0 0.3104632817781888 0.10072528398953952 0.0435023674598107 0.04337497857900766
0 0.5031531774080716 0.37567344078650844 0.05336152590238131 0.05357214120718149
0 0.5159936318030725 0.8111746127788837 0.024879895723783053 0.024892366849459134
0 0.8577435566828802 0.6843041640061599 0.019667405348557692 0.019702031062199518
0 0.7620302347036508 0.5571495936467097 0.043062650240384616 0.042675165029672474
0 0.8489937415489783 0.7152109879713792 0.07806601891150841 0.07848739624023438
0 0.39138471163236177 0.1887812614440918 0.04782867431640625 0.047880392808180586
0 0.6981898087721604 0.3750292704655574 0.04169904268704928 0.041508968059833236
0 0.504435869363638 0.06211500901442308 0.024671481205866888 0.024708142647376426
0 0.7459184206449069 0.9836419912484976 0.025365095872145433 0.025142963115985576
0 0.5890304125272311 0.9259258416982797 0.2305627969595102 0.14450850853553185
0 0.6822264744685247 0.8681903252234826 0.1371433184697078 0.14002286470853365
0 0.20154597209050104 0.09068006735581619 0.02888312706580529 0.02891060022207407
0 0.48790865678053635 0.31529925419734073 0.03237504225510817 0.032100530771108776
0 0.5460847707895132 0.04946077328461867 0.023637771606445312 0.023734679588904746
0 0.1404292216667762 0.027396488648194533 0.05103368025559645 0.04922745319513174
0 0.38038143744835484 0.05538848271736732 0.090972900390625 0.09045653159801777
0 0.8666224846473107 0.8792600631713867 0.02403875497671274 0.024174910325270433
0 0.7063760757446289 0.7881777103130634 0.03222040029672476 0.03241289578951322
0 0.45580192712637096 0.23918967980604905 0.12551527756911057 0.12640641285822943
0 0.7319028560931866 0.08175816902747521 0.026703907893254206 0.026748441732846774
0 0.5196975194490873 0.4442195158738356 0.029686414278470553 0.029978091900165264
0 0.7038066570575421 0.11818230152130127 0.035323803241436295 0.035207271575927734
0 0.31360156719501203 0.13002288341522217 0.01741335942195012 0.01716325833247258
0 0.6595007823063777 0.41081953048706055 0.11537449176494892 0.11559853186974159
0 0.6505281008206881 0.08208779188302848 0.025424663837139424 0.02550580409856943
0 0.4385132056016188 0.43253634526179385 0.0991067152756911 0.0970140603872446
0 0.2567085852989784 0.5124799655033991 0.01587816385122446 0.015558829674353966
0 0.5821990233201247 0.08123512451465313 0.06707382202148438 0.06709575653076172
0 0.24513651774479792 0.8808998694786658 0.04487136694101187 0.04452221210186298
0 0.7167565272404597 0.5023876703702487 0.059120471660907455 0.05875374720646785
0 0.22137951850891113 0.04573620741183941 0.03412000949566181 0.03429195514092079
0 0.7826604109544021 0.9252995711106521 0.06702276376577523 0.06538655207707332
0 0.7810916167039138 0.5118966469397912 0.016427260178786058 0.016390433678260215
0 0.2032458231999324 0.22574582466712365 0.05046360309307392 0.049408912658691406
0 0.5066980948814979 0.8317584991455078 0.10612663855919471 0.10353763286884014
0 0.4557872185340294 0.5635631267841046 0.0478517092191256 0.046713022085336536
0 0.194519959963285 0.2668828780834491 0.0319981941810021 0.031185223506047174
0 0.6050675465510442 0.6118440994849572 0.01613895709698017 0.01617717742919922
0 0.4113102692824144 0.238710513481727 0.06582157428448017 0.06593828934889573
0 0.5060932086064265 0.7041040567251352 0.0189974858210637 0.018887886634239785
0 0.8691498683049128 0.9319886427659255 0.019695868858924277 0.019867823674128607
0 0.46083685067983776 0.6079261486346905 0.01587706345778245 0.01579137948843149
0 0.7617844801682693 0.5269346970778245 0.03734368544358473 0.037569632897010215
0 0.387485357431265 0.9126681547898513 0.02841802743765024 0.028727164635291465
0 0.2515709216778095 0.9475709475003756 0.06143456238966722 0.06028615511380709
0 0.4620552429786095 0.9787276341364934 0.01956624251145583 0.019469334528996393
0 0.5481310624342698 0.46198646838848406 0.020232567420372598 0.020287000215970553
0 0.197859892478356 0.12579553860884446 0.03967435543353741 0.0397332264826848
0 0.38819584479698765 0.2899494721339299 0.0153962648831881 0.015417355757493239
0 0.29291351024921125 0.9135266083937424 0.0328978758591872 0.03319534888634315
0 0.1778101554283729 0.15647404010479266 0.04097542395958534 0.041173494779146634
0 0.3127153836763822 0.038562591259296126 0.016740872309758112 0.01665474818303035
0 0.5141201752882737 0.042334556579589844 0.016007276681753304 0.015955560482465304
0 0.35708948282095104 0.020979409034435566 0.015543277447040264 0.01549391677746406
0 0.3630530284001277 0.43168970254751354 0.042046620295597956 0.04140971257136418
0 0.21563227360065168 0.019084636981670674 0.02306193571824294 0.02320653200149536
0 0.15922601406390852 0.27298604525052583 0.03669181236853966 0.03627769763653095
0 0.6378104136540339 0.8397631278404822 0.07600593566894531 0.07607694772573617
0 0.1820702185997596 0.16359292543851411 0.028470479525052585 0.02836898656991812
0 0.8625608590932993 0.12443755223200871 0.02030768761268029 0.020429061009333685
0 0.8619644458477314 0.11061488665067233 0.021340150099534255 0.020954388838547926
0 0.6808189978966346 0.73217406639686 0.02237672072190505 0.022594451904296875
0 0.5103000494150015 0.15028546406672552 0.0679159164428711 0.06753862821138822
0 0.16135729276216948 0.2774772827441876 0.02989658942589393 0.029763185060941257
0 0.2799236224247859 0.3558626174926758 0.03763602330134465 0.037723687978891224
0 0.7181609227107122 0.15005192389855018 0.030480311467097357 0.030115127563476562
0 0.651218267587515 0.021979609361061685 0.020011755136343148 0.020031369649446927
0 0.20101367510282075 0.12480820142305814 0.03248266073373648 0.0330803577716534
0 0.7187595367431641 0.8453514392559345 0.0935821533203125 0.09573716383713943
0 0.11297992559579703 0.7476754555335412 0.015355421946598934 0.014848415668194111
0 0.8617560313298152 0.11518531579237717 0.024533785306490384 0.025217588131244365
0 0.2555081110734206 0.40420987055851865 0.014345572544978214 0.014312744140625
0 0.5936062886164739 0.5655785340529221 0.014969752385066105 0.01497943584735577
0 0.2066348149226262 0.7663867657001202 0.052378214322603665 0.05346254202035757
0 0.8460863553560697 0.09678418819720928 0.016909672663762018 0.01702092244074895
0 0.11763573609865628 0.03011233531511747 0.052126792760995716 0.05372160214644212
0 0.6529608506422776 0.1727156639099121 0.10454280559833233 0.09943082699408898
0 0.8691548567551833 0.3532743453979492 0.042509812575120196 0.04287440960223858
0 0.20830862338726336 0.06539328740193294 0.030533790588378906 0.03050832565014179
0 0.5931526330801157 0.11231564558469333 0.10167972858135517 0.10486567937410794
0 0.23167874262883112 0.8525433173546424 0.014158689058743991 0.014281052809495192
0 0.6840179149921124 0.2286686530480018 0.03935945951021635 0.03895444136399489
0 0.6891921850351187 0.31705108055701625 0.03458257821890024 0.03502295567439152
0 0.43256389177762544 0.03807962399262648 0.021175604600172777 0.021198300214914177
0 0.12574467292198768 0.45113094036395734 0.015245987818791317 0.015352322505070614
0 0.41227006912231445 0.3869199752807617 0.028630916888897236 0.028267493614783652
0 0.7148432364830604 0.14640334936288688 0.021218079787034255 0.02128003193781926
0 0.42877831825843227 0.31349618618304914 0.03117656707763672 0.030621822063739482
0 0.7938763545109675 0.44522586235633266 0.015068934513972355 0.015468303973858174
0 0.676932848416842 0.9686495707585261 0.06481610811673678 0.0566554436316857
0 0.8459369952862079 0.2543798593374399 0.021923652062049277 0.02160035646878756
0 0.8902854919433594 0.6449831449068509 0.030155768761268027 0.0315710214468149
0 0.5945196151733398 0.48772103969867414 0.02718191880446214 0.026806978078988884
0 0.7953483141385592 0.4457409565265362 0.019390399639423076 0.019255638122558594
0 0.7392475421612079 0.5795942820035495 0.10199590829702523 0.09923516787015475
0 0.3716600491450383 0.5553874969482422 0.014755909259502705 0.014696414654071514
0 0.5184958531306341 0.9150832249568059 0.015619644751915565 0.015986515925480768
0 0.3149568851177509 0.37030663857093227 0.03541410886324369 0.035322409409743086
0 0.8619053180401142 0.12160367232102615 0.023228865403395433 0.023337767674372747
0 0.39632239708533656 0.3103795418372521 0.014208133404071514 0.014244593106783353
0 0.8286235515887921 0.5500851411085862 0.03358606191781851 0.03396518413837139
