0 0.8748689798208383 0.6311503190260667 0.03216464702899639 0.032030509068415716
0 0.551312519953801 0.8199534782996545 0.022493729224571817 0.022624969482421875
0 0.37276084606464094 0.899039048414964 0.022920755239633415 0.022675734299879808
0 0.08183865363781269 0.1580345447246845 0.01875789348895733 0.01846182346343994
0 0.6810038639948919 0.04152363080244798 0.10983335054837741 0.07976742891164926
0 0.3873463410597581 0.16812968254089355 0.02177091745229868 0.0216982548053448
0 0.5588964682358962 0.5082537577702448 0.02098222879263071 0.020960587721604567
0 0.801211430476262 0.7770827366755559 0.020306954017052285 0.02024694589468149
0 0.3248598758990948 0.7275522672213041 0.020724149850698616 0.02072759775015024
0 0.9533026768611028 0.04315498242011437 0.02791727506197416 0.02790835270514855
0 0.09093854977534367 0.05583243645154513 0.022269579080434945 0.02264404296875
0 0.7499076403104342 0.781445209796612 0.019235757681039665 0.019218004666841947
0 0.3935248668377216 0.3788640315716083 0.09152566469632663 0.09207894251896785
0 0.26107008640582746 0.2816542662107028 0.01787248024573693 0.01764359840979943
0 0.6964337275578425 0.8401929415189303 0.11211365919846755 0.11244964599609375
0 0.5795701100276067 0.9757562784048227 0.023257328913762018 0.02335210946890024
0 0.6982844426081731 0.06934034824371338 0.017508580134465143 0.01739182839026818
0 0.8547168878408579 0.8483566137460562 0.01634832528921274 0.016336734478290264
0 0.9387317070594201 0.6549911499023438 0.08068524874173678 0.10604623647836539
0 0.07092996744009164 0.36896236126239484 0.024089996631328877 0.023914483877328727
0 0.3755340576171875 0.8794957674466647 0.016402171208308294 0.016396155724158652
0 0.20125466126662034 0.870614271897536 0.018291326669546273 0.01822046133188101
0 0.13566921307490423 0.7592672201303335 0.017276818935687725 0.017147064208984375
0 0.2485344960139348 0.7324779217059796 0.01614941083467924 0.015904646653395433
0 0.29961657524108887 0.37777262467604417 0.06801682252150315 0.06824816190279447
0 0.33562689561110276 0.567331497485821 0.10894518632155198 0.10980833493746243
0 0.8979597825270432 0.9763374328613281 0.06409953190730168 0.04360697819636418
0 0.036163197113917425 0.9944419860839844 0.019986446087176982 0.010551012479341947
0 0.2990893217233511 0.3234120515676645 0.09621363419752854 0.09646943899301383
0 0.3351700489337628 0.6733330213106595 0.07674041161170372 0.0770420661339393
0 0.1156935325035682 0.6671860034649189 0.014683081553532528 0.014749967134915866
0 0.7630175076998197 0.9484207446758564 0.05125838059645433 0.050894663884089544
0 0.9693792049701397 0.4056218954233023 0.01972066439115084 0.03724244924692007
0 0.4972960398747371 0.6365557450514573 0.014276431157038761 0.01429455096905048
0 0.9206975790170523 0.22728890639085036 0.07408552903395432 0.07483269618107723
0 0.8474297156700721 0.9183205091036283 0.014686291034405049 0.014574344341571514
0 0.17699687297527605 0.43915884311382586 0.05602326759925255 0.0558319091796875
0 0.2917651579930232 0.8631855891301081 0.041138245509221 0.04156787578876202
0 0.3033929237952599 0.8423657050499549 0.014735148503230168 0.014671619121844951
0 0.11353921890258789 0.3818390186016376 0.013966780442457933 0.013712296119103065
0 0.6634656465970553 0.4236296140230619 0.014534583458533654 0.014636699969951924
0 0.8503115727351263 0.9561697152944711 0.047763824462890625 0.04788765540489784
0 0.42993860978346604 0.638221447284405 0.1351476816030649 0.13754932697002703
0 0.3957628836998573 0.8400694040151743 0.04822819049541767 0.04803305405836839
0 0.2685722204355093 0.9799436422494742 0.035991668701171875 0.03549267695500301
0 0.16774856127225435 0.8791299966665415 0.015258055466871995 0.015483562762920674
