0 0.7751767818744366 0.9092003015371469 0.09224510192871094 0.09199582613431491
0 0.30397774622990537 0.7622548616849459 0.033304874713604264 0.03313710139347957
0 0.17856133901155913 0.8649407900296725 0.03233979298518254 0.03216875516451322
0 0.444819817176232 0.19979179822481596 0.027033585768479567 0.02729144463172326
0 0.5987152686485877 0.13657509363614595 0.023515848013070915 0.023552857912503757
0 0.48494573739858776 0.2567850626431979 0.0221859858586238 0.022509061373197116
0 0.7642952845646784 0.10415127644172081 0.020256922795222357 0.0205227228311392
0 0.8998530461237981 0.6543942964993991 0.021561255821814902 0.021709735576923076
0 0.44097577608548677 0.2901613528911884 0.029818901648888223 0.030050387749305137
0 0.14077092134035551 0.12294739943284255 0.024647621008066032 0.024559607872596152
0 0.8566768352801983 0.28455215234022874 0.028735821063701924 0.028742570143479567
0 0.3975111154409555 0.673675537109375 0.021552599393404447 0.021674669705904447
0 0.6011167306166428 0.9529223808875451 0.020215694720928486 0.0200347900390625
0 0.7613500448373648 0.6319716526911809 0.021138117863581732 0.020865220289963942
0 0.8037490844726562 0.0720708782856281 0.02543464073768029 0.02566993236541748
0 0.2722776853121244 0.41850882310133714 0.023821023794320915 0.023932823768028848
0 0.1536405636714055 0.10840876285846417 0.01965508094200721 0.01956631587101863
0 0.34785886911245495 0.37169639880840594 0.1271322507124681 0.12626530573918268
0 0.4671729894784781 0.7865699621347281 0.02073823488675631 0.020716153658353366
0 0.1863690706399771 0.4109336779667781 0.01737557924710787 0.01737103095421424
0 0.4117394227247972 0.7914753693800706 0.017327382014347956 0.017501097459059495
0 0.4674433194673978 0.63342651954064 0.01747278066781851 0.01764502892127404
0 0.4426256326528696 0.8136705251840445 0.01728395315317007 0.017220423771784857
0 0.300699545786931 0.8694245265080378 0.01873049369225135 0.01878210214468149
0 0.8238979486318735 0.7277368398813101 0.019479898306039665 0.02008672860952524
0 0.9555997114915115 0.9389083568866436 0.015565285315880409 0.015739881075345553
0 0.11885908933786246 0.817805290222168 0.016707640427809495 0.016680350670447715
0 0.8852775280292218 0.4541756189786471 0.016475384051983174 0.016446773822490986
0 0.48659302638127255 0.6740418947660006 0.017740763150728665 0.017838404728816107
0 0.8580642846914438 0.20400010622464693 0.018189356877253607 0.018255967360276442
0 0.5845716183002179 0.9282392355111929 0.015477987436147837 0.01553638164813702
0 0.9373512268066406 0.32319875863882214 0.06066190279447115 0.08841756673959586
0 0.3730880297147311 0.2038714702312763 0.018237480750450723 0.018340110778808594
0 0.7760750697209284 0.6998074604914739 0.016097142146183893 0.01597903325007512
0 0.20371598463792068 0.8340468039879432 0.01636783893291767 0.016349205603966348
0 0.5345482459435096 0.20947749798114484 0.015100772564227764 0.015060644883375902
0 0.3314365973839393 0.22204934633695161 0.015429276686448317 0.01524961911714994
0 0.4652655308063214 0.7039690751295823 0.01786041259765625 0.017809647780198317
0 0.18680625695448655 0.8180458362285907 0.020420918097862832 0.02031707763671875
0 0.21738402660076434 0.89215087890625 0.016609558692345254 0.016760606032151442
0 0.4462714195251465 0.11497237132145809 0.014679615314190205 0.01463767198415903
0 0.13602036696213943 0.8654967087965745 0.016192803016075723 0.01604491013746995
0 0.47528435633732724 0.6500745920034555 0.014333431537334736 0.014093839205228366
0 0.7015443948599008 0.8844561943641076 0.015405801626352163 0.015442774846003605
0 0.37837501672598034 0.632145514855018 0.018097510704627402 0.018702580378605768
0 0.8043691928570087 0.6921549576979417 0.014809388380784255 0.01467602069561298
0 0.6760708001943735 0.8825908807607797 0.0156248532808744 0.015575702373798076
0 0.06453943252563477 0.5066063220684345 0.019615906935471755 0.01974802750807542
0 0.6394529342651367 0.0617981323829064 0.04078190143291767 0.04158425331115723
0 0.38379170344426083 0.02687031259903541 0.0165865971491887 0.01681742759851309
0 0.13559719232412484 0.4499372702378493 0.014153773968036357 0.014231021587665264
0 0.4512351476229154 0.5375082676227276 0.013619202833909255 0.013630867004394531
0 0.6952937199519231 0.19509396186241737 0.014342381403996395 0.014401435852050781
0 0.3762536415686974 0.6343083014855018 0.021870833176832933 0.02171912560096154
0 0.11500818912799542 0.9248840625469501 0.02558135986328125 0.025776789738581732
0 0.3816018838148851 0.7422932844895583 0.015080965482271634 0.015069814828725962
0 0.6127800574669471 0.45181806270892805 0.014677634605994591 0.014599286592923678
0 0.3612766999464769 0.7747686092670147 0.017238030066856973 0.01734616206242488
0 0.8058663881742038 0.48298036135160005 0.014600020188551683 0.014512282151442308
0 0.36245037959172177 0.6610831480759841 0.01609318072979267 0.016213343693659857
0 0.17296295899611253 0.8035854926476111 0.016354854290301982 0.016227575448843148
0 0.5632115877591647 0.7302308449378381 0.014747326190655049 0.014509494488055889
0 0.6858998812161959 0.8332883394681491 0.014907396756685697 0.015020810640775241
0 0.04903476971846361 0.8241002743060772 0.015457079960749699 0.015292534461388221
0 0.5374848659221942 0.13855635202847993 0.014489173889160156 0.014519067911001353
