0 0.10699767332810622 0.9658484825721154 0.08116740446824294 0.06403908362755409
0 0.5860627614534818 0.7923329426692083 0.07157626518836388 0.07249524043156551
0 0.8608691875751202 0.575957885155311 0.07892256516676682 0.07990030141977164
0 0.08917436232933632 0.7422002645639273 0.11887697073129508 0.1187436030461238
0 0.8291144737830529 0.4402739451481746 0.1684109614445613 0.17690145052396333
0 0.36412664560171276 0.8946946951059195 0.09017196068396935 0.08841338524451622
0 0.8046059241661658 0.9805655846228967 0.03718126737154447 0.036224658672626205
0 0.49053529592660755 0.03529746257341825 0.04464178818922777 0.044453089053814225
0 0.09455293875474197 0.10732542551480807 0.045754391413468584 0.046159799282367416
0 0.35344303571260893 0.131119049512423 0.05394693521352915 0.0544279538668119
0 0.723564074589656 0.8521237740149865 0.0583342038668119 0.05843367943396935
0 0.3641709547776442 0.5666276491605319 0.053881278404822715 0.053483742934006914
0 0.6891332773061899 0.8819371736966647 0.07026481628417969 0.06930189866286057
0 0.6574680621807392 0.400969725388747 0.060568589430588946 0.06038210942195012
0 0.9468899506788987 0.3237481484046349 0.04375941936786358 0.04370221724876991
0 0.25318292471078724 0.8932062295766977 0.039285439711350664 0.039078932542067304
0 0.8216730264516977 0.6633526728703425 0.03798763568584736 0.0380548330453726
0 0.6529491131122296 0.13361674088698167 0.03071256784292368 0.030626333676851712
0 0.9778668330265925 0.6702908736008865 0.024872999924879808 0.024844242976262018
0 0.4333491692176232 0.9430426084078275 0.02829874478853666 0.02839513925405649
0 0.5008112100454477 0.31604605454664964 0.022260079017052285 0.022273998994093675
0 0.1962119615994967 0.8139145190899189 0.07847008338341346 0.07843457735501803
0 0.3870899493877704 0.4050464630126953 0.09368573702298678 0.09461021423339844
0 0.6364157016460712 0.4425992232102614 0.03640615023099459 0.0366668701171875
0 0.2825769827916072 0.663600334754357 0.049164368556096 0.04918611966646635
0 0.16269186826852652 0.671813231248122 0.04734380428607647 0.04781018770658053
0 0.8424918834979718 0.29976665056668794 0.02944154005784255 0.02935923062838041
0 0.27555062220646787 0.6093282699584961 0.038898394658015326 0.0386053232046274
0 0.5810706798846905 0.3260702353257399 0.0344388668353741 0.03478262974665715
0 0.11031354390657865 0.29314444615290713 0.036514850763174206 0.03662454164945162
0 0.9218431619497446 0.48013877868652344 0.15516193096454328 0.20633448087252104
0 0.4270951197697566 0.4975736691401555 0.044270882239708535 0.044639880840594955
0 0.46575560936561 0.7810935974121094 0.02347285930926983 0.023503230168269232
0 0.01586536604624528 0.31795498041006237 0.03177177218290476 0.06856551537146935
0 0.37720738924466646 0.7966248438908503 0.044216156005859375 0.04375897921048678
0 0.7340181790865384 0.4255225108220027 0.06177608783428486 0.06171894073486328
0 0.8709678649902344 0.8215841146615835 0.05087837806114784 0.05104152972881611
0 0.42035946479210484 0.28733359850369966 0.02631370837871845 0.02642712226280799
0 0.0724723614179171 0.5547502957857572 0.05072419460003193 0.05101233262282152
0 0.8758631486159104 0.1650532208956205 0.025188446044921875 0.025273799896240234
0 0.4217330492459811 0.6902073346651517 0.03104562025803786 0.031128516564002402
0 0.33712122990534854 0.6082363128662109 0.031099759615384616 0.03091606727013221
0 0.37868353036733776 0.731293458205003 0.03900359227107121 0.039041372445913464
0 0.5109205612769494 0.8673484508807843 0.11031187497652493 0.10933802678034855
0 0.8100921924297626 0.05085879564285278 0.02906461862417368 0.029094622685359076
0 0.08437068645770733 0.034539250227121204 0.042756736278533936 0.042706507902878985
0 0.13984561883486235 0.8522940415602464 0.06258192429175743 0.06318341768704928
0 0.6974446223332331 0.48762171085064226 0.050830841064453125 0.05073268596942608
0 0.666202765244704 0.7356671553391677 0.0343786386343149 0.034363966721754804
0 0.7344745489267203 0.07524758118849534 0.02348459683931791 0.023390898337730996
0 0.174787319623507 0.5860353249769944 0.0480811412517841 0.047903941227839544
0 0.9841939485990084 0.27977266678443324 0.03125293438251202 0.039598244887131914
0 0.06846005641497098 0.1467954287162194 0.0224229097366333 0.02234361721919133
0 0.14945712456336388 0.1244967900789701 0.030242406404935397 0.03043218759390024
0 0.6228176997258112 0.8722754258375901 0.04843847568218525 0.048440786508413464
0 0.7978911033043494 0.7652975962712214 0.036405123197115384 0.03620719909667969
0 0.977938358600323 0.20406987116887018 0.04296126732459435 0.0480798574594351
0 0.8816504845252404 0.1923995018005371 0.022654900184044473 0.02282252678504357
0 0.8482418060302734 0.0816952998821552 0.024300501896784857 0.024048076226161078
0 0.9403954285841721 0.2774882683387169 0.035068511962890625 0.035322336050180286
0 0.19423226209787223 0.8790174630972055 0.06323535625751202 0.06305782611553486
0 0.26139072271493763 0.4722485909095177 0.039594796987680286 0.03927538945124699
0 0.7965999016394982 0.23785767188439003 0.029401632455679085 0.02940078882070688
0 0.17004719147315392 0.07705630705906795 0.017882750584528997 0.017991157678457406
0 0.6921228995689979 0.7462324729332557 0.024564449603740986 0.024385745708759014
0 0.10989662317129281 0.057216754326453574 0.02683881612924429 0.026528028341440055
0 0.5681577829214243 0.24262221042926496 0.02624335655799279 0.026485626514141377
0 0.008513279259204865 0.07436547829554631 0.01700677665380331 0.022562778913057767
0 0.5599773847139798 0.2744233791644757 0.02549156775841346 0.025757862971379206
0 0.13393042637751654 0.5858105512765738 0.03245195975670448 0.03266569284292368
0 0.056272538808675915 0.23355529858515814 0.05882557538839487 0.059114896334134616
0 0.5740821544940655 0.2897926110487718 0.019011937654935397 0.019301341130183294
0 0.027557671070098877 0.501121080838717 0.04821003400362455 0.0483251718374399
0 0.7551680344801682 0.74273314842811 0.026263897235576924 0.026259495661808893
0 0.5067586532005897 0.21985871975238508 0.029949701749361478 0.030134017650897685
0 0.22290779994084284 0.6764764052170974 0.028420154864971455 0.0283047602726863
0 0.5803353236271784 0.3926429014939528 0.027526708749624398 0.0279081051166241
0 0.036365277492083035 0.054106941589942344 0.026532526199634258 0.0258104526079618
0 0.804287103506235 0.28609079581040603 0.03485958392803486 0.03543516305776743
0 0.1548312627352201 0.10343276537381686 0.035062093001145586 0.034978463099553034
0 0.7972760567298303 0.8214005690354568 0.035063670231745794 0.03531294602614183
0 0.5425303532527044 0.5023718613844651 0.022733394916240986 0.02278900146484375
0 0.18923455018263596 0.6902353580181415 0.04426222581129808 0.04440043522761418
0 0.912999886732835 0.34647090618426984 0.03026859576885517 0.030458743755634014
0 0.4045255734370305 0.4387102493873009 0.039845760052020736 0.03987686450664814
0 0.782964119544396 0.3560233482947716 0.027435742891751803 0.027328051053560697
0 0.956016100369967 0.8686264478243314 0.016890599177433893 0.01691466111403245
0 0.13799284054682806 0.7783876565786508 0.07241252752450797 0.07214986360990085
0 0.653817396897536 0.9836111068725586 0.04729901827298678 0.030190247755784255
0 0.37265748244065505 0.7055913485013522 0.032898316016564004 0.0331884530874399
0 0.059677215722891 0.4827734140249399 0.02812530444218562 0.028296544001652643
0 0.8595608197725736 0.2593411665696364 0.02251742436335637 0.022695394662710335
0 0.7466621398925781 0.18610106981717622 0.029658977801983174 0.029723204099214993
0 0.05418864580301138 0.7022212101862981 0.02423521188589243 0.024194864126352165
0 0.6763478792630709 0.06307058150951679 0.017845740685096152 0.01777936862065242
0 0.008446494547220377 0.40065692021296573 0.01678403180379134 0.019002474271334134
0 0.4890587880061223 0.7538619408240685 0.04666768587552584 0.0459437737098107
0 0.2799084736750676 0.17018796847416803 0.02649263235238882 0.02659471218402569
0 0.6627134176400992 0.5676810924823468 0.01655431894155649 0.016431074876051683
0 0.47572865852942836 0.5879833514873798 0.030961916996882513 0.03128271836500902
0 0.7565190241887019 0.9592403998741736 0.038490588848407455 0.03778076171875
0 0.8829733041616586 0.0402035850744981 0.021311539870042067 0.021585803765517015
0 0.7565920903132513 0.6599428470318134 0.028737581693209134 0.028775581946739785
0 0.739855692936824 0.5524237706111028 0.015283437875600962 0.015426929180438701
0 0.1385044501377986 0.09093972352834848 0.025258981264554538 0.025039049295278695
0 0.5517768126267654 0.17196174768301156 0.023299437302809495 0.023248745844914362
0 0.3976858945993277 0.9053975618802584 0.03284476353571965 0.03330788245567909
0 0.3038327877338116 0.9155037219707782 0.03373432159423828 0.03340970552884615
0 0.11044206069065975 0.32872493450458234 0.02487602600684533 0.025086622971754808
0 0.09899542881892277 0.8183460235595703 0.03516743733332707 0.035480499267578125
0 0.7615737915039062 0.31449061173659104 0.04378597552959736 0.043285443232609674
0 0.4697224543644832 0.39768145634577823 0.023212652940016527 0.02338262704702524
0 0.7410973768967849 0.05658879646888146 0.020060172447791465 0.019913434982299805
0 0.10519969463348389 0.6923242715688852 0.025144100189208984 0.025237156794621393
0 0.5295146795419546 0.3667938525860126 0.02058557363656851 0.020733759953425482
0 0.8655944237342248 0.29291747166560245 0.017240230853740986 0.01747762239896334
0 0.8327693205613357 0.13365721702575684 0.024393375103290264 0.024558507479154147
0 0.6273011427659255 0.13361628238971418 0.019564701960637018 0.01968515836275541
0 0.9732975592980018 0.8897259051983173 0.016291398268479567 0.016149080716646634
0 0.3345968539898212 0.7675750438983624 0.041114513690655045 0.04030697162334736
0 0.7588470165546124 0.5782327285179725 0.015196139995868389 0.015059104332557091
0 0.3379033895639273 0.7418186481182392 0.046546569237342246 0.046419583834134616
0 0.27060914039611816 0.7543907165527344 0.02733586384699895 0.027343896719125602
0 0.7938735668475811 0.12425475854140061 0.021453270545372598 0.021368100092961237
0 0.3940324049729567 0.1319122864649846 0.025958868173452523 0.026570943685678337
0 0.43399407313420224 0.8706053220308744 0.01544644282414363 0.015520829420823317
0 0.8991784315842849 0.10738071111532357 0.020579998309795674 0.020909566145676833
0 0.30094135724581206 0.7471077992365911 0.024671041048490085 0.024616094735952523
0 0.04886363102839543 0.019449820885291465 0.04742679229149452 0.03811753713167631
0 0.22828248830942008 0.8439627427321214 0.036049842834472656 0.03541124784029447
0 0.8185319166917068 0.8563606555645282 0.04264024587777945 0.04232347928560697
0 0.6414369436410757 0.1796405682196984 0.017311683067908652 0.017333580897404596
0 0.9823498359093299 0.9562265689556415 0.03495025634765625 0.07841227604792668
0 0.22048627413236177 0.6151938071617713 0.023940893319936898 0.02415627699631911
0 0.0400695984180157 0.13615612800304705 0.015430028621967021 0.015512631489680363
0 0.7260701106144831 0.09994555436647855 0.019984905536358174 0.019823789596557617
0 0.98267151759221 0.6212022487933819 0.0348506340613732 0.03986417330228365
0 0.11124258774977464 0.41902780532836914 0.032852576329157904 0.03281732705923227
0 0.3917976526113657 0.7598160963792068 0.02454522939828726 0.024127373328575723
0 0.24259037237900954 0.6535597581129807 0.02535875026996319 0.025205172025240384
0 0.6233668694129357 0.3193993935218224 0.024533491868239183 0.024805784225463867
0 0.09377554746774527 0.07019058557657096 0.015584835639366737 0.015731224646935098
0 0.3400717515211839 0.953168355501615 0.01594880911020132 0.015913009643554688
0 0.3027669649857741 0.42189906193659854 0.025060103489802435 0.024701631986177884
0 0.45561709770789516 0.644134521484375 0.026923326345590446 0.026458153357872598
0 0.28487135813786435 0.9023871788611779 0.025058452899639424 0.02479685269869291
0 0.3954926637502817 0.675650376539964 0.03287660158597506 0.032768542949969955
0 0.11818231069124661 0.5589442619910607 0.04081036494328426 0.04107944781963642
0 0.6956903751079853 0.14825579753288856 0.02825018075796274 0.028173464995164137
0 0.04760653239030104 0.6427797170785757 0.03898800336397611 0.038159883939302884
0 0.5123805266160232 0.2905723865215595 0.014361821688138522 0.014418822068434495
0 0.7626825479360727 0.08010079310490535 0.015606513390174279 0.01583519348731408
0 0.3951064623319186 0.6057290664085975 0.022249808678260215 0.02258953681358924
0 0.668917729304387 0.961980232825646 0.04009158794696514 0.03962839566744291
0 0.36247832958514875 0.3351465371938852 0.017529781048114482 0.01732606154221755
0 0.3442905866182767 0.04078169969411997 0.016046890845665567 0.016045111876267653
0 0.7159303518442007 0.11356432621295635 0.017981602595402643 0.017838368049034707
0 0.3066891523507925 0.6040748082674466 0.03302192687988281 0.03365744077242338
0 0.9629077911376953 0.12633224634023812 0.02440790029672476 0.0249325128702017
0 0.44636205526498646 0.2296565312605638 0.02211277301494892 0.021905238811786357
0 0.7111982932457557 0.46272974747877854 0.043236952561598554 0.042679860041691706
0 0.3501433959374061 0.641969240628756 0.03131807767427885 0.031354464017427884
0 0.6839209336500901 0.7033302600567157 0.03893294701209435 0.03847151536207933
0 0.3104703242962177 0.9749724314762995 0.05426700298602764 0.04506727365347055
0 0.12973647851210374 0.07320333444155179 0.01569788272564228 0.015346288681030273
0 0.1432189758007343 0.4615968924302321 0.028586864471435547 0.028481776897723857
0 0.8210937793438251 0.1502306369634775 0.022378921508789062 0.022779299662663385
0 0.666837032024677 0.2515978446373573 0.02815085190993089 0.02830050541804387
0 0.851519511296199 0.19649267196655273 0.02199525099534255 0.022300133338341348
0 0.9365489666278546 0.6286687117356521 0.03908113332895132 0.03966199434720553
0 0.4357651196993314 0.37378729306734526 0.02195563683143029 0.02180026127741887
0 0.427860663487361 0.6507569826566256 0.025017811701847956 0.025019425612229567
0 0.8986471616304837 0.891235718360314 0.051122225247896634 0.050994873046875
0 0.5400627576387845 0.41503165318415713 0.01745121295635517 0.017587955181415264
0 0.29105666967538685 0.5454473495483398 0.025832212888277493 0.026025918813852165
0 0.7346873650184045 0.9324665069580078 0.027896881103515625 0.027731675368088942
0 0.5956364411574143 0.5703035501333383 0.014191700862004207 0.0144499265230619
0 0.9385911501370944 0.15029472571152908 0.0394292978140024 0.038730731377234824
0 0.48824090224045974 0.6537785896888146 0.04037270179161659 0.03970483633188101
0 0.559145083794227 0.37957969078650844 0.020282598642202523 0.020686002878042366
0 0.19224144862248346 0.7371359605055589 0.016449928283691406 0.016291104830228366
0 0.17171812057495117 0.2854892107156607 0.029446161710298978 0.029162810398982122
0 0.6193232903113732 0.19202890762915978 0.020366705380953275 0.02090600820688101
0 0.6182355147141677 0.293300775381235 0.01787365399874174 0.017874497633713942
0 0.6255141038161057 0.2527965215536264 0.02861932607797476 0.030025959014892578
0 0.018593209294172432 0.9877504935631385 0.02765279320570139 0.02195871793306791
0 0.05076049382870014 0.9628941462590144 0.04807872955615704 0.047208932729867786
0 0.5105594855088454 0.6638747728787936 0.014966304485614482 0.014871744009164663
0 0.17519529049213117 0.37233158258291393 0.02764100294846755 0.027720818152794473
0 0.5756815396822416 0.9717613366933969 0.02086976858285757 0.021243462195763223
0 0.9100958017202524 0.31677987025334287 0.02268365713266226 0.022776016822228067
0 0.2553905707139235 0.12113692210270809 0.0305022459763747 0.030220526915330153
0 0.7801220967219427 0.16770058411818284 0.017659113957331732 0.01803478827843299
0 0.6062615834749662 0.22561176006610578 0.014706171475923978 0.01435991433950571
0 0.009825415336168729 0.7236377275907077 0.018484493860831626 0.018487196702223558
0 0.07822694228245662 0.9071614192082331 0.014873431279109074 0.014827434833233174
0 0.6076963131244366 0.4308209786048302 0.06783837538499099 0.06741714477539062
0 0.7752100137563852 0.016462742136074945 0.0171963618351863 0.018024593591690063
0 0.6996161387516902 0.990094258235051 0.04287646366999699 0.01888407193697416
0 0.674921622643104 0.22938299179077148 0.022869696983924277 0.022977388822115384
0 0.5362187899076022 0.8323532984806941 0.019809722900390625 0.020281424889197715
0 0.4294632031367375 0.8142370077279898 0.032820481520432696 0.03198799720177284
0 0.8757305145263672 0.9719630021315354 0.17705946702223557 0.05534832294170673
0 0.5969826624943659 0.6748401201688327 0.04088269747220553 0.04058573796198918
0 0.8126707810621995 0.9136187480046198 0.014892871563251201 0.014934686514047476
0 0.5659355750450721 0.19231578019949105 0.020645288320688102 0.02063883267916166
0 0.7997308877798227 0.7139676167414739 0.01614233163686899 0.01633145258976863
0 0.4705946995661809 0.9122342329758865 0.023343306321364183 0.0234222412109375
0 0.2741738466116098 0.5867291964017428 0.03163304695716271 0.03039213327261118
0 0.5230012306800256 0.181761961716872 0.01925791226900541 0.019434378697321966
0 0.4728827476501465 0.45721688637366664 0.018074769240159255 0.018135510958158053
0 0.718622794518104 0.25148905240572417 0.03141227135291466 0.030993901766263522
0 0.34917721381554234 0.38300066727858323 0.022182391240046576 0.022368577810434196
0 0.6949625748854417 0.37542203756479114 0.02362060546875 0.02398520249586839
0 0.30721308634831357 0.8767477182241586 0.029956230750450723 0.030146085298978366
0 0.671452522277832 0.9331525655893179 0.02110906747671274 0.02114692101111779
0 0.6333863185002253 0.017118609868563138 0.01599267812875601 0.015713058985196628
0 0.8838172325721154 0.44261778317964995 0.0167083740234375 0.01690813211294321
0 0.6240433913010818 0.2624679712148813 0.020014542799729567 0.0206298094529372
0 0.014189855410502506 0.45728382697472203 0.02206177436388456 0.021669827974759616
0 0.3054830477787898 0.37093632037823016 0.07682550870455228 0.07448739271897536
0 0.366330256828895 0.4501357078552246 0.014209967393141527 0.014054811917818509
0 0.843375719510592 0.10577814395611103 0.026274461012620192 0.02584229982816256
0 0.4800445850078876 0.20548158425551194 0.020070736224834736 0.020081006563626803
0 0.47226062187781703 0.7526017702542819 0.025845747727614183 0.02588477501502404
0 0.52083708689763 0.49999831273005557 0.016953468322753906 0.017571375920222357
0 0.6405277252197266 0.27752161026000977 0.029950361985426683 0.03030997056227464
0 0.5969428282517654 0.34765793726994443 0.016736984252929688 0.016940190241887018
0 0.8039637345534104 0.16945666533250076 0.014086209810697116 0.014122816232534556
0 0.693876706636869 0.07783843920781063 0.013766068678635817 0.013824536250187801
0 0.99467710348276 0.36368091289813703 0.010430115919846755 0.014056132389948918
0 0.793272458589994 0.6043021862323468 0.023410503680889424 0.02328007037823017
0 0.5192105953509991 0.49864816665649414 0.02010690248929537 0.021147801325871393
0 0.4432974595289964 0.571887309734638 0.023441608135516826 0.023810900174654447
0 0.779321890610915 0.1128308681341318 0.017178902259239785 0.01745440409733699
0 0.6275854110717773 0.24866524109473595 0.02733127887432392 0.02701887717613807
0 0.5208377104539138 0.7833526317889874 0.04153589101938101 0.04075138385479267
0 0.26580036603487456 0.41684301082904524 0.01654977064866286 0.016410460838904746
0 0.1753367277292105 0.22853488188523513 0.014789507939265324 0.01481921856219952
0 0.44935094393216646 0.41214146980872524 0.023697046133188102 0.023760575514573317
0 0.34140876623300404 0.5154837094820462 0.023290414076585036 0.023422681368314303
0 0.7561996166522686 0.6961881197415866 0.033660888671875 0.03336950448843149
0 0.7218759976900541 0.047667356637807995 0.016965719369741585 0.016816744437584512
0 0.0857843802525447 0.3606236164386456 0.01898733010658851 0.019267449012169473
0 0.5155663857093225 0.9186727083646334 0.05280171907865084 0.05365841205303486
