0 0.3900005634014423 0.19241857528686523 0.10940111600435697 0.10927206736344558
0 0.5570201873779297 0.059969351841853216 0.06431638277493991 0.0645433572622446
0 0.610500482412485 0.13740419424497163 0.05874985914963942 0.05864244240980882
0 0.3314036222604605 0.3976103709294246 0.04992521726168119 0.0498652824988732
0 0.5239918782160833 0.5916015551640437 0.08308982849121094 0.08269552084115836
0 0.6649287297175481 0.08535902316753681 0.06915048452524039 0.068665100977971
0 0.8261585235595703 0.5924841073843149 0.043211129995492786 0.04280999990609976
0 0.2289870518904466 0.9436544271615835 0.04082844807551457 0.040999339177058294
0 0.6321182250976562 0.26534091509305513 0.057304088885967545 0.056446148799015924
0 0.8463891836313101 0.7389271075908954 0.027428553654597357 0.0274807856633113
0 0.4934551532451923 0.8755550384521484 0.03828973036545973 0.038252757145808294
0 0.7010256693913386 0.044029602637657754 0.03716600858248197 0.036866992712020874
0 0.14478542254521296 0.9027897761418269 0.020296353560227614 0.020405109112079326
0 0.5281264965350811 0.03003309093988859 0.062093294583834134 0.05749574532875648
0 0.811053569500263 0.9305676680344802 0.024752103365384616 0.024524395282451924
0 0.23516220312852126 0.2253603201646071 0.02327387149517353 0.023469044612004206
0 0.4377653415386493 0.3964276680579552 0.020817096416766826 0.02103262681227464
0 0.3309480226956881 0.2337484726539025 0.03481894273024339 0.03494845903836764
0 0.2571295224703275 0.7394999724168044 0.057297779963566706 0.057104844313401446
0 0.2657391107999362 0.40012110196627104 0.02626481423011193 0.026395797729492188
0 0.5547139094426081 0.5197118612436148 0.08659142714280349 0.08719715705284706
0 0.5285109373239371 0.3463764924269456 0.039129403921274036 0.039264678955078125
0 0.4763597341684195 0.6787056556114783 0.030100015493539665 0.02988888667179988
0 0.7024027017446665 0.49888097322904146 0.018042344313401442 0.01805569575383113
0 0.8215486086331881 0.6615799390352689 0.031973618727463946 0.03179007310133714
0 0.8069604726938101 0.8762079385610727 0.018926620483398438 0.019001887394831732
0 0.748533689058744 0.9367911999042218 0.0171816899226262 0.017141195443960335
0 0.5421738991370568 0.44294243592482346 0.017453560462364785 0.017485912029559795
0 0.36338417346660906 0.27649787756112904 0.017934799194335938 0.01784625420203576
0 0.21203903051523063 0.04616949191460243 0.0626972638643705 0.06360941666823167
0 0.4643691869882437 0.3831597841702975 0.016873726477989785 0.01680579552283654
0 0.3980921965378981 0.3838836596562312 0.028011028583233174 0.02782616248497596
0 0.3109040627112755 0.169067749610314 0.01771083244910607 0.017503078167255107
0 0.2357815412374643 0.5846960361187274 0.01891183853149414 0.019000860360952523
0 0.45546348278339094 0.5142234655526968 0.01634495074932392 0.016058701735276442
0 0.730438966017503 0.6332020392784705 0.10408592224121094 0.10352868300217849
0 0.7741908293503982 0.8998869382418119 0.051001475407527044 0.050979320819561295
0 0.7923209117009089 0.6394054706280048 0.02376380333533654 0.023417252760667067
0 0.6993296696589544 0.13581341963547927 0.030443338247445915 0.02998190659743089
0 0.5945661618159368 0.2422167154458853 0.020984943096454326 0.021237740149864785
0 0.2935848602881798 0.9816166804387019 0.016845849844125602 0.016946059006911058
0 0.25628005541287935 0.6024890312781701 0.018864008096548226 0.01868893549992488
0 0.4453120231628418 0.8232636084923377 0.06318349104661208 0.06261209341195914
0 0.7444076538085938 0.04253511245434101 0.017333104060246393 0.017514384709871732
0 0.39240734393780047 0.1248027361356295 0.034643319936899036 0.03472592280461238
0 0.42511573204627406 0.040814340114593506 0.049155161930964544 0.04958989987006554
0 0.7532869485708383 0.36118419353778547 0.029239067664513223 0.02939913823054387
0 0.3579254150390625 0.993151958172138 0.0184933589054988 0.012093470646784855
0 0.6374502182006836 0.6234699395986704 0.18944784311147836 0.1971412071814904
0 0.8522064502422626 0.5681989376361554 0.03074792715219351 0.03098722604604868
0 0.20050833775446966 0.12698046977703387 0.022728113027719352 0.022869440225454476
0 0.7368632830106295 0.6860370635986328 0.015317036555363582 0.015046633206881009
0 0.5309973863454965 0.5228117429293119 0.03949796236478365 0.039050982548640326
0 0.42429344470684344 0.23898135698758638 0.01714046184833233 0.01698457277738131
0 0.8706921063936673 0.7392995540912335 0.012457774235652043 0.019422090970552884
0 0.5228066077599158 0.29687875967759353 0.034598277165339544 0.03535311038677509
0 0.6339539747971755 0.060428958672743574 0.017193720890925482 0.017351425611055814
0 0.6026546038114108 0.47308804438664365 0.05611991882324219 0.0573577880859375
0 0.7928723555344802 0.6917357811560998 0.028940934401292067 0.028929637028620794
0 0.16579620654766375 0.7465921548696665 0.0679248571395874 0.06849993192232572
0 0.580235114464393 0.015982735615510207 0.03295472952035757 0.030101092962118294
0 0.7551619456364558 0.7823429841261643 0.016000747680664062 0.015922106229341947
0 0.3668942084679237 0.9693682743952825 0.023488704974834736 0.023827185997596152
0 0.724112290602464 0.8681965607863206 0.016962491548978366 0.016769262460561898
0 0.28715625176062953 0.6140990624060998 0.0157317381638747 0.015715378981370192
0 0.7764742191021259 0.14331663571871245 0.017089110154371995 0.01710711992703951
0 0.42192822236281174 0.9082730366633489 0.015557069044846755 0.015604459322415866
0 0.815330065213717 0.7259972645686223 0.016299907977764424 0.016115922194260817
0 0.7233693049504206 0.7880501380333533 0.016400850736177884 0.016402758084810697
0 0.5016611906198355 0.27898491345919096 0.024773010840782754 0.024544495802659255
0 0.2750275685237004 0.9071741837721604 0.037418548877422624 0.03734647310697115
0 0.25357587520892805 0.5203687227689303 0.015747877267690804 0.015617957481971154
0 0.4617860500629132 0.06676960908449613 0.052024547870342545 0.05277246695298415
0 0.4762721428504357 0.27313978855426496 0.019975662231445312 0.01994628172654372
0 0.8480036808894231 0.4704484205979567 0.03068718543419471 0.02949186471792368
0 0.7228336334228516 0.3681213305546687 0.028962355393629808 0.028779029846191406
0 0.44051273052509016 0.037342995405197144 0.11385536193847656 0.07070538172355065
0 0.21721249360304612 0.3801768376277043 0.0265044065622183 0.026664000291090745
0 0.48281163435715896 0.5376147123483511 0.062047298137958236 0.06330343393179086
0 0.24445220140310434 0.30820934589092547 0.02027573952308068 0.020482356731708232
0 0.6149305196908804 0.38172582479623646 0.017164083627554085 0.016925958486703727
0 0.28463462682870716 0.3318348664503831 0.013892320486215444 0.013971548814039964
0 0.7024644704965445 0.6874379378098708 0.030326109666090745 0.0302276611328125
0 0.14686499192164496 0.31415535853459287 0.015275936860304613 0.015302529701819787
0 0.26803064346313477 0.54779236133282 0.020217088552621696 0.019868190471942607
0 0.8537192711463342 0.9099043332613431 0.016673748309795674 0.016565469595102165
0 0.8002854860745944 0.31606234036959135 0.02846864553598257 0.028686963594876803
0 0.42918792137732875 0.2780973727886493 0.016545662513146035 0.016645138080303486
0 0.6433960841252253 0.805055178128756 0.016520280104417067 0.01614526601938101
0 0.15805295797494742 0.25160035720238316 0.015586266150841346 0.015507367941049429
0 0.49375567069420445 0.042674706532404974 0.014779164240910457 0.014830793325717632
0 0.6730370154747596 0.015815960673185494 0.032344818115234375 0.029114427474828865
0 0.14981473409212553 0.12183246245751014 0.02105239721444937 0.021410685319166917
0 0.23951178330641526 0.19506095005915716 0.015342125525841346 0.015462105090801533
0 0.809513312119704 0.35765915650587815 0.0191497802734375 0.019010323744553786
0 0.6360015869140625 0.503662842970628 0.040414663461538464 0.04146385192871094
0 0.6047219496506911 0.5921440124511719 0.01890696012056791 0.01942729949951172
0 0.6716133997990534 0.5585763637836163 0.014780484713040866 0.014830369215745192
0 0.5347729096045861 0.17592496138352615 0.01735687255859375 0.01716767824613131
0 0.6269366924579327 0.6406607994666467 0.15668751643254206 0.15182597820575422
0 0.4981202712425819 0.41001059458805966 0.017603434049166165 0.01722856668325571
0 0.6520513387826773 0.4275010915902945 0.01869069612943209 0.018839175884540264
0 0.7486893580510066 0.2595505714416504 0.018848419189453125 0.019063729506272536
0 0.558497795691857 0.8610863318810096 0.021335895244891826 0.021489950326772835
0 0.49248812748835635 0.9610312535212591 0.020281644967886116 0.020904541015625
0 0.5783852430490347 0.4477434525123009 0.054251450758713946 0.05634880065917969
0 0.18642970231863168 0.9717885530911959 0.015538178957425632 0.015112656813401442
0 0.6268834334153396 0.03558051586151123 0.07343747065617488 0.06710752157064584
0 0.5079390452458308 0.10574439855722281 0.05494088392991286 0.055309479053203874
0 0.3978695502647987 0.8258390426635742 0.02734037546011118 0.027283888596754808
0 0.37702468725351185 0.06827656122354361 0.02056437272291917 0.020729651817908652
