0 0.5153420521662786 0.3193804300748385 0.08376070169302133 0.08449495755709134
0 0.5558297083928034 0.2020419194148137 0.0655668698824369 0.06607217055100661
0 0.4581744120671199 0.2612438385303204 0.043421231783353366 0.04315739411574144
0 0.6008550203763522 0.470335446871244 0.034940866323617786 0.03528470259446364
0 0.6007475486168494 0.686432985159067 0.04795969449556791 0.04772875859187199
0 0.5143916056706355 0.8537635803222656 0.044422002939077526 0.044326488788311295
0 0.6295449917133038 0.14683400667630708 0.046111033512995794 0.045853798206035905
0 0.6484157122098483 0.205566222851093 0.042832447932316706 0.042787992037259616
0 0.61134096292349 0.2747251804058368 0.05580579317533053 0.05574849935678335
0 0.5973971440241888 0.9445779506976788 0.06250601548414964 0.06255942124586839
0 0.5038244540874774 0.21280739857600287 0.03104422642634465 0.030916727506197415
0 0.500091552734375 0.6584830650916467 0.026648888221153848 0.026917384221003607
0 0.3032361910893367 0.13678934023930475 0.03405556311974159 0.03893360724815956
0 0.5313145564152644 0.2592945465674767 0.02462284381573017 0.0243682127732497
0 0.6240853529710036 0.2336760667654184 0.026597096369816706 0.026423234205979567
0 0.7029531919039212 0.812928713285006 0.0325927734375 0.04625437809870793
0 0.4680321766779973 0.7080692878136268 0.05064832247220553 0.050664461576021634
0 0.5737389417795035 0.2733007761148306 0.03011490748478816 0.029717665452223558
0 0.5905225093548114 0.22463728831364557 0.033512188838078424 0.03320092421311598
0 0.6944977686955378 0.9382836268498347 0.053001110370342545 0.05532484788161058
0 0.5937282122098483 0.04535112931178166 0.03527281834528996 0.03470111810244047
0 0.4732536169198843 0.5636340654813327 0.03621453505295973 0.0352635016808143
0 0.4170187803415152 0.11702103798206036 0.05299993661733774 0.05429196357727051
0 0.41878901995145357 0.628361701965332 0.0229342533991887 0.023105474618765023
0 0.5979564373309796 0.9828077463003305 0.03502640357384315 0.03277382483849159
0 0.4641079535851112 0.829002673809345 0.015944700974684495 0.015850067138671875
0 0.5465880173903245 0.24677460010235125 0.016494604257436898 0.01629436933077299
0 0.6558839357816256 0.16081956716684195 0.016940483680138223 0.01676350373488206
0 0.658663456256573 0.3843501164362981 0.02288950406588041 0.02306820796086238
0 0.6443477043738732 0.6364713815542368 0.03310100848858173 0.03310379615196815
0 0.47419474675105167 0.7906557963444636 0.039902760432316706 0.03992036672738882
0 0.5709989987886869 0.9879602285531851 0.014836531419020433 0.014906076284555288
0 0.5825444735013522 0.4470952840951773 0.01836820749136118 0.0182952147263747
0 0.36459952134352464 0.5877134616558368 0.024785995483398438 0.02476648183969351
0 0.6419996114877554 0.4983734350938063 0.014860593355618991 0.014578819274902344
