0 0.5994817293607272 0.8508768815260667 0.21826524000901443 0.2306697552020733
0 0.4374074935913086 0.7998702709491436 0.0345310798058143 0.03416017385629507
0 0.41185346016517055 0.6623630523681641 0.024504954998309795 0.02440672654371995
0 0.3553924927344689 0.6728630065917969 0.12725162506103516 0.20205072256234977
0 0.3296794891357422 0.5745443197397085 0.016301668607271634 0.01651316422682542
0 0.6811911509587214 0.6246464069073017 0.01595643850473257 0.016030531663161058
0 0.5555842472956731 0.7209493196927584 0.015266711895282451 0.01513671875
0 0.4052411226125864 0.5756256396953876 0.03534918565016527 0.03546230609600361
0 0.5049839019775391 0.9578449542705829 0.0978697263277494 0.0836651141826923
0 0.4543012472299429 0.7374708469097431 0.016425352830153245 0.01613778334397536
0 0.509062253511869 0.9942367260272686 0.03032082777756911 0.011381002572866587
0 0.6188342754657452 0.9533574030949519 0.1797331296480619 0.09345010610727164
0 0.6494211050180289 0.6889847975510818 0.014299099261944111 0.01412670428936298
