0 0.2235293571765606 0.9131452120267428 0.1498087369478666 0.15169994647686297
0 0.3619658029996432 0.8813670965341421 0.07472045604999249 0.0754533914419321
0 0.7688049903282752 0.7566086695744441 0.06443845308743991 0.06331458458533654
0 0.25818426792438215 0.40253580533541167 0.05844725095308744 0.05844438993013822
0 0.5956855187049279 0.6433874276968149 0.08845578707181491 0.08847676790677585
0 0.6774415969848633 0.7523813981276292 0.06952593876765324 0.0703265850360577
0 0.7273025512695312 0.7082413893479568 0.057379502516526446 0.0573572012094351
0 0.2748057475456825 0.02223285803428063 0.050224047440748945 0.04241528877845177
0 0.5415491324204665 0.2894115081200233 0.022838885967548076 0.022778437687800482
0 0.584203500014085 0.851192254286546 0.04557521526630108 0.04581407400277945
0 0.6260682619535006 0.0506287538088285 0.02051397470327524 0.02055496435899001
0 0.5084229982816256 0.8429559560922476 0.04408704317533053 0.043598028329702526
0 0.5655114834125226 0.019603571066489585 0.03364474956805889 0.03256411277330839
0 0.8263964286217322 0.8301059282743014 0.02907694303072416 0.02919798630934495
0 0.6548555080707257 0.08007933543278621 0.030515083899864785 0.030452985029954176
0 0.8325708829439603 0.8052577972412109 0.0236050532414363 0.023497948279747598
0 0.7841917184682993 0.33021868192232573 0.027347564697265625 0.027462152334359977
0 0.5754831754244291 0.7608080643873948 0.030352299030010518 0.030034578763521634
0 0.28124640538142276 0.18657412895789513 0.27541043208195615 0.3305433713472806
0 0.6447315216064453 0.7083414517916166 0.07567680799044095 0.07602427555964543
0 0.3265074583200308 0.6325052701509916 0.03907005603496845 0.0392608275780311
0 0.8164473313551682 0.034499675035476685 0.036523085374098554 0.03692865830201369
0 0.632564324599046 0.7787719139685998 0.031366788423978366 0.03156427236703726
0 0.29026334102337176 0.5954491175138034 0.03662391809316782 0.03675563518817608
0 0.48332889263446516 0.08727150696974534 0.24363062931941107 0.16708726149338943
0 0.852725102351262 0.9387632516714243 0.01944585946890024 0.019428840050330527
0 0.4035507348867563 0.8567862877478967 0.035997977623572715 0.03613604032076322
0 0.684845337500939 0.8262042999267578 0.031270393958458535 0.02995153573843149
0 0.7438241518460788 0.6432206814105694 0.033403836763822116 0.033279125507061295
0 0.6768298515906701 0.013230686004345234 0.0279693603515625 0.02191851230768057
0 0.621251473060021 0.976901861337515 0.11080694198608398 0.04489839993990385
0 0.8123022226186899 0.7946649698110727 0.02371832040640024 0.023753973153921273
0 0.6912329747126653 0.9334903863760141 0.03506792508638822 0.035524955162635215
0 0.42398672837477464 0.8314050527719351 0.024206088139460638 0.024388533372145433
0 0.48538868243877703 0.6895786432119516 0.06946138235238883 0.0696424337533804
0 0.5978716336763822 0.8903876084547776 0.034813220684344955 0.03443820659930889
0 0.753482305086576 0.22213114224947417 0.032257373516376205 0.03226757049560547
0 0.27692835147564226 0.8005613913902869 0.03985918485201322 0.03936928969163161
0 0.24317341584425706 0.10688924789428711 0.029335168691781852 0.02903149678156926
0 0.8100789877084585 0.30483774038461536 0.025670271653395433 0.02553220895620493
0 0.47396271045391375 0.8449987998375525 0.020043006310096152 0.019676795372596152
0 0.7560843687791091 0.36279869079589844 0.018489544208233174 0.01838375971867488
0 0.577321089231051 0.8213200202355018 0.027929966266338643 0.02744117149939904
0 0.4577510173504169 0.027256786823272705 0.07036385169396034 0.04828805189866286
0 0.3013894741351788 0.47744101744431716 0.027847803556002103 0.027650759770320013
0 0.5338986836946927 0.8561289860652044 0.034947982201209433 0.034332275390625
0 0.5426928446843073 0.089585359279926 0.01810880807729868 0.018360192959125225
0 0.5222729903001052 0.1024625484759991 0.02463355431189904 0.0242003660935622
0 0.7383447793813852 0.048593025941115156 0.04140208317683293 0.04202646475571852
0 0.6713136526254507 0.519112073458158 0.05231739924504207 0.052941395686222956
0 0.45283207526573765 0.7174976055438702 0.03492883535531851 0.03555914071890024
0 0.27497249383192796 0.7684163313645583 0.031241857088529147 0.03193517831655649
0 0.541079594538762 0.21119172756488508 0.027306336622971755 0.02695941925048828
0 0.3494190802940956 0.495239074413593 0.07389207986684945 0.0721128170306866
0 0.5179510116577148 0.9250847743107722 0.023720814631535456 0.023684575007512018
0 0.398827992952787 0.6488874875582181 0.03209209442138672 0.03202731792743389
0 0.1834853979257437 0.6367323948786809 0.030728853665865384 0.030313638540414665
0 0.45005075748150164 0.24687690001267654 0.03087197817288912 0.03089457291823167
0 0.34610766630906326 0.5820892407343938 0.029034541203425482 0.028600105872521035
0 0.7931506083561823 0.5516804915208083 0.026827005239633415 0.02700673616849459
0 0.6607261070838342 0.9258924630972055 0.03362582280085637 0.03332798297588642
0 0.6394120729886569 0.1525816275523259 0.041944063626802884 0.042000642189612754
0 0.8543003522432767 0.8937541521512545 0.027092860295222357 0.02706292959359976
0 0.16246720460745004 0.6479666783259466 0.03820309272179237 0.03898327167217548
0 0.8205741735605093 0.4575780721811148 0.016066331129807692 0.015973898080679085
