0 0.3203455118032602 0.086302793942965 0.10512691277724046 0.10460769213162936
0 0.17186434452350324 0.14462753442617562 0.09097521121685322 0.0899644998403696
0 0.4422620626596304 0.6124996038583609 0.10661682715782753 0.10611519446739784
0 0.8411856431227464 0.9343257317176232 0.22597826444185698 0.1287665733924279
0 0.12810107377859262 0.7393075502835788 0.08185694767878605 0.08295411330003005
0 0.6876954298753005 0.9005254598764273 0.0535272451547476 0.053675138033353366
0 0.8542342552771935 0.395452829507681 0.04497938889723558 0.044967944805438705
0 0.15194339018601638 0.0540003042954665 0.06362610596876878 0.0630955696105957
0 0.33219586885892427 0.7926161839411809 0.08299811069781964 0.08111718984750602
0 0.3042127169095553 0.9254597150362455 0.055095819326547474 0.05555886488694411
0 0.6584769028883714 0.08383455643287072 0.06584431574894832 0.0661639800438514
0 0.2346788002894475 0.3756292416499211 0.03332842313326322 0.03294585301325871
0 0.6710496315589318 0.2221707564133864 0.05916654146634615 0.05910851405217098
0 0.65435057419997 0.3937826890211839 0.08867439856896034 0.08805685776930589
0 0.27849628375126767 0.416716979100154 0.02981284948495718 0.029995478116548978
0 0.4819478988647461 0.19371865345881537 0.03932659442608173 0.03939195779653696
0 0.5768497173602765 0.2173920044532189 0.041339874267578125 0.04145893683800331
0 0.4794033490694486 0.7534000690166767 0.04377130361703726 0.04334581815279447
0 0.9084949493408203 0.847604017991286 0.06796851524939904 0.06749886732835036
0 0.2526116737952599 0.5313540605398325 0.022021000201885518 0.02224870828481821
0 0.4996856175936185 0.07497725578454825 0.05927298619196965 0.060429894007169284
0 0.9024269397442157 0.33188372391920823 0.059578235332782455 0.057918621943547174
0 0.05756985682707567 0.47923704294057995 0.024320043050325833 0.024271304790790264
0 0.12180717174823467 0.5626279390775241 0.03068861594566932 0.030776097224308893
0 0.8187070993276743 0.7904112889216497 0.04224483783428486 0.042066720815805286
0 0.6423647953913763 0.8807978996863732 0.023760575514573317 0.0237576411320613
0 0.03101739975122305 0.32111630072960484 0.026869847224308893 0.03482776421767015
0 0.5811215914212741 0.10474998217362624 0.031893363365760215 0.031598843061006986
0 0.39589372048011195 0.7381786933312049 0.03293169461763822 0.03298466022198017
0 0.6794148958646334 0.7240409851074219 0.02615987337552584 0.025980582604041465
0 0.6543761033278245 0.5116310853224534 0.05090830876277043 0.05125588637131911
0 0.22265100479125977 0.4364453462453989 0.029506683349609375 0.029630147493802585
0 0.9341330161461463 0.4208584198584923 0.03206003629244291 0.03179528163029598
0 0.31464719772338867 0.16742266141451323 0.025156387915978067 0.025156681354229268
0 0.28823030911959135 0.268839744421152 0.02216790272639348 0.02214336395263672
0 0.9634795555701623 0.8212720430814303 0.04179529043344351 0.055913485013521634
0 0.5890015822190505 0.0800853967666626 0.022564081045297477 0.022701336787297174
0 0.466767824613131 0.9518709916334885 0.026312754704402044 0.026164421668419473
0 0.8231099935678335 0.1835777392754188 0.03686097952035757 0.03674950966468224
0 0.760646233191857 0.11741757392883301 0.04239361102764423 0.04225595180804913
0 0.5697192045358511 0.5018234252929688 0.01957071744478666 0.019562941331129808
0 0.7285285362830529 0.6697023831881009 0.020793327918419473 0.020891629732572116
0 0.9532042283278245 0.45915838388296276 0.029186102060171273 0.02939180227426382
0 0.30719874455378604 0.6089479739849384 0.018434451176570013 0.018156051635742188
0 0.9427970739511343 0.5163010083712064 0.0286407470703125 0.028734500591571514
0 0.9354639786940354 0.24565696716308594 0.02508720984825721 0.025440289424015924
0 0.5481417729304388 0.3759274482727051 0.019571451040414665 0.019493983342097357
0 0.2014133746807392 0.6771932748647836 0.022476049569936898 0.022448319655198317
0 0.25115038798405576 0.3942320163433368 0.019483309525709886 0.019643416771521933
0 0.46190584622896635 0.21882071861853966 0.022685124323918268 0.022836978618915264
0 0.26625644243680513 0.5635347366333008 0.027413404904879056 0.02763997591458834
0 0.5395973645723783 0.7159311587993915 0.03598374586838942 0.035445873553936295
0 0.17346748938927284 0.36238208183875453 0.020633477431077223 0.0206148441021259
0 0.064398664694566 0.08299324145683876 0.030205781643207256 0.030109533896813027
0 0.7105655670166016 0.6230137164776142 0.03021386953500601 0.02987494835486779
0 0.8918396876408503 0.7700654543363131 0.029607626108022835 0.02938989492563101
0 0.9444112777709961 0.7339483407827524 0.022870724017803486 0.02275672325721154
0 0.871426508976863 0.32750826615553635 0.026567605825570915 0.026873295123760518
0 0.26279476972726673 0.23549622755784255 0.020762113424447868 0.02076262694138747
0 0.05975261101355919 0.030237229970785286 0.034534839483407825 0.03435834554525522
0 0.2445105772752028 0.7704687852125901 0.018518631274883565 0.018746302678034857
0 0.5622253051170936 0.8803357344407302 0.025768353388859674 0.026079618013822116
0 0.13326604549701399 0.42998486298781174 0.02213111290564904 0.022170506990872897
0 0.8866684253399189 0.02130955457687378 0.026676177978515625 0.026620539335104134
0 0.9735444875863882 0.31206607818603516 0.016838954045222357 0.023918885451096755
0 0.1005090199984037 0.02935884319818937 0.01685192034794734 0.016636376197521504
0 0.10994922197782077 0.26183871122506946 0.022056762988750752 0.022159282977764424
0 0.21087345710167518 0.49852609634399414 0.022515076857346755 0.022759437561035156
0 0.09968515542837289 0.1983624971829928 0.02277099169217623 0.022762005145733174
0 0.14174613585838905 0.4508981704711914 0.01723001553462102 0.01721499516413762
0 0.6075562697190505 0.043701579937568076 0.020384861872746393 0.020646526263310358
0 0.0408482551574707 0.43584603529710036 0.018941255716177132 0.018994844876802884
0 0.45920570080096906 0.9136387018057016 0.026076536912184495 0.026324052077073317
0 0.08610447553487924 0.4707606388972356 0.029134658666757438 0.029328272892878607
0 0.09409447816702035 0.21326426359323356 0.021454591017503005 0.021462513850285456
0 0.15369863693530744 0.4882249098557692 0.018205294242272012 0.017975513751690205
0 0.5891788922823392 0.7455282944899339 0.017526920025165264 0.017351297231820915
0 0.7330913543701172 0.7648423268244817 0.035936795748197116 0.03583717346191406
0 0.7187215364896334 0.027564692955750685 0.0236813471867488 0.023529332417708177
0 0.8183393478393555 0.14904249631441557 0.019581427940955527 0.019455983088566706
0 0.6822380652794471 0.7867092719444861 0.019993121807391826 0.019863128662109375
0 0.7584921029897836 0.19357039378239557 0.28911792314969575 0.2956960384662335
0 0.5031600365271935 0.10374446098621075 0.029445061316856973 0.029335645528940055
0 0.6128890697772686 0.8625265268179086 0.025594271146334134 0.025722797100360576
0 0.8520592909592849 0.2868618048154391 0.03993034362792969 0.03942684026864859
0 0.9260965494009165 0.37062641290517956 0.022212688739483174 0.022836024944598857
0 0.9082312217125525 0.009983658790588379 0.018665607158954326 0.017774011080081645
0 0.18084166600153997 0.30344135944659895 0.01826814504770132 0.018150512988750752
0 0.43476233115563023 0.8861064910888672 0.048737525939941406 0.049284714918870196
0 0.14163005352020264 0.5014906663161057 0.01832294464111328 0.018210631150465745
0 0.9141490642841046 0.23419970732468826 0.022807194636418268 0.02301025390625
0 0.11227279443007249 0.1417409089895395 0.018565874833327074 0.018482079872718223
0 0.35071306962233323 0.3861355414757362 0.0241085932804988 0.024490869962252103
0 0.9500646591186523 0.20462138836200422 0.05096303499661959 0.05058846106896034
0 0.6572597210223858 0.1383815361903264 0.018707275390625 0.018793766315166768
0 0.13380741156064546 0.28786901327279896 0.024283940975482646 0.024529163654033955
0 0.7650588108943059 0.7611355414757361 0.023844498854417067 0.023578350360576924
0 0.41899361977210414 0.1036608494245089 0.020790760333721455 0.021066647309523363
0 0.6137601412259616 0.4537540582510141 0.04285768362192007 0.043374281663161054
0 0.1795791479257437 0.3783763371981107 0.017122782193697415 0.017186825092022236
0 0.13010094715998724 0.8329228621262771 0.01758857873769907 0.017298771784855768
0 0.6681574307955228 0.460022156055157 0.0662832993727464 0.06550011268028846
0 0.08898541560539833 0.8512697219848633 0.03329579646770771 0.033417921799879804
0 0.15057141047257644 0.9286746978759766 0.2418082860799936 0.14026817908653846
0 0.24527355340810922 0.5567895815922663 0.01772770514855018 0.017942355229304388
0 0.6792171184833233 0.3200038763192984 0.01981940636268029 0.0198056147648738
0 0.44058550321138823 0.36067801255446214 0.015459500826322116 0.01535188234769381
0 0.11644689853374775 0.08220254457913913 0.08910879722008339 0.08594230505136344
0 0.6956744560828576 0.07454940905937782 0.016817533052884616 0.017195976697481595
0 0.16326423791738656 0.8631433340219351 0.01717398716853215 0.016955449030949518
0 0.3379042698786809 0.16957686497614935 0.017096226031963643 0.016761046189528245
0 0.12564976398761457 0.5136921222393329 0.01572388869065505 0.01562030498798077
0 0.5344188396747296 0.03863610212619488 0.053029427161583535 0.05352233923398531
0 0.10800225001115066 0.463006459749662 0.016881630970881537 0.017050669743464544
0 0.11710517223064716 0.6840964830838717 0.02498208559476412 0.025188592764047477
0 0.7268816140981821 0.3306667988116925 0.017207512488731973 0.017136280353252705
0 0.5453626192533053 0.12344300746917725 0.0160977290226863 0.016153977467463568
0 0.8402718764085036 0.42705623920147234 0.01670690683218149 0.01666127718411959
0 0.6789173713097205 0.93157775585468 0.017223504873422477 0.017024700458233174
0 0.11198159364553598 0.4193843694833609 0.021877508897047777 0.02167356931246244
0 0.9170440527109 0.4992451300987831 0.01927669231708233 0.019457670358511116
0 0.4529432150033804 0.18325123420128456 0.017815516545222357 0.017992789928729717
0 0.9654629780695989 0.17603547756488508 0.015746336716871995 0.015644073486328125
0 0.2719889420729417 0.3031417773320125 0.019034899198091947 0.01930412879356971
0 0.4505498959467961 0.264422214948214 0.02556778834416316 0.0260010866018442
0 0.5572805404663086 0.8349045973557693 0.01915608919583834 0.0195773198054387
0 0.5714802008408767 0.1306226528607882 0.015999794006347656 0.01601437421945425
0 0.18987574944129357 0.5578529651348407 0.03399566503671499 0.0340724358191857
0 0.7334222059983474 0.37978304349459135 0.04154264009915865 0.04191992833064152
0 0.29245983637296236 0.6360626220703125 0.01521602043738732 0.014992640568659855
0 0.6296113087580755 0.975342530470628 0.015252333420973558 0.015176039475661058
0 0.4901698919442984 0.11340717168954703 0.0208895023052509 0.02095972574674166
0 0.46277618408203125 0.8010531205397385 0.015941032996544473 0.015859457162710335
0 0.8431584284855769 0.6927981743445764 0.03176527756911058 0.03206561161921574
0 0.6628877933208759 0.7572367741511419 0.01650105989896334 0.016413175142728366
0 0.5364834712101862 0.009288884699344635 0.016018060537484977 0.01569161621423868
0 0.33789847447321963 0.41500458350548375 0.015428396371694712 0.015491192157451924
0 0.6155859873845027 0.8904037475585938 0.014734121469350962 0.014741163987379808
0 0.43515553841224086 0.11273854512434739 0.014616599449744591 0.014954310197096605
0 0.18144037173344538 0.47552196796123797 0.015294258411114033 0.015128795917217549
0 0.2527015392596905 0.8722854760976938 0.032956710228553183 0.03283896813025841
0 0.5411044634305514 0.4348861254178561 0.016707933866060697 0.01648866213285006
0 0.723389772268442 0.9356724665715144 0.02148129389836238 0.021403972919170674
0 0.337615416600154 0.20334368485670823 0.015242356520432692 0.01508800800030048
0 0.0892099142074585 0.28292529399578387 0.0170901005084698 0.016995356633112982
0 0.6001473206740159 0.6931695204514724 0.019749568058894232 0.019785954402043268
0 0.5351226513202374 0.15456335361187273 0.021418057955228366 0.020998890583331768
0 0.562045904306265 0.09745567578535813 0.015065266535832332 0.015364940349872295
0 0.6085681181687576 0.9512456747201773 0.1433385702279898 0.09428112323467548
0 0.7728902376615084 0.4718879552987906 0.025699615478515625 0.0255435063288762
0 0.42139244079589844 0.3411609943096454 0.014472521268404447 0.014363802396334134
0 0.420477610367995 0.31442975997924805 0.015574968778170072 0.015537115243765024
0 0.9567250471848708 0.39672169318565953 0.020116072434645433 0.020015423114483174
0 0.12490329375633827 0.4685914699847882 0.015979913564828727 0.01603097182053786
0 0.28147350824796236 0.9624736492450421 0.029918157137357272 0.029868345994215745
0 0.1963188098027156 0.9725077702448919 0.028757278735821065 0.028758709247295674
0 0.9754596123328576 0.9436328594501202 0.017467645498422477 0.022546034592848558
0 0.7320716564471905 0.34371445729182315 0.01697393564077524 0.0169217769916241
0 0.9734501471886268 0.9435392526479868 0.022364689753605768 0.02897497323843149
0 0.5499885999239408 0.09130078095656174 0.016092447134164665 0.015938502091627855
0 0.9041520632230319 0.43061564518855167 0.02828363271859976 0.029628606942983773
0 0.24211582770714393 0.7388629913330078 0.014913045443021335 0.014771975003756009
0 0.5390355036808894 0.5576260273273175 0.04820178105280949 0.04780446566068209
0 0.3759876764737643 0.5897586529071515 0.015219615055964543 0.015447029700646034
0 0.3171231196476863 0.22139670298649713 0.015358411348783053 0.01504208491398738
0 0.7342267403235803 0.0505139919427725 0.01871358431302584 0.01824793448814979
0 0.6824547694279597 0.6713151198167068 0.12248435387244591 0.12784268305851862
0 0.2943973174461952 0.20419993767371544 0.020866247323843148 0.020958717052753154
0 0.9073619108933669 0.6531796088585486 0.02266546396108774 0.022923983060396634
0 0.1384296967433049 0.25151373789860654 0.028676509857177734 0.02855704380915715
0 0.9414058098426232 0.37924795884352464 0.0337223639855018 0.03320782001201923
0 0.852089735177847 0.05933012412144588 0.02994698744553786 0.029877680998582106
0 0.7263427147498498 0.7226989452655499 0.01519012451171875 0.015249985914963942
0 0.512967403118427 0.1547684669494629 0.016761633066030648 0.01706706560575045
0 0.5425269053532527 0.9504013061523438 0.025301126333383415 0.025461343618539665
0 0.3213033309349647 0.27764954933753383 0.014778944162222056 0.01521161886361929
0 0.6208196786733774 0.01903011707159189 0.015447763296274038 0.014804748388437124
0 0.5964465508094201 0.8971080780029297 0.014447285578801082 0.014752021202674279
0 0.3933851168705867 0.9854027674748347 0.034392943749060996 0.026360144981971152
0 0.7425211392916166 0.5133823248056265 0.035788315993088946 0.03531243250920223
0 0.8975964326124924 0.08491055782024677 0.014995281512920674 0.014752754798302284
0 0.9658003586989182 0.4380991275493915 0.01925042959359976 0.018897129939152643
0 0.5407222234285795 0.3219803296602689 0.015509385329026442 0.015412257267878605
0 0.12276753095480111 0.2175610248859112 0.015533245526827298 0.01544658954326923
0 0.715149659376878 0.6806941399207482 0.016185907217172477 0.016391167273888223
0 0.712828489450308 0.8465994321382962 0.016289490919846755 0.016529963566706732
0 0.9378334925724909 0.11503922939300537 0.08567105806790866 0.08916390859163724
0 0.46566112224872297 0.8853877140925481 0.015484296358548678 0.015461554894080529
0 0.037778840615199163 0.48450462634746844 0.015424563334538387 0.015217267549954928
0 0.09184415523822491 0.4486196224506085 0.017918898509098932 0.01816221383901743
0 0.9053658705491286 0.4371781349182129 0.021759913517878607 0.02081746321458083
0 0.514370844914363 0.1867965184725248 0.021621850820688102 0.021135623638446514
0 0.8132082132192758 0.8843998542198768 0.03665249164287861 0.03641055180476262
0 0.37065924130953276 0.9248063747699444 0.02920055389404297 0.029787357036884014
0 0.5355674303494967 0.8309189723088191 0.015947488638070915 0.016501500056340143
0 0.7993947542630709 0.4954357147216797 0.022808074951171875 0.02304986807016226
0 0.24790116456838754 0.3161288041334886 0.01439963854276217 0.014238357543945312
0 0.5116302783672626 0.18535940463726336 0.02252021202674279 0.021865184490497295
0 0.4860316790067233 0.9308682221632737 0.026989863469050482 0.027096968430739183
0 0.7480187049278846 0.7050552368164062 0.027582315298227165 0.02683404775766226
0 0.5127326525174655 0.16898353283221906 0.01563600393442007 0.015327526972844051
0 0.9446507233839768 0.37787309059729945 0.02697328420785757 0.027985206017127402
0 0.7257618537315955 0.5982131958007812 0.016736837533804085 0.01698581988994892
0 0.8044339693509616 0.39822974571814906 0.0586694570688101 0.05685982337364784
0 0.3279848098754883 0.5028183643634503 0.047748877451970026 0.047503104576697715
0 0.5343072230999286 0.15736689934363732 0.024867131159855768 0.02514024881216196
0 0.9388008117675781 0.3423206622783954 0.024565770075871393 0.02438193101149339
0 0.26417970657348633 0.7824370310856745 0.016080196087176982 0.016143652108999398
0 0.22931155791649452 0.2620798624478854 0.014104953178992638 0.014143283550555889
0 0.6070264669565054 0.01051839727621812 0.015743108896108773 0.015254589227529673
