0 0.580078125 0.2699401562030499 0.18443621121920073 0.18276361318734977
0 0.3196426538320688 0.4522663629972018 0.08605575561523438 0.08635161473200871
0 0.6558682368351862 0.7688104189359225 0.11233990009014423 0.11382000262920673
0 0.7660609025221604 0.7825776613675631 0.09113223736102764 0.09156564565805289
0 0.4919586915236253 0.46435246100792515 0.10793685913085938 0.1090086423433744
0 0.2589737818791316 0.506926206442026 0.08591453845684345 0.08496871361365685
0 0.7957722590519831 0.8749216519869291 0.1724574749286358 0.1722737825833834
0 0.4816731673020583 0.6621702634371244 0.10831055274376503 0.10975349866426908
0 0.19266988680912897 0.05528202882179847 0.05343074064988356 0.0535660431935237
0 0.8189191084641677 0.5593364788935735 0.04036918053260216 0.04039155519925631
0 0.8799303494966947 0.44103941550621617 0.07699203491210938 0.07833040677584134
0 0.13131536887242243 0.7454823714036208 0.09610273287846492 0.09500973041240986
0 0.8251380920410156 0.17440300721388596 0.026766556959885817 0.02656379112830529
0 0.5412739607004019 0.8905131266667292 0.05376588381253756 0.05431160560021034
0 0.2718359323648306 0.6701316833496094 0.0710137807405912 0.07167478708120492
0 0.21416086416978103 0.974865986750676 0.08417250559880184 0.04886920635516827
0 0.08919662695664626 0.676073954655574 0.045526706255399264 0.05875836885892428
0 0.12328954843374398 0.5386037092942458 0.026957915379450872 0.02736795865572416
0 0.8522777557373047 0.782776612501878 0.03591067974384014 0.03591449444110577
0 0.37426321323101336 0.28923311600318324 0.052419809194711536 0.052475232344407305
0 0.4248069616464468 0.7911598499004657 0.06318811269906852 0.06328230637770432
0 0.299786586027879 0.3687287844144381 0.07536510320810172 0.07692124293400691
0 0.6808823805588943 0.9413406665508564 0.045288379375751205 0.045515794020432696
0 0.291746396284837 0.2639618653517503 0.12179770836463341 0.12017308748685397
0 0.32267900613638073 0.6371421813964844 0.04209047097426195 0.04230924753042368
0 0.7680379427396334 0.3634232741135817 0.041387704702524036 0.04069445683405949
0 0.16662328059856707 0.25954105303837705 0.034386047950157754 0.03445896735558143
0 0.6143452937786396 0.841767824613131 0.05209959470308744 0.05260115403395433
0 0.8996915083665115 0.13288385134476882 0.031062492957481973 0.030941871496347282
0 0.5882550753079928 0.5058304713322566 0.03452902573805589 0.03432816725510817
0 0.6005119177011343 0.9702760256253756 0.030460504385141227 0.030495863694411058
0 0.568792673257681 0.60189911035391 0.03065776824951172 0.03073714329646184
0 0.4172942821796124 0.6235135885385367 0.03386702904334435 0.033645960000845104
0 0.8689614809476413 0.24962764519911546 0.0409692617563101 0.04094831760113056
0 0.1941678340618427 0.013879451614159804 0.04590687384972206 0.02687688286487873
0 0.1134110689163208 0.20245603414682242 0.01851490827707144 0.018593274630033053
0 0.8103329585148737 0.41751575469970703 0.08099629328801082 0.08214789170485276
0 0.4561499815720778 0.3917672083928035 0.032174917367788464 0.03213809086726262
0 0.12820281432225153 0.018892001647215623 0.034866076249342695 0.03459950135304378
0 0.8492262913630559 0.08525275267087497 0.019341395451472357 0.019516578087439902
0 0.25776918117816633 0.14827288114107573 0.020223397475022536 0.020117869743934043
0 0.8401219294621394 0.3353574459369366 0.017925849327674277 0.01797764117901142
0 0.39477113577035755 0.2685469113863431 0.04390291067270132 0.04335099000197191
0 0.5537892855130709 0.8419456481933594 0.04311414865347055 0.04349723229041466
0 0.6358974163348858 0.9833233173076923 0.020183563232421875 0.020267193134014424
0 0.3347419592050406 0.26885799261239857 0.01885223388671875 0.018877029418945312
0 0.10568830600151649 0.44634441229013294 0.034115222784189075 0.03339327298677885
0 0.21681836935190055 0.33109532869779146 0.0388024036700909 0.0390167236328125
0 0.25829432560847354 0.7252041743351862 0.039995853717510514 0.03984979482797476
0 0.7165894141564002 0.25132201268122745 0.052207653339092545 0.05158226306621845
0 0.7211363865778997 0.47595603649432844 0.023580404428335335 0.023816768939678486
0 0.7506685256958008 0.5624660345224234 0.022544714120718148 0.022690259493314303
0 0.22595959443312424 0.4318257111769456 0.04476246467003456 0.0446929931640625
0 0.8369856614332932 0.97870606642503 0.0308990478515625 0.030478404118464544
0 0.14791374940138596 0.1324489300067608 0.02171927232008714 0.02177773989163912
0 0.6543400104229267 0.9175605773925781 0.022808074951171875 0.02270815922663762
0 0.5007132016695462 0.9079212775597205 0.039755601149338946 0.040483328012319714
0 0.5903641627385066 0.5612912178039551 0.023931209857647236 0.023621045626126803
0 0.5638415263249323 0.6679585530207708 0.032561228825495794 0.0324255136343149
0 0.809939457820012 0.6511192321777344 0.019048250638521634 0.019125718336838942
0 0.4470820060143104 0.5097267811114972 0.06069506131685697 0.06351749713604267
0 0.3576905910785382 0.7905219151423528 0.053454032311072715 0.05457511314978966
0 0.16671305436354417 0.45467743506798375 0.02003779778113732 0.020204544067382812
0 0.16598378694974458 0.3524095095120944 0.06647895849668063 0.06750730367807242
0 0.648776127741887 0.4779815307030311 0.0354008307823768 0.03548908233642578
0 0.47133042262150693 0.031239092350006104 0.02573541494516226 0.026307518665607158
0 0.5697082739609939 0.9583894289456881 0.024117249708909255 0.0240481450007512
0 0.7535008650559646 0.46756377586951625 0.022699649517352764 0.022520798903245192
0 0.8971190819373498 0.7216455753032978 0.02223939162034255 0.02222163860614483
0 0.2478162141946646 0.947755373441256 0.017907986274132363 0.017774141751802884
0 0.8631433340219351 0.5855266864483173 0.030200811532827523 0.029497146606445312
0 0.207581850198599 0.5783299666184646 0.031745543846717246 0.03161936539870042
0 0.1991396683913011 0.11536361620976375 0.03542768038236178 0.03483035014225887
0 0.24774378996628982 0.40523547392625076 0.020706910353440505 0.021126306973970853
0 0.18727816068209135 0.16151927067683294 0.017010615422175482 0.01703812525822566
0 0.9110873295710638 0.5629715185899001 0.03188822819636418 0.031194393451397236
0 0.3130491696871244 0.93092104104849 0.062428841224083535 0.06315950246957633
0 0.8891030091505784 0.8098570016714243 0.01569982675405649 0.015404040996844951
0 0.23630211903498724 0.14154514899620643 0.02166586655836839 0.02188000312218299
0 0.1301758472736065 0.5012419407184308 0.03040907933161809 0.03066554436316857
0 0.7811708450317383 0.05188921323189369 0.027757938091571514 0.0278018254500169
0 0.24591064453125 0.05743719064272367 0.03908615845900316 0.038900283666757435
0 0.4712340281559871 0.9567178579477164 0.016875633826622598 0.016742559579702523
0 0.2377926753117488 0.76056275000939 0.051062583923339844 0.051592313326322116
0 0.4013823729294997 0.7349943014291617 0.015214773324819712 0.015322465163010817
0 0.8730916243333083 0.551852483015794 0.02414864760178786 0.024990155146672174
0 0.462740604694073 0.8854420001690204 0.04552195622370793 0.045215606689453125
0 0.4535883389986478 0.8332622234637921 0.061850327711838946 0.05948932354266827
0 0.3669868615957407 0.5912650915292593 0.08020855830265926 0.08106613159179688
0 0.7671017279991736 0.11972587842207688 0.06905541053185096 0.06919675606947678
0 0.6101689705481896 0.4906924321101262 0.021204728346604567 0.02114413334773137
0 0.7649148794320914 0.1269967005803035 0.05905239398662861 0.05427881387563852
0 0.823818353506235 0.22414423869206354 0.015153444730318509 0.01491091801570012
0 0.884980715238131 0.6293367239145132 0.014470907358022837 0.014585935152493991
0 0.7572202682495117 0.5093000118549054 0.014783712533804087 0.014744098369891826
0 0.7818766373854417 0.161972871193519 0.01699036818284255 0.016881906069242038
0 0.7477034055269681 0.48537309353168195 0.023654791025015023 0.024260227496807393
0 0.8956050872802734 0.021064733083431538 0.014411045954777645 0.014401633005875807
0 0.7088148410503681 0.8434313994187576 0.04230059110201322 0.04222444387582632
0 0.11931782502394456 0.6423992743858924 0.044432566716120794 0.043454683743990384
0 0.2221649976877066 0.2381895322066087 0.016668099623460036 0.01691755881676307
0 0.6963747464693509 0.5668557607210599 0.022136394794170674 0.022072792053222656
0 0.5830924694354718 0.9385038522573618 0.019200545090895433 0.01931175818810096
0 0.6335392731886643 0.86944213280311 0.025086622971754808 0.025129024799053486
0 0.5441569915184608 0.7723503112792969 0.07716875809889573 0.07716780442457932
0 0.27248305540818435 0.5717653127817007 0.015997960017277643 0.015873175400954027
0 0.6198435563307542 0.03072803754072923 0.015997666579026442 0.015784758787888747
0 0.8208392216609075 0.39698035900409406 0.01522357647235577 0.015258495624248799
0 0.9020049755389874 0.08086123833289513 0.018315241887019232 0.018205418036534235
0 0.11748279058016263 0.3078756699195275 0.016507405501145583 0.01638456491323618
0 0.26786635472224307 0.43790589846097505 0.013394942650428185 0.013510777400090145
0 0.6083919451786921 0.9466750805194561 0.01433247786301833 0.014287801889272837
0 0.8666697282057542 0.5887353603656476 0.024082770714393027 0.023268773005558893
0 0.8199316171499399 0.6699353731595553 0.01738592294546274 0.016222146841195915
0 0.7850070366492639 0.21613293427687424 0.02861785888671875 0.028531294602614183
0 0.11325876529400165 0.5180732286893405 0.017947967235858623 0.018262423001802884
0 0.22429479085482085 0.462003047649677 0.01566912577702449 0.01590860806978666
0 0.13535270324120155 0.21583109635573167 0.014889276944673978 0.01452944828913762
0 0.20379378245427057 0.30208653670090896 0.028133245614858773 0.027950286865234375
0 0.4905244387113131 0.12906106618734506 0.04518413543701172 0.044724262677706204
0 0.5389969899104192 0.39514376566960263 0.052488473745492786 0.052768780634953424
0 0.07346299978402945 0.7281834528996394 0.012807992788461538 0.013959737924429087
0 0.5748300919165978 0.8756239964411809 0.022459103510929987 0.022532242995042067
