0 0.8473050044133112 0.630145366375263 0.2095316373384916 0.22696392352764422
0 0.6436155759371244 0.5703407434316782 0.1267824906569261 0.1277165046105018
0 0.8022471207838792 0.4766537226163424 0.08458210871769832 0.08512430924635667
0 0.6337794523972732 0.881434807410607 0.049927051250751205 0.04960221510667067
0 0.7271052140455979 0.5011031811053936 0.07283973693847656 0.0725874534020057
0 0.2891392707824707 0.18058587954594538 0.11667743095984826 0.11689307139470027
0 0.0983350368646475 0.8756380814772385 0.04791411986717811 0.047647916353665866
0 0.14995895899259126 0.07462398822490986 0.05390449670644907 0.053563979955819935
0 0.8893384199876052 0.7733290745661809 0.05705818763146034 0.05694668109600361
0 0.2027000647324782 0.5054664245018592 0.08893731924203727 0.090485719534067
0 0.33685750227708083 0.54577086522029 0.05749702453613281 0.05757287832406851
0 0.11092596787672776 0.11334330302018386 0.044730773338904746 0.044953804749708906
0 0.6968686030461237 0.12225680167858417 0.03452212993915264 0.034262932263887845
0 0.057948676439431995 0.5728974709144006 0.02593048719259409 0.02794647216796875
0 0.6999789017897385 0.2863159729884221 0.028695033146784857 0.028554292825552132
0 0.08673413900228646 0.14660479472233698 0.021216942713810846 0.021299288823054388
0 0.5725668393648587 0.1930081294133113 0.02676817087026743 0.02657765608567458
0 0.4290796426626352 0.10609490137833816 0.04189637991098257 0.0420694167797382
0 0.9070387620192307 0.9501658219557542 0.09618729811448318 0.09524360069861779
0 0.43751280124370867 0.508975469149076 0.02527302962083083 0.025307581974909857
0 0.48647623795729417 0.30727718426631045 0.03490389310396635 0.03502600009624775
0 0.4999392949617826 0.05248381541325496 0.04639852963961088 0.04649747334993803
0 0.6487737068763146 0.9616894355187049 0.027668879582331732 0.02789027874286358
0 0.6831838901226337 0.9084594433124249 0.021389007568359375 0.021253145658052884
0 0.6031748698307917 0.8198409447303185 0.04842318021334135 0.048612741323617786
0 0.27500145251934344 0.3674181424654447 0.018453341263991136 0.01830423795259916
0 0.7523024632380559 0.18836705501262957 0.02261778024526743 0.02260288825401893
0 0.21499050580538237 0.563715751354511 0.032724747290978067 0.032556900611290567
0 0.7785125145545373 0.2914088322566106 0.01854559091421274 0.018480374262883112
0 0.2826188344221849 0.3941184190603403 0.02249295894916241 0.022873438321627103
0 0.3306853954608624 0.5987105002770057 0.02158773862398588 0.02155641409067007
0 0.5704205953157865 0.11045626493600699 0.03635003016545223 0.03624277848463792
0 0.2585897812476525 0.6157287450937124 0.018932415888859674 0.019092266376201924
0 0.09107479682335487 0.6582501484797552 0.017974009880652793 0.018087093646709736
0 0.5271957837618314 0.11478724846473107 0.021238400385929987 0.021202637599064753
0 0.1016074327322153 0.37036811388455904 0.01680300785945012 0.016975916348970853
0 0.2984151656811054 0.2877474564772386 0.029219590700589694 0.029186835655799277
0 0.3816656699547401 0.5764400042020358 0.04314363919771635 0.0434424326970027
0 0.13644443108485296 0.671775744511531 0.018053256548368014 0.017902961144080527
0 0.6002064484816331 0.478300534761869 0.017113172090970553 0.017479529747596152
0 0.9324657733623798 0.7616238227257361 0.03773806645320012 0.038053072415865384
0 0.09533347533299373 0.34403822972224307 0.029272813063401442 0.02916688185471755
0 0.39348499591533953 0.715889784005972 0.021459286029522236 0.021625372079702523
0 0.44560025288508487 0.036492531116192155 0.044434694143442005 0.04489297133225661
0 0.9045546605036809 0.8510479560265174 0.020243718073918268 0.020185470581054688
0 0.19046535858741173 0.06362785742833064 0.02056400592510517 0.020244084871732272
0 0.7011760564950796 0.4152372066791241 0.018430709838867188 0.018276214599609375
0 0.25407068546001726 0.37770762810340297 0.01834707993727464 0.018131256103515625
0 0.6665526169996995 0.49996559436504656 0.031784351055438705 0.03162031907301683
0 0.14011362882760856 0.8436259489793044 0.017276543837327223 0.017074144803560697
0 0.1233687217418964 0.8164581885704627 0.04309487342834473 0.043393648587740384
0 0.16367053985595703 0.25833625059861404 0.022225233224722054 0.022291256831242487
0 0.07222568071805514 0.05493360757827759 0.03538634226872371 0.03526644523327167
0 0.2894008709834172 0.44728631239670974 0.01674351325401893 0.01669795696551983
0 0.5210587428166316 0.5238242516150842 0.016998291015625 0.017037318303034857
0 0.21031898718613845 0.8443043048565204 0.017856781299297627 0.017722349900465745
0 0.4766820760873648 0.5274130381070651 0.023312935462364785 0.023488925053523138
0 0.20694857377272385 0.49488243689903844 0.016653794508713942 0.016891039334810697
0 0.062099612676180325 0.5914545059204102 0.01625967025756836 0.016427113459660456
0 0.06114553488217867 0.8123435974121094 0.016419080587533805 0.0166012690617488
0 0.20339569678673378 0.14035403728485107 0.02448426760160006 0.024429816466111403
0 0.21030277472275954 0.6126813154954177 0.018520245185265176 0.018485142634465143
0 0.3125741665179913 0.2376222977271447 0.04595624483548678 0.04587144118088942
0 0.3524474364060622 0.4644203186035156 0.016776158259465143 0.016582195575420674
0 0.5392947196960449 0.6092328291672927 0.03263561542217548 0.03201836806077223
0 0.7955066240750827 0.09674450067373422 0.01728087205153245 0.01727713071382963
0 0.3948313272916354 0.4220729241004357 0.016098976135253906 0.016269830557016227
0 0.15192343638493463 0.7505259147057166 0.016380163339468148 0.016472889826847956
0 0.052819284108968884 0.4931219174311711 0.014424287355863132 0.014769920935997596
0 0.6515379685621995 0.10467074467585637 0.016095381516676683 0.016263888432429388
0 0.3708328467149001 0.5557140203622671 0.01980172670804537 0.01943030724158654
0 0.6679936922513522 0.31009644728440505 0.015835395226111777 0.01574855584364671
0 0.20082319699800932 0.7127251258263221 0.020767872150127705 0.020804772010216348
0 0.1022807451394888 0.7389502892127404 0.02069579637967623 0.021063877986027643
0 0.6803134037898138 0.816659193772536 0.02169374319223257 0.021775465745192308
0 0.1268777297093318 0.342802121089055 0.015100845923790565 0.015176332913912259
0 0.6302998616145208 0.39641974522517276 0.019846989558293268 0.02004872835599459
0 0.05733944819523738 0.9920823757465069 0.01700142713693472 0.013778246366060697
0 0.8034601211547852 0.40929412841796875 0.035452769352839544 0.03500182812030499
0 0.16840817378117487 0.10896210487072285 0.028922007634089544 0.02873690311725323
0 0.1632511432354267 0.8623877305250901 0.03776366894061749 0.03772882314828726
0 0.06904895489032452 0.18839069513174203 0.029433268767136794 0.02939627720759465
0 0.27541575065025914 0.4672075785123385 0.014510558201716496 0.014641908498910757
0 0.20386303388155425 0.11530833977919358 0.015077004065880409 0.014910037700946514
0 0.11432062662564792 0.9321073385385367 0.016645541557898887 0.016601415780874398
0 0.32549161177415115 0.1142343282699585 0.01674373333270733 0.01691882426922138
0 0.17709963138286883 0.3142751180208646 0.035440885103665866 0.03530399615948017
0 0.2766122634594257 0.05613382963033823 0.08580409563504733 0.08663371893075797
0 0.16782866991483247 0.964473137488732 0.01597873981182392 0.01593604454627404
0 0.26938992280226487 0.4581904778113732 0.08523390843318059 0.08369034987229568
0 0.060182456786815934 0.30712292744563174 0.01775808517749493 0.018067653362567607
0 0.1567522562467135 0.5700723207913913 0.014949294236990122 0.015135691716120793
0 0.47895053716806263 0.2141234691326435 0.015939932603102464 0.015773186316856973
0 0.3992908184344952 0.5034707876352164 0.01538680149958684 0.015369195204514723
0 0.7631778717041016 0.5357939646794245 0.029923365666316107 0.029936717106745794
0 0.6990259610689603 0.9547001031728891 0.020112257737379808 0.020016596867487982
0 0.21008539199829102 0.8599570347712591 0.01577447010920598 0.015592721792367788
0 0.7065252157358023 0.6420442141019381 0.0488438239464393 0.04767667330228365
0 0.5356764426598182 0.49557817899263823 0.016376642080453727 0.0163113520695613
0 0.31655406951904297 0.7419071197509766 0.024275834743793193 0.0246127201960637
0 0.08345652543581449 0.678475600022536 0.014790810071505033 0.01479809100811298
0 0.13721178128169134 0.5860172785245455 0.015973237844613884 0.01587515610914964
0 0.12279046498812161 0.7301182380089393 0.025924279139592096 0.025669684776893027
0 0.12033592737638034 0.6270035230196439 0.015508725092961239 0.015330828153170072
0 0.23606344369741586 0.08704834717970628 0.024097442626953125 0.024215583617870625
0 0.06759129579250629 0.38006423069880557 0.04140832790961632 0.06323785048264724
0 0.756867922269381 0.7142479236309345 0.059766329251802884 0.06077781090369591
0 0.8461418151855469 0.3349445416377141 0.019490168644831732 0.019479824946476862
0 0.12378382682800293 0.29324907522935134 0.014380491696871243 0.01452944828913762
0 0.7596240410437951 0.9152139516977164 0.028031569260817308 0.02804257319523738
0 0.7074697934664212 0.10198230009812576 0.014911064734825721 0.014763685373159556
0 0.5475352360652044 0.39685898560744065 0.014837998610276442 0.015051181499774639
0 0.2746872901916504 0.5772867936354417 0.03275614518385667 0.03288709200345553
0 0.2782675302945651 0.7038295452411358 0.01565870871910682 0.015511439396784855
0 0.47429282848651594 0.026470358555133525 0.01789723909818209 0.018031983421399042
0 0.660002561715933 0.3812245589036208 0.014748940101036659 0.014832423283503605
0 0.2548931928781363 0.26766454256497896 0.019757894369272087 0.019771062410794772
0 0.15687940670893744 0.02797533915593074 0.041619447561410755 0.0416180078799908
0 0.8942407461313101 0.47062323643611026 0.03042455819936899 0.030367924616887018
0 0.27435940962571365 0.8416764185978816 0.02725087679349459 0.0277249262883113
0 0.14410134462209848 0.6480041650625376 0.015176002795879658 0.015166796170748197
0 0.13163199791541466 0.5669152920062726 0.014617589803842397 0.01472927973820613
0 0.23647260665893555 0.26932727373563325 0.015354559971736027 0.015276395357572116
0 0.4358534812927246 0.18738783322847807 0.02427563300499549 0.02415811098538912
0 0.07614685021913968 0.8059829565194937 0.0182797541985145 0.018437605637770433
0 0.47738431050227237 0.6819756581233098 0.02922931084266076 0.02985382080078125
0 0.1081010653422429 0.14453688034644493 0.016921611932607796 0.017379100506122295
0 0.7016393221341647 0.978706800020658 0.022707132192758415 0.022904175978440505
0 0.44956390674297625 0.3161470706646259 0.04322389455942007 0.042388200759887695
0 0.7233100304236779 0.9297615931584284 0.015868407029371995 0.015864445612980768
0 0.06946468353271484 0.7640039737407978 0.04988252199613131 0.06983052767240085
0 0.11720736210162823 0.8075944460355319 0.016669346736027643 0.016108292799729567
0 0.8685546288123498 0.06303937618549053 0.015172078059269832 0.015115939653836764
0 0.6171984305748572 0.9404211777907151 0.019272877619816706 0.01883873572716346
0 0.8090589229877179 0.29504794340867263 0.014505239633413462 0.014912862044114333
0 0.5786256056565505 0.22923918870779184 0.014166905329777645 0.014225336221548228
0 0.8864481999323919 0.050126690130967363 0.01749112055851863 0.01781801077035757
0 0.448884890629695 0.07610282531151405 0.028589395376352165 0.028543967467087965
0 0.14167505044203538 0.3925283138568585 0.031040044931265023 0.031216988196739785
0 0.12435164818396935 0.7279720306396484 0.019996202909029447 0.020117539625901442
0 0.5694145055917593 0.17125888971182016 0.016096115112304688 0.015749344458946817
0 0.3049624883211576 0.6173623891977164 0.014427405137282152 0.01424701397235577
0 0.8594174018272986 0.17614085857684797 0.021267230694110576 0.021366706261268027
0 0.18433713912963867 0.09012867854191707 0.024788563068096455 0.02404165267944336
0 0.19212711774385893 0.3054906404935397 0.013887478755070614 0.014038746173565205
0 0.7493836329533503 0.5839065405038687 0.022359554584209736 0.022008602435772236
0 0.1775363041804387 0.04961525476895846 0.0224610108595628 0.022441256504792433
0 0.1217805422269381 0.7403620206392728 0.0170287352341872 0.01693549522986779
0 0.09282795282510611 0.7671612226046048 0.01576968339773325 0.015787271352914665
0 0.14173776369828445 0.5130412761981671 0.014775441243098332 0.01486051999605619
0 0.08136818959162785 0.5698338288527268 0.016603547793168288 0.016820173997145433
0 0.6521216172438401 0.8330927628737229 0.013532491830679087 0.013398537269005409
0 0.2529214345491849 0.6299850023709811 0.019013184767503005 0.019437056321364183
0 0.05201159990750826 0.4083139712993915 0.011289248099693885 0.013986294086162861
0 0.41232974712665266 0.6823219886192908 0.04886685884915865 0.048795259915865384
0 0.2532339096069336 0.3472142953139085 0.0374147708599384 0.037491798400878906
0 0.2764555857731746 0.3926345385037936 0.20531705709604117 0.21605638357309195
0 0.28939135258014387 0.33005655728853667 0.035104017991286054 0.03538381136380709
0 0.43032191349909854 0.5896542989290677 0.015128209040715145 0.014604421762319712
0 0.2496367601247934 0.8164839377770057 0.014737642728365384 0.014642275296724759
0 0.08155599924234244 0.07821888190049392 0.013499773465670072 0.013726706688220684
0 0.9118446936974158 0.7435660729041467 0.020774107712965745 0.020685342641977165
0 0.5378511135394757 0.628755129300631 0.016065450815054085 0.015898484450120192
0 0.3769714282109187 0.2187360800229586 0.10877733964186448 0.11283713120680589
0 0.56025453714224 0.3673136784480168 0.014867635873647837 0.014768307025615986
0 0.22513837080735427 0.7107981168306791 0.01351635272686298 0.013290698711688701
0 0.678169690645658 0.8939486283522385 0.016293158897986777 0.01596802931565505
0 0.463803768157959 0.3393256480877216 0.01867844508244441 0.01917376885047326
0 0.5722732543945312 0.32071810502272385 0.01448836693396935 0.014201677762545072
0 0.46605249551626354 0.127618120266841 0.02094268798828125 0.021252815540020283
0 0.21935437275813177 0.9903622407179612 0.0158081788283128 0.014328883244441105
