0 0.595066290635329 0.41949323507455677 0.07144927978515625 0.07239371079664964
0 0.48459922350369966 0.9619307884803185 0.05966934790978065 0.059926546536959134
0 0.33179290478046125 0.4565882316002479 0.0407251211313101 0.04082034184382512
0 0.6028563059293307 0.7509348942683294 0.03560014871450571 0.03576219998873197
0 0.5752273706289438 0.8456416496863732 0.04140472412109375 0.04115383441631611
0 0.4041326962984525 0.1601255857027494 0.028839991642878607 0.02890147612645076
0 0.5313249734731821 0.6258057814378005 0.025730719933143027 0.025783575498140775
0 0.6435885796180139 0.08970841994652382 0.026397264920748197 0.025966456303229697
0 0.6260789724496695 0.9193556858943059 0.02986423785869892 0.030137135432316706
0 0.5569201249342698 0.40643563637366664 0.03458272493802584 0.03460693359375
0 0.47475459025456357 0.2467502814072829 0.03988500741811899 0.03987205945528471
0 0.5159778228172889 0.3589053520789513 0.02206574953519381 0.02218143756573017
0 0.4116377096909743 0.315209828890287 0.02789768805870643 0.028026287372295674
0 0.34330859551062953 0.9556988936204177 0.022063035231370192 0.021827110877403848
0 0.3563652772169847 0.1249858416043795 0.021769596980168268 0.02218147424551157
0 0.5335459342369666 0.4819922080406776 0.02514046889085036 0.025110244750976562
0 0.4703336495619554 0.34829293764554536 0.01903247833251953 0.018867345956655648
0 0.4970415555513822 0.17902161524846003 0.02670772259051983 0.026670162494365986
0 0.4409386928264911 0.1187661152619582 0.020461375896747295 0.02025127410888672
0 0.44251280564528245 0.41924938788780797 0.024312386145958535 0.024547723623422477
0 0.46152455990131086 0.4231309157151442 0.02617674607496995 0.026617050170898438
0 0.4398841857910156 0.8430456014779898 0.021848385150615986 0.021930401141826924
0 0.5191387029794546 0.252425505564763 0.03178625840407152 0.03201569043673002
0 0.4510040283203125 0.8684205275315505 0.01965508094200721 0.019838773287259616
0 0.4835661374605619 0.2957947070782001 0.02936407235952524 0.029518274160531852
0 0.46846903287447417 0.8735113143920898 0.019157556387094352 0.019437789916992188
0 0.6263292752779447 0.843646342937763 0.019726973313551683 0.01964715810922476
0 0.4496254554161659 0.7921333312988281 0.019551497239332933 0.019329657921424277
0 0.5069142121535081 0.30900405003474307 0.017898119412935697 0.01786503425011268
0 0.3455695372361403 0.6367601247934195 0.021758299607496995 0.021981019240159255
0 0.6508566049429086 0.41537229831402117 0.017913818359375 0.017821898827185996
0 0.6432883922870343 0.39588018564077526 0.01839447021484375 0.018193465012770433
0 0.31158931438739484 0.8838299971360427 0.017085808974045973 0.01723612271822416
0 0.5089084185086764 0.23337980417104867 0.035633087158203125 0.03493419060340294
0 0.5287051200866699 0.009408244146750523 0.020603766808143027 0.01752404639354119
0 0.6788211235633264 0.9919062394362229 0.019023895263671875 0.014299539419320913
0 0.4570163580087515 0.21032428741455078 0.03664053403414213 0.03739797152005709
0 0.5279720746553861 0.20877739099355844 0.03294211167555589 0.032730395977313705
0 0.4974810160123385 0.7954813150259165 0.017975660470815804 0.017907362717848558
0 0.5491604438194861 0.8684536860539362 0.021741573627178486 0.021755071786733773
0 0.5268109394953802 0.7062046344463642 0.018947601318359375 0.018719012920673076
0 0.6788104864267203 0.9747885190523587 0.018755692702073317 0.018510965200570915
0 0.3219863451444186 0.2875376114478478 0.01633027883676382 0.016375358288104717
0 0.4691368249746469 0.1772469740647536 0.02830358651968149 0.02785939436692458
0 0.6657986274132361 0.34205209291898286 0.02173614501953125 0.021514158982496995
0 0.4320389674260066 0.9052908237163837 0.01680755615234375 0.01686683067908654
0 0.35965754435612607 0.009146677186855903 0.021134229806753304 0.01677375458754026
0 0.4645819297203651 0.06833877013279842 0.019709660456730768 0.01975838954632099
0 0.4510157658503606 0.6413091512826773 0.016230949988731973 0.01596670884352464
0 0.33928937178391677 0.6001280637887808 0.016394541813777044 0.01644552670992338
0 0.5553394097548264 0.3779546297513522 0.016836019662710335 0.01655725332406851
0 0.4815303362332858 0.3126360819889949 0.020347741933969352 0.019885503328763522
0 0.5566296210655799 0.23184369160578802 0.020892216609074518 0.020783351017878607
0 0.3046258963071383 0.6901699946476862 0.02368006339439979 0.023749131422776442
0 0.5919694166917068 0.7303011967585638 0.01587368891789363 0.015697479248046875
0 0.5003937207735502 0.06045807783420269 0.021904578575721152 0.02215261642749493
0 0.48509748165424055 0.20042619338402382 0.025858585651104268 0.025943572704608623
0 0.49446821212768555 0.1610571787907527 0.023122420677771933 0.022383689880371094
0 0.5570996357844427 0.21697913683377779 0.022395794208233174 0.022338720468374398
0 0.679354741023137 0.42263159385094273 0.019779792198768027 0.019695428701547477
0 0.3681462361262395 0.45356581761286807 0.01705631842980018 0.01680271442119892
0 0.43605701739971453 0.052857463176433854 0.021486429067758415 0.02157911887535682
0 0.5228642683762771 0.6698777125431941 0.016951927771935098 0.01682868370643029
0 0.29909082559438854 0.9552952693058894 0.016885757446289062 0.017244779146634616
0 0.3293949273916391 0.7963520930363581 0.01580502436711238 0.01590758103590745
0 0.46886312044583833 0.3315589244549091 0.015707749586838942 0.015186529893141527
0 0.4682789582472581 0.13874330887427697 0.015358998225285457 0.01552125123830942
0 0.47031527299147385 0.3978296426626352 0.017880072960486777 0.01802855271559495
0 0.3650111418503981 0.6469820462740384 0.018346199622521035 0.018297342153695915
0 0.4995570549598107 0.711369147667518 0.01668886037973257 0.01685157189002404
0 0.6032289358285757 0.6276884078979492 0.015295615563025841 0.015265684861403245
0 0.6601512615497296 0.6169691819411057 0.01883066617525541 0.018727485950176533
0 0.49862810281606823 0.21739088571988618 0.027122057401216947 0.027072613055889424
0 0.6774239173302283 0.09985463435833271 0.040436964768629804 0.0401911368736854
0 0.6995560572697566 0.7724927755502554 0.021038055419921875 0.03140875009390024
0 0.46141998584453875 0.5709440524761493 0.015943160423865683 0.016022608830378607
0 0.43939883892352766 0.2594115734100342 0.023550767164963942 0.02331253198476938
0 0.5342984199523926 0.4191780090332031 0.016192803016075723 0.01593648470365084
0 0.43477208797748274 0.23475342530470628 0.018903365501990683 0.019037246704101562
0 0.4153746824998122 0.2573873446537898 0.020958313575157754 0.02070012459388146
0 0.6940191709078275 0.1398092691714947 0.018279442420372598 0.01890732691838191
0 0.41457924476036656 0.6029736812298114 0.01659554701585036 0.016418970548189603
0 0.45006462243887096 0.30002938784085786 0.018553953904371995 0.01857933631310096
0 0.5095796585083008 0.47779031900259167 0.020060245807354268 0.02004388662484976
0 0.3672003379234901 0.28287843557504505 0.014478830190805288 0.014240558330829326
0 0.3913641342749962 0.9273567199707031 0.015613702627328726 0.015453925499549279
0 0.5226635566124549 0.30833864212036133 0.016097142146183893 0.016064863938551683
0 0.338984856238732 0.22777502353374773 0.014601634098933293 0.0146177732027494
0 0.38341474533081055 0.8615006666917068 0.01869062276986929 0.018535907451923076
0 0.38683062333327073 0.8074084061842698 0.018892728365384616 0.019052945650540866
0 0.4453879503103403 0.1922330122727614 0.02349721468411959 0.023619945232684795
0 0.6389033977801983 0.35756844740647536 0.015895256629356973 0.015787858229417067
0 0.5708380479079026 0.9363651275634766 0.021278968224158652 0.021579742431640625
0 0.6753854017991286 0.6617192488450271 0.017078399658203125 0.017355992243840143
0 0.5443857999948355 0.012538089202000545 0.016457117520845853 0.016997144772456244
0 0.6991478846623347 0.8424615126389724 0.018060977642352764 0.018570533165564902
0 0.6738552680382361 0.908781491793119 0.0235745356633113 0.023893209604116585
0 0.6310049203725961 0.3804006576538086 0.01518719012920673 0.015605486356295072
0 0.5358405113220215 0.23374379598177397 0.018642352177546576 0.019018283257117637
0 0.2977462548475999 0.9120392432579627 0.016885023850661058 0.019221966083233174
0 0.5086275981022761 0.5366618816669171 0.014569942767803486 0.014516316927396335
0 0.45869651207557094 0.025550576356741097 0.01638940664438101 0.016863519182572
0 0.6117146565363958 0.8050870161790115 0.014840492835411659 0.014988238994891826
0 0.5358927800105169 0.9865210606501653 0.015321438129131611 0.015255414522611178
0 0.6269548856295072 0.22036185631385216 0.014549548809344951 0.014545073876014123
0 0.4038200378417969 0.8895777188814603 0.01643518301156851 0.016511183518629808
0 0.5727217014019306 0.37221798529991734 0.017799524160531852 0.017592503474308893
0 0.6220816832322341 0.1793381250821627 0.016509129450871393 0.016994696397047777
0 0.38419679495004505 0.7805814009446365 0.017634171705979567 0.0175015376164363
0 0.42296596673818737 0.21902073346651518 0.016427993774414062 0.016455430250901442
0 0.46151902125431943 0.1132954817551833 0.016898228571965143 0.017386693220872145
0 0.3414709751422589 0.5604425210219163 0.014116800748384915 0.0143583737886869
0 0.444155032818134 0.399385012113131 0.01580531780536358 0.0156402587890625
0 0.34244709748488206 0.1117555178128756 0.014609777010404147 0.014771388127253605
0 0.5239273951603816 0.09590816497802734 0.01787596482496995 0.017202469018789437
0 0.30806710169865537 0.9682486607478216 0.01934974010174091 0.01989467327411358
0 0.6942302997295673 0.6366577882033128 0.014280172494741587 0.01427474388709435
0 0.6247278360220102 0.6499075522789588 0.013906332162710337 0.014122449434720553
0 0.4109369424673227 0.7528262505164514 0.018845631526066706 0.018338716947115384
0 0.44687571892371547 0.19515323638916016 0.021064171424278848 0.02194360586313101
0 0.356934327345628 0.9650432880108173 0.015263630793644832 0.015083606426532451
0 0.3114330585186298 0.05577200651168823 0.014924122737004207 0.015080562004676232
0 0.534465166238638 0.537745842566857 0.016273058377779447 0.016121717599722054
0 0.43586100064791167 0.9282685793363131 0.015348874605618991 0.015367654653695913
0 0.6203856834998498 0.4976031963641827 0.015414751493013822 0.015527871938852163
0 0.4850278634291429 0.43088934971736026 0.015051841735839844 0.015063065748948317
0 0.3237482217641977 0.9880493604219877 0.015749417818509616 0.015518922072190505
0 0.3300351362961989 0.13177964320549598 0.013844123253455529 0.013719815474290114
0 0.5277747741112342 0.3253756303053636 0.01909916217510517 0.0192257807804988
0 0.5549504940326397 0.1926879516014686 0.01838199908916767 0.018967114962064303
0 0.5598950019249549 0.1461331844329834 0.013957683856670674 0.014040121665367713
0 0.6582668011005108 0.320554256439209 0.014420142540564904 0.014321253849909855
0 0.6223175342266376 0.1976752647986779 0.015653316791240986 0.016074143923245944
0 0.6879683274489182 0.051204947324899525 0.016865656926081732 0.0167770477441641
0 0.443146485548753 0.1823427677154541 0.02185674814077524 0.0208890254680927
0 0.30728543721712553 0.7209402231069711 0.023511703197772685 0.02320274939903846
0 0.49125502659724307 0.13644437606518084 0.013459132267878605 0.013318740404569186
0 0.48769514377300555 0.0427704040820782 0.019174649165226862 0.01922108347599323
0 0.6480872814471905 0.9233416043795072 0.01566901573768029 0.01565375694861779
