0 0.1693100379063533 0.5261942056509165 0.08468169432419997 0.08394666818472055
0 0.6480239721444937 0.8092544995821439 0.08029820368840145 0.08072515634390023
0 0.5201542194073017 0.4042360599224384 0.0758220966045673 0.07577837430513822
0 0.1511091268979586 0.9560023821317233 0.06726653759296124 0.06682337247408353
0 0.08943343162536621 0.2772095753596379 0.07128223547568688 0.08132266998291016
0 0.880776625413161 0.5919633278479943 0.06782854520357572 0.06827691885141227
0 0.17757556988642767 0.6494190509502704 0.07840673740093525 0.07816230333768405
0 0.8416505960317758 0.9623907529390775 0.08321674053485577 0.06609579233022836
0 0.7477623866154597 0.6708550086388221 0.08421017573429988 0.08420210618239182
0 0.7435724551861103 0.021542654587672308 0.04916998056265024 0.04131773801950308
0 0.08081546196570763 0.020415526169996995 0.04301271071800819 0.03918790817260742
0 0.26284632316002476 0.7065602082472581 0.06496062645545372 0.06501095111553486
0 0.5603834298940805 0.608380757845365 0.06270489325890174 0.06252582256610577
0 0.7165304330679086 0.9757715371938852 0.07450397198016827 0.043898362379807696
0 0.3739897287808932 0.7359513502854568 0.037471624521108776 0.037506396953876205
0 0.5573073533865122 0.8493135892427884 0.047308188218336836 0.048005324143629804
0 0.6811957726111779 0.8586188096266526 0.03396166287935697 0.03363521282489483
0 0.6728317554180439 0.5553873502291166 0.04818578866811899 0.048150796156663164
0 0.8549611018254206 0.4318202092097356 0.039391737717848554 0.03936767578125
0 0.7636378361628606 0.39549651512732875 0.07527952927809495 0.07564001816969651
0 0.6923426114595853 0.9073476057786208 0.049279433030348554 0.04973895733173077
0 0.09579860247098483 0.6783938774695764 0.035251195614154525 0.03542166489821214
0 0.38109951752882737 0.11392661241384652 0.03545188903808594 0.03566474180955153
0 0.7546542241023138 0.4451710627629207 0.049457550048828125 0.04946620647723858
0 0.4594065226041354 0.795131830068735 0.02988888667179988 0.029992323655348558
0 0.1009275087943444 0.5602676685039814 0.0380545212672307 0.038317093482384317
0 0.5994303776667669 0.9642105102539062 0.029449022733248197 0.029308612530048076
0 0.9244948167067307 0.6211732717660757 0.037919264573317304 0.048235636491041914
0 0.3935469113863431 0.6616055415226862 0.02271872300368089 0.022732661320612982
0 0.11522647050710824 0.7196941375732422 0.040017164670504056 0.03994193443885216
0 0.636044795696552 0.6509889455942007 0.03962795551006611 0.03989263681265024
0 0.12647925890409029 0.37076663970947266 0.03021841782789964 0.030270869915301982
0 0.43991925166203427 0.6767076345590445 0.02609707758976863 0.026012714092548076
0 0.7712454429039588 0.8962767674372747 0.02561026353102464 0.025348076453575723
0 0.5466498595017654 0.2783830716059758 0.04829700176532452 0.048628807067871094
0 0.35924632732684797 0.7888741126427283 0.025885508610652044 0.02584222646859976
0 0.9261722564697266 0.12334817189436692 0.031159621018629808 0.04070017887995793
0 0.936372316800631 0.8810875232403095 0.019437349759615384 0.023286966177133415
0 0.30260524382958043 0.25722301923311675 0.0443885142986591 0.04439474986149715
0 0.16355595221886268 0.731053352355957 0.022132735985976 0.022168673001802884
0 0.8269307063176081 0.5961981553297776 0.030547215388371393 0.030594458946814902
0 0.5025617892925556 0.6348489614633414 0.031513360830453724 0.031530526968149036
0 0.10284690673534687 0.1299454432267409 0.054115790587205156 0.0535429441011869
0 0.75317199413593 0.8683145963228666 0.021933922400841348 0.02187684866098257
0 0.6715610944307767 0.7168651727529672 0.04503543560321514 0.04508781433105469
0 0.8556319016676682 0.4701180091271034 0.033527374267578125 0.03361357175386869
0 0.8909031794621394 0.6443386077880859 0.031752513005183294 0.03200941819411058
0 0.8823654468242939 0.8267800257756159 0.03515918438251202 0.035321749173677884
0 0.25621894689706654 0.36541638007530797 0.031327247619628906 0.03169382535494291
0 0.34545084146352917 0.7263208536001352 0.02721272982083834 0.027494283822866585
0 0.5380196938147912 0.6588698167067307 0.02593055138221154 0.0259707524226262
0 0.1683194637298584 0.17691700275127703 0.04920625686645508 0.04974185503446139
0 0.8342296893780048 0.7518897423377404 0.21772355299729568 0.22762709397536057
0 0.12302743471585788 0.8945890573354868 0.02280147259051983 0.022856492262620192
0 0.6554798713097205 0.01243871908921462 0.034938812255859375 0.02355824984036959
0 0.2006352681380052 0.7899101697481595 0.038395624894362226 0.03780350318321815
0 0.5900556124173678 0.7611987774188702 0.03534008906437801 0.03535021268404447
0 0.3079027762779823 0.9115139887883112 0.018172190739558294 0.0179141117976262
0 0.2927088003892165 0.1694026176746075 0.021478652954101562 0.021569582132192757
0 0.9202690124511719 0.47848650125356823 0.04599145742563101 0.05793600815993089
0 0.2600661057692308 0.45798176985520583 0.020954315478985127 0.020859571603628304
0 0.8424956981952374 0.8834378169133112 0.03473956768329327 0.03465124276968149
0 0.31133233583890474 0.881407224214994 0.0196533203125 0.019708780141977165
0 0.5328895495488093 0.15051092551304743 0.035680183997521035 0.03553916857792781
0 0.3796080075777494 0.8486218819251428 0.02552516643817608 0.025313157301682692
0 0.8723839979905349 0.29412243916438174 0.02424474862905649 0.02414226531982422
0 0.07821774482727051 0.7749333748450646 0.018202639543093167 0.017848381629356973
0 0.1311255510036762 0.43438027455256534 0.017499538568349984 0.017562719491811898
0 0.5630411368149978 0.6505526029146634 0.026317743154672477 0.02643614548903245
0 0.621372809776893 0.9252108060396634 0.02980217566856971 0.03019890418419471
0 0.7895582639254056 0.03422230023604173 0.0470582521878756 0.0476989195897029
0 0.6844277015099158 0.18745635106013372 0.04909192598783053 0.049793243408203125
0 0.8666082528921274 0.7564888734083909 0.022784893329326924 0.022905936607947715
0 0.708813740656926 0.6315005375788763 0.026779761681189902 0.027121617243840143
0 0.6559342604417068 0.8647125684298002 0.020350823035606973 0.020313262939453125
0 0.6548510331373948 0.9662881997915415 0.020892803485576924 0.020796555739182692
0 0.8369627732496995 0.28343286881080043 0.022952153132512018 0.023117248828594502
0 0.7729531801663913 0.789755234351525 0.06552549508901742 0.06686151944673978
0 0.494785528916579 0.7122726440429688 0.029967087965745192 0.029896956223707933
0 0.17515006432166466 0.4850868078378531 0.019527582021859977 0.019580254187950723
0 0.6426979945256159 0.08250588637131911 0.030307182898888223 0.02972360299183772
0 0.7903156280517578 0.4531283378601074 0.02629676231971154 0.025733507596529447
0 0.07107295439793514 0.8216446363008939 0.020376077065101035 0.020160968487079326
0 0.07365796199211708 0.20987308942354643 0.026466919825627253 0.02676809751070463
0 0.40727604352510893 0.5748421228848971 0.02718037825364333 0.027251463669996995
0 0.29209423065185547 0.951634040245643 0.017402282127967246 0.017689924973707933
0 0.8245736635648288 0.40941861959604114 0.017696087176983174 0.017939127408541165
0 0.26126780876746547 0.4224267372718224 0.04298716325026292 0.04334860581618089
0 0.9264549842247596 0.9863084646371695 0.02960058358999399 0.023401993971604567
0 0.28983105145967925 0.048544118037590615 0.09940448174109826 0.09235566395979661
0 0.7111689494206355 0.12536868682274452 0.035667125995342545 0.03564137678879958
0 0.16210092031038725 0.43370819091796875 0.017379357264592096 0.017325181227463942
0 0.4206694823044997 0.44158796163705677 0.020070442786583535 0.0199429438664363
0 0.4033793669480544 0.07979966126955472 0.017004013061523438 0.01699680548447829
0 0.8276780935434195 0.5246918751643255 0.031711578369140625 0.031361946692833535
0 0.42278143075796276 0.8096711818988507 0.02582271282489483 0.025815670306865986
0 0.7335900526780349 0.8565150040846604 0.02449197035569411 0.024757531973031852
0 0.46704989213209885 0.22315366451556867 0.23395098172701323 0.23766238872821516
0 0.2748607855576735 0.6703014373779297 0.022775723383976862 0.023066300612229567
0 0.9347865764911358 0.3289147156935472 0.017676720252403848 0.028989278353177585
0 0.10226275370671199 0.9370508193969727 0.03720221152672401 0.037449029775766224
0 0.4401710950411283 0.7206033559945914 0.0241701419536884 0.023945001455453727
0 0.2155944017263559 0.5701855879563552 0.016399603623610277 0.01631003159743089
0 0.7505479959341196 0.9475509936992939 0.035452769352839544 0.035334073580228366
0 0.6744877741887019 0.2318105147435115 0.025958428016075723 0.026131299825815055
0 0.5866752771230844 0.025149808480189398 0.029563757089468148 0.029484987258911133
0 0.25565239099355846 0.48894398029033953 0.03488650688758263 0.034325746389535755
0 0.4507009432866023 0.9878274477445163 0.02175734593318059 0.02010345458984375
0 0.27398470731881946 0.9884344247671274 0.021189102759728067 0.018383026123046875
0 0.4492841133704552 0.753141476557805 0.017974853515625 0.018174098088191107
0 0.3434268878056453 0.3925776848426232 0.02867265848013071 0.02848977309006911
0 0.4288449287414551 0.4904118317824144 0.02019977569580078 0.020187818087064303
0 0.6939792633056641 0.30821987298818737 0.02880228482759916 0.02857553041898287
0 0.6215077180128831 0.28289019144498384 0.01819273141714243 0.01825123566847581
0 0.6996411543626052 0.9283340160663311 0.017581646259014424 0.01711126474233774
0 0.7910671967726487 0.20325121512779823 0.028849381666917067 0.029133173135610726
0 0.38990028087909406 0.5183944702148438 0.016600975623497598 0.017024700458233174
0 0.45406238849346453 0.5731928165142353 0.014810415414663462 0.014942462627704326
0 0.8463775928203876 0.5469994178185096 0.07403256342961238 0.07398135845477764
0 0.6806853367732122 0.05554776466809786 0.0184018061711238 0.018457614458524264
0 0.3200192084679237 0.7894120583167443 0.025526780348557692 0.025555830735426683
0 0.33189912942739636 0.7081275353064904 0.027831884530874398 0.027991368220402643
0 0.22034582724938026 0.3719212458683894 0.015969056349534255 0.015797248253455527
0 0.8358224722055289 0.19322905173668495 0.015674884502704326 0.015617297245905949
0 0.2870944830087515 0.8643112182617188 0.01745326702411358 0.017519143911508415
0 0.6532467328585111 0.6813550362220178 0.034669729379507214 0.03444040738619291
0 0.6947488051194411 0.958896123445951 0.021786322960486777 0.02141747107872596
0 0.2243960820711576 0.06647713367755596 0.11589908599853516 0.11580533247727615
0 0.5828189849853516 0.14272143290593073 0.024174323448768027 0.02377664125882662
0 0.31458568572998047 0.6816677680382361 0.025971320959237907 0.026072868934044473
0 0.6789524371807392 0.06840215279505803 0.03473956768329327 0.0345917848440317
0 0.8952987377460186 0.6863216987022986 0.019559420072115384 0.019539906428410456
0 0.11222336842463566 0.8582217876727765 0.027628971980168268 0.02733274606557993
0 0.8919506072998047 0.21589345198411208 0.019363990196814902 0.01943045396071214
0 0.39446577659020055 0.8307443031897912 0.020259857177734375 0.020539503831129808
0 0.5047449698814979 0.5923055502084585 0.02182491009051983 0.021402505727914665
0 0.3788609871497521 0.9505720138549805 0.015912422767052285 0.015998253455528848
0 0.5026098031264085 0.08109349470872146 0.015118819016676683 0.015094225223247822
0 0.21344843277564415 0.3948858701265775 0.03299669119027945 0.03300153292142428
0 0.3673488176785983 0.8666426585270808 0.017348362849308893 0.017382401686448317
0 0.06914112659601065 0.47332308842585635 0.03082125920515794 0.0419612297644982
0 0.2614591671870305 0.2341896387246939 0.018451177156888522 0.01867044889009916
0 0.2864732558910663 0.740200189443735 0.015414237976074219 0.01570716271033654
0 0.24045056563157302 0.16478503667391264 0.022270826193002555 0.02222284903893104
0 0.36634936699500453 0.3724399713369516 0.02372594980093149 0.02373196528508113
0 0.41500410666832555 0.7224879631629357 0.01785696469820463 0.017633878267728366
0 0.11392664909362793 0.8391779386080228 0.016663184532752402 0.01613030066856971
0 0.8950383112980769 0.3609328269958496 0.021988648634690505 0.022496590247521035
0 0.0685578676370474 0.588564946101262 0.030098860080425557 0.036217909592848554
0 0.390263190636268 0.9880388700045072 0.015176626352163462 0.01508624737079327
0 0.8488476826594427 0.7438906156099759 0.02253884535569411 0.022315098689152643
0 0.6274564449603741 0.9931895916278546 0.026250105637770433 0.012537149282602163
0 0.08013865580925575 0.4919181970449594 0.021239042282104492 0.021488776573768027
0 0.575652892772968 0.17103085151085487 0.02786401601938101 0.027512330275315505
0 0.6723084082970252 0.018018409609794617 0.016074253962590143 0.01545756826033959
0 0.832284193772536 0.07170482323719905 0.023060138408954326 0.02291229138007531
0 0.48795538682204026 0.21444988250732422 0.01493057837853065 0.014807591071495643
0 0.32439598670372594 0.29712220338674694 0.01635140639085036 0.016483160165640023
0 0.5046824675339919 0.3282000468327449 0.020615210899939902 0.020856123704176683
0 0.38700382526104266 0.6058054703932542 0.0338593262892503 0.03339033860426683
0 0.737859139075646 0.8110273067767804 0.040488903339092545 0.041017385629507214
0 0.5052421276385968 0.4755693582388071 0.0205843998835637 0.020798316368689902
0 0.8440796778752253 0.7673172583946815 0.0184176518366887 0.018719012920673076
0 0.6224264731773963 0.14033732964442328 0.03792733412522536 0.038884804799006537
0 0.6452291928804837 0.9391037867619441 0.020095238318810098 0.02016933147723858
0 0.26904014440683216 0.18282892153813288 0.038901329040527344 0.03907339389507587
0 0.7498810107891376 0.12232050528893104 0.03143853407639723 0.03168916702270508
0 0.22828197479248047 0.18680612857525164 0.0196841313288762 0.01984412853534405
0 0.4681119918823242 0.7297594363872821 0.015916090745192308 0.015965828528771035
0 0.610451918381911 0.14055653718801644 0.026240715613731973 0.025517830481896035
0 0.2631416687598595 0.7433225191556491 0.022516690767728366 0.022675147423377402
0 0.9012734339787409 0.9056565944965069 0.020026573768028848 0.02001806405874399
0 0.12480368064000057 0.6818139002873347 0.016299632879403923 0.01656488271859976
0 0.4007823650653546 0.3752508530249962 0.015341978806715745 0.015210811908428486
0 0.9206827603853666 0.8720274705153245 0.016610365647536058 0.016492403470552884
0 0.13231807488661546 0.7971571408785306 0.015259302579439603 0.015274634728064904
0 0.06408594204829289 0.5336585411658654 0.020189853814932015 0.03388551565317007
0 0.44341270740215594 0.721078139085036 0.02584684812105619 0.027423271766075723
0 0.6654498760516827 0.6180187372060922 0.03434665386493389 0.03421431321364183
0 0.6990858224722055 0.023088395595550537 0.040893261249248795 0.03999148882352389
0 0.24464774131774902 0.58264710352971 0.03755033933199369 0.03757154024564303
0 0.7988709669846755 0.47368845572838414 0.032073681171123795 0.0319060545701247
0 0.27694140947782075 0.7556271186241736 0.01796700404240535 0.01756139901968149
0 0.4728854986337515 0.06411157204554631 0.045502736018254206 0.045260411042433515
0 0.4588926755464994 0.6907696357140174 0.02227012927715595 0.021824176494891826
0 0.17593602033761832 0.8049499805157001 0.020510270045353815 0.020732879638671875
0 0.0625085372191209 0.782309678884653 0.017632025938767653 0.025864821213942308
0 0.28431023084200346 0.5287473018352802 0.037742908184344955 0.03744998345008263
0 0.8850146807157077 0.9299921622643104 0.025390625 0.025390478280874398
0 0.54145020705003 0.2144333949455848 0.09175271254319411 0.0906978020301232
0 0.14585469319270208 0.4736504921546349 0.015805134406456582 0.01581683525672326
0 0.7202860025259165 0.8444480895996094 0.017535576453575723 0.01762243417593149
0 0.7230165188129132 0.8865441542405349 0.023326727060171273 0.02349251967210036
0 0.2657624758206881 0.15761551490196815 0.022632598876953125 0.023329964050879844
0 0.3313087316659781 0.7454855992243841 0.0164034183208759 0.016605377197265625
0 0.44621672997107875 0.27788613392756534 0.1411304473876953 0.13051707927997297
0 0.8024655122023362 0.913417962881235 0.01767906775841346 0.017496255727914665
0 0.812936049241286 0.6618102147028997 0.025797917292668268 0.025481590857872598
0 0.11163553824791542 0.3551031992985652 0.016281274648813102 0.016117095947265625
0 0.8556306545551007 0.08611783614525428 0.03007375277005709 0.03020378718009362
0 0.22835621467003456 0.3235093630277194 0.02062672835129958 0.02074769827035757
0 0.8489761352539062 0.7440489255464994 0.03350228529710036 0.027454669658954326
0 0.08238074412712684 0.18601307502159706 0.019524776018582858 0.019530369685246393
0 0.22361093301039475 0.9886793723473182 0.016997740818903997 0.0164950444148137
0 0.4500579833984375 0.5512530620281513 0.06720557579627404 0.06595545548659104
0 0.265762970997737 0.7651816148024339 0.014274120330810547 0.013881389911358174
0 0.8062766882089468 0.5705447196960449 0.017784705528846152 0.0173342778132512
0 0.33071404237013596 0.9763590739323542 0.01653311802790715 0.016269830557016227
0 0.46020185030423677 0.5251459708580604 0.01645499009352464 0.01664110330434946
0 0.24428712404691255 0.20071994341336763 0.023972217853252705 0.02374117191021259
0 0.6073546776404748 0.0436203800714933 0.022863241342397835 0.02338590071751521
0 0.3306453044597919 0.759495735168457 0.018820762634277344 0.018690842848557692
0 0.20779978311978853 0.6015699093158429 0.01419841326200045 0.01410366938664363
0 0.08960955876570481 0.8471134625948392 0.015248720462505635 0.01497943584735577
0 0.769800773033729 0.988829832810622 0.025832543006310098 0.018902705265925482
0 0.6279154557448167 0.582623555110051 0.023247205294095553 0.02361429654634916
0 0.6208179180438702 0.24101600280174842 0.0772229341360239 0.07640240742610051
0 0.9054226508507361 0.3338002424973708 0.014405470628004808 0.014355879563551683
0 0.7572502723106971 0.9124122766348032 0.017742450420673076 0.017559051513671875
0 0.48312766735370344 0.8745825840876653 0.018437312199519232 0.018368354210486777
0 0.264770691211407 0.1826952053950383 0.03334199465238131 0.03417367201585036
0 0.5273661246666541 0.06838699946036705 0.028747705312875602 0.027726035851698656
0 0.6271988795353816 0.14183728511516863 0.031252494225135215 0.03321985098031851
0 0.5265157772944524 0.9783702263465295 0.04135285891019381 0.037752591646634616
0 0.7899087759164664 0.4197819416339581 0.02553426302396334 0.026189363919771634
0 0.3840797130878155 0.6090085689838116 0.03991376436673678 0.04098041240985577
0 0.5330059344951923 0.6177060787494366 0.017358779907226562 0.01739193842961238
0 0.9335020505464994 0.4288689906780536 0.019647744985727165 0.021132909334622897
0 0.4735145568847656 0.30495348343482387 0.01532451923076923 0.015249802516056942
0 0.4753845288203313 0.4660473970266489 0.01848286848801833 0.01863831740159255
0 0.4164091990544246 0.7281770706176758 0.02314934363731971 0.023409916804387018
0 0.3894964364858774 0.7657189002403846 0.01721792954664964 0.017349389883188102
0 0.5599682881281927 0.7977251639732947 0.017874644352839544 0.01799172621506911
0 0.8022145491379958 0.9881901374230018 0.0391693115234375 0.022006988525390625
0 0.31700915556687576 0.31928278849675107 0.033971126262958236 0.03415357149564303
