0 0.23269482759328988 0.9207382202148438 0.18415623444777268 0.15598531869741586
0 0.5837631225585938 0.21112702443049505 0.09959969153771034 0.09897774916428786
0 0.7853265909048227 0.9108777413001428 0.08823981651893029 0.08913949819711539
0 0.2413638188288762 0.3321000612699069 0.11445162846491887 0.11566761823800895
0 0.09344876729525052 0.7544640761155349 0.054665675530066855 0.0546718010535607
0 0.7438627389761118 0.24701173488910383 0.04673165541428786 0.04696156428410457
0 0.04021844497093788 0.21726424877460188 0.046117305755615234 0.04648292981661283
0 0.08856804554279034 0.816349616417518 0.05465562985493587 0.054757191584660456
0 0.2156218748826247 0.6097855934729943 0.04137875483586238 0.04118083073542668
0 0.1530189055662889 0.729317885178786 0.04217923604525053 0.042557056133563705
0 0.20065047190739557 0.04301562217565683 0.07473945617675781 0.07469631158388577
0 0.1977262680347149 0.16676904604985163 0.05050369409414438 0.050499219160813555
0 0.3958884019118089 0.42820035494290865 0.0417181161733774 0.04189285865196815
0 0.33719326899601865 0.8136454362135667 0.02356587923490084 0.023826012244591348
0 0.6528464097243089 0.33609514970045823 0.0422210693359375 0.04219480661245493
0 0.8653910710261419 0.4662906206571139 0.041740710918719955 0.04144785954402043
0 0.15856711681072527 0.35912715471707857 0.03937310438889723 0.03959076221172626
0 0.13881353231576773 0.681435071505033 0.033955830794114336 0.0339201413668119
0 0.6111640563377967 0.8915494772104117 0.027034686161921576 0.026846665602463942
0 0.8119643284724309 0.26661238303551305 0.03740075918344351 0.037501041705791764
0 0.007598224740761977 0.6006373258737417 0.015257071990233202 0.020109029916616585
0 0.270279572560237 0.7321062821608323 0.026137865506685697 0.02609076866736779
0 0.5540355535653921 0.9609322181114783 0.07255341456486629 0.07090348463792068
0 0.8619209436269907 0.026734787684220534 0.027193069458007812 0.02777570944565993
0 0.06379781319544865 0.4157433876624474 0.026102286118727464 0.026189217200646035
0 0.2421566889836238 0.18843749853280875 0.030951866736778848 0.0309140865619366
0 0.6449648050161508 0.866507310133714 0.02741212111253005 0.027580701387845553
0 0.7597647446852464 0.8025606595552884 0.027985059298001803 0.028362567608173076
0 0.5043370907123272 0.8574867982130784 0.02886199951171875 0.02900240971491887
0 0.35444846520057094 0.5730791091918945 0.024460572462815505 0.024573106032151442
0 0.7679641430194561 0.8514203291672927 0.020741976224459134 0.020499009352463942
0 0.1332677144270677 0.24811176153329703 0.03589681478647085 0.035761319673978366
0 0.9563073378342849 0.7128525513869065 0.033123016357421875 0.033458562997671276
0 0.4775847655076247 0.049639999866485596 0.02525674379788912 0.02504597260401799
0 0.7988403026874249 0.46050629248985875 0.023032261775090143 0.023231359628530648
0 0.9881757589486929 0.7222659771259015 0.02339656536395733 0.03234393780048077
0 0.7586465248694787 0.6464669154240534 0.02745393606332632 0.027416522686298076
0 0.05762730194972111 0.8500115321232722 0.020605710836557243 0.02044252248910757
0 0.5313078440152682 0.5099746263944186 0.028108596801757812 0.028077052189753607
0 0.38257672236515927 0.31627783408531773 0.02430563706618089 0.02448434096116286
0 0.9954856725839468 0.8984693380502554 0.008917881892277645 0.02597662118765024
0 0.3116612067589393 0.2241354355445275 0.026605000862708457 0.026894275958721455
0 0.30156874656677246 0.282718695127047 0.028906638805682842 0.028879972604604866
0 0.4443533237163837 0.21321890904353216 0.02644979036771334 0.02669393099271334
0 0.47512399233304536 0.1671906067774846 0.043799253610464245 0.043609215663029596
0 0.34482750525841344 0.25695404639610875 0.02477293748121995 0.02467793684739333
0 0.530365173633282 0.7825990090003381 0.03670186262864333 0.03655727093036358
0 0.3205840037419246 0.09129059314727783 0.031875977149376504 0.031920524743887096
0 0.6895930950458233 0.5250130433302659 0.02847113976111779 0.02846871889554537
0 0.8503834651066706 0.28646485622112566 0.029100858248197116 0.02901036922748272
0 0.5415983200073242 0.2828700359051044 0.03128741337702824 0.031312795785757214
0 0.5140938392052283 0.7196780718289889 0.033636826735276446 0.033667344313401446
0 0.07798536924215463 0.9705605140099158 0.030980972143319938 0.030971233661358174
0 0.548744641817533 0.6804138330312876 0.022104923541729268 0.022122016319861777
0 0.9072778408343976 0.7841243743896484 0.025711499727689303 0.025937007023737982
0 0.5227161187392014 0.3816170325646034 0.024799126845139723 0.02482781043419471
0 0.49951780759371245 0.360927178309514 0.017767832829402044 0.01765133784367488
0 0.010343673137518076 0.19555095525888297 0.020644852748283975 0.0319061646094689
0 0.20660961591280425 0.6388144859900842 0.03345694908728966 0.03365472646859976
0 0.16471334604116586 0.2570270024813138 0.025989569150484525 0.025449092571551982
0 0.9418252798227164 0.5098824134239783 0.027156536395733174 0.027250143197866585
0 0.7505936255821815 0.31253238824697643 0.030117915226862982 0.030537238487830527
0 0.7971960948063777 0.3023756467379056 0.03145643380972055 0.031416893005371094
0 0.7363319396972656 0.873413452735314 0.034515087421123795 0.033959462092472956
0 0.6972747215857873 0.4959819500262921 0.022402543288010817 0.022564521202674277
0 0.4371708356417142 0.261735017483051 0.02469524970421424 0.02484549008882963
0 0.3007132090055026 0.37898786251361555 0.017773995032677285 0.017734307509202223
0 0.32555264693040115 0.9917188791128305 0.029360551100510817 0.015743549053485576
0 0.34336112095759463 0.8861326070932242 0.027498391958383415 0.02780430133526142
0 0.9294273669903095 0.775483644925631 0.022313338059645433 0.022364689753605768
0 0.8754774973942683 0.7314043778639573 0.032222894521859974 0.032095102163461536
0 0.7926782461313101 0.24818952266986555 0.026545891394981973 0.02653657473050631
0 0.41762689443734974 0.9304477985088642 0.024494024423452523 0.02438662602351262
0 0.4582458276015062 0.2623622234051044 0.022738163287823018 0.022960589482234076
0 0.6225064351008489 0.6079950332641602 0.019031377939077523 0.01901421180138221
0 0.05545094380011925 0.11556778504298283 0.017293288157536432 0.017345776924720176
0 0.13032731643089882 0.5272325369027945 0.019870611337515023 0.019982117872971755
0 0.35612146671001726 0.8335180282592773 0.02821504152738131 0.028036851149338942
0 0.8230356069711539 0.8481273651123047 0.0193026616023137 0.01911133986253005
0 0.9345216017503005 0.8340878119835486 0.022143730750450723 0.021788963904747598
0 0.751443496117225 0.7428247745220478 0.019619281475360576 0.019772896399864785
0 0.755580315223107 0.6293292412391076 0.021920130803034857 0.0218353271484375
0 0.3299308189978966 0.23404976037832406 0.026221348689152643 0.025890130263108473
0 0.7057656508225661 0.4344896169809195 0.06302950932429387 0.06332001319298378
0 0.9297344501201923 0.6090478163499099 0.03325506357046274 0.03324728745680589
0 0.012939151663046617 0.7757958632249099 0.021001254136745747 0.020975553072415866
0 0.3578504415658804 0.38268228677602917 0.01660948533278245 0.016589531531700723
0 0.36688863314115083 0.5145047261164739 0.023633810190054085 0.02368472172663762
0 0.6906507932222806 0.8230228424072266 0.02373651357797476 0.023653470552884616
0 0.4807932193462665 0.7882728576660156 0.025850589458759014 0.026112776536207933
0 0.8220882415771484 0.6889782685499924 0.021737025334284857 0.021920424241286058
0 0.15861082077026367 0.7758285082303561 0.026612575237567607 0.026679112361027643
0 0.2575557782099797 0.5780291924109826 0.021541595458984375 0.021778400127704326
0 0.23409740741436297 0.4330136225773738 0.049407665546123795 0.05018204909104567
0 0.9390181027925931 0.9888511804433969 0.020364761352539062 0.018898890568659857
0 0.9770811521089994 0.9792550893930289 0.044756375826322116 0.03711025531475361
0 0.7817844977745643 0.6367528621967022 0.02057647705078125 0.0209042475773738
0 0.024851821936093844 0.3842174823467548 0.04307738634256216 0.04268147395207332
0 0.6362898899958684 0.21225782541128305 0.016546102670522835 0.016582195575420674
0 0.06617713891542874 0.7284069061279297 0.025804959810697116 0.02578588632436899
0 0.31839854900653547 0.2506691492520846 0.015868260310246393 0.015905453608586237
0 0.5830236581655649 0.7085801638089694 0.016790390014648438 0.01676177978515625
0 0.17472001222463754 0.39179222400371844 0.018156675192025993 0.01808298551119291
0 0.6343351510854868 0.555969788477971 0.022043374868539665 0.022054305443396933
0 0.11259940037360558 0.6961165208082932 0.022318564928494967 0.02243951650766226
0 0.4006635592533992 0.7622814178466797 0.019564701960637018 0.019245000985952523
0 0.6345097468449519 0.5983470036433294 0.016148200401893027 0.015676351693960335
0 0.17827213727510893 0.8253360895010141 0.029793812678410456 0.02948144766000601
0 0.9909687042236328 0.5275433613703802 0.017075465275691107 0.01793949420635517
0 0.38247992442204404 0.23885339957017165 0.0163729007427509 0.01633310317993164
0 0.49558015970083386 0.6364197364220252 0.024420518141526442 0.024500333345853366
0 0.36400552896352917 0.9299548956064078 0.015331855187049279 0.015221228966346154
0 0.5625631625835712 0.5323240573589618 0.03476135547344501 0.03459886404184195
0 0.7814909128042368 0.7285323509803185 0.018530625563401442 0.018366300142728366
0 0.939912355863131 0.7387124575101413 0.020392197829026442 0.0204312251164363
0 0.11461529364952674 0.24800861798799956 0.018334205334003154 0.01860919365516076
0 0.6908592810997596 0.23755942858182466 0.021738052368164062 0.021759400000939004
0 0.10158380178304818 0.4437227982741136 0.04883078428415152 0.04953619150015024
0 0.6938976874718299 0.7789897185105544 0.017405289870042067 0.01720883296086238
0 0.8759183883666992 0.2952584119943472 0.021753751314603366 0.022384203397310697
0 0.04015609392753014 0.5333856435922476 0.01585818254030668 0.015961280235877402
0 0.992108051593487 0.25361748842092663 0.01549544701209435 0.0395201536325308
0 0.6711566631610577 0.22128662696251503 0.017100700965294473 0.016997043903057393
0 0.1588151088127723 0.6250729194054236 0.017739039201002855 0.017683029174804688
0 0.8267696087176983 0.7925007159893329 0.022890237661508415 0.022942469670222357
0 0.2667233393742488 0.07876064227177547 0.03963734553410457 0.039289543261894815
0 0.39931862170879656 0.8197846045860877 0.06140422821044922 0.062283882727989785
0 0.8594149076021634 0.07222213194920467 0.02022699209359976 0.02024353467501127
0 0.4403376212486854 0.1427339773911696 0.04109888810377855 0.041762938866248496
0 0.020009556641945474 0.7923683019784781 0.020716745119828444 0.021563016451322116
0 0.1391754150390625 0.1957574991079477 0.015450184161846455 0.015337870671198918
0 0.6052149992722732 0.9580097932081956 0.015845372126652643 0.015813093919020433
0 0.4932446846595177 0.2179441085228553 0.08131856184739333 0.08158940535325271
0 0.7570627652681791 0.729979001558744 0.016293745774489183 0.016686366154597357
0 0.959332906282865 0.46894176189716047 0.030512002798227165 0.030142710759089544
0 0.10312639749967135 0.1306932889498197 0.014655975195077749 0.01455519749568059
0 0.9249001282912034 0.1315296246455266 0.03402797992412861 0.03420840776883639
0 0.125887027153602 0.8298894442044772 0.029194758488581732 0.02955480722280649
0 0.14232961031106803 0.6390159313495343 0.017093988565298226 0.017321366530198317
0 0.47806827838604266 0.7598110345693735 0.025105623098520134 0.02526547358586238
0 0.5338152371920072 0.8860846299391526 0.025027348445012018 0.0255129887507512
0 0.07454520463943481 0.2292916591350849 0.02173930865067702 0.02107084714449369
0 0.679963258596567 0.9128073912400466 0.017251088069035456 0.017421428973858174
0 0.446284660926232 0.5698909759521484 0.023999580970177285 0.023677972646859977
0 0.022494192306811992 0.9401635390061599 0.044919142356285684 0.11615371704101562
0 0.7278839991642878 0.4786447011507474 0.03946260305551382 0.03964680891770583
0 0.09614628094893235 0.01745375761618981 0.016961409495427057 0.017074089783888597
0 0.7947714878962591 0.4893050560584435 0.020206451416015625 0.02007741194504958
0 0.3354459542494554 0.8537415724534255 0.018007425161508415 0.018107487605168268
0 0.22449260491591233 0.07006322420560397 0.03290202067448543 0.03373538530789889
0 0.07141639636113094 0.20906400680541992 0.03181756459749662 0.030994928800142728
0 0.8579572530893179 0.9830360412597656 0.03863672109750601 0.029593687791090745
0 0.5517224531907302 0.14140730637770432 0.01626447530893179 0.01606922883253831
0 0.8722379391009991 0.5899161558884841 0.03943824768066406 0.03907372401310848
0 0.09315410027137169 0.6569971671471229 0.01875169460590069 0.018752024723933294
0 0.40387579110952526 0.187959597660945 0.02340566194974459 0.023813174321101263
0 0.3280729880699745 0.7343810888437124 0.024590712327223558 0.024666859553410456
0 0.4375407879169171 0.7993359932532678 0.033050243671123795 0.033218090350811295
0 0.032220856501505926 0.3549461364746094 0.01784284756733821 0.01781456287090595
0 0.7241051747248723 0.5735386334932767 0.01508316626915565 0.014874531672551082
0 0.693394294151893 0.8009050809420072 0.023245591383713942 0.02303167489858774
0 0.8717779012826773 0.27571375553424543 0.01908698448768029 0.01911779550405649
0 0.41698609865628755 0.5965455862192007 0.05833875215970553 0.05881588275615986
0 0.36850558794461763 0.09223439143254207 0.02048353048471304 0.020524061643160306
0 0.4000740418067345 0.18006640214186448 0.04529659564678486 0.04545131096473107
0 0.9717636108398438 0.24415272932786208 0.019829676701472357 0.01982857630803035
0 0.8060800845806415 0.2285429330972525 0.023676065298227165 0.023770809173583984
0 0.83459656055157 0.6318109952486478 0.018278855543870192 0.018158839299128607
0 0.5803088408250076 0.6301913628211389 0.016094354482797477 0.016091273381159857
0 0.12647546254671538 0.47224749051607573 0.03374143747182993 0.03267346895658053
0 0.7172832489013672 0.2254322125361516 0.032984220064603366 0.03313108590932993
0 0.6030120849609375 0.5898565145639273 0.015577169565054087 0.015572767991286058
0 0.10629006532522348 0.9106144538292518 0.030224103194016676 0.029661912184495192
0 0.09722357529860276 0.2123573193183312 0.015620928544264574 0.015595399416410007
0 0.8214833186222956 0.748374498807467 0.020376058725210335 0.020777188814603366
0 0.9719665233905499 0.7571311363807092 0.055459829477163464 0.06206189669095553
0 0.7132332141582782 0.6942173150869516 0.016853919396033652 0.017253729013296273
0 0.07386066363408016 0.08186837343069223 0.014713562451876126 0.014626227892362155
0 0.9619140625 0.4475089219900278 0.016937402578500602 0.017606661869929388
0 0.34291377434363735 0.6163904483501728 0.015068567716158353 0.015114270723783053
0 0.7712930532602164 0.4611241634075458 0.022235283484825723 0.022418755751389723
0 0.7600008157583383 0.8360436512873723 0.05806790865384615 0.05775789114145132
0 0.671930899986854 0.27942554767315203 0.017056978665865384 0.01714016841008113
0 0.22325314008272612 0.5677640621478741 0.027860274681678183 0.02773006145770733
0 0.2771339966700627 0.6728568443885217 0.017148568080021784 0.017466618464543268
0 0.09631646596468411 0.2399760209597074 0.021826854118934043 0.022381965930645283
0 0.35141886197603667 0.06823637852301964 0.017241698044996995 0.01698787395770733
0 0.5322889914879432 0.36176476111778844 0.014659881591796875 0.014482864966759315
0 0.9920629354623648 0.36640185576218826 0.015552814190204326 0.022203665513258714
0 0.8929311312161959 0.2825811459467961 0.018134190486027643 0.017639747032752402
0 0.6981366230891302 0.897734862107497 0.04493640019343449 0.044673919677734375
0 0.4298578409048227 0.3256537364079402 0.014588869535006009 0.014279879056490384
0 0.7666138869065505 0.42342251997727615 0.0286715580866887 0.029041877159705527
0 0.3495166118328388 0.3704682863675631 0.014153187091533955 0.014131546020507812
0 0.952267573429988 0.8266453376183143 0.014812762920673076 0.014761117788461538
0 0.607026613675631 0.56104799417349 0.02588991018442007 0.02660208482008714
0 0.31528685643122745 0.6041444631723257 0.014949945303109976 0.014937034020057091
0 0.5051781580998347 0.18107043779813325 0.018889207106370192 0.01882307346050556
0 0.12404024600982666 0.19177919167738694 0.014709142538217397 0.014683246612548828
0 0.14416989913353553 0.06634781452325675 0.020922257350041315 0.02123114695915809
0 0.36924413534311146 0.6054313366229718 0.040767522958608776 0.040096136239858776
0 0.9708378131573017 0.2274304903470553 0.0210421635554387 0.02190377162053035
0 0.48040004876943737 0.857692131629357 0.016025616572453424 0.016016740065354567
0 0.5718874197739822 0.13656499752631554 0.017359293424166165 0.017380365958580606
0 0.006220336143787091 0.8179338895357572 0.012435619647686299 0.025313157301682692
0 0.07162674573751596 0.10869771700638992 0.017853846916785605 0.018018117317786582
0 0.36532299335186297 0.7870242779071515 0.018772418682391826 0.019025069016676683
0 0.5370051310612605 0.3965525993934044 0.019411160395695612 0.01912381098820613
0 0.2875059934762808 0.29567841383127064 0.014411412752591647 0.014087053445669321
0 0.2164010267991286 0.6822403394258939 0.016549110412597656 0.016704559326171875
0 0.6017643121572641 0.38819239689753604 0.025113766009990986 0.025155287522536058
0 0.586822876563439 0.3632078170776367 0.02035977290226863 0.02055784372182993
0 0.4079177929804875 0.23107570868272048 0.020190092233511116 0.020207551809457634
0 0.9368626521183894 0.47979134779710036 0.014436281644381009 0.014636993408203125
0 0.7208212338961087 0.27289878405057466 0.019702031062199518 0.019816838777982272
0 0.7000943697415866 0.6443528395432693 0.022864708533653848 0.022923396183894232
0 0.277675591982328 0.2008077181302584 0.016046744126539964 0.01608760540301983
0 0.5604405036339393 0.010954745686971225 0.03338182889498197 0.020947366952896118
0 0.05537579609797551 0.7713605440579928 0.026160478591918945 0.025990412785456732
0 0.2833373729999249 0.17765151537381685 0.014859786400428185 0.014733974750225361
0 0.5482980287992038 0.6171684265136719 0.019029617309570312 0.019173695490910456
0 0.3561898378225473 0.15278174326970026 0.014794863187349759 0.014669234936053935
0 0.7989806395310622 0.5020140134371244 0.02851280799278846 0.029267384455754206
0 0.7679284902719351 0.3904476532569298 0.019933260404146634 0.020002145033616286
0 0.7145701188307542 0.2276000793163593 0.026968735914963942 0.027154005490816556
0 0.7092202993539664 0.19789772767287034 0.02303651662973257 0.023537195645845853
0 0.2693593685443585 0.08437058558830848 0.0491643318763146 0.05126551481393667
0 0.5149978490976187 0.3212748307448167 0.014063028188852163 0.014271075908954326
0 0.9913350618802584 0.4723526147695688 0.016625624436598558 0.01777927692119892
0 0.6963573602529672 0.7250537872314453 0.02644069378192608 0.026590494009164665
0 0.5352872334993802 0.1062783094552847 0.014247307410606971 0.01393299836378831
0 0.9207788614126352 0.6995308215801532 0.015537261962890625 0.01588263878455529
0 0.1776271966787485 0.7599374330960788 0.031395985529972956 0.031162848839393027
0 0.9939096890963041 0.37296152114868164 0.011851970966045674 0.019506014310396634
0 0.05211452337411734 0.6198541201077975 0.022984889837411735 0.022662859696608324
0 0.9970845442551833 0.6718914325420673 0.005746107835036058 0.016521747295673076
0 0.11010497349959153 0.9122327657846304 0.038020739188561074 0.0379034189077524
