0 0.7721622907198392 0.77222229884221 0.17797029935396635 0.17684555053710938
0 0.8868692104633038 0.08087549759791447 0.16542434692382812 0.1590562783754789
0 0.4421458611121544 0.7451161604661208 0.2137424762432392 0.22437022282527044
0 0.7068636967585638 0.9135909447303185 0.06917660052959736 0.06899466881385216
0 0.2406609975374662 0.09330281844505897 0.04732197981614333 0.047216676748715915
0 0.44627996591421276 0.9128932952880859 0.05066666236290565 0.05037615849421574
0 0.7437010544996995 0.022310527471395638 0.04835979755108173 0.0432966947555542
0 0.5147197063152606 0.5445357102614182 0.056842730595515326 0.0564421140230619
0 0.1662140259375939 0.9797446911151593 0.04113944677206186 0.037048046405498795
0 0.1321193896807157 0.5079316726097693 0.1246786300952618 0.12432655921349159
0 0.5989957589369553 0.1800679977123554 0.05895724663367638 0.05878312771136944
0 0.9165956057035006 0.7351455688476562 0.11350514338566707 0.16682580801156852
0 0.49765770251934344 0.12008149807269757 0.04141983619103065 0.04132164441622221
0 0.9231006182157077 0.22711049593411958 0.09427041273850661 0.16069727677565354
0 0.20928808358999398 0.40585958040677583 0.05517130631666917 0.054795998793381914
0 0.6574484018179086 0.756661635178786 0.05689034095177284 0.05714739285982572
0 0.692782842195951 0.7234676067645733 0.046477097731370196 0.04603503300593449
0 0.5469215099628155 0.09627235852755033 0.028256636399489183 0.02815708747276893
0 0.5398322985722468 0.14806661239037147 0.028957660381610576 0.0289919559772198
0 0.36455539556650013 0.31598865068875825 0.03343288715069111 0.03347939711350661
0 0.4407934775719276 0.011627364617127638 0.033864388099083535 0.02213960886001587
0 0.6887983909020057 0.23232700274540827 0.0389856191781851 0.03914458935077374
0 0.520802534543551 0.5807269903329703 0.023663887610802285 0.023780676034780648
0 0.31880642817570615 0.25088361593393177 0.03872944758488582 0.03869467515211839
0 0.3621661846454327 0.23419871697059044 0.04051971435546875 0.0405432627751277
0 0.5023633516751803 0.8856770442082331 0.01969484182504507 0.019966712364783652
0 0.20959006823026216 0.908943616426908 0.02407382084773137 0.024186354417067308
0 0.28571462631225586 0.5254797568688025 0.03411579132080078 0.03383959256685697
0 0.41086424314058745 0.8593544593224158 0.021152643057016227 0.02100401658278245
0 0.4433741936316857 0.7309259267953726 0.030418542715219352 0.030738243689903848
0 0.196046939262977 0.8109466112576998 0.028772794283353366 0.028782477745643027
0 0.916720463679387 0.8288208154531626 0.03358958317683293 0.033299812903771035
0 0.6905002593994141 0.36490227625920224 0.04024094801682692 0.040444447444035456
0 0.19892001152038574 0.6605131442730243 0.04185632558969351 0.04180013216458834
0 0.438442010145921 0.04313087463378906 0.020720628591684196 0.020824267314030573
0 0.7621101966271033 0.18126715146578276 0.0502775632418119 0.05052955334003155
0 0.17893118124741775 0.2653185220865103 0.029505032759446364 0.02956691155066857
0 0.34131350884070766 0.6486966059758112 0.025282933161808893 0.02509924081655649
0 0.802607169518104 0.8657380617581881 0.026795020470252402 0.0269778325007512
0 0.045150124109708346 0.78821350977971 0.03966615750239445 0.0678407228910006
0 0.6359933706430289 0.9210705390343299 0.020427410419170674 0.020563272329477165
0 0.8795377291165866 0.47472612674419695 0.052175081693209134 0.05200004577636719
0 0.23735961547264686 0.36325568419236404 0.041711660531850964 0.04170527824988732
0 0.20036611190209022 0.29482168417710525 0.054500763232891374 0.05387735366821289
0 0.5270770146296575 0.03634752677037166 0.017429058368389424 0.017346629729637734
0 0.2752392108623798 0.9163067891047552 0.02147850623497596 0.021492444551908053
0 0.5459634340726413 0.2950157018808218 0.03708311227651743 0.03731250762939453
0 0.42839611493624175 0.5481417729304388 0.0292511719923753 0.029517247126652643
0 0.5743803611168494 0.26589120351351225 0.01688531728891226 0.016795891981858473
0 0.26030903596144456 0.580470451941857 0.024624347686767578 0.024689527658315804
0 0.28414729925302357 0.8576192122239333 0.021775465745192308 0.021950648381159857
0 0.3871159920325646 0.015565128280566288 0.017412479107196514 0.01753163566956153
0 0.25144912646367 0.5174783559945914 0.025445094475379355 0.02550198481633113
0 0.1693418209369366 0.7861178471491888 0.022452647869403545 0.02250084510216346
0 0.44745782705453724 0.8724294809194711 0.022881361154409554 0.0225070073054387
0 0.923832526573768 0.8662685981163611 0.017779423640324518 0.017656473013070915
0 0.2876134652357835 0.6288606203519381 0.022763472336989183 0.022999983567457933
0 0.3498447858370267 0.5041375160217285 0.02528542738694411 0.02563014397254357
0 0.13976357533381537 0.20356347010685846 0.027719424321101263 0.027821467472956732
0 0.2508419110224797 0.6322803497314453 0.030979229853703424 0.030955974872295674
0 0.445523555462177 0.1624767780303955 0.01744666466346154 0.017592980311467096
0 0.33331988408015323 0.8221913851224459 0.026822750384990986 0.026952009934645433
0 0.41914066901573765 0.34724903106689453 0.021524429321289062 0.02161260751577524
0 0.11546206474304199 0.6656922560471755 0.03704362649184007 0.037491138164813705
0 0.5710259951077975 0.2158821179316594 0.024918629572941706 0.025036078232985277
0 0.5907557560847356 0.10641245658581074 0.032886651846078724 0.03279548424940843
0 0.16768536200890174 0.8947024712195764 0.019414461576021634 0.01959654001089243
0 0.46196460723876953 0.8642120361328125 0.021380057701697715 0.021418938269981973
0 0.4337897300720215 0.07189419636359581 0.022758043729341947 0.022644611505361702
0 0.15847393182607797 0.7361587377694937 0.016355001009427585 0.016373854417067308
0 0.7152685018686148 0.24303285892193133 0.01818392826960637 0.018032000615046576
0 0.18988723021287185 0.5495584194476788 0.021091314462515023 0.02086918170635517
0 0.04782941249700693 0.9924982511080228 0.02194066231067364 0.013708554781400241
0 0.6577481489915115 0.11892019785367526 0.01641112107496995 0.016470560660729043
0 0.29826861161452073 0.8744883904090295 0.026416265047513522 0.026303217961237982
0 0.4305970852191632 0.11720406092130221 0.029434350820688102 0.0296174196096567
0 0.7918528043306791 0.881264906663161 0.016031705416165866 0.016176663912259616
0 0.27742268488957333 0.6479500990647536 0.019841560950646035 0.01989159217247596
0 0.06748413581114548 0.3647130819467398 0.01962895576770489 0.019702324500450723
0 0.3193034392136794 0.5230763508723333 0.030147332411545973 0.029872307410606973
0 0.49991424267108625 0.32487040299635667 0.016612933232234076 0.01627951401930589
0 0.15906229385962853 0.7635995424710788 0.019995799431434043 0.019964218139648438
0 0.44620829362135667 0.9868342326237605 0.016874019916240986 0.016682991614708535
0 0.6516282008244441 0.2939121906573956 0.027653914231520433 0.028366602384127103
0 0.719060310950646 0.6096568474402795 0.018093989445612982 0.01806640625
0 0.11671863152430607 0.9009574743417593 0.020153339092548076 0.020134559044471152
0 0.7638828571026142 0.12096972648914044 0.031219482421875 0.03116004283611591
0 0.6603576953594501 0.23914107909569374 0.01863274207481971 0.01839296634380634
0 0.22784790625939003 0.44322747450608474 0.029387840857872598 0.02937030792236328
0 0.6613985208364633 0.0757059592467088 0.01591667762169471 0.01581153502831092
0 0.20506609403170073 0.48667643620417667 0.04359641441932091 0.04382038116455078
0 0.7451094113863431 0.23327471659733698 0.048219534067007214 0.04849727337176983
0 0.13837531896737906 0.8492680329542893 0.01966520456167368 0.019626617431640625
0 0.27457508674034703 0.891209969153771 0.018967555119441107 0.01906438974233774
0 0.23827915925246018 0.20777405225313628 0.016291691706730768 0.016054593599759616
0 0.4380883803734413 0.626064447256235 0.024739778958834134 0.02435170687161959
0 0.7978093073918269 0.38996237974900466 0.029808924748347357 0.029674750107985277
0 0.7493237715501052 0.6546758505014273 0.0279385493351863 0.028009561391977165
0 0.31663084030151367 0.77490967970628 0.023364433875450723 0.023352402907151442
0 0.3150604321406438 0.40695758966299206 0.026426315307617188 0.02624049553504357
0 0.6125851411085862 0.360536318558913 0.019918441772460938 0.019887704115647536
0 0.3211034628061148 0.8845531757061298 0.018514633178710938 0.018505976750300482
0 0.4605613121619591 0.12434922731839694 0.016199332017164964 0.016094317803016074
0 0.5969470831064078 0.802732907808744 0.01581148000863882 0.015773626474233773
0 0.2984163394341102 0.6443981023935171 0.017399347745455228 0.017516943124624398
0 0.7393916203425481 0.09705196894132175 0.022853264441856973 0.023258521006657526
0 0.27391518079317534 0.7925111330472506 0.01878217550424429 0.018940852238581732
0 0.308108036334698 0.34934109907883865 0.016304602989783652 0.016256332397460938
0 0.21762521450336164 0.9675994286170373 0.015448863689716045 0.015767024113581732
0 0.34491491317749023 0.09982656515561618 0.015126741849459134 0.01501312622657189
0 0.15616902938255897 0.9241254513080304 0.025321446932279147 0.025306114783653848
0 0.32885430409358096 0.9916477936964768 0.023267012376051683 0.015082726111778846
0 0.1053018203148475 0.10632138985853928 0.024879969083345853 0.024713662954477165
0 0.09459392841045673 0.020997363787430983 0.019432526368361253 0.019426877682025615
0 0.4818543287423941 0.8821480090801532 0.019547535822941706 0.01944732666015625
0 0.6100422052236704 0.23389434814453125 0.028170365553635817 0.028511414161095254
0 0.8018441567054162 0.4751140887920673 0.028643974891075723 0.028232721182016227
0 0.1961374282836914 0.8424260066105769 0.02309571779691256 0.023368101853590745
0 0.14614524291111872 0.7755650740403396 0.019012909669142503 0.019166212815504808
0 0.10108599295982948 0.12330886033865121 0.0215301880469689 0.021359333625206582
0 0.5067494465754583 0.9562212870671198 0.02260905045729417 0.022693047156700723
0 0.5060353645911584 0.9895943861741286 0.023181915283203125 0.018601490901066706
0 0.35669458829439604 0.35990124482374924 0.027476970966045674 0.027240606454702523
0 0.48996283457829404 0.008437466162901659 0.01985645294189453 0.015940283353512105
0 0.35409751305213344 0.9265726529634916 0.036829581627478965 0.03606972327599159
0 0.44028128110445464 0.2782862369830792 0.015639011676494893 0.015824171213003304
0 0.9006132712730994 0.5335615965036246 0.01661080580491286 0.016720991868239183
0 0.07450509071350098 0.6103454736562876 0.019574440442598783 0.019816765418419473
0 0.5253891944885254 0.928617550776555 0.01575301243708684 0.01597287104679988
0 0.8760178639338567 0.9166369804969201 0.018679692195012018 0.01846489539513221
0 0.33687584216778094 0.33719789064847505 0.024414796095628005 0.02577341519869291
0 0.0685885135944073 0.92700745509221 0.016402446306668796 0.016289344200721152
0 0.32938634432279146 0.6950682126558744 0.017756242018479567 0.017725431002103366
0 0.2312159905066857 0.7961652462299054 0.022272550142728366 0.022156788752629206
0 0.2599497391627385 0.48898828946627104 0.02432416035578801 0.024445313673753005
0 0.4605169663062462 0.7693761678842398 0.021892767686110277 0.02215297405536358
0 0.04964844997112568 0.3201158963716947 0.03687306550832895 0.036989872272198014
0 0.25470348504873425 0.15375581154456505 0.014958675091083232 0.014943159543550931
0 0.8243519709660456 0.21552276611328125 0.01902947059044471 0.019106278052696817
0 0.8067589539747971 0.8993938152606671 0.01993428743802584 0.020094798161433294
0 0.27733557040874773 0.058406408016498275 0.042234053978553183 0.04228481879601112
0 0.6430015563964844 0.6107960114112267 0.016324263352614183 0.016174976642315205
0 0.30567055482130784 0.49801004849947417 0.02602804624117338 0.02633065443772536
0 0.8579193995549128 0.5461641825162448 0.027831150935246393 0.027096968430739183
0 0.6979439075176532 0.05370694857377272 0.01568603515625 0.01568185366117037
0 0.27208610681387096 0.5535867764399602 0.03860605680025541 0.038416275611290567
0 0.058291150973393366 0.7017251528226413 0.020027912580049954 0.020526299109825723
0 0.6710202877338116 0.025765726199516885 0.015358851506159855 0.015303949897105876
0 0.1628578626192533 0.4099220862755409 0.014299392700195312 0.014204758864182692
0 0.08897097294147198 0.6329595125638522 0.023752689361572266 0.024329552283653848
0 0.11394916130946232 0.3935696528508113 0.03130980638357309 0.03235413477971004
0 0.6193298193124624 0.5619522241445688 0.014441416813777043 0.014472521268404447
0 0.22112541932326096 0.5869202247032752 0.01947168203500601 0.0195465087890625
0 0.739443852351262 0.8982800703782302 0.01582483144906851 0.015698653001051683
0 0.08218965163597694 0.8908031170184796 0.01800258343036358 0.017934065598707933
0 0.37321868309607875 0.38557910919189453 0.023049427912785456 0.023170911348783053
0 0.06224346160888672 0.29751880352313703 0.02762886194082407 0.02780569516695463
0 0.22334036460289589 0.46153846153846156 0.026314515333909255 0.026074042687049277
0 0.23828486295846793 0.8799348977895883 0.017550285045917217 0.01759191659780649
0 0.3527224614070012 0.3434273646428035 0.025779063885028545 0.0261074946476863
0 0.20774041689359224 0.7541209000807542 0.02091084993802584 0.02098699716421274
0 0.7096431438739483 0.9891294332650992 0.014590630164513221 0.014302473801832933
0 0.4996125881488507 0.0987842266376202 0.016002361591045674 0.016187704526461087
0 0.45954256791334885 0.3244640643780048 0.014217376708984375 0.014190893906813402
0 0.18866265737093413 0.3737021226149339 0.016203550192025993 0.016266602736253005
0 0.24021621850820687 0.5721612710219163 0.018874278435340293 0.01896381378173828
0 0.6226477256188025 0.7739046536959134 0.020998587975135215 0.021346165583683893
0 0.48581614861121547 0.4319313489473783 0.05485065166766827 0.054827323326697715
0 0.65452817770151 0.333863588479849 0.0143586672269381 0.014291689946101261
0 0.6223207620474008 0.43888099376971906 0.01477344219501202 0.014950092022235576
0 0.46243972044724685 0.4126458168029785 0.014849002544696514 0.014850909893329326
0 0.31758953974797177 0.2081112678234394 0.019777297973632812 0.019602885613074668
0 0.5370381061847394 0.2719363249265231 0.014682402977576623 0.014651995438795824
0 0.05733665136190561 0.5914952571575458 0.02727655264047476 0.02718243232140174
0 0.23622450461754432 0.6219048133263221 0.015186823331392728 0.015201898721548228
0 0.15788689026465783 0.23352936597970816 0.03493224657498873 0.035137323232797474
0 0.09208706709054801 0.5262429164006159 0.03458268825824444 0.03433638352614183
0 0.8172146723820612 0.02778722231204693 0.027293278620793268 0.026482196954580452
0 0.9525925562931941 0.6744449322040265 0.018688201904296875 0.018341651329627402
0 0.11108792745150052 0.3908215302687425 0.038318909131563626 0.03746802990253155
0 0.7481936674851638 0.9542753513042743 0.014324188232421875 0.014374953049879808
0 0.1652715389545147 0.13343317692096418 0.014458216153658353 0.014677066069382887
0 0.06644284725189209 0.8533771221454327 0.029610927288348857 0.030018733097956732
0 0.1661687264075646 0.5733894935021033 0.031767771794245794 0.031598384563739486
0 0.7490463256835938 0.28041927631084734 0.01489551250751202 0.0146788083589994
0 0.5585230313814603 0.31536927590003383 0.026580076951246995 0.02652630439171424
0 0.5067950395437387 0.0491869357916025 0.015897310697115384 0.015929368826059196
0 0.3373310382549579 0.9099821677574744 0.02780914306640625 0.02872628432053786
0 0.37207995928250825 0.56636931346013 0.015254827646108774 0.015174645643967848
0 0.3691386442918044 0.9490329302274264 0.021898709810697116 0.02183679433969351
0 0.5798170383159931 0.9096839611346905 0.015213599571814904 0.0151519775390625
0 0.6236661764291617 0.870143303504357 0.013903397780198317 0.013743033775916466
0 0.7749514946570764 0.25511767314030576 0.014928524310772236 0.015207217289851261
0 0.15262134258563703 0.10006939447843112 0.05155123197115385 0.05204242926377516
0 0.45654502281775844 0.7471057451688327 0.018442374009352464 0.018264623788686898
0 0.797419914832482 0.8254776000976562 0.022622328538161058 0.022414280818058893
0 0.41206932067871094 0.3645277756911058 0.02136509235088642 0.02184779827411358
0 0.5010366439819336 0.9555281125582181 0.016069558950570915 0.017002986027644232
0 0.832571763258714 0.424496944134052 0.016060755803034857 0.01610873295710637
0 0.26396890786977917 0.7192692389855018 0.01973750041081355 0.019764826847956732
0 0.3599220422598032 0.2877084475297194 0.022219731257512018 0.02225971221923828
0 0.5094399085411658 0.9584820087139423 0.019103417029747598 0.019715235783503607
0 0.2971057158250075 0.7911577958327073 0.018270125755896933 0.018574347862830527
0 0.694170511685885 0.28380555372971755 0.014088117159329928 0.013932191408597507
0 0.39998714740459734 0.27149141751802885 0.018080784724308893 0.018137344947228067
0 0.8189100118783804 0.20206060776343712 0.01764825674203726 0.017460346221923828
0 0.14552145737868089 0.17730364432701698 0.021036038031944863 0.02105602851280799
0 0.6245885995718149 0.7352793766902044 0.017392378586989183 0.017275590163010817
0 0.08624016321622409 0.1703186401954064 0.014826224400446964 0.014837411733774038
0 0.608240347642165 0.609794176541842 0.014850763174203726 0.014855018028846154
0 0.09374359937814566 0.8366473271296575 0.015190344590407152 0.014806013840895433
0 0.5398842004629282 0.2187947860130897 0.029271492591271035 0.0300748531634991
0 0.5570025444030762 0.8385838728684646 0.014061854435847355 0.014081221360426683
0 0.11993023065420297 0.8622925098125751 0.01378009869502141 0.014016078068659855
0 0.7410508669339694 0.57043823829064 0.013651334322415866 0.014077700101412259
0 0.03427898196073679 0.5978556412916917 0.015202719431657057 0.0238345219538762
