0 0.6440359995915339 0.4682425352243277 0.22971505385178786 0.23585825700026292
0 0.7885596935565655 0.6150790728055514 0.0799394754263071 0.08005230243389423
0 0.8493076471182016 0.976038932800293 0.05349041865422176 0.043920076810396634
0 0.10528116959791917 0.7957256023700421 0.06538185248008141 0.06492761465219352
0 0.22652314259455755 0.3072522970346304 0.049547635591947116 0.04953626485971304
0 0.19651455145615798 0.2832008508535532 0.09233958904559796 0.09289954258845402
0 0.5055027008056641 0.07027570559428288 0.051215832050030045 0.05121910572052002
0 0.5324540505042443 0.19841872728787935 0.03609627943772536 0.03627931154691256
0 0.14298229034130389 0.34053553067720854 0.03889335118807279 0.03947727496807392
0 0.3389459023108849 0.8477023198054388 0.025078700138972357 0.025088090163010817
0 0.4145156786992 0.7920246857863206 0.03711766463059645 0.03723071171687199
0 0.8731765747070312 0.5033589876615084 0.026692903958834134 0.026770811814528245
0 0.38570272005521333 0.0935687652001014 0.03419025127704327 0.03401934183560885
0 0.9034723135141226 0.9190429540780874 0.021591333242563102 0.021513865544245794
0 0.5671003781832181 0.6894212869497446 0.01944762009840745 0.019487380981445312
0 0.7047010568472055 0.2527696169339694 0.041130359356219955 0.04158218090350811
0 0.6724163202139047 0.6773456426767203 0.019065710214468148 0.019202745877779447
0 0.12282864864055927 0.6999667241023138 0.03597534619844877 0.03610992431640625
0 0.15941018324631911 0.6203740193293645 0.03764696304614727 0.03779939504770132
0 0.11480888953575721 0.20836736605717585 0.018068808775681715 0.017777076134314902
0 0.7850974889901968 0.1495500344496507 0.016609778771033652 0.016811957726111777
0 0.07411907269404484 0.21438305194561297 0.015465644689706655 0.018266567817101113
0 0.9180764418381911 0.8301423879770132 0.02872437697190505 0.04032545823317308
0 0.9151011246901292 0.7764618946955755 0.03475820101224459 0.04485599811260517
0 0.3117536764878493 0.4119679010831393 0.019629845252403848 0.019742305462176982
0 0.2602750521439772 0.20320971195514387 0.018312417543851413 0.018114786881666917
0 0.7900493328387921 0.918339362511268 0.020832355205829326 0.02086023183969351
0 0.4669837218064528 0.7853797032282903 0.018032660851111777 0.01810455322265625
0 0.3418291532076322 0.21741327872643104 0.03019883082463191 0.03035908478956956
0 0.269317626953125 0.34315208288339466 0.01778973065889799 0.017496475806603067
0 0.33875516744760364 0.2808806529411903 0.016858320969801683 0.016705402961144082
0 0.5462689766517053 0.7793308404775766 0.017408444331242487 0.017429205087515023
0 0.8945717444786658 0.9767447251539964 0.0350958017202524 0.035175323486328125
0 0.08912775149712196 0.23360362419715294 0.01704997282761794 0.017057418823242188
0 0.6252450942993164 0.6378977115337665 0.029415277334359977 0.029659564678485576
0 0.4493937859168419 0.07166271943312424 0.01893160893366887 0.018836223162137546
0 0.8255621103140024 0.051968047252068154 0.028695033146784857 0.028850592099703275
0 0.7962715442364032 0.7272677788367639 0.1328573960524339 0.13245626596304086
0 0.8958598650418795 0.8769995616032527 0.020769119262695312 0.020950170663686898
0 0.2552643555861253 0.6413849317110502 0.0821685791015625 0.08195789043719952
0 0.6011001146756686 0.7354595477764423 0.015640405508188102 0.015776414137620192
0 0.7922677993774414 0.49306084559513974 0.01561722388634315 0.015339191143329326
0 0.3103338388296274 0.6092901963454026 0.026446782625638522 0.02661749032827524
0 0.9231023788452148 0.4647706471956693 0.019929152268629808 0.020464750436636116
0 0.8849738927987906 0.4298965013944186 0.02815422644981971 0.028083654550405648
0 0.9187443072979267 0.9695223294771634 0.02198057908278245 0.022407385019155648
0 0.42607930990365833 0.0842427473801833 0.03378618680513822 0.03346942021296574
0 0.6950972630427434 0.782961551959698 0.021097623384915866 0.021399571345402643
0 0.5600598041827862 0.19301555706904486 0.022296832158015326 0.022225416623629056
0 0.17091516348031852 0.9878456409160907 0.04069243944608248 0.022581834059495192
0 0.16942257147568923 0.30602590854351336 0.044646960038405195 0.04438209533691406
0 0.08945795205923227 0.5424778278057392 0.045946946510901816 0.050403594970703125
0 0.38775025881253755 0.2818877146794246 0.021282196044921875 0.02143702140221229
0 0.11363113843477689 0.6649141311645508 0.015620194948636569 0.015687062190129206
0 0.46260929107666016 0.10645420734698956 0.023303105280949518 0.023488631615271933
0 0.12365836363572341 0.06558170226904061 0.02546389286334698 0.02574483247903677
0 0.3903317084679237 0.8227462768554688 0.040305797870342545 0.04039823091947115
0 0.15313484118534967 0.5525020085848295 0.022578056042010967 0.022644483126126803
0 0.14368348855238694 0.7706586397611178 0.015671473283034105 0.015737093411959134
0 0.5920979426457331 0.6708771632267878 0.016419484065129206 0.01647773155799279
0 0.7220640916090745 0.9357716487004206 0.02982931870680589 0.029277214637169473
0 0.15864911446204552 0.7122133695162259 0.019075320317195013 0.019666378314678486
0 0.36401429543128383 0.9654488196739783 0.2492244427020733 0.06868127676156852
0 0.22723766473623422 0.7160274799053485 0.014701036306527944 0.015221669123722957
0 0.4318408232468825 0.748014890230619 0.01999811025766226 0.020219069260817308
0 0.8678920452411358 0.5493952677800105 0.020093624408428486 0.020259563739483174
0 0.771841782789964 0.10615269954387958 0.029804816612830527 0.029984437502347507
0 0.4619151262136606 0.7677015157846304 0.017879412724421576 0.017743917611929085
0 0.8698564676138071 0.4477532460139348 0.02677007821890024 0.026724595289963942
0 0.46023420187143177 0.3394353206341083 0.034061578603891224 0.03467259040245643
0 0.5401471944955679 0.16382697912362906 0.023148023165189303 0.02328028128697322
0 0.3595553911649264 0.8093236776498648 0.029085672818697415 0.029801001915564902
0 0.07824314557589017 0.9806288205660306 0.021619558334350586 0.03155194796048678
0 0.10287618637084961 0.3217155016385592 0.023848203512338493 0.023993565486027643
0 0.4922434366666354 0.8077824665949895 0.02501502403846154 0.024306223942683294
0 0.09330715582920955 0.7179990915151743 0.014272836538461538 0.014329176682692308
0 0.3121327253488394 0.8265039737407978 0.015558096078725962 0.01569498502291166
0 0.7394987253042368 0.3110354496882512 0.017435660729041465 0.017400283079880934
0 0.08956302129305325 0.6758032578688401 0.01941343454214243 0.018919724684495192
0 0.5163652713482196 0.2892265319824219 0.015386434701772837 0.015261576725886418
0 0.8356899848351111 0.48409293248103213 0.023907001201923076 0.02381735581618089
0 0.6403211446908804 0.7400678487924429 0.014966818002554087 0.015045459453876201
0 0.691794908963717 0.014830560638354374 0.02219244150015024 0.022277967287943914
0 0.42933486058161807 0.3329287308913011 0.024935795710637018 0.02531594496506911
0 0.22160955575796273 0.04265923683459942 0.01513378436748798 0.014949523485623874
0 0.2882388738485483 0.5896515479454627 0.06752810111412635 0.06840911278357872
0 0.9050055283766526 0.9422622827383188 0.01856055626502404 0.018470177283653848
0 0.9055322500375601 0.9473341428316556 0.018218553983248197 0.018330207237830527
0 0.44966631669264573 0.13674696592184213 0.020367989173302285 0.020644389666043796
0 0.1634557430560772 0.8149808003352239 0.014928304232083835 0.014910331139197716
0 0.7178809826190655 0.935913819533128 0.022961249718299277 0.024500626784104567
0 0.8208606426532452 0.9042353996863732 0.08217532818134014 0.083099365234375
0 0.4208201261667105 0.31800226064828724 0.020387942974384014 0.02024225088266226
0 0.4525152353140024 0.2511754769545335 0.015123073871319111 0.01509545399592473
0 0.2663788061875563 0.1612106469961313 0.02996965555044321 0.02936685085296631
0 0.4885443907517653 0.13022900544680083 0.018492405231182393 0.018559969388521634
0 0.8471779456505408 0.9490899306077224 0.015895843505859375 0.015695718618539665
0 0.6993599671583909 0.9717724139873798 0.15213144742525542 0.055749746469350964
0 0.5561890968909631 0.6235647201538086 0.03632266704852764 0.03604434086726262
0 0.9131035437950721 0.9915099510779748 0.03528859065129207 0.016163019033578727
0 0.10303968649644119 0.5860673097463754 0.0741409705235408 0.1271049059354342
0 0.3161953045771672 0.9110359778771033 0.015571887676532451 0.015343886155348558
0 0.19238970829890326 0.7173245503352239 0.028725183927095853 0.0285336421086238
0 0.10392165184020996 0.6885856481698843 0.015006028688870944 0.015061305119441105
0 0.432767574603741 0.41028727017916167 0.13235136178823617 0.13478396489070013
