0 0.3660873266366812 0.09996748887575589 0.2638593637026273 0.20152669686537522
0 0.23751346881573016 0.25353501393244815 0.07461122366098258 0.07520162142240085
0 0.7368491246150091 0.12847009071936974 0.09309592613807091 0.09418872686532828
0 0.28367148912869966 0.9649213644174429 0.10673691676213191 0.06476328923152043
0 0.1752777833205003 0.32834573892446667 0.15360963344573975 0.15611831958477312
0 0.8832585261418269 0.2109968478863056 0.06942983774038461 0.06943346903874324
0 0.4698304029611441 0.6208210725050706 0.046905884375939004 0.046875293438251205
0 0.2110897577725924 0.8341583838829627 0.060387831467848554 0.06069682194636418
0 0.14835772147545448 0.19742503532996544 0.05740847954383263 0.057424105130709134
0 0.2164300771859976 0.7963953751784104 0.04493588667649489 0.0451806875375601
0 0.8395522924569937 0.916373032789964 0.17038682790902945 0.16395099346454328
0 0.6609877072847806 0.04079995705531193 0.045104687030498795 0.045156038724459134
0 0.35428876143235427 0.8860243283785306 0.05623920147235577 0.055855090801532455
0 0.09911995667677659 0.11964314717512864 0.04523469851567195 0.04551282295813927
0 0.7303502743060772 0.7435594705434946 0.08163877633901742 0.08224545992337741
0 0.8801788916954627 0.14484615509326643 0.09247163625863883 0.10297369956970215
0 0.2715075933016263 0.44235647641695464 0.04981701190655048 0.04957800645094652
0 0.40431814927321214 0.513147757603572 0.0352472892174354 0.03517649723933293
0 0.5818105477553147 0.43664690164419323 0.05555923168475811 0.055452200082632214
0 0.16033256970919096 0.5053106454702524 0.01992321014404297 0.019986372727614183
0 0.6158213982215295 0.040973411156581 0.04995995301466722 0.04990237492781419
0 0.7966035696176382 0.19336693103496844 0.10204447232759915 0.09876636358407828
0 0.30869436264038086 0.4675773107088529 0.04220764453594501 0.041868943434495196
0 0.7908124190110427 0.8582025674673227 0.051536853496844955 0.05186726496769832
0 0.5414273188664362 0.03563063649030832 0.04960793715256911 0.05021910025523259
0 0.8468376306387094 0.020718083931849554 0.022252596341646634 0.022303443688612718
0 0.6462926131028396 0.29737102068387544 0.028717921330378607 0.029042830834021933
0 0.3151809252225436 0.4277809216425969 0.04696449866661659 0.04700682713435246
0 0.45798884905301607 0.3557394834665152 0.027779579162597656 0.027744073134202223
0 0.5465650191673865 0.6882126881526067 0.022636927091158353 0.02265167236328125
0 0.25938852016742414 0.814063732440655 0.042661886948805586 0.042447603665865384
0 0.5970100989708533 0.605349980867826 0.031026546771709736 0.031151991624098558
0 0.6131501564612756 0.8362010809091421 0.028471873356745794 0.028499456552358773
0 0.7285167987530048 0.21577556316669172 0.021460606501652643 0.021520687983586237
0 0.11030298012953538 0.9812993269700271 0.05432281127342811 0.03605989309457632
0 0.5142778983482947 0.7001438140869141 0.042859590970552884 0.042428823617788464
0 0.24382785650400016 0.5592295573307917 0.020055110637958232 0.01977671109713041
0 0.9028255756084735 0.5135575441213754 0.0181576655461238 0.01806956071120042
0 0.6992970246535081 0.03527724284392137 0.022696861853966348 0.022493224877577562
0 0.146414014009329 0.44914539043719953 0.034524972622211166 0.034577443049504206
0 0.31626705022958607 0.864872565636268 0.018769337580754206 0.018841376671424277
0 0.7806364206167368 0.022677029554660503 0.024759439321664665 0.025053193935981162
0 0.6090409205510066 0.694025993347168 0.02774179898775541 0.027837166419396035
0 0.7981558579664964 0.08004014308636005 0.035988147442157455 0.03588952009494488
0 0.7465042701134315 0.42538859294011044 0.016452202430138223 0.016277900108924277
0 0.6315960517296424 0.5209174889784592 0.07180492694561298 0.07117909651536208
0 0.37613410216111404 0.5591152264521673 0.02114083216740535 0.021032260014460638
0 0.39394415341890776 0.7503045889047476 0.016985673170823317 0.017018244816706732
0 0.20202134205744818 0.4672720982478215 0.032962652353140026 0.03286112271822416
0 0.2959757584791917 0.7284545164841872 0.05565731342022236 0.05686598557692308
0 0.6357728517972506 0.8206480466402494 0.020028334397536058 0.020142481877253607
0 0.11399005009577824 0.24369335174560547 0.07425946455735427 0.07591878450833835
0 0.12293380957383376 0.06732498223964985 0.06298395303579477 0.062205965702350326
0 0.8883287723247821 0.6239376068115234 0.02561187744140625 0.025595995096059945
0 0.8731444432185247 0.7749154017521784 0.03775376539963942 0.037880237285907455
0 0.8854864560640775 0.4116061283991887 0.017135033240685098 0.016807996309720553
0 0.1554987247173603 0.9876864506648138 0.024927955407362718 0.021131368783804085
0 0.33057036766639125 0.3825345039367676 0.016068678635817308 0.015665054321289062
0 0.41478450481708234 0.8536328535813552 0.037892855130709134 0.03747984079214243
0 0.4356553004338191 0.9589041196382962 0.01894099895770733 0.019022428072415866
0 0.26335932658268857 0.16828217873206505 0.15435504913330078 0.14748122141911432
0 0.36212392953725964 0.5471600019014798 0.01683191152719351 0.01688839839054988
0 0.3504772919874925 0.6670130216158353 0.01580179654634916 0.015750885009765625
0 0.8935092045710638 0.6457227560190054 0.016452495868389424 0.01660889845628005
0 0.44731884736281174 0.29833056376530576 0.019690586970402643 0.019866576561560996
0 0.304352173438439 0.5080615557157077 0.03802277491642879 0.03758503840519832
0 0.6380172142615685 0.013693300577310415 0.025532649113581732 0.024758283908550557
0 0.09147672469799335 0.6126347688528208 0.04086630160991962 0.04793409200815054
0 0.7729963155893179 0.06468201600588284 0.026505250197190505 0.02582416167626014
0 0.11584193889911358 0.25196240498469424 0.06524599515474759 0.0654003436748798
0 0.17984417768625113 0.9591712951660156 0.015034822317270132 0.014911651611328125
0 0.3425888281602126 0.6048088807326096 0.09884694906381461 0.10055996821476863
0 0.1300955552321214 0.7771182427039514 0.021971996013934795 0.021876995380108174
0 0.21912754498995268 0.9588846059945914 0.016211289625901442 0.015996786264272835
0 0.26364869337815505 0.9176782461313101 0.03829801999605619 0.03863613422100361
0 0.3036821988912729 0.6659281804011419 0.023821940788855918 0.023903479942908652
0 0.16052469840416542 0.47202249673696667 0.029140334862929124 0.029583564171424277
0 0.6354238069974459 0.7379088768592248 0.01848455575796274 0.018718132605919473
0 0.9145240783691406 0.6547348315899189 0.014948624830979567 0.014886122483473558
0 0.49329068110539365 0.42316473447359526 0.03639940115121695 0.03636653606708233
0 0.8534111609825721 0.2651468790494479 0.0307162358210637 0.03061668689434345
0 0.24321431380051833 0.0420604944229126 0.015194085928109976 0.015315291973260732
0 0.3774554912860577 0.6797398787278396 0.014667510986328125 0.014509934645432692
0 0.7300938826340896 0.8993075444148138 0.017546727107121393 0.017644148606520433
0 0.21114485080425555 0.6554338748638446 0.015217414269080529 0.015075243436373197
0 0.88489686525785 0.327606384570782 0.03668565016526442 0.03686875563401442
0 0.2746727649982159 0.39240015470064604 0.029622004582331732 0.029579749474158652
0 0.7320897028996394 0.7987648890568659 0.024262208205003005 0.02506109384390024
0 0.9092724139873798 0.30938390585092396 0.016252517700195312 0.016086853467501126
0 0.88494322850154 0.5706557493943435 0.08376077505258414 0.08718241178072415
0 0.2990177594698392 0.40112069936899036 0.01611636235163762 0.016011751615084134
0 0.6156807679396409 0.14815400196955755 0.03684806823730469 0.03801089066725511
0 0.9037855588472806 0.2627511207874005 0.03592329758864183 0.036581993103027344
0 0.8120343134953425 0.8288646111121545 0.046907865084134616 0.04671155489408053
