0 0.42487155474149263 0.1863830456366906 0.11044744344858023 0.11056375503540039
0 0.3548713464003343 0.9616374969482422 0.05221374218280499 0.052163931039663464
0 0.36263429201566255 0.9100893460787259 0.0525053464449369 0.05240161602313702
0 0.33207277151254505 0.43994775185218227 0.08183772747333233 0.08261841994065505
0 0.39881383455716646 0.45940314806424654 0.03192828251765324 0.03167255108173077
0 0.3268003463745117 0.7863444548386794 0.06452030401963454 0.06662838275615986
0 0.39294572976919323 0.04041483310552744 0.03150514455942007 0.031926705287053034
0 0.37085668857281023 0.47384045674250674 0.03252741006704477 0.03224020737868089
0 0.32825007805457485 0.8528741689828726 0.039057364830603965 0.03917694091796875
0 0.4644172741816594 0.27351847061744106 0.05793006603534405 0.05797877678504357
0 0.32926581456111026 0.344030893765963 0.07367009382981521 0.09571332197922927
0 0.539399293752817 0.19218730926513672 0.06778739048884465 0.0708166635953463
0 0.4936112623948317 0.2004835972419152 0.03402211115910457 0.033826424525334284
0 0.49857352330134463 0.23417049187880296 0.03421167226938101 0.0345301628112793
0 0.4062034166776217 0.10220760565537673 0.0492547842172476 0.04921234571016752
0 0.5815178430997409 0.23453993063706619 0.017847868112417366 0.017837671133188102
0 0.3287210464477539 0.2177862570835994 0.017275370084322415 0.017049165872427132
0 0.3657986567570613 0.14328211087446946 0.07480093149038461 0.07424576465900128
0 0.3122856066777156 0.2866557744833139 0.02491613534780649 0.025330800276536208
0 0.411440189068134 0.437102904686561 0.019969793466421273 0.020186937772310697
0 0.4208549352792593 0.3305516609778771 0.02691026834341196 0.026769344623272236
0 0.3805963076077975 0.3022160530090332 0.019358708308293268 0.01903695326585036
0 0.4146265616783729 0.9772437169001653 0.036724237295297474 0.035994456364558294
0 0.2919172507065993 0.7760639190673828 0.019466546865609977 0.019643636850210335
0 0.38192983774038464 0.3784597103412335 0.01660787142240084 0.016927425677959736
0 0.5069709924551157 0.3793492683997521 0.03031187791090745 0.03054633507361779
0 0.4550356864929199 0.9509746844951923 0.06855597862830529 0.0655363523043119
0 0.5514468046335074 0.33088141221266526 0.03308266859788161 0.03279935396634615
0 0.33150397814237154 0.5344278995807354 0.031412711510291465 0.031089415917029746
0 0.29025769233703613 0.7482481002807617 0.030680509713979866 0.030318040114182692
0 0.3291982870835524 0.2347876108609713 0.021445567791278545 0.021698511563814603
0 0.3211240768432617 0.6649004129263071 0.0503387634570782 0.050099886380709134
0 0.4577752626859225 0.9895785405085638 0.1236714583176833 0.020816216102013223
0 0.34017650897686297 0.8812609452467698 0.02128116901104267 0.021004310021033652
0 0.3514961829552284 0.8649042569673978 0.02094716292161208 0.02063149672288161
0 0.29997090192941517 0.974017436687763 0.04491413556612455 0.04125169607309195
0 0.2922195287851187 0.5631933212280273 0.02407558147723858 0.02654867905836839
0 0.36116534013014573 0.28675519503079927 0.021882350628192607 0.022196843073918268
0 0.30840041087223935 0.49527766154362607 0.04492943103496845 0.048940145052396335
0 0.2739738684434157 0.9572877150315505 0.02812825716458834 0.03282077495868389
0 0.6046958703261155 0.3684757672823392 0.02254067934476412 0.022815997783954326
0 0.33464901263897234 0.7970265608567458 0.017433680020845853 0.016518666194035456
