0 0.3513501240656926 0.43893733391394985 0.05740818610558143 0.05739094660832332
0 0.38658971052903396 0.6359417255108173 0.08539757361778846 0.08495679268470177
0 0.5889808948223407 0.43204538638775164 0.04741184528057392 0.04775597498967098
0 0.4369618342472957 0.035853142921741195 0.05490919259878305 0.055298713537362904
0 0.5071356846736028 0.038785622670100287 0.03175904200627254 0.03198296977923466
0 0.4144749641418457 0.87359619140625 0.0338593262892503 0.033559359036959134
0 0.6421288710374099 0.836316182063176 0.028413038987379808 0.028438274676983174
0 0.6242461571326623 0.055882508938129134 0.02009406456580529 0.020269137162428636
0 0.6669346002432016 0.1311733997785128 0.029961512638972357 0.030023996646587666
0 0.4877203427828275 0.33969207910391 0.021343818077674277 0.021290999192457933
0 0.3636787854708158 0.33960800904494065 0.02427357893723708 0.024078002342810996
0 0.3268720186673678 0.8439807158250076 0.03652213169978215 0.03624740013709435
0 0.45978494790884167 0.4156852135291466 0.028325594388521634 0.028441575857309196
0 0.447574835557204 0.2165672595684345 0.030510682326096755 0.03032368880051833
0 0.6172795662513146 0.33109107384314906 0.024511043842022236 0.024784381573016826
0 0.5005422738882211 0.26491586978618914 0.019986519446739785 0.01970988053541917
0 0.46271771651047927 0.5763396116403433 0.018584031325120192 0.018798461327185996
0 0.47985040224515474 0.1275076591051542 0.019336480360764723 0.019205185083242562
0 0.5839232664841872 0.8060817718505859 0.05932015639085036 0.05934465848482572
0 0.6674814957838792 0.0318036492054279 0.020847320556640625 0.020869741073021524
0 0.3727995799137996 0.5561340038592999 0.022305415226862982 0.02240474407489483
0 0.36098194122314453 0.20757555961608887 0.019458624032827523 0.01945770703829252
0 0.49717103517972505 0.3874645233154297 0.025332084068885215 0.025245226346529447
0 0.49725671914907604 0.06449072177593525 0.020354344294621393 0.020311575669508714
0 0.6841773986816406 0.046630602616530195 0.019812657282902643 0.020112349436833307
0 0.6038889518150916 0.2356108518747183 0.020612129798302285 0.020281351529634915
0 0.6029612467839167 0.1853476304274339 0.03129078791691707 0.03135468409611629
0 0.6454866849459134 0.03543119247143085 0.017844273493840143 0.017834296593299277
0 0.6960161649263822 0.14928141007056603 0.01815942617563101 0.01804505861722506
0 0.6862705670870267 0.12163308950570914 0.01635566124549279 0.01594198667086088
0 0.30710084621722883 0.25873453800494856 0.017743257375863884 0.01775048329279973
0 0.3890895109910231 0.41452415172870344 0.016815919142503005 0.01675576430100661
0 0.6571615659273587 0.9717135796180139 0.024595113900991585 0.02407220693734976
0 0.5092066984910232 0.2243205950810359 0.01688869182880108 0.016951707693246696
0 0.6231771615835336 0.03167877747462346 0.01615773714505709 0.016013567264263447
0 0.554711231818566 0.12373278691218449 0.018384640033428486 0.018268438485952523
0 0.5219400479243352 0.2919408908257118 0.017531908475435697 0.017611907078669622
0 0.5513204061068021 0.051007986068725586 0.016922583946814902 0.01673115216768705
0 0.612662828885592 0.3768892288208008 0.017453853900615986 0.01769843468299279
0 0.6613820149348333 0.8809933295616736 0.019418716430664062 0.019283881554236777
0 0.5341651256267841 0.4912988589360164 0.021698731642503005 0.021840682396521933
0 0.6772025915292593 0.588764814230112 0.019228568443885215 0.019071505619929388
0 0.701041001539964 0.07378072005051833 0.017887995793269232 0.018717527389526367
0 0.40677606142484224 0.7168047244732196 0.04907710735614483 0.04943495530348558
0 0.6041428492619441 0.3910817366379958 0.017044800978440505 0.016936815701998197
0 0.3372764587402344 0.379241943359375 0.021798353928786058 0.021852640005258415
0 0.6228256225585938 0.9139037499060998 0.01959067124586839 0.01957526573768029
0 0.42874886439396787 0.16502229983990008 0.015868993905874398 0.0156557376568134
0 0.5176203801081731 0.11167690387138954 0.018368941086989183 0.01784687775831956
0 0.6803957132192758 0.2965260468996488 0.020763103778545674 0.02066935025728666
0 0.606287589439979 0.08670650078700139 0.015532640310434194 0.015533538965078501
0 0.5058719561650202 0.4391820247356708 0.020256996154785156 0.02047876211313101
0 0.3106717329758864 0.3440303068894606 0.01586129115178035 0.015811333289513223
0 0.5858881290142353 0.31256778423602766 0.015872661884014424 0.01594712184025691
0 0.3191587741558368 0.9158736008864182 0.030586077616764948 0.030565701998197116
0 0.4114844248845027 0.3400280292217548 0.01934946500338041 0.01922739469088041
0 0.5817910707913913 0.13109297018784744 0.017606441791240986 0.017919393686147835
0 0.5880833405714768 0.5672561938946064 0.04493258549616887 0.044022780198317304
0 0.43499110295222354 0.24837222466102013 0.01620820852426382 0.016284722548264723
0 0.6224754040057843 0.5208515387315017 0.02909513620229868 0.028958760775052585
0 0.4142526113069974 0.44011607536902797 0.02062203333928035 0.02086800795335036
0 0.38190364837646484 0.35366527850811297 0.022823480459359977 0.02330471919133113
0 0.5769635714017428 0.254666805267334 0.015233700092022236 0.01519181178166316
0 0.4058326574472281 0.08509363577916072 0.015499555147611178 0.015492769388052134
0 0.3570840542133038 0.283199273622953 0.01798072228064904 0.017820321596585788
0 0.6208662619957557 0.22417283058166504 0.016818853525015023 0.016629622532771185
0 0.5878559259267954 0.6346186124361478 0.056321951059194714 0.055929367358867936
0 0.6263773991511419 0.20963280017559344 0.018035008357121393 0.018629954411433294
0 0.3943973687978891 0.12899389633765587 0.02393795893742488 0.02402921823354868
0 0.4272122016319862 0.43669895025400013 0.021093001732459433 0.02136076413668119
0 0.5548838101900541 0.5182065963745117 0.020484190720778245 0.020450738760141227
0 0.46658138128427357 0.2610633923457219 0.015830260056715745 0.015752205481896035
0 0.2962637131030743 0.2817049760084886 0.015239238739013672 0.01584280454195463
0 0.6398353576660156 0.3951550263624925 0.015108842116135817 0.014985451331505409
0 0.6696494175837591 0.19539680847754845 0.015932523287259616 0.015845225407527044
0 0.33215691493107724 0.4862230741060697 0.018550872802734375 0.018625846275916465
0 0.4735003618093637 0.8520521017221304 0.05875448080209585 0.0592341789832482
0 0.4994215965270996 0.45915647653432995 0.017001518836388223 0.017213968130258415
0 0.6231526594895583 0.305388670701247 0.015121019803560697 0.014768893902118389
0 0.5394300314096304 0.4343255116389348 0.016990808340219352 0.017250501192533053
0 0.6136981523953952 0.9882781688983624 0.022800738994891826 0.01857332082895132
0 0.5863608947167029 0.5938115119934082 0.029014073885404147 0.029355636009803183
0 0.5814633736243615 0.736851692199707 0.02154394296499399 0.02142157921424279
0 0.6181950202355018 0.9493386195256159 0.01679229736328125 0.01672187218299279
0 0.5835585227379432 0.16278661214388335 0.015305665823129507 0.015259485978346605
0 0.5235489331758939 0.07162005167741042 0.01587500939002404 0.0161135746882512
0 0.6169750507061298 0.5891402684725248 0.021594157585730918 0.02168435316819411
0 0.5290073248056265 0.004734071114888558 0.01598820319542518 0.009519926057412075
0 0.490749505849985 0.43298603938176083 0.017142882713904746 0.017060206486628607
0 0.46480156825138974 0.5583019623389611 0.015697332528921273 0.015648254981407754
0 0.3928535901583158 0.3817724814781776 0.014964910653921274 0.014960802518404447
0 0.48891595693734974 0.4141211142906776 0.018932635967548076 0.01922299311711238
0 0.33868995079627406 0.17167417819683367 0.019903843219463643 0.01936619098369892
0 0.5076697422907903 0.7803313181950495 0.02130405719463642 0.021499487069936898
0 0.36501495654766375 0.18600984720083383 0.014503552363469051 0.014563670525184045
0 0.4273059918330266 0.3877891393808218 0.0209811283991887 0.020719381479116585
0 0.63360595703125 0.5748445070706881 0.024081596961388223 0.024242474482609674
0 0.4061262057377742 0.4036995080801157 0.01661058572622446 0.01620938227726863
0 0.7014705951397235 0.11423903245192307 0.01661520737868089 0.026096343994140625
0 0.5276534373943622 0.6846721355731671 0.03012246351975661 0.03013757558969351
0 0.6377382278442383 0.245836276274461 0.015053235567533053 0.014901271233191857
0 0.33589484141423154 0.1727310143984281 0.017975220313439004 0.01822053469144381
0 0.5095502413236178 0.3216862311730018 0.014890083899864784 0.015030200664813701
0 0.6070417257455679 0.15953417924734262 0.0147705078125 0.014926983759953426
0 0.5519433388343225 0.47487816443810094 0.017684349646935098 0.017990625821627103
0 0.5308570861816406 0.840396000788762 0.04463606614332933 0.044523385854867786
0 0.3521718245286208 0.028684359330397386 0.01582497816819411 0.01607353870685284
0 0.4180295650775616 0.17421263914841872 0.016478905310997598 0.01618047860952524
0 0.3767394285935622 0.5822738867539626 0.02441567641038161 0.0241085932804988
0 0.6134413205660306 0.4977890894963191 0.015488111055814303 0.015305739182692308
0 0.41794516490055966 0.4391059141892653 0.023934144240159255 0.022447732778695915
0 0.472074948824369 0.1136176219353309 0.016256185678335335 0.016071613018329326
0 0.5117151920612042 0.3048572907081017 0.014334311852088341 0.014309296241173377
0 0.43628780658428484 0.5941797769986666 0.026775286747859076 0.02782895014836238
0 0.4761592424832858 0.30490453426654524 0.014826701237605168 0.014811295729417067
0 0.6787292040311373 0.9871918604924128 0.023021991436298076 0.022161190326397236
0 0.2992309790391188 0.5648951897254357 0.01735848646897536 0.02126444303072416
0 0.5899195304283729 0.5349351809575007 0.01824797116793119 0.017565140357384317
0 0.34291868943434495 0.18706444593576285 0.015309553879957933 0.015396558321439303
0 0.42293346845186675 0.4373966363760141 0.02531851254976713 0.024292432344876803
0 0.5080468104435847 0.35061106315025914 0.013901343712439904 0.013890339778019832
0 0.298553283397968 0.5704190180851862 0.016413468580979567 0.022005227895883415
0 0.42699520404522234 0.7475896982046274 0.018266677856445312 0.018248337965745192
0 0.3104837124164288 0.5414532147921048 0.02452857677753155 0.024506202110877402
0 0.5713781943688025 0.11704136775090145 0.0155027829683744 0.015477510598989634
0 0.6394306329580454 0.306562955562885 0.018559675950270433 0.018479017110971305
0 0.40549535017747146 0.14685360284952018 0.034202869121844955 0.03331780433654785
0 0.5521814639751728 0.4172666989839994 0.018198746901292067 0.018301083491398737
0 0.5715754582331731 0.19968043840848482 0.014487046461838942 0.014497793637789212
0 0.4857518122746394 0.8425642893864558 0.04842670147235577 0.04728361276479868
0 0.4750618567833534 0.37460752633901745 0.016585570115309495 0.01589481647198017
0 0.3974293928879958 0.12869554299574631 0.0313572516808143 0.030779215005727913
0 0.5483744694636419 0.09909040194291335 0.01514420142540565 0.015363014661348783
0 0.632271619943472 0.500918094928448 0.024412155151367188 0.024530704204852764
0 0.4242122723506047 0.2181693957402156 0.015079424931452824 0.014833523676945614
0 0.4885334601769081 0.25327539443969727 0.014315385084885817 0.014409358684833232
0 0.45982720301701474 0.9510137117826022 0.02145862579345703 0.02108911367563101
0 0.6904973250169021 0.24668198365431565 0.014805426964393029 0.014854357792780949
0 0.5889509641207181 0.6251057111299955 0.05092474130483774 0.04986440218411959
