0 0.40670387561504656 0.811009773841271 0.13954866849459135 0.13993277916541466
0 0.38551007784329927 0.9738599337064303 0.0490107903113732 0.044216156005859375
0 0.4896445641150841 0.230712157029372 0.030564014728252705 0.03060296865609976
0 0.34246055896465594 0.0720913501886221 0.057644037099984974 0.0582271172450139
0 0.31174391966599685 0.15141317477593055 0.0315098395714393 0.03141148273761456
0 0.6093316078186035 0.09850056354816143 0.024442746089054987 0.024425616631141074
0 0.3236294159522423 0.6947310521052434 0.02679788149320162 0.02683081993689904
0 0.30508875846862793 0.4938042714045598 0.026381676013653096 0.026151657104492188
0 0.36797406123234677 0.5789846640366775 0.02742877373328576 0.02773571014404297
0 0.34601013477032 0.5094667581411508 0.024459031911996696 0.024542735173152044
0 0.3864935361422025 0.12844678988823524 0.0402532724233774 0.039925721975473255
0 0.3911173893855168 0.15605990703289324 0.022365570068359375 0.02236201212956355
0 0.29047481830303484 0.5100033099834735 0.032491243802584134 0.033072398259089544
0 0.2918836153470553 0.09891730088454026 0.048899063697228067 0.048354845780592695
0 0.6949442349947416 0.06315413346657386 0.020279077383188102 0.02016745163844182
0 0.47903119600736177 0.02119968716914837 0.02248411912184495 0.022896427374619704
0 0.384423696077787 0.23265899144686186 0.025426717904897835 0.025220320774958685
0 0.41187198345477766 0.17158735715425932 0.021394876333383415 0.021413289583646335
0 0.30183858137864333 0.7208557862501878 0.02070008791410006 0.02100519033578726
0 0.32813666417048526 0.2357770479642428 0.02445844503549429 0.024436363807091348
0 0.4863742681650015 0.15101940815265363 0.0262296383197491 0.02571256344134991
0 0.307032951941857 0.391355954683744 0.017261211688701924 0.017026314368614785
0 0.3474724842951848 0.21139130225548378 0.019570130568284255 0.019518632155198317
0 0.545557975769043 0.2343175594623272 0.017909490145169772 0.01791037045992338
0 0.31910133361816406 0.7906739161564753 0.028320477559016302 0.027935321514423076
0 0.6480987255389874 0.07665786376366249 0.018490131084735576 0.018560281166663535
0 0.45746341118445766 0.14350412442133978 0.018257507911095254 0.018248778123121995
0 0.33382712877713716 0.35161814322838414 0.03371143341064453 0.033795870267427884
0 0.5173828051640437 0.0568318642102755 0.03133032872126652 0.0313872557419997
0 0.5370616912841797 0.14947783946990967 0.01924551450289213 0.019104389043954704
0 0.2976344181941106 0.21626604520357573 0.01835023439847506 0.018435845008263223
0 0.36899478618915266 0.6159132443941556 0.016730235173152044 0.01700768103966346
0 0.3276034868680514 0.8451925424429086 0.01864462632399339 0.01840972900390625
0 0.402742129105788 0.10486791684077336 0.02166322561410757 0.02192519261286809
0 0.3492458783663236 0.26949719282296986 0.016328958364633415 0.016219689295842096
0 0.6738604032076322 0.10334312915802002 0.019932673527644232 0.020166525473961465
0 0.3211650848388672 0.5481918041522686 0.019425318791316107 0.019557072566105768
0 0.6375833658071665 0.03537103304496178 0.01776753939115084 0.017600967333867
0 0.44747286576491135 0.9739183279184195 0.04701357621413011 0.04126446063701923
0 0.33719734045175404 0.5732623980595515 0.01807234837458684 0.017829528221717246
0 0.495398081265963 0.0667268863091102 0.019198784461388223 0.019074329963097207
0 0.39136303388155425 0.6226741350614108 0.019660802987905648 0.019457156841571514
0 0.40759071936974156 0.35929665198692906 0.023048841036283053 0.022841746990497295
0 0.34499857975886417 0.7238096824059119 0.02488363706148588 0.02492097707895132
0 0.5358825096717248 0.17450912182147688 0.015462875366210938 0.0151213499215933
0 0.3469978479238657 0.13687507005838248 0.022895959707406852 0.02251581045297476
0 0.325929935161884 0.9007629247812124 0.017728365384615384 0.017701222346379206
0 0.5074863433837891 0.17372754903940055 0.015973017765925482 0.015717212970440205
0 0.3313428805424617 0.1058351810161884 0.023443882281963643 0.023471942314734824
0 0.4179390026972844 0.4844368421114408 0.028419347909780648 0.028693419236403245
0 0.266234801365779 0.13137566126309907 0.025725878201998197 0.02628348423884465
0 0.31201802767240083 0.817422133225661 0.023598891038161058 0.02314611581655649
0 0.2780572451077975 0.4045764116140512 0.0196076173048753 0.020826266362116888
0 0.4095324736375075 0.06877370981069711 0.017494641817533053 0.01762082026554988
0 0.5296638928926908 0.10139939418205848 0.018177032470703125 0.017869234085083008
0 0.3299427766066331 0.20219144454369178 0.017987911517803486 0.01801098310030424
0 0.36731019386878383 0.13811978927025428 0.03536062974196214 0.0349730711716872
0 0.313716301551232 0.23742950879610503 0.022999910207895134 0.022483422205998346
0 0.4011262013362004 0.5569228025583121 0.02007638491117037 0.019776637737567607
0 0.3453397750854492 0.6340110485370343 0.016417576716496393 0.016819293682391826
0 0.3241851880000188 0.5122729814969577 0.02160035646878756 0.021738345806415264
0 0.7385801168588492 0.07322263717651367 0.014842987060546875 0.01489710807800293
0 0.297331296480619 0.5461823023282565 0.0247650146484375 0.02500783480130709
0 0.40523631756122297 0.05327691481663631 0.015167969923753005 0.0150375824708205
0 0.7408051123985877 0.0396767075245197 0.014413833618164062 0.014467670367314266
0 0.4682015639085036 0.1221930063687838 0.01704707512488732 0.0167997066791241
0 0.3607143988976112 0.043778071036705606 0.017566167391263522 0.01753478554578928
0 0.37697748037484974 0.4143417798555814 0.017817130455603965 0.01760409428523137
0 0.4829846162062425 0.08163910645705003 0.017686917231633112 0.017317253809708815
0 0.36664342880249023 0.34983191123375523 0.023656771733210638 0.023922039912297174
0 0.32055333944467396 0.4143397624676044 0.017082654512845553 0.016869471623347357
0 0.4757402860201322 0.005723130244475145 0.03060172154353215 0.011457195648780236
0 0.3127605731670673 0.4255112868088942 0.015575482295109676 0.01516415522648738
0 0.3138150435227614 0.6502469869760367 0.015090337166419396 0.015011127178485576
0 0.3747725853553185 0.03840520977973938 0.01691612830528846 0.0166969345166133
0 0.25690584916334885 0.03589679186160748 0.022191781264085036 0.02501687636742225
0 0.5435145451472356 0.0661178185389592 0.02489500779371995 0.024546073033259466
0 0.3837616260235126 0.37879804464486927 0.014600020188551683 0.014413393460787259
0 0.4794386350191556 0.004057489335536957 0.025586641751802884 0.00817492718879993
0 0.4449784205510066 0.2353204580453726 0.014197276188777043 0.014081808236929087
