0 0.39711673443134016 0.40692505469689 0.1895437240600586 0.19043511610764724
0 0.27591134951664853 0.06592864256638747 0.0558927242572491 0.05638874494112455
0 0.36129247225247896 0.2682828169602614 0.05532029958871695 0.05485813434307392
0 0.39965372819166917 0.6370302347036508 0.038652273324819714 0.03879459087665264
0 0.3417197740994967 0.18712737010075495 0.03345467494084285 0.03368572088388296
0 0.5294202657846304 0.08236477008232704 0.06871927701509915 0.06989851364722618
0 0.48005958703848034 0.17703863290640023 0.03267677013690655 0.032882947188157305
0 0.2915213841658372 0.22167414885300857 0.05224062846257137 0.05260401505690355
0 0.6598374293400691 0.9087999784029447 0.050729604867788464 0.05125838059645433
0 0.48096532088059646 0.5610427122849685 0.022155174842247598 0.02210264939528245
0 0.3537289546086238 0.05561438432106605 0.028699581439678486 0.028838698680584248
0 0.3551335701575646 0.5756995494549091 0.020830741295447715 0.02088319338285006
0 0.19284574802105242 0.9763266490055964 0.05871860797588642 0.045070501474233776
0 0.21648388642531174 0.7080678939819336 0.01759030268742488 0.01772895226111779
0 0.6974832094632663 0.1695891527029184 0.023169590876652643 0.023344039916992188
0 0.4969678291907677 0.3590819285466121 0.018882604745718148 0.018912535447340745
0 0.7689706362210788 0.17663027690007135 0.029133429894080527 0.029494358943058893
0 0.7043030078594501 0.25281605353722203 0.01908258291391226 0.01906732412484976
0 0.3329203679011418 0.5977289126469538 0.017353057861328125 0.01715513376089243
0 0.19177018679105318 0.9176508096548227 0.022907403799203727 0.02279046865609976
0 0.7233458298903245 0.0495413037446829 0.020998734694260817 0.0209354070516733
0 0.3962741998525766 0.03143243147776677 0.025220870971679688 0.025367865195641152
0 0.8211572353656476 0.9006087229802058 0.019475496732271634 0.0195620610163762
0 0.7382431030273438 0.1307978079869197 0.020400267380934495 0.020355077890249398
0 0.4141225081223708 0.4559924785907452 0.016968800471379206 0.017040399404672477
0 0.6306659991924579 0.39751118880051833 0.03859127484835111 0.03832464951735277
0 0.6631226172814002 0.22670313028188852 0.06199088463416466 0.062231944157527044
0 0.6675522877619817 0.2541205699627216 0.02125710707444411 0.021118017343374398
0 0.23923804209782526 0.03528366409815275 0.022047042846679688 0.022248547810774583
0 0.7462219825157752 0.8294784839336689 0.019614293025090143 0.01966094970703125
0 0.2095940113067627 0.31543368559617263 0.023258209228515625 0.023346754220815804
0 0.7483445681058444 0.25180921187767613 0.02185850877028245 0.0219882084773137
0 0.42647776236900914 0.15978785661550668 0.024627538827749398 0.02478959010197566
0 0.3170909514793983 0.08686374700986423 0.0416102776160607 0.040947712384737454
0 0.5047295643733098 0.136777767768273 0.04048420832707332 0.04075809625478891
0 0.2855375730074369 0.18856019240159255 0.03172382941612831 0.03201719430776743
0 0.5408063301673303 0.2096104255089393 0.021930401141826924 0.02137602292574369
0 0.23378597773038423 0.9350172923161433 0.06246240322406475 0.062236639169546276
0 0.6955042618971604 0.014662375816932091 0.025778550368088942 0.025557747254004844
0 0.5037855735191932 0.9649868011474609 0.017343521118164062 0.01727632375863882
0 0.19948086371788612 0.08187406796675462 0.027777891892653245 0.02779731383690467
0 0.5506368050208459 0.1487278388096736 0.02022097660945012 0.020136209634634163
0 0.7087339254525992 0.67657103905311 0.02215429452749399 0.02201696542593149
0 0.2648129463195801 0.35488003950852615 0.0158385496873122 0.016072786771334134
0 0.28606557846069336 0.8161684182974008 0.01593325688288762 0.015961280235877402
0 0.755837660569411 0.22220703271719125 0.01596861619215745 0.01551958230825571
0 0.2831853169661302 0.33199523045466495 0.016553181868333083 0.016574272742638223
0 0.23584710634671724 0.24358026797954851 0.017597785362830527 0.017325181227463942
0 0.3791863734905536 0.147926376416133 0.018881797790527344 0.019126323553232048
0 0.2238946144397442 0.7360978493323693 0.039557273571307845 0.03912514906663161
0 0.23422754727877104 0.31489951793964094 0.017620966984675482 0.01756132566011869
0 0.7860975999098557 0.04077205749658438 0.030333592341496393 0.029845760418818548
0 0.6215391892653245 0.025046302722050592 0.026241889366736777 0.02621828134243305
0 0.48833131790161133 0.6667247918935922 0.016668026263897236 0.01689764169546274
0 0.8340211281409631 0.49288419576791614 0.023529933049128607 0.023443222045898438
0 0.4347049272977389 0.1825853127699632 0.019909198467548076 0.019946831923264723
0 0.7999064372136042 0.19586526430570161 0.02028347895695613 0.020503961122952975
0 0.6641315313485953 0.9821249154897836 0.025604834923377402 0.025263566237229567
0 0.4049230722280649 0.2075507640838623 0.018450076763446514 0.018539612109844502
0 0.8518487490140475 0.31091491992657 0.016392634465144232 0.01734585028428298
0 0.32043163592998797 0.3685391132648175 0.02342840341421274 0.02326055673452524
0 0.34171669299785906 0.2426607425396259 0.017012669489933893 0.0166167112497183
0 0.40860696939321667 0.19017505645751953 0.019555018498347357 0.019520906301645134
0 0.5639300713172326 0.21910737111018255 0.015560003427358774 0.01548627706674429
0 0.7168218172513522 0.1588158790881817 0.019635714017427884 0.019486023829533503
0 0.3964396256666917 0.05820163396688608 0.017317551832932692 0.017361182432908278
0 0.6586490044227014 0.11660284262437087 0.029536027174729567 0.02941443369938777
0 0.6673209850604718 0.5075790698711689 0.01494891826923077 0.014599946828988882
0 0.7366986641517053 0.9887573535625751 0.018267411452073317 0.017056685227614183
0 0.4992009676419772 0.49682221045860875 0.11322388282189003 0.11361188154954177
0 0.3154275600726788 0.16896198346064642 0.024133975689227764 0.024264152233417217
0 0.42917431317842925 0.4964705980741061 0.019019567049466647 0.019115447998046875
0 0.3051048242128812 0.3531016569871169 0.014918950887826772 0.015275955200195312
0 0.26318273177513707 0.30438628563514125 0.016994806436391976 0.016898155212402344
0 0.7329685504619892 0.09484252562889686 0.016072493333082933 0.016096995427058294
0 0.8546350919283353 0.4997743826646071 0.011890998253455529 0.015406021705040565
0 0.3041255474090576 0.15521757419292742 0.016117646143986628 0.016464086679311898
0 0.2091506811288687 0.7374700399545523 0.0680088996887207 0.06704506507286659
0 0.653465197636531 0.14206091257242057 0.026022984431340143 0.026045890954824593
0 0.42655086517333984 0.25214239267202526 0.020963228665865384 0.02079640902005709
0 0.5146828431349534 0.3137287726769081 0.016505608191856973 0.01630878448486328
0 0.837586916410006 0.5511925770686223 0.027796525221604567 0.02774532024676983
0 0.3281851915212778 0.7430977454552283 0.08109774956336388 0.08235608614408053
0 0.4436279076796312 0.19522476196289062 0.018758186927208535 0.019577833322378304
0 0.1811088231893686 0.30460761143611026 0.02098681376530574 0.021253072298490085
0 0.26038063489473784 0.33361112154447115 0.019655851217416618 0.019614586463341348
0 0.2865308981675368 0.3789338698753944 0.01792115431565505 0.017935752868652344
0 0.5849899145273062 0.0873401531806359 0.020470839280348558 0.020322029407207783
0 0.36453434137197643 0.23325729370117188 0.02504143348106971 0.025176378396841195
0 0.3773648188664363 0.16816245592557466 0.0180661128117488 0.017855277428260215
0 0.6290671275212214 0.8497786888709435 0.014678955078125 0.0149232424222506
0 0.5476778470552884 0.962615233201247 0.02126767085148738 0.021677750807542067
0 0.3443147952740009 0.44434356689453125 0.015379832341120793 0.01549544701209435
0 0.5886625876793494 0.07340918595974262 0.01615311549260066 0.015886902809143066
0 0.737184084378756 0.15789486811711237 0.015328187208909255 0.0151976071871244
0 0.6289901733398438 0.20238382999713606 0.026204622708834134 0.025783282059889574
0 0.23795659725482649 0.2577320979191707 0.01624760260948768 0.01576548356276292
0 0.2600065011244554 0.45176990215594953 0.01804696596585787 0.017964949974646933
0 0.6175464483407828 0.11161428231459397 0.017661168025090143 0.017702616178072415
0 0.4632107294522799 0.23678012994619516 0.017355918884277344 0.017404776353102464
0 0.19606814017662635 0.31128597259521484 0.01806750664344201 0.019154456945566032
0 0.2401880300962008 0.10793595130626972 0.026320200700026292 0.02644520539503831
0 0.7396976764385517 0.9714496319110577 0.01834590618426983 0.01799920889047476
0 0.541468436901386 0.26524107272808367 0.01631479996901292 0.016213086935190055
0 0.8461378537691556 0.09276376320765568 0.022620567908653848 0.02385541108938364
0 0.18308500143197867 0.27304713542644793 0.03200611701378456 0.03206968307495117
0 0.18783939801729643 0.24718779783982497 0.02193421583909255 0.022164344787597656
0 0.4796696442824144 0.24088615637559158 0.015950789818396933 0.01636479451106145
0 0.5794781538156363 0.19055630610539362 0.020093697767991286 0.020302699162409857
0 0.5940707280085638 0.13661701862628645 0.016229922954852764 0.016222697037916917
0 0.6375245314378005 0.1672703486222487 0.016827509953425482 0.01666417488685021
0 0.4085882260249211 0.13214982472933257 0.02227651155911959 0.021490188745351937
0 0.4084133735069862 0.1352666157942552 0.026743228618915264 0.027327427497276895
0 0.41722466395451474 0.13935079941382775 0.044607309194711536 0.04433602553147536
0 0.362087396474985 0.23650666383596566 0.020191779503455527 0.019684901604285605
0 0.37860907041109526 0.060768851867088906 0.018215472881610576 0.018111760799701396
0 0.1923539821918194 0.11808068935687725 0.056936997633713946 0.056204612438495345
0 0.6533859693087064 0.3631097720219539 0.021731009850135215 0.02201227041391226
0 0.4134923494779147 0.13831399037287787 0.037578509404109076 0.03650390184842623
0 0.5196999769944411 0.1984861080463116 0.014543973482572116 0.014451320354755107
0 0.32367897033691406 0.34606456756591797 0.018925300011268027 0.018679252037635215
0 0.8472317915696365 0.09652352333068848 0.01971582266000601 0.019897277538592998
