0 0.5112201250516452 0.7357881252582257 0.09624759967510517 0.09676434443547176
0 0.8840977595402644 0.08167413564828727 0.06711299602801983 0.06715671374247624
0 0.3277278313269982 0.41522594598623425 0.11282801628112793 0.11118301978478065
0 0.11825189223656288 0.20130236332233137 0.0724200835594764 0.07251853209275466
0 0.43804583182701695 0.910523928128756 0.12018343118520883 0.1191092271071214
0 0.47774256192720854 0.6029826310964731 0.08662678645207332 0.08681568732628456
0 0.3300792987530048 0.24800920486450195 0.09084716209998497 0.09060815664438102
0 0.4763929293705867 0.2933053420140193 0.08108725914588341 0.08226332297691932
0 0.8581534165602464 0.28873247366685134 0.05355336115910457 0.0534980113689716
0 0.38369219119732195 0.6447994525615985 0.07562784048227164 0.07613519521859977
0 0.5675149330726037 0.9329681396484375 0.054042816162109375 0.0538629385141226
0 0.930753781245305 0.13220047033750093 0.059219066913311295 0.07193779945373535
0 0.15867104897132286 0.6631029569185697 0.036156956966106706 0.035977877103365384
0 0.6635563190166767 0.48987755408653844 0.05099692711463341 0.05077362060546875
0 0.8044492281400241 0.9738945594200721 0.04718501751239483 0.04668837327223558
0 0.787013420691857 0.9419153653658353 0.044983203594501205 0.044773101806640625
0 0.24106295292194074 0.6477862871610202 0.05854617632352389 0.05820039602426382
0 0.5994198138897235 0.4223012190598708 0.07049267108623798 0.06911468505859375
0 0.29816799897413987 0.3058284062605638 0.04477640298696665 0.04513355401846079
0 0.7499622198251578 0.15365597834953895 0.038389352651742786 0.038268364392794095
0 0.4811416772695688 0.5062587811396673 0.027918595534104567 0.027814424954927884
0 0.2340231308570275 0.5860069348261907 0.04358386993408203 0.04329894139216496
0 0.41833136631892276 0.7566406543438251 0.04104834336500902 0.040807870718149036
0 0.7015878237210788 0.9007505270150992 0.033913832444411054 0.03393085186298077
0 0.5771019642169659 0.23143838002131537 0.035524735083946817 0.03560858506422777
0 0.6311682921189529 0.05424273931063139 0.038917248065655045 0.039059767356285684
0 0.542054323049692 0.8966699746938852 0.06357222336989182 0.0639956547663762
0 0.7914782304030198 0.8299959622896634 0.03384311382587139 0.034004504864032455
0 0.7966273381159856 0.39506842539860654 0.03685672466571514 0.03718427511361929
0 0.30885769770695615 0.5782337188720703 0.023536168611966647 0.023688756502591647
0 0.4354180922875038 0.9828279935396634 0.05300074357252855 0.03208219088040865
0 0.574114726139949 0.7630283649151142 0.04283978388859676 0.042504530686598554
0 0.8454493742722732 0.9640293121337891 0.034259942861703724 0.033866588885967545
0 0.8759354811448318 0.7996553274301382 0.02248206505408654 0.02272488520695613
0 0.8874216079711914 0.8384188138521634 0.022402103130634014 0.02265313955453726
0 0.392551275400015 0.12212936694805439 0.028449278611403245 0.02855234879713792
0 0.24423571733328012 0.2764698542081393 0.024174836965707634 0.024114462045522835
0 0.13515948332273042 0.42950270726130557 0.03500599127549391 0.03507555448091947
0 0.5680047181936411 0.1946733548091008 0.03455030001126803 0.03459383891179012
0 0.836698972261869 0.1942466405721811 0.0335241464468149 0.03364405265221229
0 0.3303230359004094 0.028474564735706035 0.024533198429987982 0.02470521743480976
0 0.16979311062739447 0.6171816312349759 0.03196529241708609 0.03175632770244892
0 0.6384972792405349 0.9237160315880408 0.02625127939077524 0.026415604811448317
0 0.18346821344815767 0.3983142559344952 0.07339767309335563 0.07365094698392428
0 0.34842498485858625 0.5767488479614258 0.03029911334698017 0.030370418842022236
0 0.33070799020620495 0.09465710933391865 0.03541858379657452 0.035348121936504655
0 0.7046147860013522 0.7953334955068735 0.026613969069260817 0.02651214599609375
0 0.11098881868215707 0.3068666091332069 0.019177326789269082 0.01932210188645583
0 0.9406940753643329 0.8915607745830829 0.030932499812199518 0.030923990102914665
0 0.21648603219252366 0.7451623769906851 0.03416780325082632 0.03393642718975361
0 0.12958744856027457 0.530352519108699 0.018871509111844577 0.01881995567908654
0 0.9360769712007962 0.8335216228778546 0.027933854323167067 0.028057978703425482
0 0.4007558455834022 0.5203734177809495 0.019892325768103965 0.019327603853665866
0 0.5959466053889348 0.6863272740290716 0.1383062509390024 0.14043015700120193
0 0.3998294977041391 0.3911896852346567 0.023755293626051683 0.023796961857722357
0 0.38605690002441406 0.3453222054701585 0.020633624150202826 0.020885760967548076
0 0.6165701059194711 0.3340918834392841 0.03222245436448317 0.032184674189640924
0 0.42048043471116286 0.2477555641761193 0.024887891916128304 0.025128584641676683
0 0.38354708598210263 0.5017577684842623 0.04190826416015625 0.04330356304462139
0 0.5627248470599835 0.07262345919242272 0.0722970228928786 0.07281575753138615
0 0.9006111438457782 0.7612844613882211 0.028531881479116585 0.028763550978440505
0 0.5930717908419095 0.9772481184739333 0.03249696584848257 0.03255932147686298
0 0.6619710188645583 0.8997700764582708 0.022047776442307692 0.02192057096041166
0 0.8648870908297025 0.8732616717998798 0.02503028282752404 0.02493447523850661
0 0.4008963658259465 0.8316325407761794 0.04231540973369892 0.04158328129695012
0 0.748269301194411 0.9130087632399339 0.021393262423001803 0.021327385535606973
0 0.7231079981877253 0.2410576710334191 0.03518119225135216 0.03513941398033729
0 0.9186722682072566 0.8704032897949219 0.022166325495793268 0.02205995412973257
0 0.7039929903470553 0.9859504699707031 0.02200933603140024 0.02157167287973257
0 0.1486148192332341 0.47751745810875523 0.07117541019733135 0.07086519094613883
0 0.9508135868952825 0.9455745403583233 0.02579527634840745 0.026410029484675482
0 0.36577602533193737 0.3171834212083083 0.01922005873460036 0.01927506006681002
0 0.2533452327434833 0.5085911383995643 0.09258615053617038 0.09212347177358773
0 0.261946806540856 0.18684812692495492 0.023362196408785306 0.02353514157808744
0 0.3575415244469276 0.9764002286470853 0.054563082181490384 0.044092031625600964
0 0.43674439650315505 0.3610656811640813 0.01706211383526142 0.0170285885150616
0 0.9060155428372897 0.9362374819242038 0.025455768291766826 0.025661761944110576
0 0.7331514358520508 0.5736070779653696 0.032581182626577526 0.03222993703988882
0 0.5103934728182279 0.32181732471172625 0.01668409200815054 0.016602809612567607
0 0.3443721624521109 0.7831128927377554 0.030226634098933294 0.030379075270432692
0 0.43482211919931263 0.5441178541917068 0.04293632507324219 0.04324208773099459
0 0.761004741375263 0.7812469188983624 0.021057569063626803 0.020996240469125602
0 0.9168174450214093 0.6906271714430589 0.09182460491473858 0.11853937002328727
0 0.8514052170973557 0.7096763023963342 0.025804959810697116 0.025782071627103366
0 0.5028182543241061 0.6702673251812274 0.016326170701246995 0.01617123530461238
0 0.7174776517427884 0.9621139673086313 0.024192369901216947 0.024059442373422477
0 0.32605339930607724 0.3460843746478741 0.020102867713341348 0.020066187931941107
0 0.6243263391348032 0.7019241773165189 0.03397560119628906 0.03424996596116286
0 0.048158544760483965 0.7058095198411208 0.028659756367023174 0.03565128032977764
0 0.8286565633920523 0.8182203586284931 0.03232721182016226 0.032347605778620794
0 0.8381192133976862 0.9875797858605018 0.023137019230769232 0.021829751821664665
0 0.9371111209575946 0.69305053124061 0.02809275113619291 0.02808996347280649
0 0.1490651827592116 0.2864533937894381 0.023122017200176533 0.023172561938946065
0 0.15681035702045149 0.31967397836538464 0.028833233393155612 0.028931837815504808
0 0.872737297644982 0.3313154073861929 0.04200671269343449 0.04179308964655949
0 0.19283063595111555 0.3061354893904466 0.024071253263033353 0.02440360876230093
0 0.39590938274676984 0.37549899174616885 0.017900613638070915 0.018027525681715745
0 0.8815648005558894 0.4420150976914626 0.16517140315129206 0.22536094372089094
0 0.7721048501821665 0.8988942366379958 0.024908799391526442 0.024919656606820915
0 0.4703593620887169 0.4852186349722055 0.02005151601938101 0.020136906550480768
0 0.343415590432974 0.34317750197190505 0.019831437330979567 0.01979373051570012
0 0.8254454686091497 0.6227149229783279 0.03440724886380709 0.03459607637845553
0 0.3197221022385817 0.5265542910649226 0.022593938387357272 0.022948705233060397
0 0.486817139845628 0.18213466497567984 0.017128944396972656 0.017018868372990534
0 0.3447140546945425 0.6892494788536658 0.03483288104717548 0.03424981924203726
0 0.1755048678471492 0.2892922988304725 0.026412156911996696 0.026406581585223857
0 0.31703640864445615 0.14850200139559233 0.02043751569894644 0.02048147641695463
0 0.07421674178196834 0.6647510528564453 0.01718588975759653 0.017417027400090143
0 0.6495211674616888 0.4454832443824181 0.03225796039287861 0.03194244091327374
0 0.4243042285625751 0.3798542022705078 0.02758957789494441 0.027636601374699518
0 0.34025434347299427 0.07530259169065036 0.026355743408203125 0.026936769485473633
0 0.3227511185866136 0.3223133820753831 0.01833064739520733 0.018283697275015023
0 0.6485176086425781 0.21948966613182655 0.021558028001051683 0.021607252267690804
0 0.44141233884371245 0.7776792232806866 0.02042843745304988 0.020203810471754808
0 0.5393938284653884 0.4271081044123723 0.022071985098031852 0.021970235384427585
0 0.5284126355097845 0.4473426892207219 0.02544124309833233 0.02548085726224459
0 0.5449812228863056 0.5411912477933444 0.0325616689828726 0.03257179260253906
0 0.6390882638784555 0.13170603605417106 0.030412820669320915 0.030289466564471904
0 0.4523421801053561 0.6473758404071515 0.03173520014836238 0.03179227388822115
0 0.9096733973576472 0.8279278828547552 0.02290168175330529 0.023122200599083535
0 0.2189359848315899 0.5487144176776593 0.020837123577411357 0.021127994243915264
0 0.5919025861299955 0.36488973177396333 0.04595110966609074 0.046080369215745196
0 0.3404460320105919 0.39290618896484375 0.019404484675480768 0.01945649660550631
0 0.6084830944354718 0.21851271849412185 0.021492151113656852 0.02138211176945613
0 0.8163898174579327 0.8956571725698618 0.018154144287109375 0.017872737004206732
0 0.5933084487915039 0.5290771631094126 0.02973013657789964 0.029794839712289665
0 0.8825736412635217 0.9692152463472806 0.03246982281024639 0.03209422184870793
0 0.7708691817063552 0.2222448679117056 0.0238339350773738 0.0242006962115948
0 0.6985942400418795 0.7407995370718149 0.017304493830754206 0.017632704514723558
0 0.39963216048020583 0.56635805276724 0.028837937575120192 0.028540831345778245
0 0.13235105918003962 0.6467013725867639 0.02591863045325646 0.025824766892653245
0 0.2850589935596173 0.019272102759434626 0.043883983905498795 0.03690941517169659
0 0.3500957489013672 0.32663822174072266 0.0156708497267503 0.01585989732008714
0 0.1893771611727201 0.7248852803156927 0.02797530247614934 0.028086735652043268
0 0.9365172752967248 0.554110967195951 0.023046053372896634 0.022869990422175482
0 0.07183686128029457 0.9790978798499475 0.06892131842099704 0.04014396667480469
0 0.39607913677509016 0.6812353867750901 0.03307137122521034 0.03303850614107572
0 0.8277956155630258 0.8503562487088717 0.017276763916015625 0.017086909367487982
0 0.8218452747051532 0.26373969591580904 0.02564826378455529 0.02580429957463191
0 0.5001880205594577 0.16160198358389047 0.01675547086275541 0.016738002116863545
0 0.7972170022817758 0.04525947570800781 0.021561255821814902 0.02176002126473647
0 0.3309120765099159 0.6071724524864783 0.02321345989520733 0.022815117469200723
0 0.21549169833843523 0.3257158352778508 0.021179566016564004 0.021034607520470254
0 0.5089478859534631 0.6467524308424729 0.023679733276367188 0.02369836660531851
0 0.8228552158062274 0.037067761788001426 0.02604191119854267 0.02566383435175969
0 0.6827923701359675 0.839572026179387 0.020039485051081732 0.02024239760178786
0 0.10315258686359112 0.3927655586829552 0.06262936500402597 0.06317608173076923
0 0.427975948040302 0.7111100416917068 0.03396327678973858 0.034008026123046875
0 0.6593927236703726 0.98772459763747 0.018105140099158652 0.017653538630558893
0 0.853676282442533 0.21728680684016302 0.02961907019981971 0.02972830258882963
0 0.2129518802349384 0.20229005813598633 0.020564812880295973 0.020763617295485277
0 0.5443211335402268 0.6111957109891452 0.03864919222318209 0.03929739732008714
0 0.842097282409668 0.5615544685950646 0.02431179926945613 0.024222153883713942
0 0.06373246816488412 0.37743751819317156 0.019025802612304688 0.01918176504281851
0 0.7857572115384616 0.4827286646916316 0.01630372267503005 0.016299321101262018
0 0.24057802787193885 0.475278744330773 0.03726555750920223 0.03710225912240835
0 0.6313409071702224 0.8524965139535757 0.0301211430476262 0.030417809119591348
0 0.1548324548281156 0.9477196473341721 0.01711926093468299 0.01702147263746995
0 0.923342411334698 0.48261517744797927 0.020706030038686898 0.02063641181358924
0 0.23648285865783691 0.2248693979703463 0.0394288209768442 0.03911465864915114
0 0.7357620826134315 0.7917803250826322 0.01687446007361779 0.01760585491473858
0 0.403412232032189 0.1436376113158006 0.01614233163686899 0.01576850964472844
0 0.8264362628643329 0.31769715822660005 0.028542738694411058 0.028699416380662184
0 0.5667860324566181 0.5225581022409292 0.021173477172851562 0.02199070270244892
0 0.20333304772010216 0.2474642166724572 0.026183128356933594 0.026477960439828727
0 0.9257266704852765 0.26706534165602464 0.019713181715745192 0.019583702087402344
0 0.7033179356501653 0.8232837090125451 0.023931209857647236 0.024240933931790866
0 0.7502056268545297 0.8729829788208008 0.01719504136305589 0.01721528860238882
0 0.39715781578650844 0.19671124678391677 0.020456827603853665 0.020322652963491585
0 0.12292828926673302 0.621207017164964 0.014125878994281475 0.014483268444354717
0 0.41578124119685245 0.1812891960144043 0.016316560598520134 0.016128099881685697
0 0.5561290887685922 0.8435816398033729 0.015488111055814303 0.015062185434194712
0 0.38530855912428635 0.9479202857384315 0.01784236614520733 0.01783913832444411
0 0.10614895820617676 0.05491960048675537 0.023513243748591497 0.024831166634192832
0 0.695104012122521 0.6588909442608173 0.017875084510216348 0.01793083777794471
0 0.8590291830209585 0.6480991656963642 0.014801318828876201 0.014634939340444712
0 0.9487926776592548 0.9116957737849309 0.0192718505859375 0.019150367149939902
0 0.17888435950646034 0.9036979675292969 0.27942833533653844 0.18980084932767427
0 0.20850320962759164 0.6744590172400842 0.023107088529146634 0.02301172109750601
0 0.5033809588505671 0.8245067596435547 0.03173145881065956 0.03185903109036959
0 0.9153160682091346 0.8044889890230619 0.017948150634765625 0.017490093524639424
0 0.6364383697509766 0.42599788078894985 0.018481914813701924 0.01862966097318209
0 0.7333180354191706 0.7906042245718149 0.020441788893479567 0.020435626690204326
0 0.4837505267216609 0.3615753100468562 0.014494895935058594 0.014503919161283053
0 0.37475446554330677 0.6131848555344802 0.022482945368840143 0.02237085195688101
0 0.6645727891188401 0.9395131331223708 0.02283477783203125 0.02302697988656851
0 0.7150256817157452 0.6558917118952825 0.021487896259014424 0.02188389117901142
0 0.952017564039964 0.7612961989182693 0.023064246544471152 0.03859916100135216
0 0.31903736407940203 0.7008163745586689 0.026340172840998724 0.026209317720853366
0 0.765744502727802 0.8847500727726862 0.017563599806565505 0.017420108501727764
0 0.5850989268376277 0.14220949319692758 0.020193833571213942 0.019943897540752705
0 0.1249390382033128 0.7733258467454177 0.04772787827711839 0.04891762366661659
0 0.6198233824509841 0.48009722049419695 0.017248887282151442 0.017197022071251504
0 0.5152842448307917 0.36256298652062047 0.018753491915189303 0.018471644474909857
0 0.4217441998995267 0.5097560148972732 0.029377130361703727 0.029203048119178183
0 0.7289573962871845 0.716679206261268 0.0186160160945012 0.018383906437800482
0 0.13816301639263445 0.6210376299344577 0.0274203007037823 0.027350205641526442
0 0.16877653048588678 0.5289409344012921 0.01490468245286208 0.014856485220102163
0 0.38871214939997745 0.98882323044997 0.03812467134915865 0.020781883826622598
0 0.9549020620492789 0.6565744693462665 0.015825711763822116 0.026505543635441706
0 0.19013243455153245 0.18799488361065203 0.015987909757173978 0.0162200194138747
0 0.32476175748384917 0.9885853987473708 0.020524318401630107 0.017960768479567308
0 0.33765572767991286 0.5393060170687162 0.019950133103590745 0.020390950716458835
0 0.7972902151254507 0.6547393798828125 0.02049592825082632 0.020538916954627402
0 0.8126703409048227 0.8377667940579928 0.014658707838792067 0.01469127948467548
0 0.758857800410344 0.33513854100153995 0.023913016686072715 0.023845379169170674
0 0.0627832687818087 0.33489388685960036 0.0205689576955942 0.020450078524076022
0 0.38090174014751726 0.04935052761664757 0.03171737377460186 0.03176857645695026
0 0.6690491896409255 0.8093195695143479 0.014199183537409855 0.014192727895883413
0 0.8115816116333008 0.019884556531906128 0.024143512432391826 0.02395164966583252
0 0.7569505251370944 0.06048707778637226 0.030375554011418268 0.030455680993887093
0 0.6038034512446477 0.558054520533635 0.031889768747182995 0.031049728393554688
0 0.667720207801232 0.7279418798593374 0.02089691162109375 0.02099770766038161
0 0.35459291017972505 0.602347520681528 0.018541922936072715 0.018643305851862982
0 0.10631614464979905 0.4599478794978215 0.02431913522573618 0.02462915273813101
0 0.35787439346313477 0.16362602894122785 0.018906813401442308 0.019119666172907904
0 0.7976734454815204 0.5429088885967548 0.09788777278019832 0.0983126713679387
0 0.9098506340613732 0.9671881749079778 0.014818044809194712 0.014906956599308895
0 0.5979633331298828 0.16035329378568208 0.02624086233285757 0.026485223036545973
0 0.712486193730281 0.506740716787485 0.016831618088942308 0.017285860501802884
0 0.48550275655893177 0.4679253651545598 0.01973093472994291 0.019509535569411058
0 0.90271362891564 0.008991687916792356 0.024519700270432692 0.017154896488556497
0 0.7550973892211914 0.46230631608229417 0.02129085247333233 0.02155480018028846
0 0.5296999124380258 0.5797317945040189 0.02217586223895733 0.021961065439077523
0 0.7791633605957031 0.8494186401367188 0.0139312744140625 0.014061267559344951
0 0.1126635716511653 0.6527211849506085 0.01797769619868352 0.01813198969914363
0 0.6912346619826096 0.6124506730299729 0.024694442749023438 0.024953255286583535
0 0.6595412034254807 0.8003739577073318 0.015134664682241587 0.015378511868990384
0 0.7244717524601862 0.2641291618347168 0.01812568077674279 0.01833937718318059
0 0.21883770135732797 0.8440221639779898 0.0863650395320012 0.08747922457181491
0 0.9380660423865685 0.6532939030573919 0.02167481642503005 0.02279076209435096
0 0.0702959023989164 0.3229962862454928 0.01419527714069073 0.01435103783240685
0 0.9516982298630935 0.65235108595628 0.022142410278320312 0.03907306377704327
0 0.7928004631629357 0.2102339084331806 0.018618657038762018 0.018899917602539062
