0 0.2145844973050631 0.9029604104849008 0.26589415623591495 0.1936792226938101
0 0.8317774259127103 0.6745466085580679 0.1690195523775541 0.17009848814744216
0 0.7188500624436599 0.7556756826547476 0.06884208092322716 0.0690011244553786
0 0.7864228762113131 0.873583720280574 0.07361368032602164 0.0738842303936298
0 0.5283428338857797 0.9272865882286658 0.23228997450608474 0.14287963280310997
0 0.7801021429208609 0.0734637608894935 0.07277958209698017 0.07309136023888221
0 0.705875983605018 0.8631956393902118 0.048599536602313705 0.048760634202223554
0 0.11156245378347543 0.75854858985314 0.05338918245755709 0.05235554621769832
0 0.324040229503925 0.12065296906691331 0.05282027904803936 0.05223930799044096
0 0.05554760419405424 0.9321536284226638 0.07901239395141602 0.08323214604304387
0 0.2972285747528076 0.6354469152597281 0.030153311215914212 0.030149166400615986
0 0.6336785829984225 0.703614014845628 0.026289866520808294 0.026367627657376803
0 0.5250420570373535 0.5350655042208158 0.06311269906850961 0.06319090036245492
0 0.5996195352994479 0.8613717739398663 0.04153845860407902 0.041609690739558294
0 0.6012806158799392 0.19737936900212213 0.01943837679349459 0.01960901113656851
0 0.840581307044396 0.799141737130972 0.03401330801156851 0.03396929227388822
0 0.7095820353581355 0.8119121698232797 0.030089598435621995 0.030239105224609375
0 0.4758636768047626 0.5971536636352539 0.036972339336688705 0.03681534987229567
0 0.6405013157771184 0.530492745912992 0.03210860032301683 0.03212811396672176
0 0.7331990462083083 0.24248427611130935 0.03491900517390324 0.034413924584021933
0 0.12704559472891 0.8066746638371394 0.04297234461857723 0.04295686575082632
0 0.8831129807692307 0.1801760380084698 0.033588409423828125 0.03362813362708458
0 0.4837953860943134 0.08541338260357197 0.05462162311260517 0.05408497957082895
0 0.6801725534292368 0.2604561402247502 0.030838452852689303 0.030945887932410605
0 0.5570982419527494 0.6064219107994666 0.03873252868652344 0.038899935208834134
0 0.8979778289794922 0.8858387286846454 0.0233609126164363 0.02354284433218149
0 0.6451358795166016 0.061978743626521185 0.021460313063401442 0.021209845176109902
0 0.7208313575157752 0.9492034912109375 0.023588914137620192 0.0236968994140625
0 0.17505898842444786 0.04571678088261531 0.06696547911717342 0.06766955669109638
0 0.5877751937279334 0.686606553884653 0.017052063575157754 0.01729437021108774
0 0.9162769317626953 0.8379405828622671 0.04876004732572115 0.04902736957256611
0 0.36503032537607044 0.3505473503699669 0.030957955580491286 0.030727239755483773
0 0.7153796416062576 0.48515114417442906 0.021584584162785456 0.021631534282977764
0 0.9346465330857497 0.7725894634540265 0.02585777869591346 0.02574495168832632
0 0.2707517330463116 0.08969708589407113 0.01863406254695012 0.018286760036761943
0 0.11794746839083158 0.03782014204905583 0.047977520869328424 0.04793873200049767
0 0.5115243838383601 0.7820408160869892 0.024872999924879808 0.02496191171499399
0 0.7561967556293194 0.5532388687133789 0.027449974646935098 0.027611952561598558
0 0.5504892789400541 0.6557774176964393 0.03061822744516226 0.030461678138146035
0 0.5700820776132437 0.5456094741821289 0.032751816969651446 0.03266466580904447
0 0.8257196866548978 0.7281475067138672 0.02173614501953125 0.022042494553786058
0 0.6889793689434345 0.2208554561321552 0.06439473078801082 0.06438159942626953
0 0.7946752401498648 0.822802470280574 0.022351191594050482 0.0226284907414363
0 0.8203104459322416 0.23650503158569336 0.029862623948317308 0.030057833744929388
0 0.07958503869863656 0.5739664664635291 0.047936590818258434 0.04824256896972656
0 0.8586773505577674 0.7083188570462741 0.05763567410982572 0.05817736112154447
0 0.6988062491783729 0.049304888798640326 0.01634832528921274 0.016222348579993613
0 0.3768095603355995 0.5502064778254583 0.03388815659743089 0.03402988727276142
0 0.5759418560908391 0.28304265095637393 0.061803157512958236 0.06165746542123648
0 0.37345270010141224 0.5265041498037485 0.019574825580303486 0.01952963608961839
0 0.9079506213848407 0.9875880021315354 0.040912628173828125 0.023346827580378607
0 0.6322431564331055 0.16077760549692008 0.02045616736778846 0.02027717003455529
0 0.8483695983886719 0.05394294628730187 0.06178577129657452 0.06298393469590408
0 0.4061970343956581 0.35013628005981445 0.03269819112924429 0.0326232176560622
0 0.9404205909142127 0.16716106121356672 0.045576242300180286 0.045785179504981406
0 0.35526220615093523 0.7577811021071214 0.017027634840745192 0.01679405799278846
0 0.7523971704336313 0.18987556604238656 0.026934697077824518 0.026850810417762168
0 0.9746800936185397 0.5066366929274339 0.01507274921123798 0.020398506751427285
0 0.5428145848787748 0.31363685314471906 0.06413203019362229 0.06321657620943509
0 0.39813122382530797 0.9103137529813327 0.019632486196664665 0.020058705256535456
0 0.44109747960017276 0.5388243748591497 0.03926409207857572 0.0386506594144381
0 0.2885101024921124 0.5297990945669321 0.07320198645958534 0.0726468746478741
0 0.41128055865948016 0.019492594095376823 0.043217952434833236 0.03732208105233999
0 0.2789915524996244 0.6771747148953952 0.017677894005408652 0.017669824453500602
0 0.8969839536226712 0.6161118287306565 0.021204581627478965 0.02134396479679988
0 0.645815555865948 0.42007002463707555 0.01708837655874399 0.016853772676908053
0 0.8980401846078726 0.6017522811889648 0.023052509014423076 0.02306982187124399
0 0.5437808403602014 0.7103898708636944 0.026098251342773438 0.026046019334059495
0 0.571109991807204 0.5779060950646033 0.04549730741060697 0.04630690354567308
0 0.9622938449566181 0.26889516757084775 0.017165404099684495 0.017362411205585185
0 0.9148690150334284 0.3005496905400203 0.016056207510141227 0.016114455003004808
0 0.47408811862652117 0.4920935264000526 0.01993729518010066 0.019985492412860576
0 0.28760862350463867 0.8041538825401893 0.03526526231032152 0.03551629873422476
0 0.8634649423452524 0.3257094163161058 0.05705760075495793 0.05756539564866286
0 0.41504610501802885 0.7549167046180139 0.017519217271071214 0.017314617450420674
0 0.236998227926401 0.02712204593878526 0.0700984734755296 0.05221446202351497
0 0.742683850801908 0.6647488520695612 0.08638939490685096 0.08377500680776742
0 0.6647796630859375 0.18523432658268854 0.020747258112980768 0.020711458646334134
0 0.3048591980567345 0.04404263771497286 0.031130277193509616 0.0309909123640794
0 0.6875380002535306 0.9836395703829252 0.04305193974421574 0.028716160700871393
0 0.5264368790846604 0.1992959976196289 0.035150381234975964 0.0344843864440918
0 0.47226465665377104 0.26445698738098145 0.015103413508488582 0.015146915729229268
0 0.9253677955040565 0.9599533081054688 0.019094027005709134 0.019139509934645433
0 0.768161626962515 0.9520374444814829 0.018513899583082933 0.018508470975435697
0 0.7683274195744441 0.25490636091965896 0.026877770057091348 0.02664338625394381
0 0.07586726317038903 0.761355106647198 0.019350079389718864 0.019731521606445312
0 0.781951537499061 0.3309029799241286 0.03161415686974159 0.03093235309307392
0 0.33330440521240234 0.5076681283804086 0.029393122746394232 0.029244496272160456
0 0.7431639157808744 0.8926758399376502 0.017627569345327523 0.017458108755258415
0 0.8221227205716647 0.577913944537823 0.02483206528883714 0.024578241201547477
0 0.9148958646334134 0.751002311706543 0.021268404447115384 0.02135628920335036
0 0.43249306311974156 0.08468259297884427 0.061293381911057696 0.06248129331148588
0 0.8453864317673904 0.14709250743572527 0.026744842529296875 0.026937081263615534
0 0.7264875265268179 0.9891056647667518 0.022046749408428486 0.018053201528695915
0 0.5682166906503531 0.7701668372521033 0.01653744624211238 0.01674681443434495
0 0.8432526221642127 0.04224713949056772 0.014401655930739183 0.015452806766216572
0 0.7540563436654898 0.3552677814777081 0.038626450758713946 0.038959429814265326
0 0.17025268994844878 0.7774818860567533 0.06744817587045523 0.06693605276254508
0 0.9057105137751653 0.5056522809542142 0.018849886380709134 0.018935276911808893
0 0.5243297723623422 0.10208522356473483 0.017479089590219352 0.017527176783635065
0 0.5527656628535345 0.6831289438100961 0.02553690396822416 0.025920867919921875
0 0.9041127424973708 0.9234458483182467 0.014522259051983174 0.01454470707820012
0 0.4532600549551157 0.684421392587515 0.019797398493840143 0.01987427931565505
0 0.030715199617239144 0.9891073520366962 0.027688338206364557 0.02058718754695012
0 0.7323989868164062 0.26466952837430513 0.01544189453125 0.01511683830848107
0 0.8981681236853967 0.24332945163433367 0.015222402719350962 0.015209491436298076
0 0.9323742206280048 0.7919178009033203 0.023669316218449518 0.023546952467698317
0 0.6034542964054987 0.6880518106313852 0.015569540170522837 0.016155536358173076
0 0.9745863400972806 0.5473708739647498 0.015181321364182692 0.020903954139122598
0 0.957496349628155 0.6385949208186223 0.018227797288161058 0.018553660466120794
0 0.8215651145348182 0.36531943541306716 0.01912850600022536 0.01908595745380108
0 0.6772097074068509 0.3741649847764235 0.014644622802734375 0.014694507305438701
0 0.6348489614633414 0.7829871544471154 0.02116980919471154 0.021578568678635817
0 0.6321405264047476 0.3857578864464393 0.015524644118088942 0.015394504253680889
0 0.3932652840247521 0.9485969543457031 0.017859679002028245 0.017924969012920674
0 0.7365820958064153 0.8648665501521184 0.019572331355168268 0.020369603083683893
0 0.9221498049222506 0.27697117512042707 0.06853837233323318 0.06763322536761944
0 0.511776667374831 0.8178410163292518 0.016156416672926683 0.016169181236853965
0 0.6736629926241361 0.6453624138465295 0.015329507681039663 0.01542194073016827
0 0.24566518343411958 0.7156079365656927 0.04825247251070463 0.047595977783203125
0 0.8557265355036809 0.3279602344219501 0.04447790292593149 0.04706956790043758
0 0.38767279111422026 0.9319065534151517 0.02044809781588041 0.020305633544921875
0 0.7566446157602164 0.3563971152672401 0.030467106745793268 0.030870437622070312
0 0.25812227909381574 0.1433776433651264 0.039245275350717396 0.03918301142179049
0 0.25440619542048526 0.11889246793893668 0.01866458012507512 0.018968582153320312
0 0.07121772949512188 0.7423732464130108 0.022777649072500374 0.022525200477013223
0 0.42311727083646333 0.6731316493107722 0.021360103900615986 0.02145532461313101
0 0.7190823188194861 0.6972554280207708 0.015519949106069712 0.015496033888596755
0 0.8229955526498648 0.4940955088688777 0.017222477839543268 0.017088009760929987
0 0.36303446843073917 0.9480489584115835 0.022229561438927285 0.022394327016977165
0 0.7345197384174054 0.420656864459698 0.015569686889648438 0.015263924231896034
0 0.969822150010329 0.8267996861384466 0.02267632117638221 0.023723015418419473
