0 0.35329257524930513 0.8496299156775842 0.06844513232891376 0.06904455331655648
0 0.32102030974168044 0.9405891711895282 0.14778768099271333 0.11855815007136418
0 0.6798932002140925 0.7623665149395282 0.08098484919621395 0.08152624276968148
0 0.30689435738783616 0.6636831577007587 0.05086051500760592 0.05133951627291166
0 0.6612369830791767 0.8988191898052509 0.03435575045072115 0.03418951768141527
0 0.36081482813908505 0.5144811043372521 0.056547898512620196 0.05647087097167969
0 0.5379738440880408 0.9273050748384916 0.06690795604999249 0.06695028451772836
0 0.4953721853402945 0.9799734262319711 0.04069871168870192 0.039501190185546875
0 0.4743446936974159 0.5719748643728403 0.018611321082481973 0.018608533419095553
0 0.621769538292518 0.7773149196918194 0.04284579937274639 0.04297579251802885
0 0.5831871032714844 0.8738020383394681 0.02614461458646334 0.026325225830078125
0 0.5907558294442984 0.13355170763455904 0.3084401350754958 0.2670333202068622
0 0.6643800735473633 0.3934151576115535 0.021941551795372598 0.02168163886437049
0 0.5931070401118352 0.7349717066838191 0.022443624643179085 0.021964439978966348
0 0.5625776144174429 0.3486766081589919 0.0785685319166917 0.07799089871920072
0 0.5905531369722806 0.9620577005239633 0.04472673856295072 0.044416574331430286
0 0.2489623289841872 0.47749218573937047 0.07417678833007812 0.11335519643930289
0 0.6059198379516602 0.8383146432729868 0.02995755122258113 0.030261406531700723
0 0.42863016862135667 0.9922432532677283 0.03433447617750902 0.015224750225360576
0 0.39517149558434117 0.39129499288705677 0.01769843468299279 0.01789371783916767
0 0.22440231763399565 0.9357547760009766 0.01800691164456881 0.017770913931039665
0 0.7097871486957257 0.4752769470214844 0.041160876934344955 0.04160440885103666
0 0.3288453175471379 0.39410569117619443 0.1561157336601844 0.1620790041410006
0 0.4363986528836764 0.3116003916813777 0.03447796748234676 0.034523303692157455
0 0.46028584700364333 0.43102227724515474 0.03306300823505108 0.03270413325383113
0 0.41673044057992786 0.7858699651864859 0.031345367431640625 0.03189996572641226
0 0.497798699599046 0.9419667170597956 0.015137452345628005 0.015084486741286058
0 0.4349655371445876 0.409543514251709 0.045008365924541764 0.045085833622859076
0 0.30824686930729794 0.8143399311945989 0.045768370995154746 0.04556406461275541
0 0.41966724395751953 0.3900285867544321 0.015439693744365986 0.015364866990309495
0 0.5953686787531927 0.5005321502685547 0.015670189490685098 0.015364426832932692
0 0.2995896339416504 0.8895834409273587 0.04454399989201473 0.04448787982647236
0 0.45863808118380034 0.8036433733426608 0.014948771550105168 0.014772121722881611
0 0.21805499150202826 0.7869564936711237 0.017151649181659404 0.020518082838792067
0 0.4774942031273475 0.8046718010535607 0.04750530536358173 0.04717518733097957
0 0.22317636930025542 0.6794527493990384 0.028513101431039665 0.044414520263671875
0 0.2919214688814603 0.2562121794773982 0.03977269392747145 0.04085071270282452
0 0.47840587909405047 0.323490362900954 0.05422636178823618 0.054137615057138294
0 0.3142619499793419 0.5376315116882324 0.023503230168269232 0.022638761080228366
0 0.5674929985633264 0.8485934184147761 0.017469112689678486 0.01739810063288762
0 0.4156604546767015 0.3691548200754019 0.016763907212477464 0.016511990473820612
0 0.6014474355257474 0.8115483797513522 0.025132179260253906 0.025346022385817308
0 0.4387540817260742 0.3590638820941632 0.016703679011418268 0.017092191256009616
0 0.6340685624342698 0.7316288581261268 0.039972158578725964 0.040593660794771634
0 0.4009838104248047 0.7686359698955829 0.01543719951923077 0.015879410963792067
0 0.5399093627929688 0.6518381558931791 0.03394361642690805 0.03357637845552885
0 0.5496766017033503 0.8131819504957932 0.014869983379657451 0.015006432166466346
0 0.2205668962918795 0.7609473008375901 0.0201718257023738 0.020752540001502402
0 0.7682717396662786 0.48752480286818284 0.02090615492600661 0.020813428438626803
0 0.5974863125727727 0.42844563264113206 0.02190736623910757 0.02218041053185096
0 0.7176353748028095 0.5447661326481745 0.04387752826397236 0.04338645935058594
0 0.4116836327772874 0.6677303314208984 0.037489670973557696 0.03740633451021635
0 0.6638317841749924 0.22052625509408805 0.019090945904071514 0.01923979245699369
0 0.6372526608980619 0.807028917165903 0.03423617436335637 0.03463818476750301
0 0.4574245306161734 0.26206801487849307 0.027068064762995794 0.02741377170269306
0 0.2583000843341534 0.6664556356576773 0.014964763934795674 0.01497943584735577
0 0.7271512104914739 0.9360697819636419 0.03815533564640926 0.037918384258563705
0 0.6378721824059119 0.15599760642418495 0.014812176044170674 0.014688647710360013
0 0.3107907221867488 0.17367073205801156 0.01888581422659067 0.019094393803523138
0 0.5053057303795447 0.8346230433537409 0.014859272883488582 0.014887149517352764
0 0.6531939873328576 0.8583812713623047 0.030806468083308294 0.030589763934795674
0 0.602659665621244 0.6771876995380108 0.03362068763146034 0.03424336360051082
0 0.5327359713040866 0.595797795515794 0.02942818861741286 0.02940830817589393
0 0.23968821305495042 0.8913161938007061 0.03573685425978441 0.03444877037635216
0 0.5503869423499475 0.3767948884230394 0.014350450955904447 0.01418135716364934
0 0.71312742966872 0.25126959727360654 0.056260329026442304 0.05702708317683293
0 0.22371539702782264 0.5650977721581092 0.026461124420166016 0.03497952681321364
0 0.5331904337956355 0.746922859778771 0.047827647282527044 0.04871104313777043
0 0.35214878962590146 0.688294924222506 0.014479857224684495 0.014568328857421875
0 0.5740396059476413 0.2884505528670091 0.0286103028517503 0.02832203644972581
0 0.41201199018038237 0.2306824830862192 0.026204329270582933 0.02676189862764799
0 0.5846661054171048 0.9248740856464093 0.023327974172738884 0.02311398432804988
0 0.4489155549269456 0.1762082393352802 0.024970421424278848 0.025328416090745192
0 0.4356396748469426 0.899872559767503 0.04001294649564303 0.04003099294809195
0 0.7243136626023513 0.9334006676307092 0.046491769643930286 0.045660752516526446
0 0.36544631077693057 0.4800844192504883 0.023637771606445312 0.023847433236929085
0 0.23667133771456206 0.8903922301072341 0.029144727266751803 0.028861559354341947
