0 0.45314913529616135 0.3455931590153621 0.15222974923940805 0.15182746373690093
0 0.4395746084359976 0.04471313953399658 0.04245273883526142 0.0425570011138916
0 0.1537610017336332 0.8157033186692458 0.040234969212458685 0.040411142202524036
0 0.23236564489511344 0.970305662888747 0.06527431194598858 0.05522507887620192
0 0.3771792191725511 0.8463007119985727 0.04120415907639723 0.04074536837064303
0 0.5931490017817571 0.25827836990356445 0.0354303946861854 0.03541968419001652
0 0.4745894211989183 0.866554700411283 0.036447378305288464 0.03638604971078726
0 0.7791856619027945 0.515624449803279 0.04615064767690805 0.0459753916813777
0 0.5968633798452524 0.4455878184391902 0.03452975933368389 0.03478079575758714
0 0.48757461401132435 0.7656145829420823 0.07410907745361328 0.07435813316932091
0 0.5061514927790716 0.9317420079157903 0.03600457998422476 0.036016024076021634
0 0.3032846450805664 0.9059333801269531 0.02366293393648588 0.023509392371544473
0 0.5576237165010892 0.7886213889488807 0.042008473322941706 0.04212130033052885
0 0.8137741088867188 0.6833358177771935 0.040977771465594955 0.04117584228515625
0 0.8144864302415115 0.9026784163254958 0.032533498910757214 0.03258323669433594
0 0.7716208971463717 0.8568371992844802 0.0962992448073167 0.09843650230994591
0 0.11723182751582219 0.8544585888202374 0.0413824228140024 0.041458423321063705
0 0.3434151869553786 0.788399182833158 0.041665297288161054 0.04159076397235577
0 0.9041576385498047 0.6994605431189904 0.04110218928410457 0.04117276118351863
0 0.8514322134164664 0.023739044482891377 0.020506638746995192 0.020873262332035944
0 0.7113479467538687 0.9790448408860427 0.027209061842698317 0.02750543447641226
0 0.7917961707481971 0.7713341346153846 0.025027935321514424 0.024962351872370794
0 0.5697152431194599 0.8897364689753606 0.04508157876821665 0.04524861849271334
0 0.5925231346717248 0.9902474330021784 0.01857156019944411 0.01654668954702524
0 0.6594534653883714 0.7482177294217623 0.06052046555739183 0.060869803795447715
0 0.8839161212627704 0.8449711432823768 0.025912358210637018 0.02622193556565505
0 0.9229244819054236 0.48171380849984974 0.02347740760216346 0.03371708209698017
0 0.30664856617267316 0.7665242415208083 0.037167952610896185 0.03749994131234976
0 0.34646698144766 0.7557510962853065 0.0425111330472506 0.043256906362680286
0 0.8299319927509015 0.8375796538132888 0.026003910945012018 0.02602518521822416
0 0.8323070819561298 0.7149284069354718 0.01725945105919471 0.017172886775090143
0 0.8085575103759766 0.5751538643470178 0.04025620680588942 0.041029123159555286
0 0.3272976508507362 0.7242362682635968 0.03178757887620192 0.031829833984375
0 0.7159577883206881 0.7890442334688627 0.017357752873347357 0.017490240243765023
0 0.2003183731665978 0.8801940037653997 0.022456022409292366 0.022524613600510817
0 0.13783393456385687 0.22385201087364784 0.016141359622661885 0.016270930950458232
0 0.7698213137113131 0.9632725348839393 0.03527215810922476 0.03579799945537861
0 0.9179430741530198 0.8660721412071815 0.02200141319861779 0.02193318880521334
0 0.6170189930842473 0.9578835414006159 0.01718755868765024 0.017087202805739183
0 0.30110806685227615 0.60071717775785 0.08254572061391977 0.08269911545973557
0 0.9082513955923227 0.8142951085017278 0.04833984375 0.08063624455378605
0 0.4516461445735051 0.5565256338853103 0.017280138455904447 0.01717075934776893
0 0.1978931427001953 0.9191117653479943 0.035463773287259616 0.03557322575495793
0 0.8495986645038311 0.830166376554049 0.022742051344651442 0.022305708665114183
0 0.3887384854830228 0.9445436917818509 0.015825344966008112 0.015835101787860576
0 0.6980125720684345 0.8577376145582932 0.019983438345102165 0.020026427048903245
0 0.9244603377122146 0.5977623279278095 0.021035414475661058 0.0293425780076247
0 0.6738392756535456 0.9826448880709134 0.020661574143629808 0.021340590256911058
0 0.7167267432579627 0.6485303732065054 0.018221341646634616 0.018366006704477165
0 0.27001665188716006 0.9563229634211614 0.1295133370619554 0.08437376755934495
0 0.08550374324505146 0.9568884189312274 0.03141146439772386 0.03201748774601863
0 0.18431898263784555 0.6314380352313702 0.033253999856802136 0.03339242935180664
0 0.6627060816838191 0.9529414543738732 0.03460986797626202 0.03487542959359976
0 0.3241470777071439 0.9031725663405198 0.023817062377929688 0.02323326697716346
0 0.19529874508197492 0.771517826960637 0.0432429680457482 0.04343062180739183
0 0.1848740577697754 0.8200886066143329 0.018488957331730768 0.018660912146935098
0 0.5620008248549241 0.2852929188654973 0.03399056654710036 0.033688985384427585
0 0.7453737258911133 0.7746565158550556 0.02242880601149339 0.022585355318509616
0 0.5279081784761869 0.8593232081486628 0.021868338951697715 0.02209296593299279
0 0.6449309862576998 0.8904903118426983 0.02431179926945613 0.024495344895582933
0 0.7140698066124549 0.8889871744009165 0.020219069260817308 0.020092890812800482
0 0.3099227318396935 0.874119391808143 0.017391131474421576 0.0173953129695012
0 0.641880989074707 0.786587641789363 0.01621833214393029 0.0162200927734375
0 0.2957189633296086 0.7321285834679236 0.024050199068509616 0.024074407724233773
0 0.7362483097956731 0.6545405754676232 0.02330633310171274 0.023586273193359375
0 0.46562737684983474 0.9609620020939753 0.04961380591759315 0.04907828110914964
0 0.42806511658888596 0.8077022845928485 0.015672757075383112 0.015749711256760817
0 0.18285736670860878 0.8688218043400691 0.01946416267981896 0.019847576434795674
0 0.8952820117657001 0.8703820155217097 0.028200296255258415 0.028613163874699518
0 0.5624222388634315 0.5587429633507361 0.02889427771935096 0.029519081115722656
0 0.42639471934391904 0.8806420106154221 0.030954287602351263 0.030593285193810098
0 0.6484281099759616 0.8921244694636419 0.03160168574406551 0.03145159207857572
0 0.6483562176044171 0.7026990010188177 0.017117426945612982 0.016893826998197116
0 0.31943269876333386 0.9373190953181341 0.03178889934833233 0.03194838303786058
0 0.6904117877666767 0.886686765230619 0.014304234431340145 0.014291910024789663
0 0.8288750281700721 0.8124019916240985 0.02527442345252404 0.025265326866736777
0 0.8942112555870643 0.8674934827364408 0.02428157512958233 0.024251937866210938
