0 0.6613079217764047 0.6918895427997296 0.14257225623497596 0.14456030038686898
0 0.7482916025015024 0.937055074251615 0.1191550034743089 0.12005409827599159
0 0.09599515107961801 0.579135381258451 0.07774514418381911 0.07678031921386719
0 0.2158354979294997 0.6931473658635066 0.09322049067570613 0.09336031400240384
0 0.18867070858295149 0.5034688069270208 0.08911258440751296 0.08817526010366586
0 0.7992399655855619 0.6247269557072566 0.20041509775015023 0.21094597302950346
0 0.3219146728515625 0.4903309161846454 0.06942389561579777 0.06972650381234977
0 0.0785766656582172 0.626551994910607 0.07839389947744516 0.07918196458082932
0 0.4164111064030574 0.8090839385986328 0.06148257622352013 0.061889354999248795
0 0.517431039076585 0.6638164520263672 0.051908052884615384 0.052170093242938705
0 0.6188516616821289 0.536528807419997 0.19956412682166466 0.2032498579758864
0 0.3065491089454064 0.666688478910006 0.041567435631385215 0.04134574303260216
0 0.12057138406313382 0.9408747599675105 0.09232753973740798 0.09244552025428185
0 0.02438189433171199 0.3501028280991774 0.04665471957280086 0.0599671143751878
0 0.1177507547231821 0.4199722363398625 0.14244835193340594 0.1452346948476938
0 0.38495599306546724 0.7713238642765925 0.039185744065504804 0.03938381488506611
0 0.7469849219689002 0.3970567263089694 0.044069143442007214 0.044266774104191706
0 0.49951171875 0.4984875825735239 0.12186762002798227 0.1245130392221304
0 0.8339471083420974 0.9508552551269531 0.06330636831430289 0.06369752150315505
0 0.3833251733046312 0.4721318758451022 0.05591436532827524 0.05521187415489784
0 0.4420652389526367 0.9032195164607122 0.058345647958608776 0.05937811044546274
0 0.2465974734379695 0.35526062892033505 0.035439711350661054 0.035241933969350964
0 0.2908906936645508 0.39345502853393555 0.03719542576716496 0.03713365701528696
0 0.47004376924954927 0.5784747050358698 0.07723426818847656 0.0793445293719952
0 0.3738512626061073 0.8996322338397686 0.07849517235389122 0.07780867356520432
0 0.17459777685312125 0.59546265235314 0.03527538592998798 0.03517840458796574
0 0.3118738394517165 0.902159177339994 0.053422047541691706 0.05330716646634615
0 0.5409926634568435 0.8321336599496695 0.019605123079740085 0.01935445345365084
0 0.31444498208852917 0.30794451786921573 0.0404364512516902 0.040276142267080456
0 0.7166017385629507 0.8540450609647311 0.035762786865234375 0.03537398118239183
0 0.6417146829458383 0.8606136762178861 0.03778927142803486 0.038341522216796875
0 0.4186584399296687 0.7169036865234375 0.043702345628004804 0.042830247145432696
0 0.27000584969153774 0.4607839584350586 0.10365522824800931 0.1028446784386268
0 0.09578082194695106 0.36605328779954177 0.0389255193563608 0.03874426621657152
0 0.16973499151376578 0.2811309741093562 0.04955806181981014 0.049100215618426986
0 0.06610766282448402 0.5131986324603741 0.06598864151881291 0.06580470158503605
0 0.13585393245403582 0.5067057242760291 0.03101460750286396 0.031154926006610576
0 0.41955360999474156 0.42343770540677583 0.06211581596961388 0.06357750525841346
0 0.46134262818556565 0.3943401850186862 0.03273919912484976 0.03291159409743089
0 0.3882442254286546 0.7393535467294546 0.04872043316180889 0.04872967646672176
0 0.5793805489173303 0.7791401056142954 0.020518963153545674 0.020607434786283053
0 0.6360393670889047 0.42030950692983776 0.03048119178185096 0.03036777789776142
0 0.9267900907076322 0.44700131049522984 0.025763291579026442 0.02599613483135517
0 0.8482693158663236 0.13777899742126465 0.021848531869741585 0.021627352787898138
0 0.1720273311321552 0.8422935192401593 0.059332627516526446 0.05961256760817308
0 0.18020450151883638 0.6354701702411358 0.02069575969989483 0.02059026864858774
0 0.19550250126765326 0.9534151370708759 0.043583062978891224 0.04427660428560697
0 0.945524289057805 0.4267319899338942 0.03199489300067608 0.03214307931753305
0 0.14122755710895246 0.7720335446871244 0.04730851833636944 0.04701379629281851
0 0.306852230658898 0.26461056562570423 0.023925194373497598 0.024100010211651143
0 0.3073040522061862 0.7859557225153997 0.03158253889817458 0.031539623553936295
0 0.04731683547680195 0.38335583760188174 0.02652258139390212 0.02643284430870643
0 0.4029225569504958 0.7192062231210562 0.02223521012526292 0.022418975830078125
0 0.21074361067551833 0.42501471592829776 0.03839921951293945 0.03775978088378906
0 0.35862592550424427 0.43558370150052583 0.05116477379432091 0.05275887709397536
0 0.5659747490516076 0.317663706265963 0.02853114788348858 0.028612705377432015
0 0.5890119259174054 0.02774766316780677 0.05022738530085637 0.04917773833641639
0 0.8096895217895508 0.22911541278545672 0.016944738534780648 0.01692023644080529
0 0.3270275409405048 0.8654996431790866 0.034844398498535156 0.034555288461538464
0 0.08739295372596154 0.17004654957697943 0.17022903148944563 0.30326982644888073
0 0.8320410801814153 0.07602504583505484 0.11868022038386418 0.11832554523761456
0 0.39808093584500825 0.3599691024193397 0.049053118779109076 0.04917342846210186
0 0.7484604762150691 0.8458842497605544 0.025407057542067308 0.025421582735501803
0 0.3784005825336163 0.9363133357121394 0.060958568866436295 0.062073780940129206
0 0.4106907477745643 0.6128049263587365 0.04215548588679387 0.04230088454026442
0 0.10027558986957257 0.464114079108605 0.07218570434130155 0.07290473351111779
0 0.5135567738459661 0.9166209881122296 0.05628497783954327 0.05658663236177885
0 0.7688100521381085 0.17476393626286432 0.021627279428335335 0.02182777111346905
0 0.10870920694791354 0.03209603291291457 0.07031166095000047 0.061862716308006875
0 0.4788459631112906 0.9441020672137921 0.040494478665865384 0.040476285494290866
0 0.18411662028386042 0.7468056311974158 0.028918706453763522 0.0288388178898738
0 0.36706997798039365 0.29995028789226824 0.07425146836500901 0.07448317454411434
0 0.33603550837590146 0.11096367469200721 0.06151490945082445 0.062085518470177285
0 0.5195907812852126 0.9682856339674729 0.10101993267352764 0.05920116717998798
0 0.15493002304664025 0.45288445399357724 0.0467527829683744 0.047402601975661054
0 0.2297817376943735 0.818402363703801 0.05933684569138747 0.058831434983473554
0 0.3953071740957407 0.16778806539682242 0.020450885479266826 0.02051863303551307
0 0.8441035930926983 0.49758148193359375 0.03291467519906851 0.03257267291729267
0 0.28088048788217396 0.581840441777156 0.016556739807128906 0.01647076239952674
0 0.5933906115018405 0.7898808259230393 0.016029504629281852 0.015972137451171875
0 0.45113134384155273 0.7822129176213191 0.02766733903151292 0.027437943678635817
0 0.28125759271474987 0.5561403127817007 0.0344243049621582 0.03408945523775541
0 0.38358497619628906 0.3972922105055589 0.050926501934344955 0.05021109947791466
0 0.06674879330855149 0.35277509689331055 0.029671925764817458 0.029730870173527643
0 0.9608123485858624 0.008754778366822463 0.0281521723820613 0.016510096880105827
0 0.6999639364389273 0.33875304002028245 0.03968473581167368 0.03980035048264723
0 0.08029585618239182 0.725403932424692 0.026136049857506387 0.026041030883789062
0 0.05871352782616249 0.3259609662569486 0.02959409126868615 0.029510057889498197
0 0.6611177737896259 0.12305057965792142 0.03366250258225661 0.03362255830031175
0 0.5673026304978591 0.2958045739393968 0.03199005126953125 0.03240761390099159
0 0.9393722094022311 0.09241437911987305 0.03518339303823618 0.03542419580312876
0 0.96533936720628 0.267582526573768 0.0167391850398137 0.016904757573054388
0 0.7793486668513372 0.016966992845902078 0.02813559312086839 0.02809193730354309
0 0.8999965374286358 0.43552156595083386 0.015479014470027043 0.015568072979266826
0 0.37594054295466495 0.5896175824678861 0.04724443875826322 0.0466768558208759
0 0.4201547916118915 0.33847992236797625 0.016269537118765023 0.01583378131573017
0 0.9768673823429987 0.0934602113870474 0.03445874727689303 0.035287898320418135
0 0.059381301586444564 0.7432618507972131 0.032478075761061445 0.0321958982027494
0 0.02065633351986225 0.7627814366267278 0.029233565697303183 0.029362018291766826
0 0.2509342340322641 0.06327387461295494 0.018175565279447116 0.018291867696321927
0 0.24552011489868164 0.13938614955315223 0.01671754396878756 0.01671750728900616
0 0.14887802417461687 0.36644407419057995 0.06852964254525992 0.07154340010422927
0 0.22358047045194185 0.5484137535095215 0.03917055863600511 0.03878006568321815
0 0.05196422796982985 0.36416765359731823 0.019226844494159404 0.01900628896859976
0 0.7775823152982272 0.8375470088078425 0.02836022010216346 0.027832618126502402
0 0.9227232566246619 0.4680184217599722 0.016968800471379206 0.01700892815223107
0 0.8650396787203275 0.9789195427527795 0.032510610727163464 0.03188177255483774
0 0.7574784205510066 0.24855463321392351 0.0441430898813101 0.04416076953594501
0 0.5329395440908579 0.6172586587759165 0.054199512188251205 0.05413469901451698
0 0.8983958317683294 0.5869270104628342 0.015018316415640024 0.015068641075721154
0 0.5967671320988581 0.15109452834496132 0.023152718177208535 0.02325281730064979
0 0.05135662739093487 0.45515148456280047 0.05052643555861253 0.05039889995868389
0 0.25885829558739293 0.4975831692035382 0.05733346939086914 0.05707462017352764
0 0.40966283358060396 0.5621029780461237 0.042649489182692304 0.04302670405461238
0 0.4944160901583158 0.8800048094529372 0.026276368361253005 0.026967855600210335
0 0.7915224662193885 0.20633715849656326 0.04866321270282452 0.04879452632023738
0 0.3743925094604492 0.5047980088454026 0.029254033015324518 0.028892370370718148
0 0.9082739903376653 0.689664914057805 0.022856785700871393 0.02279809805063101
0 0.6980560009296124 0.12317186135512131 0.027084937462439902 0.026849123147817757
0 0.8988147148719201 0.5685556118304913 0.01645513681265024 0.01642637986403245
0 0.9005471743070163 0.9089662111722506 0.0980843764085036 0.09703210683969352
0 0.8476046048677884 0.05923284017122709 0.021265176626352165 0.02121868500342736
0 0.3633774977463942 0.9871317056509165 0.08418860802283654 0.024897061861478366
0 0.26685468967144305 0.41836206729595476 0.015404737912691556 0.01555039332463191
0 0.23581625865055963 0.5340812022869403 0.07076058020958534 0.07152579380915715
0 0.20450041844294622 0.00898747661939034 0.01812744140625 0.015991833347540636
0 0.9241858262282151 0.10778907629159781 0.021794245793269232 0.022163794590876654
0 0.3765166722811185 0.8202494107759916 0.03743875943697416 0.038387151864858776
0 0.2379919932438777 0.12128690572885367 0.01636020953838642 0.016483270204984225
0 0.1489293758685772 0.9938915692842923 0.02017365969144381 0.011247048011192909
0 0.2633716876690204 0.5813734714801495 0.01964591099665715 0.019493689903846152
0 0.7131890517014724 0.15926245542672965 0.024937556340144232 0.025625852438119743
0 0.33485944454486555 0.2648608501140888 0.019094393803523138 0.019112256857065055
0 0.6367254990797776 0.1677567225236159 0.036027174729567304 0.03571664370023287
0 0.4459701684805063 0.6426159051748422 0.04841129596416767 0.048349233774038464
0 0.5490011068490835 0.8969660538893479 0.015086834247295674 0.015172224778395433
0 0.5238782442533053 0.13188780271089995 0.04460613544170673 0.04461031693678636
0 0.33088001838097203 0.2502297804905818 0.020293529217059795 0.019966675685002253
0 0.9752998352050781 0.35263861142672026 0.0233157231257512 0.023440140944260817
0 0.010064425376745371 0.728080309354342 0.013604274162879357 0.017166577852689303
0 0.6590568102323092 0.06842336287865272 0.06469447796161358 0.06468989298893855
0 0.590635739839994 0.2793149948120117 0.02257391122671274 0.023044256063608024
0 0.3517623314490685 0.32169055938720703 0.04030814537635216 0.039220956655649036
0 0.9082993727463943 0.6878496316763071 0.0280148432804988 0.028173006497896634
0 0.42278443850003755 0.3127174377441406 0.03437937222994291 0.03496549679682805
