0 0.253539488865779 0.955021491417518 0.08433771133422852 0.0902874286358173
0 0.5240076505220853 0.5113121179433969 0.10803956251878005 0.1100777846116286
0 0.4238875462458684 0.9263822115384616 0.07263014866755559 0.0719745342548077
0 0.7390182201678936 0.6836383526141827 0.03472225482647236 0.035138643704927884
0 0.5403992946331317 0.9739784827599158 0.04716014862060547 0.04597209050105168
0 0.4296263181246244 0.40086848919208234 0.03679877061110277 0.03684161259577824
0 0.3706479806166429 0.7635217079749475 0.058568294231708236 0.058234875018780045
0 0.405243653517503 0.16515005551851714 0.03639382582444411 0.03660672444563646
0 0.2970884029681866 0.8328839815579928 0.11604081667386569 0.1159820556640625
0 0.5889502305250901 0.19417881965637207 0.022552343515249398 0.022786067082331732
0 0.4840397101182204 0.18302308596097505 0.05122074714073768 0.051149735083946817
0 0.7245216369628906 0.9833789972158579 0.02470089839054988 0.024608318622295674
0 0.636775750380296 0.42834083850567156 0.3300814995398888 0.3541892858651968
0 0.44712202365581805 0.5432428946861854 0.055130371680626504 0.054886157696063705
0 0.4609565734863281 0.3792244104238657 0.02364187974196214 0.02376563732440655
0 0.4520305120027982 0.8295502295860877 0.022747186514047477 0.023020524245042067
0 0.66364258986253 0.6590040647066556 0.03326768141526442 0.03365868788499098
0 0.36093748532808745 0.496368408203125 0.056031447190504804 0.05616217393141527
0 0.4404748769906851 0.3464365005493164 0.022721070509690505 0.022663043095515326
0 0.5470110819889948 0.18772022540752703 0.032803975618802585 0.03233880263108473
0 0.25508416615999663 0.17057130886958197 0.020638759319598857 0.020778802724984977
0 0.41136991060697115 0.8851548708402194 0.018451177156888522 0.018545004037710335
0 0.5277959383451022 0.24705901512732872 0.02557519766000601 0.02597522735595703
0 0.47151532539954555 0.2793441185584435 0.04456410041222206 0.04519323202279898
0 0.5248333124014047 0.8431123586801382 0.19948695256159857 0.20714921217698318
0 0.7578076582688552 0.2219388301555927 0.043844956618088946 0.04371180901160607
0 0.223845335153433 0.7284988990196815 0.025638103485107422 0.03992300767164964
0 0.47315054673414964 0.10397356290083665 0.02222097837007963 0.02208986649146447
0 0.2857209352346567 0.6918655542226938 0.04326057434082031 0.0438533196082482
0 0.430607612316425 0.3320476825420673 0.016280761131873496 0.016405178950383112
0 0.43044398381159854 0.6600376275869516 0.015838036170372598 0.015693811269906852
0 0.3742074232835036 0.2645557110126202 0.07886732541597806 0.07699526273287259
0 0.4296454649705153 0.3046855376316951 0.016941657433143027 0.016680093911977913
0 0.7821315618661734 0.1964567074408898 0.022284727830153245 0.02785048118004432
0 0.40873010341937727 0.6905495570256159 0.1091156005859375 0.11016919062687801
0 0.4098408038799579 0.14426875114440918 0.016723119295560397 0.016550871042104866
0 0.3276359484745906 0.6408974574162409 0.09775176415076622 0.0952756221477802
0 0.2903188191927396 0.9125570884117713 0.036248940687913164 0.03616817180926983
0 0.7011308670043945 0.2018439036149245 0.017158948458158053 0.01707311776968149
0 0.340938531435453 0.5839650447552021 0.01560379908635066 0.015603579007662259
0 0.23154812592726487 0.6208201188307542 0.04514635526216947 0.05486917495727539
0 0.367826535151555 0.5613069901099572 0.028836470383864183 0.02882847419151893
0 0.702608035160945 0.44150436841524565 0.014594444861778846 0.014554243821364183
0 0.3294955767118014 0.7338434366079477 0.01797793461726262 0.018346346341646634
0 0.41566357245812047 0.6778319432185247 0.01619559067946214 0.015738707322340745
0 0.23089155784020057 0.8262088482196515 0.0213774901169997 0.021306551419771634
0 0.43352717619675857 0.06629133224487305 0.014925663287823018 0.014982168491070088
0 0.36784923993624175 0.4008947519155649 0.05160052959735577 0.05222481947678786
0 0.49113955864539516 0.12453568898714505 0.0504150390625 0.05069523591261644
0 0.6687312492957482 0.17644907877995417 0.03131543673001803 0.03107166290283203
0 0.47661436521089995 0.5697982494647686 0.018912388728215143 0.019053825965294473
0 0.3511846982515775 0.8178593562199519 0.04940605163574219 0.04922969524676983
0 0.39393938504732573 0.4863147735595703 0.016190748948317308 0.016417576716496393
0 0.2996374276968149 0.09491207049443172 0.08564464862530048 0.08368275715754582
0 0.3641503407404973 0.605193358201247 0.01814093956580529 0.01794294210580679
0 0.23318088971651518 0.6658920141366812 0.04615108783428486 0.06832944429837741
0 0.47336886479304385 0.7079505920410156 0.01610594529371995 0.01594719519981971
0 0.5156624133770282 0.9313294337346003 0.06387006319486178 0.06551507803109977
0 0.5362663635840783 0.6911336458646334 0.02219867706298828 0.02215752234825721
0 0.410249086526724 0.9841555081881009 0.014927497276893029 0.015102093036358174
0 0.5283888303316556 0.12947973838219276 0.024500186626727764 0.025001892676720254
0 0.7639774909386268 0.045915612807640664 0.021083978506234977 0.020922110630915716
0 0.6991785489595853 0.0715715976861807 0.022700383112980768 0.02292071855985201
0 0.25170408762418306 0.20387785251323992 0.015578710115872897 0.01581096649169922
0 0.551345421717717 0.7060574751633865 0.014923902658315806 0.014771388127253605
0 0.44735244604257435 0.13040165717785174 0.03054053966815655 0.02993038984445425
0 0.24892366849459135 0.7138732029841497 0.03223565908578726 0.03190818199744591
0 0.3002682098975548 0.683109870323768 0.016641616821289062 0.016793177678034857
0 0.3586177092332106 0.8898052802452674 0.02319614703838642 0.023639092078575723
0 0.25649652114281285 0.05713389470027043 0.10317373275756836 0.11277384024399978
