0 0.15921983352074257 0.09577045073876014 0.19921027697049654 0.18910646438598633
0 0.884346448458158 0.24620604515075684 0.15059896615835336 0.1499638557434082
0 0.7884823725773737 0.8881420722374549 0.05980124840369591 0.059188549335186295
0 0.6224892689631536 0.5560763432429388 0.07499239994929387 0.07524167574368991
0 0.5892802018385667 0.2540549131540152 0.05635921771709736 0.05601197022658128
0 0.8378796944251428 0.025185860120333158 0.05782611553485577 0.04829705678499662
0 0.8966510479266827 0.4936367181631235 0.07056837815504807 0.07010195805476262
0 0.37375860947829026 0.3840029789851262 0.05023604172926683 0.05022709186260517
0 0.6921826142531174 0.5335267507112943 0.08476007901705228 0.08501104208139273
0 0.6514084155742939 0.8556360098031851 0.05702884380634014 0.05649507962740385
0 0.4441223878126878 0.05517408481011024 0.05994862776536208 0.0596617918748122
0 0.5572924980750451 0.6287539555476263 0.030373866741473857 0.03026870580819937
0 0.17397605455838716 0.2229620126577524 0.045669693213242754 0.04559326171875
0 0.25244887058551496 0.5856507007892315 0.047678690690260664 0.04713660020094652
0 0.8278682415301983 0.4609993421114408 0.05821785560021034 0.058026827298677884
0 0.7488230191744291 0.4894577173086313 0.05158556424654447 0.051999458899864785
0 0.6746365473820612 0.9262977013221154 0.02421232370229868 0.024307104257436898
0 0.6711719219501202 0.11542186370262733 0.04804449815016527 0.04840304301335262
0 0.9168541248028095 0.5848376567547138 0.0451814211331881 0.045546384958120495
0 0.845471455500676 0.8009218069223257 0.04398610041691707 0.04369412935697115
0 0.8091186376718374 0.8202048815213717 0.04344265277569111 0.043245168832632214
0 0.11248826063596286 0.3342486528249887 0.041839196131779596 0.04150662055382362
0 0.46027029477632964 0.24261065629812387 0.0579988039456881 0.05782479506272536
0 0.3711382058950571 0.44231356107271635 0.04585354144756611 0.04581854893611027
0 0.619916035578801 0.4107673718379094 0.05244001975426307 0.052274043743426986
0 0.6328714810884916 0.9604680721576397 0.0203091548039363 0.02019075246957632
0 0.18954016612126276 0.2894119849571815 0.041379415071927585 0.040952095618614785
0 0.7703165641197791 0.20149861849271333 0.024628859299879808 0.02503813230074369
0 0.16487224285419172 0.9607549814077524 0.1409004651583158 0.07718100914588341
0 0.13675454946664664 0.5587407258840708 0.030633926391601562 0.03040445767916166
0 0.06134216602032001 0.4627174964317909 0.03274868084834172 0.03272394033578726
0 0.9605546364417443 0.5788386785067045 0.03342232337364784 0.03343626169057993
0 0.8790403512807993 0.24344238868126503 0.017109504112830527 0.01691458775446965
0 0.25508798085726225 0.5222787123460036 0.030410326444185697 0.030375554011418268
0 0.8307250096247747 0.19545775193434495 0.02542877197265625 0.02546853285569411
0 0.4983026431157039 0.9608537233792819 0.026074042687049277 0.02616251431978666
0 0.32004440747774565 0.5874567398658166 0.03367152580848107 0.03368583092322716
0 0.81249633202186 0.7472162980299729 0.08208054762620193 0.08323874840369591
0 0.8914292408869817 0.1038362062894381 0.03328426067645733 0.033695257627047025
0 0.4611564782949594 0.6550560731154221 0.048833260169396035 0.048372855553260215
0 0.20833110809326172 0.792454352745643 0.03008262927715595 0.02985968956580529
0 0.6134735620938815 0.8871417412391076 0.017900833716759317 0.017688751220703125
0 0.8194930736835186 0.9674183772160456 0.029529864971454326 0.029643719012920674
0 0.6073999038109412 0.633697876563439 0.020485877990722656 0.020388236412635215
0 0.08728146553039551 0.5318226447472205 0.03128372705899752 0.030901321998009317
0 0.373683342566857 0.02591251409970797 0.03220807589017428 0.03197718583620512
0 0.9169091444749099 0.9648198347825271 0.025431412916917067 0.025725731482872598
0 0.6281890869140625 0.6681031447190505 0.017894451434795674 0.017666156475360576
0 0.4332558191739596 0.6190256705650916 0.03482774587777945 0.03428517855130709
0 0.2673826217651367 0.9378290909987229 0.02906645261324369 0.029795720027043268
0 0.4187596027667706 0.15132617950439453 0.03670663100022536 0.036498069763183594
0 0.21827488679152268 0.243392669237577 0.03243607741135817 0.03270314289973332
0 0.38027066450852615 0.1819773820730356 0.04895650423490084 0.049175262451171875
0 0.529955790593074 0.2734219477726863 0.04097454364483173 0.04064332521878756
0 0.44385631267841047 0.11986826016352727 0.04226083021897536 0.04120403069716234
0 0.288118655865009 0.8500544474675105 0.03705736306997446 0.03687975956843449
0 0.47673797607421875 0.10329699516296387 0.030307769775390625 0.030147515810452975
0 0.715577639066256 0.8139764345609225 0.03313358013446514 0.03265850360576923
0 0.6467470022348257 0.8129926094642053 0.032369760366586536 0.03206473130446214
0 0.9747861715463492 0.2989819783430833 0.04992529062124399 0.0583184682405912
0 0.6821366823636569 0.43836586291973406 0.027486360990084134 0.02713350149301382
0 0.2446138308598445 0.8897571563720703 0.03137676532451923 0.03152905977689303
0 0.6655767880953275 0.46163437916682315 0.028737581693209134 0.028371664193960335
0 0.3226209787222055 0.08563396563896766 0.06954455375671387 0.06993455153245193
0 0.8583512673011193 0.17957441623394305 0.02211424020620493 0.02226712153508113
0 0.5267861806429349 0.6228758004995493 0.01701985872708834 0.01701498031616211
0 0.3191115672771747 0.4103050965529222 0.02444149897648738 0.024489769568810098
0 0.6441194094144381 0.9243480975811298 0.017974266639122598 0.01770782470703125
0 0.5688801178565392 0.20099306106567383 0.05745961115910457 0.05833295675424429
0 0.7193380502554086 0.04335388311972985 0.018944960374098558 0.01884634678180401
0 0.956927226139949 0.24708010600163385 0.01745781531700721 0.017414166377140924
0 0.6275725731482873 0.8738181774432843 0.019402137169471152 0.01923546424278846
0 0.5678911209106445 0.16217723259559044 0.03384061960073618 0.033785535739018366
0 0.04297424738223736 0.7385886265681341 0.0357133883696336 0.03533480717585637
0 0.4096259337205153 0.5045999380258414 0.024130601149338942 0.024123485271747295
0 0.5736892039959247 0.6982966202955979 0.01971736321082482 0.019787715031550482
0 0.2207929171048678 0.32016530403724086 0.03721530620868389 0.037152583782489486
0 0.46631853397075945 0.36650606302114636 0.03974782503568209 0.03994149428147536
0 0.8181856595552884 0.5500400983370267 0.0479284433218149 0.04835730332594652
0 0.3042912850013146 0.21097234579233023 0.02516005589411809 0.024887745197002705
0 0.7125043135422927 0.31917168543888974 0.028386042668269232 0.028528525279118463
0 0.8867388505202073 0.2725409727830153 0.018495706411508415 0.018483895521897536
0 0.8754645861112155 0.322812924018273 0.016125899094801683 0.016249876755934495
0 0.5506223898667556 0.46757052494929385 0.027763733497032754 0.027376908522385817
0 0.5197286239037147 0.04111008002207829 0.021529564490685098 0.021509775748619668
0 0.2886334749368521 0.5975516392634466 0.02617084063016451 0.02619193150446965
0 0.56823547069843 0.8456993836622971 0.017061233520507812 0.017148384681114785
0 0.5582215235783503 0.5296473869910607 0.042741041917067304 0.04266071319580078
0 0.47649559607872594 0.6928175412691556 0.016304456270658053 0.016373560978816107
0 0.16199790514432466 0.3356637221116286 0.030662096463716947 0.030435562133789062
0 0.5187541154714731 0.500887577350323 0.021343451279860277 0.021576954768254206
0 0.8908115533682016 0.029409569043379564 0.017497722919170674 0.0176005638562716
0 0.15630555152893066 0.46881213554969203 0.036321860093336836 0.036472173837515026
0 0.4328327545752892 0.7855361058161809 0.024793478158804085 0.02494195791391226
0 0.3195636089031513 0.23008097135103667 0.031706003042367786 0.03113240462083083
0 0.7341936551607572 0.65911498436561 0.04003554124098558 0.03952158414400541
0 0.11059183340806228 0.23833971757155198 0.04650998115539551 0.04659183208759014
0 0.7775368323692908 0.44549421163705677 0.047399667593149036 0.04740436260516827
0 0.9019843615018405 0.41847676497239333 0.0700077643761268 0.06781394665057842
0 0.9229193467360276 0.38538015805757964 0.0332952646108774 0.03364973801832933
0 0.5411547880906326 0.7360960153432993 0.018445528470552884 0.018619243915264424
0 0.8290355388934796 0.29800015229445237 0.03755657489483173 0.037226090064415567
0 0.25987205138573277 0.29485368728637695 0.0384528086735652 0.038544801565317005
0 0.7064007245577298 0.25140987909757173 0.07009829007662259 0.07164511313805214
0 0.937050305880033 0.6059494385352502 0.025966350848858174 0.026631648723895732
0 0.7546994135929987 0.8555196615365835 0.041666471041165866 0.04122763413649339
0 0.8462590437669021 0.1459772403423603 0.031101520244891826 0.03130949460543119
0 0.7081265082726111 0.3991747269263634 0.05677707378680889 0.057707639840932995
0 0.7334723839393029 0.035589488653036266 0.06364851731520432 0.06400213791773869
0 0.2994843629690317 0.7485173298762395 0.023797328655536357 0.02375485346867488
0 0.2252530318040114 0.19382577676039475 0.06884178748497596 0.06999797087449294
0 0.5949532802288349 0.603702765244704 0.015494786776029147 0.015353569617638221
0 0.9670204015878531 0.49730843764085036 0.04378494849571815 0.04325147775503305
0 0.4188521458552434 0.022370265080378607 0.023311614990234375 0.02305275660294753
0 0.6874306018535907 0.7208162454458383 0.09450677724984977 0.09250948979304387
0 0.6237206825843225 0.6401434678297776 0.01661550081693209 0.016277313232421875
0 0.30997888858501726 0.9180044761070838 0.01770958533653846 0.017724257249098558
0 0.9540007664607122 0.1356507814847506 0.024199559138371393 0.024487055264986478
0 0.5403973506047175 0.1483882207136888 0.03808109576885517 0.03847290919377254
0 0.7036363161527194 0.35964327592116135 0.03104253915640024 0.03106410686786358
0 0.151944820697491 0.967140637911283 0.02344938424917368 0.023447476900540866
0 0.9462736569918119 0.8518155904916617 0.016931973970853366 0.016820467435396634
0 0.9894135548518255 0.6467494964599609 0.021062117356520433 0.03437966566819411
0 0.9944876157320462 0.6666841506958008 0.010722820575420674 0.01647523733285757
0 0.411952752333421 0.23595762252807617 0.03828914348895733 0.037688035231370196
0 0.3222862390371469 0.12523365020751953 0.01591660426213191 0.0161135196685791
0 0.4249299122737004 0.43377003302940953 0.019185726459209736 0.01952670170710637
0 0.925005472623385 0.10400528174180251 0.018604425283578727 0.01836430109464205
0 0.057174820166367754 0.5865486585176908 0.02498030662536621 0.025347049419696514
0 0.536648676945613 0.6818863795353816 0.01835016103891226 0.018567305344801683
0 0.6017807446993314 0.4708421046917255 0.07383317213792068 0.0721271221454327
0 0.5509116099430964 0.3489086444561298 0.027438970712515023 0.027599554795485277
0 0.7805273349468524 0.3937857701228215 0.02718206552358774 0.027028964116023138
0 0.19531649809617263 0.3426646452683669 0.030035679156963643 0.029924686138446514
0 0.586364012498122 0.647835951585036 0.03706169128417969 0.03678468557504507
0 0.5876983862656814 0.6164012322059045 0.016434742854191706 0.016131804539607122
0 0.24966078538161057 0.2317947424375094 0.0254669923048753 0.026109071878286507
0 0.3914417853722206 0.9459042182335486 0.023289607121394232 0.023332889263446514
0 0.9824745471660907 0.9854939534113958 0.03501393244816707 0.027492229755108174
0 0.2620906096238356 0.06075395987584041 0.02550656978900616 0.02589552219097431
0 0.43846654891967773 0.5135594147902268 0.0215607423048753 0.021552232595590446
0 0.01386452867434575 0.9897377307598407 0.027738832510434665 0.01940008310171274
0 0.3573475250831017 0.7200892521784856 0.01760974297156701 0.017658086923452523
0 0.06987095796144925 0.39409454052264875 0.03383348538325383 0.03355891887958233
0 0.008764594220198117 0.2876032315767728 0.017674201956162088 0.03416369511530949
0 0.5865135192871094 0.05470779308905968 0.019025582533616286 0.018976449966430664
0 0.26476003573491025 0.9392836644099309 0.08677376233614408 0.07949447631835938
0 0.2860401960519644 0.29438079320467436 0.09803955371563251 0.09879159927368164
0 0.6187098576472356 0.8202338585486779 0.016358558948223408 0.016373854417067308
0 0.2329392799964318 0.6777774370633639 0.03855477846585787 0.038827749399038464
0 0.6898630582369291 0.2559049496283898 0.04705091623159555 0.045662916623629056
0 0.6019756977374737 0.37804698944091797 0.02037811279296875 0.020334610572228067
0 0.4526987809401292 0.5417602245624249 0.038946885329026446 0.03960360013521635
0 0.5811996459960938 0.8722600936889648 0.02358245849609375 0.0237734867976262
0 0.5150618919959435 0.46902957329383266 0.01445322770338792 0.01451565669133113
0 0.008867575572087215 0.33507611201359677 0.015459046914027287 0.015150363628680889
0 0.5824861526489258 0.8704685798058143 0.019480191744290866 0.01969454838679387
0 0.18614596586961013 0.9927517817570612 0.01616844764122596 0.013105832613431491
0 0.9271343671358548 0.4679880142211914 0.055532015286959134 0.05697177006648137
0 0.7724957832923303 0.2787066606374887 0.03210375859187199 0.032230303837702826
0 0.19725684019235465 0.6687299288236178 0.11966048754178561 0.12204570036668044
0 0.7493553161621094 0.7689971190232497 0.05722999572753906 0.057605743408203125
0 0.891661130464994 0.7276018582857572 0.030227807851938102 0.02924200204702524
0 0.2623863220214844 0.8696792309100811 0.0260771971482497 0.026196993314302884
0 0.4225890086247371 0.5385020329402044 0.02075033921461839 0.020415599529559795
0 0.4555549988379845 0.30287984701303333 0.02147337106557993 0.021509463970477764
0 0.8338818916907678 0.36425304412841797 0.018467096182016227 0.01837789095365084
0 0.5887041091918945 0.5099482903113732 0.019307723412146933 0.018954350398137018
0 0.9589139498197116 0.8903748438908503 0.041421156663161054 0.04268176739032452
0 0.4846595617441031 0.1996456109560453 0.03577687190129207 0.0363309566791241
0 0.390862905062162 0.47206963025606596 0.04952460068922777 0.048621104313777044
0 0.9420357484083909 0.062222416584308333 0.019788448627178486 0.020308457888089694
0 0.03448900351157555 0.7732926882230319 0.02123890473292424 0.021114936241736777
0 0.0116785099873176 0.5798025864821214 0.019032519597273607 0.01798402346097506
0 0.49626519129826474 0.5846736614520733 0.02610602745643029 0.02587758577786959
0 0.07682476593897893 0.923090567955604 0.018290904852060173 0.018203148475060098
0 0.01143156335904048 0.4255519280066857 0.019555582449986383 0.01928432171161358
0 0.23640988423274115 0.18157720565795898 0.10324826607337365 0.10290689651782696
0 0.5755954889150766 0.6522563054011419 0.015380125779371995 0.015362959641676683
0 0.9739601428692157 0.09726304274338943 0.02313232421875 0.02300739288330078
0 0.6607865553635818 0.9653057685265174 0.014948331392728366 0.015051915095402645
0 0.7522151653583233 0.10029829465425931 0.030671339768629808 0.030645297123835638
0 0.3750180464524489 0.9279931141779973 0.023621192345252402 0.023577470045823317
0 0.9835926936222956 0.3436781076284555 0.03271190936748798 0.039644681490384616
0 0.8935301854060247 0.4193921455970177 0.05687772310697115 0.058338312002328724
0 0.7494010925292969 0.1678442771618183 0.02597324664776142 0.02566102834848257
0 0.8245633932260367 0.5051982586200421 0.048972790057842545 0.049091339111328125
0 0.4474631823026217 0.14196318846482497 0.022723858173076924 0.022580421887911283
0 0.8133830290574294 0.3917482082660382 0.028075438279371995 0.028658206646259014
0 0.6775907369760367 0.877902837900015 0.013911614051231971 0.013864077054537259
0 0.753382316002479 0.6916850896982046 0.014143723707932692 0.013696523813100962
0 0.6408975307758038 0.09242672186631423 0.04703198946439303 0.04629850387573242
0 0.0421523222556481 0.8537819202129657 0.023377929742519673 0.023323939396784857
0 0.39505863189697266 0.29710182776817906 0.014239971454326924 0.014263739952674279
0 0.7634466611422025 0.6406459074753982 0.0633404071514423 0.06207407437838041
0 0.6899731709406927 0.058463105788597695 0.016368279090294473 0.01613756326528696
0 0.3667788505554199 0.9115899892953726 0.02289610642653245 0.02233123779296875
0 0.06002094653936533 0.8398239429180439 0.023511217190669134 0.02368017343374399
0 0.21936746744009164 0.9097788150493915 0.014333871694711538 0.014541185819185697
0 0.3478359809288612 0.8610580150897686 0.04200612581693209 0.04204089824969952
0 0.45771928933950573 0.33131900200477016 0.018891261174128607 0.01901523883526142
0 0.7631213848407452 0.20986454303448016 0.07269800626314603 0.07278148944561298
