0 0.47251000771155727 0.7469161840585562 0.19876201336200422 0.19720605703500602
0 0.44551845697256237 0.29147204985985387 0.050654044518103965 0.05030980476966271
0 0.4239106545081505 0.24706165607158953 0.05206973736102764 0.0521539541391226
0 0.29621487397413987 0.15438301746661848 0.05662448589618389 0.056302437415489785
0 0.29209012251633865 0.6010056642385629 0.11904048919677734 0.11892428764930138
0 0.12845347477839544 0.6174686138446515 0.0787812379690317 0.0785657075735239
0 0.9057242320134089 0.36525652958796573 0.033451227041391224 0.0332177969125601
0 0.7190447587233323 0.12023282051086426 0.04924334012545072 0.04887962341308594
0 0.6804742079514724 0.7702936759361854 0.040497999924879804 0.040767522958608776
0 0.25849745823786807 0.030042143968435433 0.047986544095552884 0.048103002401498646
0 0.4994188455434946 0.9631043947660006 0.10248939807598408 0.0699766599214994
0 0.21007255407480094 0.9230131002572867 0.0831290024977464 0.08210446284367488
0 0.15965670805711013 0.4265626393831693 0.024460563292870156 0.024419344388521634
0 0.4509733640230619 0.9352346567007211 0.01904018108661358 0.0189822270320012
0 0.9295184795673077 0.3231074626629169 0.04272167499248798 0.04302171560434195
0 0.8042240142822266 0.08575951136075534 0.050420320951021634 0.05080758608304537
0 0.7801978771503155 0.16824885515066293 0.028530120849609375 0.028818937448354866
0 0.35807202412531924 0.9497202359713041 0.19022919581486628 0.09974303612342247
0 0.20434100811298078 0.759869282062237 0.07169140302217923 0.07197864239032452
0 0.8666053918691782 0.49658885368934047 0.034974905160757214 0.03520070589505709
0 0.05635029077529907 0.06903241230891301 0.07054351843320407 0.07073450088500977
0 0.4069616977985089 0.7136582594651443 0.08455386528602013 0.08425697913536659
0 0.13001709717970628 0.09325869266803448 0.019454460877638597 0.01872594539935772
0 0.3045801749596229 0.9149385598989633 0.02256928957425631 0.02255703852726863
0 0.1460252541762132 0.6671937795785757 0.02869389607356145 0.02861756544846755
0 0.35100115262545073 0.4238135264470027 0.02067118424635667 0.02045748783991887
0 0.563116770524245 0.9234752655029297 0.04401603111853966 0.04401309673602764
0 0.5059943565955529 0.10163028423602764 0.017856891338641826 0.01774006623488206
0 0.8128289442795974 0.5458125334519607 0.018834921029897835 0.018898743849534255
0 0.12114999844477727 0.7309994330772986 0.022074259244478665 0.021928053635817308
0 0.5469200427715595 0.33468327155480015 0.017827547513521634 0.017876845139723558
0 0.22559406207158014 0.647492188673753 0.05221700668334961 0.052358187161959134
0 0.023314139017691977 0.9251958406888522 0.018496710520524245 0.018404593834510215
0 0.42029168055607724 0.8746609321007361 0.017676573533278245 0.01761348430926983
0 0.5364654981173002 0.6445271418644831 0.018198746901292067 0.01841148963341346
0 0.05090823998818031 0.6245745145357572 0.0789269208908081 0.09521748469426082
0 0.10555436060978816 0.5712001140301044 0.08077797522911659 0.07959556579589844
0 0.701899528503418 0.2079154344705435 0.03193972660945012 0.03192421106191782
0 0.21148309340843788 0.034697539531267606 0.03500799032358023 0.03489324221244225
0 0.6600975623497596 0.018994139937254097 0.035499866192157455 0.03480893144240746
0 0.44086859776423526 0.85345825782189 0.016722459059495192 0.016461739173302285
0 0.4660033446091872 0.9210894658015325 0.025070997384878304 0.025050236628605768
0 0.6971571262066181 0.11103213750399075 0.016323383037860576 0.016451212076040413
0 0.3711451016939603 0.9623857644888071 0.017140755286583535 0.016740798950195312
0 0.7761344909667969 0.5565682191115159 0.017965170053335335 0.018318322988656852
0 0.0509879130583543 0.9259311969463642 0.03636397765232967 0.036178882305438705
0 0.26721829634446365 0.152694610448984 0.015931349534254808 0.015550540043757511
0 0.2153766705439641 0.8735662607046274 0.017012596130371094 0.016797579251802884
0 0.27022622181819034 0.8937488702627329 0.0502173350407527 0.05030074486365685
0 0.5784006852370042 0.050603692348186784 0.029474331782414362 0.029520972416951105
0 0.16753038993248573 0.8247269850510818 0.032460662034841686 0.03232075617863582
0 0.10030195346245399 0.892855350787823 0.0466304375575139 0.04660591712364784
0 0.039500300700847917 0.9659775954026443 0.030408483285170335 0.029718545766977165
0 0.030151419914685763 0.25144558686476487 0.016656229129204385 0.016398136432354268
0 0.048680108327132 0.5321936240563025 0.07341376634744498 0.1011044428898738
0 0.07553213376265305 0.09656649369459885 0.024897153560931865 0.024930697221022386
0 0.483213681441087 0.9114767221304086 0.02489310044508714 0.02499976524939904
0 0.43090442510751575 0.32857429064237154 0.017818964444673978 0.017841485830453727
0 0.8217899615948017 0.5699944496154785 0.014825380765474759 0.014953026404747596
0 0.44959614827082706 0.7485000903789814 0.017450626079852764 0.017490093524639424
0 0.45798752858088565 0.1375872905437763 0.03157226855938251 0.03176208642812876
0 0.3578023910522461 0.36896676283616286 0.01855916243333083 0.018636703491210938
0 0.8847811772273138 0.178545199907743 0.016193389892578125 0.016230986668513372
0 0.4102933590228741 0.1270014506119948 0.015828792865459736 0.01569498502291166
0 0.8347756312443659 0.10590292857243465 0.017247713529146634 0.01729580072256235
0 0.46739812997671276 0.5675367942223182 0.01728476010836088 0.017087789682241585
0 0.7885387127216046 0.34735752986027646 0.01727896470289964 0.01731241666353666
0 0.14007521592653716 0.10668462056380051 0.042434197205763594 0.04115918966440054
0 0.05152793114001934 0.9826416602501502 0.037709710689691395 0.03125440157376803
0 0.8213880979097806 0.5271305671105018 0.04135278555063101 0.04176059136023888
0 0.6651370708759015 0.3852065893319937 0.014777550330528846 0.014701109666090745
0 0.1533052187699538 0.8935707532442533 0.033532252678504355 0.03347176771897536
0 0.7895660400390625 0.025156186177180365 0.015564845158503605 0.015611023857043339
0 0.7994198432335486 0.14884734153747559 0.014563046968900241 0.014591363760141226
0 0.181641725393442 0.2417736053466797 0.018384566673865683 0.01836681365966797
0 0.47884394572331357 0.034585613470811113 0.026494172903207634 0.026506313910851113
0 0.0987182672207172 0.3608479133019081 0.03263618395878719 0.033425551194411054
0 0.07964239670680119 0.9436953617976263 0.025286454420823317 0.025743631216195915
0 0.897195449242225 0.23691727564885065 0.01604740436260517 0.015682440537672777
0 0.25141583956204927 0.9636556185208834 0.03420892128577599 0.03374187762920673
0 0.04569237048809345 0.12436059805063102 0.01879609777377202 0.01852552707378681
0 0.6300566746638372 0.16435023454519418 0.04230701006375826 0.04168888238760141
0 0.27696719536414516 0.9099633143498347 0.01531069095318134 0.015231499305138221
0 0.8077069796048678 0.43013572692871094 0.018485436072716348 0.018575668334960938
0 0.5418291091918945 0.8936347961425781 0.04291108938363882 0.04357587374173678
0 0.755558600792518 0.13567900657653809 0.028813288762019232 0.02857696093045748
0 0.9353379469651443 0.5049029130202073 0.03732211773212139 0.0369873046875
0 0.8743382967435397 0.40041321974534255 0.01610389122596154 0.016340182377741888
0 0.8583035102257361 0.9867324829101562 0.02353697556715745 0.022180703970102165
0 0.9260826110839844 0.4282497259286734 0.017745091364933893 0.01759000924917368
0 0.13523222849919245 0.6995171767014724 0.01517791014451247 0.015353863055889424
0 0.06456382458026592 0.14206994496859038 0.015168190002441406 0.015054409320537861
0 0.26453583057110125 0.4578607999361478 0.017517236562875602 0.017313810495229866
0 0.8424929838914138 0.5611636088444636 0.014496436485877404 0.014777550330528846
0 0.4712826655461238 0.06517905455369216 0.017980282123272236 0.017811371729924128
0 0.30792852548452526 0.045085906982421875 0.013814504329974834 0.014088007119985728
0 0.4408569702735314 0.09301253465505746 0.013525155874399038 0.013542578770564152
0 0.6307028256929837 0.48247586763822115 0.014122596153846154 0.014201897841233473
0 0.6920958298903245 0.5547286547147311 0.014245253342848558 0.014403123121995192
0 0.1617752588712252 0.914573962871845 0.032854016010577865 0.03257942199707031
0 0.026704054612379808 0.3575924359835111 0.020363780168386605 0.020258683424729567
0 0.10789226568662204 0.12746202028714693 0.0157009638272799 0.015478060795710636
0 0.03833074065355154 0.4256590329683744 0.02274081798700186 0.023055296677809495
