0 0.7723013070913461 0.23848551970261794 0.11228722792405349 0.13556275000939003
0 0.632267585167518 0.2852439880371094 0.12434148788452148 0.12324670644906852
0 0.2374596228966346 0.44527655381422776 0.0898885726928711 0.09033995408278245
0 0.3619048045231746 0.2604698034433218 0.07360920539269081 0.0742787581223708
0 0.7742234743558444 0.4375357994666466 0.04373462383563702 0.043701465313251205
0 0.7232759915865384 0.3076177743765024 0.06682733389047477 0.06685975881723258
0 0.7823012425349309 0.33287884638859677 0.04219598036545973 0.04239918635441707
0 0.3154619657076322 0.7577143449049729 0.022307891112107497 0.022205352783203125
0 0.3448200225830078 0.829476576585036 0.02567599369929387 0.025728372427133415
0 0.6752332540658804 0.055776275121248685 0.0249026371882512 0.024933906701894906
0 0.2534674314352182 0.2086197046133188 0.023381820091834433 0.0236051266009991
0 0.7378215056199294 0.4294141622690054 0.019229888916015625 0.019126158494215745
0 0.7048983940711389 0.37312808403602016 0.01756110558143029 0.01755861135629507
0 0.6776124514066256 0.4358607805692233 0.017869215745192308 0.017725724440354567
0 0.41628496463482195 0.3389180623568021 0.02023205390343299 0.020413765540489785
0 0.36705838716947115 0.20649194717407227 0.03149326031024639 0.031381460336538464
0 0.33299702864426833 0.5590426371647761 0.028648963341346152 0.02882524637075571
0 0.18502143713144156 0.8722990476168119 0.0189513793358436 0.019049424391526442
0 0.23931969129122221 0.24622225761413574 0.020695833059457634 0.02075477746816782
0 0.5224507038409894 0.09590748640207145 0.025732113764836237 0.025618223043588493
0 0.2981379215533917 0.3695694850041316 0.019490828880896933 0.019298260028545674
0 0.25053754219642055 0.34500767634465146 0.06585231194129357 0.06574689424954928
0 0.7612523298997146 0.43839439978966344 0.13111202533428484 0.20693837679349458
0 0.815519773043119 0.5721551454984225 0.020923027625450723 0.023485623873197116
0 0.2617833064152644 0.3968959955068735 0.04652683551494892 0.047057078434870794
0 0.3446842340322641 0.1588876064007099 0.019248228806715745 0.01920752341930683
0 0.18913877927339995 0.41989825322077823 0.030618007366473857 0.03021695063664363
0 0.19638424653273362 0.23178445375882661 0.021663812490609977 0.021520027747521035
0 0.3607211479773888 0.3756605295034555 0.04477266164926382 0.0440221933218149
0 0.20982800997220552 0.11819121470818153 0.019303395197941706 0.01952195167541504
0 0.5334369586064265 0.04575839409461388 0.015970743619478665 0.015808616693203267
0 0.5922345381516677 0.5031754053556002 0.03169668637789213 0.03153705596923828
0 0.3597727555495042 0.8070870912992038 0.01635910914494441 0.015937218299278848
0 0.24489595339848444 0.6451985285832331 0.04118644274198092 0.04023654644305889
0 0.22284526091355544 0.38562950721153844 0.028917532700758714 0.028427710899939902
0 0.21395235795241135 0.9753702603853666 0.05632848006028395 0.042437039888822116
0 0.18599554208608773 0.27999410262474644 0.03219743875356821 0.03417833034808819
0 0.40069998227632964 0.9229708451491135 0.018807044396033652 0.01873911344088041
0 0.183549899321336 0.8005291865422175 0.01623736895047701 0.01644589350773738
0 0.22085076112013596 0.2767377266517052 0.015726602994478665 0.015515987689678486
0 0.6558456420898438 0.4050444823044997 0.02494210463303786 0.024608758779672477
0 0.7217955956092248 0.45703774232130784 0.045515207143930286 0.044230094322791465
0 0.35671307490422177 0.05858053610875057 0.04206584050105168 0.04224922106816219
0 0.41754994025597203 0.8571096567007211 0.01644413287823017 0.016390873835637018
0 0.7440025623028095 0.36443394881028396 0.05906002338115986 0.05912854121281551
0 0.669916739830604 0.18443976915799654 0.05163310124323918 0.05217273418719952
0 0.6490716200608474 0.18227454332204965 0.08591299790602464 0.08640703788170448
0 0.3591150137094351 0.537130722632775 0.03387950016902043 0.0337522946871244
0 0.6255711775559646 0.8383728174062876 0.35094741674569935 0.32209014892578125
0 0.521846551161546 0.03817390249325679 0.0865792494553786 0.07395300039878258
0 0.6244696837205154 0.4717829777644231 0.022721510667067308 0.022520065307617188
0 0.7074463184063251 0.5465908784132737 0.06479321993314303 0.06562497065617488
0 0.2678995866041917 0.8755679497352014 0.05002513298621544 0.05010516826923077
0 0.49181512685922474 0.4672094491811899 0.04593056898850661 0.04579837505634014
0 0.7827551181499774 0.6108777706439679 0.05457643362192007 0.055590116060697116
0 0.4797960428091196 0.15726338900052583 0.01902594933143029 0.019062253145071175
0 0.6750434728769156 0.12420585522284874 0.022023127629206732 0.022432565689086914
0 0.39581034733698917 0.19990796309251052 0.023864305936373197 0.024050272428072415
0 0.5973350084744967 0.4013033646803636 0.014165438138521634 0.014238504263070913
0 0.7171045450063852 0.4971571702223558 0.01786217322716346 0.017499776986929085
0 0.5634628809415377 0.45723284207857573 0.06411999922532302 0.06429437490609977
0 0.31126946669358474 0.016242054792550895 0.042007171190702 0.03185070477999174
0 0.19652164899385893 0.0122728909437473 0.013534032381497897 0.013893932104110718
0 0.19673303457406852 0.9763791010929987 0.042175623086782604 0.042875436636117786
0 0.5947878910945013 0.47339292672964245 0.02579923776479868 0.025873771080603965
0 0.2575340454395001 0.8248323293832632 0.014873357919546274 0.014725611760066105
