0 0.8128442764282227 0.44735299623929536 0.06212880061222957 0.06232437720665565
0 0.3434777626624474 0.27633006756122297 0.06689629187950721 0.06711431650015023
0 0.9650994814359225 0.4676650854257437 0.05838570227989784 0.05915348346416767
0 0.05822323835813082 0.2110138306250939 0.032924798818734974 0.03287997612586388
0 0.3029833940359262 0.46161526900071365 0.02779542482816256 0.028072283818171576
0 0.16137381700369027 0.4396684719966008 0.05460515389075646 0.05446544060340294
0 0.6246525691105769 0.05339086055755615 0.02776487057025616 0.02780576852651743
0 0.035701678349421576 0.1472331743973952 0.029880441152132474 0.029828475071833685
0 0.8255624771118164 0.5969123106736404 0.02806223355806791 0.02816038865309495
0 0.8948006996741662 0.575900334578294 0.026248785165640023 0.02618129436786358
0 0.7011803847092849 0.33004265565138596 0.03723760751577524 0.03687337728647085
0 0.47539777022141677 0.06619430505312406 0.018901531512920674 0.018927509968097393
0 0.07656429822628315 0.9840834690974309 0.02892427261059101 0.027307657095102165
0 0.24155444365281326 0.41477577502910906 0.024158991300142728 0.024303216200608473
0 0.39165210723876953 0.6584701538085938 0.027458044198843148 0.02785638662484976
0 0.2072929969200721 0.18941097993117112 0.02563821352445162 0.025731233450082634
0 0.03754173792325533 0.39065881875845104 0.03113743892082801 0.031220289377065804
0 0.4130545396071214 0.03144727532680218 0.01917751018817608 0.01939159631729126
0 0.4257775086622972 0.3219015048100398 0.04587349524864784 0.04600708301250751
0 0.49578747382530797 0.24920060084416315 0.03516373267540565 0.035406296069805436
0 0.23631481023935172 0.08712699780097374 0.02118990971491887 0.021329347903911885
0 0.6502323150634766 0.3703272526080792 0.022318033071664665 0.022260372455303486
0 0.45310291877159703 0.062159483249370866 0.02170225290151743 0.02193652666532076
0 0.5364379516014686 0.526404490837684 0.047899686373197116 0.048107073857234076
0 0.16974306106567383 0.17281147149892953 0.01954089678250826 0.019552304194523737
0 0.25426149368286133 0.5849756827721229 0.02523326873779297 0.02513709435096154
0 0.09844117898207444 0.553047987130972 0.02889739550076998 0.028953405526968148
0 0.07961456592266376 0.009309141108622918 0.024393884035257194 0.017415364201252278
0 0.3468092404879056 0.7925233107346755 0.02408937307504507 0.024165226862980768
0 0.948799206660344 0.5400871130136343 0.029867172241210938 0.029380064744215745
0 0.9370558812068059 0.20195370454054612 0.01676016587477464 0.016605230478140023
0 0.7979988685021033 0.07552498120528 0.030652559720552884 0.03017577758202186
0 0.45243285252497745 0.014915843422596272 0.020305340106670674 0.020301614816372212
0 0.510339406820444 0.2305137194119967 0.026561223543607272 0.02608647713294396
0 0.9630790123572717 0.03330299487480751 0.033288808969350964 0.0328600681745089
0 0.8455046140230619 0.030762223096994255 0.035207308255709134 0.035581038548396185
0 0.6417043392474835 0.013337282034067007 0.02907870366023137 0.02509333537175105
0 0.1755044276897724 0.5757870674133301 0.025666456956129808 0.02565171168400691
0 0.10559951342069186 0.4645423889160156 0.025266097142146185 0.02549112760103666
0 0.9834313025841346 0.5741209983825684 0.030580520629882812 0.04858721219576322
0 0.0932919979095459 0.7929093287541316 0.028812096669123724 0.028484931358924277
0 0.557038087111253 0.034904855948228106 0.016536125769981973 0.01627086676084078
0 0.4187472416804387 0.21848531869741586 0.01957093752347506 0.019289090083195612
0 0.15256104102501503 0.49491068033071667 0.019307540013239935 0.019567196185772236
0 0.3241410989027757 0.10415111138270451 0.02931968982403095 0.029491699658907376
0 0.7951385057889498 0.8221381994394156 0.01839168255145733 0.018539868868314303
0 0.8117694854736328 0.6927383129413311 0.015318943903996395 0.015245584341195913
0 0.29198485154371995 0.5442665540255033 0.02062218005840595 0.020827073317307692
0 0.2614430280832144 0.13163302494929388 0.03926643958458534 0.038430250608004056
0 0.47091363026545596 0.5785055894118089 0.014823253338153545 0.01476287841796875
0 0.9798603057861328 0.05712146025437575 0.03585668710561899 0.04397084162785457
0 0.3720105978158804 0.2337157542888935 0.018608826857346755 0.0185549809382512
0 0.7407809771024264 0.23586551959698016 0.02986012972318209 0.029616722693810098
0 0.05888738998999962 0.6840110191932092 0.017087734662569486 0.016848344069260817
0 0.2875234347123366 0.18747696509728065 0.024358125833364632 0.02451009016770583
0 0.9454843814556415 0.5179680310762845 0.02174832270695613 0.021884331336388223
0 0.027111378999856803 0.3724349095271184 0.016211611720231865 0.016322796161358174
0 0.9064496847299429 0.5152488855215219 0.018375543447641227 0.018457412719726562
0 0.739192742567796 0.5126015589787409 0.035128079927884616 0.034548245943509616
0 0.06501048803329468 0.34039856837346005 0.01599586009979248 0.01598211435171274
0 0.9517944776094877 0.3709000073946439 0.07200182401216947 0.06987204918494591
0 0.42617159623366135 0.06269857516655555 0.0312197025005634 0.030834069618811973
0 0.7429491189809946 0.7610507378211389 0.015160193810096154 0.014979729285606971
0 0.7455984995915339 0.6442854954646184 0.06113507197453426 0.06211673296414889
0 0.06139653004132784 0.2477732254908635 0.016303484256450947 0.016251564025878906
0 0.19106356914226824 0.47455230126014125 0.015288352966308594 0.015492512629582332
0 0.049435789768512435 0.10355816437647893 0.022383928298950195 0.0225674372452956
0 0.09523321115053617 0.6677784552940955 0.03579482665428749 0.03611285869891827
0 0.520703389094426 0.1882474239055927 0.015970890338604268 0.015729757455679085
0 0.022840770391317513 0.2418366762307974 0.01581303087564615 0.015723265134371243
0 0.8526321557851938 0.07415182315386258 0.06153326768141527 0.06125817849085881
0 0.10552488840543307 0.3799526874835675 0.015109575711763822 0.015071868896484375
0 0.07026629264538105 0.5499799434955304 0.018551954856285684 0.018541629497821514
0 0.8851955120380108 0.7905987959641677 0.021342350886418268 0.02143713144155649
0 0.2179091343512902 0.25765288793123686 0.01695864017193134 0.01646283956674429
0 0.2620506286621094 0.029543523605053242 0.019002987788273737 0.019310896213238057
0 0.362638180072491 0.3770390290480394 0.0467833005464994 0.04723152747521034
0 0.014862916790522061 0.12872025599846473 0.019433445655382596 0.019384365815382738
0 0.040817710069509655 0.7030145938579853 0.07633214730482835 0.08318182138296273
0 0.22991466522216797 0.27015517308161807 0.025161889883188102 0.02460061586820162
0 0.4887210772587703 0.05105301050039438 0.018442887526292067 0.018600959044236403
0 0.35441354604867786 0.09286996034475473 0.03781744150015024 0.038460768186129056
0 0.6557107338538537 0.13976369454310492 0.030708166269155648 0.03055871449984037
