0 0.7065390073336087 0.7570511010976938 0.1500684298001803 0.14898549593411958
0 0.5862112778883714 0.8199920654296875 0.10758370619553786 0.10881864107572116
0 0.29091180287874663 0.30316532575167143 0.10974469551673302 0.11006538684551533
0 0.6509431692270132 0.49036664229172927 0.08382885272686298 0.08495653592623197
0 0.12622196857745832 0.1164938761637761 0.0715181277348445 0.07144559346712552
0 0.19371509552001953 0.6850656362680289 0.07817158332237831 0.07895308274489182
0 0.7640279623178335 0.5007822330181415 0.024843949538010817 0.02475870572603666
0 0.8787436852088342 0.478363770705003 0.024477445162259616 0.024671554565429688
0 0.7379994759192834 0.44701018700232875 0.02298868619478666 0.02276273874136118
0 0.7776509798490084 0.8787983380831205 0.049399155836838946 0.049214876615084134
0 0.7855016268216647 0.555900133573092 0.11868110069861779 0.11867567209097055
0 0.18065890899071327 0.32893089147714466 0.04699897766113281 0.04690133608304537
0 0.6582139822152945 0.8602233299842248 0.07395626948429988 0.07370904775766227
0 0.35899969247671276 0.03135904899010292 0.0404203855074369 0.04018551569718581
0 0.7652396422166091 0.6958851447472205 0.17013975290151742 0.1687909639798678
0 0.8599937145526593 0.5326070051926833 0.03299977229191707 0.032980111929086536
0 0.3312992682823768 0.7085412098811223 0.0825345699603741 0.08291039100060096
0 0.37580086634709287 0.22366985907921424 0.1142730712890625 0.11532049912672776
0 0.7472201127272385 0.9661660561194787 0.05365547767052284 0.05333430950458233
0 0.32979459028977615 0.8734549742478591 0.017418641310471755 0.01719210698054387
0 0.14934148238255426 0.8316764831542969 0.1544224482316237 0.17752808790940505
0 0.7014204905583308 0.909644787128155 0.023639825674203727 0.023452171912560098
0 0.23428553801316482 0.8538227081298828 0.017232161301832933 0.0172268794133113
0 0.19287731097294733 0.10034579497117263 0.04959788689246544 0.05042828504855816
0 0.8232056544377253 0.21315563642061675 0.017343667837289665 0.017142442556527946
0 0.8709250230055589 0.9263611573439378 0.04319279010479267 0.04328478299654447
0 0.3358226189246544 0.4742089051466722 0.03858801034780649 0.03889259925255409
0 0.11019530663123497 0.3145038898174579 0.030878763932448167 0.031022071838378906
0 0.6855984467726487 0.646884771493765 0.019678115844726562 0.01946405264047476
0 0.6089566304133489 0.13330462345710167 0.04366522568922777 0.042785149354201094
0 0.6712932586669922 0.9452953338623047 0.028157747708834134 0.02833425081693209
0 0.2275100854726938 0.5763732469998873 0.01622167000403771 0.01638038341815655
0 0.5498555990365835 0.07835905368511493 0.02890608860896184 0.028966390169583835
0 0.15599881685697115 0.8451494803795447 0.019492736229529746 0.01978932894193209
0 0.8212067530705378 0.687625004695012 0.09281099759615384 0.09399560781625602
0 0.9079276598416842 0.9824030949519231 0.032416270329402044 0.03217609112079327
0 0.42589415036714995 0.08990118136772743 0.03362274169921875 0.03373281772320087
0 0.2509789283459003 0.8033764178936298 0.020585903754601113 0.020609929011418268
0 0.658817878136268 0.6360450157752404 0.0340272463285006 0.034288846529447116
0 0.48310712667611927 0.4335704216590294 0.01642784705528846 0.016377815833458535
0 0.8132669008695163 0.9797792434692383 0.04099948589618389 0.03635699932391827
0 0.11526986268850473 0.7737155327430139 0.014869396503155049 0.014951852651742788
0 0.40557472522442156 0.9543801821195163 0.04262322645920973 0.04274881803072416
0 0.13055326388432428 0.35115344707782453 0.04860958686241737 0.04842670147235577
0 0.31548771491417515 0.8939916904156024 0.02551856407752404 0.025590163010817308
0 0.4083574735201322 0.9876641493577224 0.03560616419865535 0.02156976553109976
0 0.40324915372408354 0.1324335244985727 0.017206412095289964 0.017009184910700872
0 0.6584614240206205 0.899287590613732 0.022949072030874398 0.022774622990534857
0 0.39931678771972656 0.7056344839242789 0.03420096177321214 0.034322298490084134
0 0.3023399206308218 0.7967655475323017 0.01856686518742488 0.01816866948054387
0 0.6550072890061599 0.5364910272451547 0.02011900681715745 0.020313116220327523
0 0.36249622931847203 0.8651374670175406 0.015884546133188102 0.016029944786658652
0 0.29341484950138974 0.808932744539701 0.01918374575101412 0.018682186420147236
0 0.0817954998749953 0.21876032535846418 0.020948006556584284 0.03730850953322191
0 0.42754187950721156 0.042402799312884994 0.015393770658052884 0.015457132687935462
0 0.877320803128756 0.9673595428466797 0.02656276409442608 0.026798835167518027
0 0.4735820476825421 0.5530091065626878 0.05004332615778996 0.050485464242788464
0 0.89916441990779 0.5054547970111554 0.023218888502854567 0.02333861130934495
0 0.275867040340717 0.3155205799983098 0.01725614987886869 0.016618728637695312
0 0.8774468348576472 0.748169678908128 0.09217511690579928 0.09790743314302884
0 0.8083151303804837 0.6309463794414814 0.0145872556246244 0.014756129338191105
0 0.7859069384061373 0.5338135866018442 0.013802014864408053 0.01362778590275691
0 0.6193841053889348 0.4860638471750113 0.01595761225773738 0.015595729534442607
0 0.5817116957444411 0.7628892018244817 0.01593501751239483 0.015653170072115384
0 0.3652746860797589 0.6252856621375451 0.05780300727257362 0.05736692135150616
0 0.3855657944312462 0.7595282334547776 0.06128501892089844 0.06204722477839543
0 0.8534492345956656 0.9824872383704553 0.02941557077261118 0.028725257286658652
0 0.11402475833892822 0.6420704768254206 0.03942630841181828 0.03913175142728365
0 0.7975026644193209 0.7751993766197791 0.0208437992976262 0.020962348351111777
0 0.567696424630972 0.9796619415283203 0.025019719050480768 0.024625338040865384
0 0.5217458284818209 0.9798833406888522 0.03558672391451322 0.034599597637469955
0 0.0898286746098445 0.3236205761249249 0.03809726696748 0.04838275909423828
0 0.8179765848013071 0.5985893102792593 0.023116185114933893 0.023204803466796875
0 0.7049795297475961 0.015180743657625638 0.04611807603102464 0.029307053639338568
0 0.7192082038292518 0.5314182134775015 0.02251581045297476 0.022267561692457933
0 0.6667455526498648 0.8227266164926382 0.0202029301570012 0.020255015446589544
