0 0.27487452213580793 0.7817247830904447 0.08948300434992863 0.08929149921123798
0 0.25730078036968523 0.10477508948399471 0.06782175944401668 0.07821310483492337
0 0.2516011824974647 0.9808546946598933 0.03992403470552885 0.03792219895582933
0 0.5415061070368841 0.46000840113713193 0.056482755220853366 0.05666571397047777
0 0.3007625433114859 0.8337258559006911 0.1015637471125676 0.10027107825646034
0 0.38371672997107875 0.6537007551926833 0.031557449927696817 0.031158447265625
0 0.2827025560232309 0.3726343741783729 0.03768436725323017 0.03749172504131611
0 0.27887986256526065 0.5019679069519043 0.035306343665489785 0.035339648907001205
0 0.6790580749511719 0.053669292193192705 0.01963072556715745 0.01951330441694993
0 0.5857873329749475 0.6648745903602014 0.029687001154972956 0.02964049119215745
0 0.5311936598557693 0.5166540145874023 0.044451200045072116 0.04454583388108473
0 0.34017210740309495 0.361576667198768 0.02530699509840745 0.025269581721379206
0 0.3781794034517728 0.939386954674354 0.024316934438852165 0.024073087252103366
0 0.7534561157226562 0.12552187992976263 0.03450158926156851 0.03423294654259315
0 0.2770782984220065 0.2960075048299936 0.0680844233586238 0.06800552514883187
0 0.4865541458129883 0.3872410700871394 0.02414850088266226 0.024262648362379808
0 0.24048610833974984 0.5321387511033279 0.02550345200758714 0.030411720275878906
0 0.45152730208176833 0.9788740598238431 0.021180079533503607 0.02133765587439904
0 0.7335710525512695 0.48444663561307466 0.023964515099158652 0.024075874915489785
0 0.5992978169367864 0.7226836864764874 0.030131413386418268 0.030368951650766227
0 0.5655825688288763 0.03496133593412546 0.050480035635141224 0.05040453489010151
0 0.7503247627845178 0.7818811856783353 0.03778824439415565 0.06156569260817308
0 0.564661796276386 0.007991155752768883 0.020316930917593148 0.01595915280855619
0 0.7218691018911508 0.7392933185283954 0.049134474534254804 0.04954323401817909
0 0.2574149645291842 0.22883345530583307 0.019850950974684495 0.02005921877347506
0 0.680416620694674 0.6217535459078275 0.0382380852332482 0.03833418626051683
0 0.30964367206280047 0.6363941339346079 0.019060134887695312 0.01920039837176983
0 0.25717856333805966 0.508824715247521 0.02139135507436899 0.02118081312913161
0 0.5217788036052997 0.9265436025766226 0.022179456857534554 0.022330650916466348
0 0.577056884765625 0.4037105120145358 0.020486978384164665 0.020553148709810697
0 0.5758916047903208 0.8894854325514573 0.018503629244290866 0.01842528123121995
0 0.6041342661930964 0.6807716076190655 0.022765673123873197 0.022944230299729567
0 0.6856596286480243 0.6665868759155273 0.07001788799579327 0.07045731177696815
0 0.49718218583327073 0.5809456018301157 0.027760138878455527 0.02792974618765024
0 0.4451242226820726 0.08413166266221267 0.016837266775277946 0.016715379861684945
0 0.6193966498741736 0.38646830045259917 0.032654102032001205 0.03278842339148888
0 0.3740113698519193 0.42195804302509016 0.019869070786696214 0.020209092360276442
0 0.42725331966693586 0.5325613021850586 0.01697408235990084 0.01690820547250601
0 0.4893145194420448 0.9925962594839243 0.020344073955829326 0.012906294602614183
0 0.24476176041823167 0.3858685860267052 0.01702565413254958 0.016953541682316706
0 0.35338504497821516 0.12408310633439285 0.026201248168945312 0.026642304200392503
0 0.56238343165471 0.42470403817983776 0.022777704092172477 0.022677788367638223
0 0.6600862649770883 0.641362557044396 0.016892653245192308 0.016988607553335335
0 0.7496787584744967 0.175721131838285 0.020349502563476562 0.020434819735013522
0 0.31027716856736404 0.7096620706411508 0.017188439002403848 0.017178755540114183
0 0.5226575778080866 0.2708712357741136 0.1693735122680664 0.1685048616849459
0 0.5425396332373986 0.18558571888850287 0.028871609614445612 0.029059190016526442
0 0.4398695138784555 0.8150846041165866 0.016770289494441107 0.016702798696664665
0 0.7230874575101413 0.3326549163231483 0.05556488037109375 0.05605000715989333
0 0.7512390430157001 0.9931031740628756 0.027541674100435697 0.013617588923527645
0 0.6839540921724759 0.801631707411546 0.016792884239783652 0.016726567195012018
0 0.5041744525615985 0.47995134500356823 0.019845082209660456 0.019960696880634014
0 0.6183382181020883 0.8938669791588416 0.017648990337665264 0.017593237069936898
0 0.30504389909597546 0.13541980890127328 0.017366886138916016 0.017270528353177585
0 0.3246626120347243 0.614560420696552 0.01594961606539213 0.01576717083270733
0 0.7159957885742188 0.13945960998535156 0.018441126896784857 0.01844158539405236
0 0.3105442707355206 0.4792729891263522 0.024950540982759915 0.024746528038611777
0 0.43273063806387096 0.9398618844839243 0.021334354694073018 0.021395169771634616
0 0.6052917333749624 0.86719116797814 0.0164644534771259 0.01648712158203125
0 0.6243369762714093 0.9045225290151743 0.0230559935936561 0.023045759934645433
0 0.684201167179988 0.18232327241163987 0.025299072265625 0.02540426987868089
0 0.7432008156409631 0.10053032178145188 0.030498211200420674 0.03011433894817646
0 0.43679255705613357 0.4807069485004132 0.014889790461613582 0.014791341928335337
0 0.7151380685659555 0.10858531181628887 0.016817239614633415 0.01674059721139761
0 0.365174073439378 0.7259779710036057 0.01653906015249399 0.01676324697641226
0 0.3018642205458421 0.2514146658090445 0.01633629432091346 0.01612113072321965
0 0.6712254744309646 0.09823927512535682 0.015342418964092549 0.015448276813213643
0 0.6233386993408203 0.6974685375507061 0.016087165245643027 0.015906113844651442
0 0.36843197162334734 0.3711376923781175 0.015897017258864183 0.015877797053410456
0 0.45910409780649036 0.6147289642920861 0.017888582669771634 0.017833636357234076
0 0.5088796615600586 0.33526002443753755 0.018820982712965745 0.018807484553410456
0 0.7005583689762995 0.36367093599759615 0.028241524329552285 0.02819648155799279
0 0.7120435421283429 0.4189771505502554 0.02737089303823618 0.027188961322490986
0 0.5593319672804612 0.22031710698054388 0.03616890540489784 0.03588236295259916
0 0.7498274583082932 0.5842777398916391 0.03711700439453125 0.03658133286696214
0 0.6735990964449369 0.5340774976290189 0.014898740328275241 0.014974153958834134
0 0.6493169344388522 0.44619420858529896 0.014519031231219951 0.0144346677339994
0 0.6034114911006048 0.4929048831646259 0.014886195843036357 0.014786426837627705
0 0.2871531339792105 0.2957280232356145 0.01678642859825721 0.01613198793851412
0 0.6837435502272385 0.00839516119315074 0.020470545842097357 0.015862262019744285
0 0.7461233872633714 0.07950104199923001 0.025966497567983773 0.026824492674607497
0 0.6439581650954026 0.051150734607989974 0.018161773681640625 0.01870593657860389
0 0.4522085189819336 0.5564817281869742 0.014347516573392428 0.01462848369891827
0 0.442321593944843 0.7704662909874549 0.01545546605036809 0.015404334435096154
0 0.5625291237464318 0.6693088824932392 0.01833519568810096 0.018215179443359375
0 0.6358931614802434 0.9177009875957782 0.015101212721604567 0.015258202185997596
0 0.35176577934852016 0.3655544427724985 0.15187500073359564 0.15181645980248085
0 0.4111616061283992 0.46789690164419323 0.04189601311316857 0.03978091019850511
0 0.28809391535245454 0.5593333611121545 0.015108365278977614 0.015180734487680288
0 0.5911104862506573 0.38413421924297625 0.01823711395263672 0.018097363985501803
0 0.440947019136869 0.6390230472271259 0.015516061049241286 0.015764236450195312
0 0.7548028505765475 0.294476344035222 0.03808329655573918 0.05024796265822191
0 0.371647101182204 0.39548345712515026 0.015674737783578727 0.01607205317570613
0 0.28361923878009504 0.15419336465688852 0.03534507751464844 0.034822317270132214
0 0.4403717334453876 0.36707834097055286 0.01436908428485577 0.014168079082782451
0 0.5995300733126127 0.4021582236656776 0.02527339641864483 0.024866397564227764
0 0.4983510237473708 0.8924627304077148 0.015849773700420674 0.01570745614858774
0 0.5251907201913687 0.8059606552124023 0.014380968534029447 0.014423810518704928
0 0.6264623495248648 0.5558691758375901 0.015449817364032451 0.015751398526705228
0 0.26453869159405047 0.45835630710308367 0.015175085801344652 0.015147649324857272
0 0.6561183195847732 0.1038050101353572 0.014649757972130409 0.014472741347092848
0 0.41625096247746396 0.4658960929283729 0.03432332552396334 0.034769498384915866
0 0.4344333501962515 0.6912121405968299 0.01485457787146935 0.014960068922776442
0 0.39861554365891677 0.07323637375464806 0.016955742469200723 0.01720120356633113
0 0.4960894217857948 0.9466152191162109 0.014096773587740384 0.014104109544020433
0 0.5110267492441031 0.05312704122983492 0.014583587646484375 0.014496436485877404
0 0.6061288393460788 0.6533064475426307 0.020288760845477764 0.02034422067495493
0 0.6986320935762845 0.5907457058246319 0.02096220163198618 0.020889942462627705
0 0.6511896573580228 0.7240753173828125 0.01436160160945012 0.014329616840069111
0 0.4788788648752066 0.8690856053278997 0.015719120319073018 0.015759981595552884
0 0.7076196670532227 0.44776047193087065 0.015489138089693509 0.015417025639460636
0 0.6153540978064904 0.7648774660550631 0.04750134394719051 0.048998319185697116
0 0.23466898844792292 0.32822150450486404 0.017743404094989482 0.01873009021465595
0 0.3912480060870831 0.3890639818631686 0.015437859755295973 0.015514740577110877
0 0.7054629692664514 0.8846977674044095 0.013813605675330529 0.013769883375901442
0 0.6110049761258639 0.050747183653024525 0.015086540809044471 0.015465571330143856
0 0.6585295016948993 0.6876741556020883 0.10050582885742188 0.09862723717322716
0 0.46610065606924206 0.43461124713604266 0.017946976881760817 0.017727191631610576
0 0.3774573619549091 0.7688448245708759 0.014264913705679087 0.014134480403019832
0 0.5082294757549579 0.8059112108670748 0.014767133272611178 0.014701403104341947
0 0.5711286251361554 0.8037442427415115 0.01415707514836238 0.014077993539663462
0 0.761445558988131 0.8382472991943359 0.012530106764573317 0.016327491173377402
0 0.500402780679556 0.9668960571289062 0.014824207012469951 0.014826554518479567
0 0.6672256176288311 0.7416399442232572 0.018769484299879808 0.018344879150390625
0 0.764425644507775 0.07552953866811898 0.02127662071814904 0.035659331541795
0 0.45381656059852016 0.36687575853787935 0.014401949368990384 0.014454181377704326
0 0.4235722468449519 0.9850576840914212 0.015426929180438701 0.015834808349609375
0 0.7488612395066482 0.3630069219149076 0.017732913677509014 0.017797103294959433
0 0.41543006896972656 0.3383820607112004 0.015497207641601562 0.01576819786658654
0 0.44937955416165865 0.4951452842125526 0.014388377849872295 0.014352945181039663
0 0.6575833834134616 0.5225798533512995 0.016158177302433893 0.016388819767878607
