0 0.0716235087468074 0.6343562052800105 0.06916581667386569 0.06942426241361178
0 0.7117473162137545 0.11520776381859413 0.059009698721078724 0.05912061838003305
0 0.48226217123178333 0.4077592996450571 0.07363297389103816 0.07432321401742789
0 0.15351729209606463 0.32005574153019833 0.09455007773179275 0.09361875974214993
0 0.6630715590256911 0.8314557442298303 0.07496701754056491 0.07532325157752404
0 0.7326561854435847 0.8750656568087064 0.0899822528545673 0.08953123826246995
0 0.11079576382270226 0.04229019238398625 0.03947903559758113 0.03962521369640644
0 0.3064279556274414 0.46873103655301607 0.04133305182823768 0.041260059063251205
0 0.9479393592247596 0.5055382801936223 0.03607735267052284 0.03663796644944411
0 0.3058376679053673 0.5219100071833684 0.044274330139160156 0.043895721435546875
0 0.8073004209078275 0.13387713065514198 0.14847990182729867 0.1486026690556453
0 0.8676392481877253 0.9638714423546424 0.08071092458871695 0.06656235914963943
0 0.23447190798245943 0.6540263982919546 0.027359815744253304 0.02745819091796875
0 0.6007113823523889 0.5677924156188965 0.03275152353140024 0.03283133873572716
0 0.5039727137638972 0.17560441677386945 0.051801094642052285 0.051901597243088946
0 0.7390513053307166 0.8072536908663236 0.07221383314866286 0.0727988023024339
0 0.9547510880690354 0.8285176203801081 0.028948417076697715 0.03249681912935697
0 0.9179187921377329 0.06476217049818772 0.029215299166165866 0.02917764737055852
0 0.6414061326246995 0.4926201013418344 0.040752410888671875 0.04046469468336839
0 0.7333477460421048 0.5366255686833308 0.036326041588416465 0.03606752248910757
0 0.3590078353881836 0.725293232844426 0.02906212439903846 0.029265770545372598
0 0.1942904545710637 0.4106486393855168 0.049867483285757214 0.05061266972468449
0 0.7211739466740534 0.46249481347891 0.0360723642202524 0.03634951664851262
0 0.23466088221623346 0.6830847813532903 0.027977649982158955 0.028110210712139424
0 0.7944590495182917 0.43700871100792515 0.02529452397273137 0.025211627666766826
0 0.059462868250333346 0.021917865826533392 0.04752690975482647 0.04265290040236253
0 0.18599737607515776 0.3562372647798978 0.06308438227726863 0.06348668611966647
0 0.20907801848191482 0.4388087346003606 0.06061491599449745 0.06013224675105168
0 0.14544043174156776 0.6572506244365985 0.022591297443096455 0.02239359342134916
0 0.445099243750939 0.36261345789982724 0.049015191885141224 0.049809822669396035
0 0.14626460808974046 0.7093521998478816 0.038629972017728366 0.03859299879807692
0 0.5518404887272761 0.03149890441160936 0.02560087350698618 0.025866132516127367
0 0.7361577840951773 0.5005613473745493 0.020822671743539665 0.020809467022235576
0 0.12746416605435884 0.7509281451885517 0.018949435307429388 0.01900511521559495
0 0.3372971461369441 0.1620332094339224 0.019287109375 0.01934220240666316
0 0.6243384434626653 0.5542463889488807 0.03255477318396935 0.03242059854360727
0 0.27413276525644154 0.27112876451932466 0.08719590994027945 0.08358075068547176
0 0.6943212655874399 0.3719436205350436 0.016445159912109375 0.016525855431189902
0 0.16388867451594427 0.9281973472008338 0.020746927994948167 0.020657759446364183
0 0.18909588226905236 0.023182181211618278 0.05872667752779447 0.043999708615816556
0 0.5585438654972956 0.36987913571871245 0.017835470346304085 0.017789253821739785
0 0.4225765741788424 0.23437980505136344 0.05237557337834285 0.05280648745023287
0 0.17975256993220404 0.8087403224064753 0.020601712740384616 0.020977607140174277
0 0.8056656764103816 0.26464223861694336 0.03987459036020132 0.04007236774151142
0 0.4992182804987981 0.9033189186683068 0.03506667797382061 0.03533231295072115
0 0.6604197575495794 0.12478198454930232 0.04369031465970553 0.04334035286536583
0 0.38710564833420974 0.6554181759174054 0.02306820796086238 0.023339051466721755
0 0.2564919911898099 0.11142712372999924 0.054947853088378906 0.05456073467548077
0 0.8393121866079477 0.38735697819636417 0.021895188551682692 0.02191587594839243
0 0.16630031512333796 0.5930761190561148 0.02551871079664964 0.02570929894080529
0 0.2164594576908992 0.37259615384615385 0.02130413055419922 0.021471316997821514
0 0.4612331757178673 0.6474904280442458 0.023881912231445312 0.023806351881760817
0 0.07681393623352051 0.6613724048321064 0.020058888655442458 0.020158914419320915
0 0.23123922714820275 0.31992164024939906 0.055812872373140775 0.05749086233285757
0 0.6865058312049279 0.040918982945955716 0.034126575176532455 0.03406935242506174
0 0.09853705993065467 0.5801166387704703 0.03617589290325458 0.035498545720027044
0 0.48190997197077823 0.30145955085754395 0.01824180896465595 0.018323274759145882
0 0.08307600021362305 0.9254115911630484 0.030194461345672607 0.03039272014911358
0 0.9249585958627554 0.6427767826960638 0.018094869760366585 0.01788476797250601
0 0.33263587951660156 0.10684607579157902 0.02195593026968149 0.022132726816030648
0 0.79627015040471 0.8230480780968299 0.03181296128493089 0.031653184157151446
0 0.6400182430560772 0.16667052415701059 0.038591825045072116 0.038166009462796725
0 0.9401091062105619 0.017971252019588765 0.036093491774338946 0.03389510283103356
0 0.9092151201688327 0.8766840421236478 0.022344442514272835 0.022252009465144232
0 0.18361660150381234 0.1703181266784668 0.03689153377826397 0.03707226423116831
0 0.6822170110849234 0.09726307942317082 0.019858140211838942 0.019794170673076924
0 0.265559746668889 0.3701829176682692 0.04134570635282076 0.04118552574744591
0 0.7897544273963342 0.14638236852792594 0.02457251915564904 0.025077636425311748
0 0.868949449979342 0.08005101864154522 0.0223236083984375 0.022317514969752386
0 0.4208846459021935 0.6229182023268479 0.03840475815993089 0.038978283221905045
0 0.3657815639789288 0.07343551745781532 0.024666419396033652 0.024519828649667594
0 0.388340216416579 0.043938132432790905 0.025342354407677285 0.025340169668197632
0 0.8037572273841271 0.8613617970393255 0.027100342970628005 0.027122937715970553
0 0.16212984231802133 0.8568963270920974 0.26321836618276745 0.28160799466646635
0 0.3829466746403621 0.08784516958089975 0.017482170691856973 0.01723815844609187
0 0.3084871952350323 0.18552167599017805 0.032361324016864486 0.03256937173696665
0 0.8630699744591346 0.8481424038226788 0.025906489445612982 0.02590208787184495
0 0.8815151361318735 0.13552379608154297 0.03637079092172476 0.03642903841458834
0 0.28505314313448393 0.6676196318406326 0.017231867863581732 0.017455027653620794
0 0.7718680455134466 0.9103144865769607 0.02308199955866887 0.02309271005483774
0 0.8586237980769231 0.16256121488717887 0.033905029296875 0.03342346044687124
0 0.5519921963031476 0.12816161375779372 0.018062884990985576 0.01822009453406701
0 0.9284491905799279 0.4742334806002103 0.024975116436298076 0.02515998253455529
0 0.7127842536339393 0.39670694791353667 0.015720367431640625 0.015801209669846755
0 0.12654713483957145 0.5479066555316632 0.02582212594839243 0.02548056382399339
0 0.14117028163029596 0.31524119010338414 0.016048504756047174 0.01661073244535006
0 0.20795583724975586 0.47976259084848255 0.02669099661020132 0.026944673978365384
0 0.05567308572622446 0.11726727852454552 0.029237893911508415 0.029668477865365837
0 0.224822631249061 0.39302950638991135 0.01874201114361103 0.018561143141526442
0 0.6353678336510291 0.6509433159461389 0.01578389681302584 0.015919905442457933
0 0.37948938516470104 0.41759762397179234 0.017288648165189303 0.016808729905348558
0 0.5056082285367526 0.23267085735614484 0.022525493915264424 0.02259210439828726
0 0.7692540975717398 0.9879298576941857 0.03704364483173077 0.02217248769906851
0 0.6277055006760818 0.14072671303382286 0.017015603872445915 0.016845226287841797
0 0.41066734607403094 0.8733031933124249 0.020884000338040866 0.020764570969801683
0 0.6327706850492038 0.6241257007305439 0.025867755596454326 0.02632460227379432
0 0.082673219534067 0.1264967184800368 0.030221315530630257 0.03022483678964468
0 0.4059586158165565 0.6954801266009991 0.01540829585148738 0.015487230741060697
0 0.5942887526292068 0.06985051815326397 0.016502527090219352 0.016427241838895358
0 0.711464368380033 0.9127584604116586 0.046732389009915866 0.04685827401968149
0 0.899191636305589 0.10197074596698467 0.022082108717698317 0.02210395152752216
0 0.9204031137319711 0.10388643925006573 0.019491048959585335 0.019890858576847956
0 0.8273023458627554 0.2042043942671556 0.038634960467998795 0.03801518220167894
0 0.048340568175682656 0.5640493172865647 0.03163383327997648 0.04053511986365685
0 0.8024158477783203 0.5816963635958158 0.05039889995868389 0.05230081998384916
0 0.9554877647986779 0.9149733323317307 0.01679405799278846 0.016533484825721152
0 0.13288099949176496 0.5897748653705304 0.029578098883995645 0.028693272517277643
0 0.6396446228027344 0.3389927057119516 0.11955437293419471 0.12263751029968262
0 0.05930902407719539 0.47744985727163464 0.019460091224083535 0.019648918738731973
0 0.7168695009671725 0.6548629173865685 0.049482492300180286 0.04924832857572115
0 0.3992792276235727 0.6022284581111028 0.015526698185847355 0.015416512122521034
0 0.1315166033231295 0.6486546443058894 0.019645874316875752 0.019580254187950723
0 0.9326570951021634 0.8675340505746695 0.017130338228665866 0.01723142770620493
0 0.6424003747793344 0.39716309767503005 0.018857955932617188 0.018760827871469352
0 0.6629214653602014 0.8986609532282903 0.06274854219876803 0.06278580885667068
0 0.3042457653925969 0.8986439338097205 0.027539620032677285 0.027751629169170674
0 0.41558383061335635 0.4553514627309946 0.032192376943734974 0.03214821448692909
0 0.6919815356914814 0.6943500225360577 0.02610602745643029 0.026360144981971152
0 0.17459286176241362 0.11034376804645245 0.024285389826847956 0.024689417618971605
0 0.27569767145010143 0.9359962756817157 0.21297330122727615 0.12569720928485578
0 0.7230248084435096 0.6565513610839844 0.0336309579702524 0.03533847515399639
0 0.04188430309295654 0.15356710323920617 0.015068962023808407 0.022829477603618916
0 0.07258385878342849 0.45319205064039964 0.020700839849618766 0.020587334266075723
0 0.9283346029428335 0.15761731221125677 0.017249474158653848 0.016990258143498346
0 0.7918988741361178 0.041326830020317666 0.01623711219200721 0.01652546112353985
0 0.6892574016864483 0.26102850987361026 0.05131794856144832 0.050387015709510215
0 0.35835376152625453 0.4122135822589581 0.03126731285682091 0.031249119685246393
0 0.19670974291287935 0.8288241899930514 0.1992663603562575 0.20798081618088943
0 0.9442349947415866 0.09191093078026405 0.018716812133789062 0.01894206267136794
0 0.36370064662053037 0.05174795939372136 0.016455723689152643 0.016056088300851677
0 0.4973250169020433 0.852322871868427 0.015280796931340145 0.015022717989408053
0 0.4897936307466947 0.7534268452570989 0.015871121333195612 0.01601131145770733
0 0.8295952723576472 0.46307655481191784 0.026117764986478366 0.024977977459247295
0 0.8950745509221003 0.9292544585007888 0.015961280235877402 0.01598842327411358
0 0.13531755484067476 0.5932582708505484 0.024880189162034255 0.02511112506573017
0 0.8280212695782001 0.8331678097064679 0.03330436119666466 0.03260495112492488
0 0.6186375251183143 0.6141463426443247 0.024982158954326924 0.0248415286724384
0 0.24892502564650315 0.3549500978910006 0.017652511596679688 0.01734337439903846
0 0.7876826066237229 0.8816639826847956 0.015300457294170674 0.01529224102313702
0 0.5039631770207331 0.5131787520188552 0.023738714364858773 0.023246031541090745
0 0.9241528877845178 0.8256195508516752 0.014669418334960938 0.015012154212364784
0 0.6845777951754056 0.26248724644000715 0.04139386690579928 0.04237017264732948
0 0.1306314835181603 0.5848956474891076 0.03432303208571214 0.03575596442589393
0 0.1874823937049279 0.08094932482792781 0.015402427086463341 0.015223608567164494
0 0.3949170479407677 0.7182712554931641 0.03908582834097055 0.03961944580078125
0 0.37056691829974836 0.6266260880690354 0.022624969482421875 0.022817171536959134
0 0.6812312786395733 0.39840991680438703 0.017297011155348558 0.017883154062124398
0 0.15633197931142953 0.7970793797419622 0.028052926063537598 0.029032193697415866
0 0.5589999418992263 0.504329094519982 0.022623062133789062 0.022989713228665866
0 0.13946934846731332 0.6107316383948693 0.01867815164419321 0.01930970412034255
0 0.30272714908306414 0.36063634432279146 0.034386047950157754 0.03433799743652344
0 0.7328188969538763 0.9628879840557392 0.021729395939753607 0.02138666006234976
0 0.6297195874727689 0.6210866341224084 0.034356924203725964 0.03377048785869892
