0 0.6930339519794171 0.46725295140193057 0.14856778658353365 0.1485723348764273
0 0.3669424057006836 0.819972038269043 0.19884234208327073 0.19684410095214844
0 0.7738172090970553 0.8487549561720628 0.11081402118389423 0.11285062936636117
0 0.7702294129591721 0.9465065002441406 0.07703267610990085 0.07704544067382812
0 0.5472953502948468 0.07013091215720543 0.08598635746882512 0.08698517542618972
0 0.36837504460261417 0.5373135713430551 0.04073289724496695 0.04061273428109976
0 0.31225061416625977 0.22145531727717474 0.09369358649620643 0.09443231729360727
0 0.8234038719764123 0.2251892456641564 0.024582055898813102 0.024530557485727165
0 0.8211932549109826 0.0631836148408743 0.0301364018366887 0.03022605639237624
0 0.7710434840275691 0.5415978064903846 0.019605343158428486 0.019518705514761116
0 0.7942849672757663 0.02734961876502404 0.04794516930213341 0.04743818136361929
0 0.5858866618229792 0.7255512384267954 0.05015424581674429 0.04958680959848257
0 0.29608799861027646 0.9558002031766452 0.019046710087702826 0.018971663254957933
0 0.764399161705604 0.3160241200373723 0.05125221839317909 0.051499165021456204
0 0.6322753612811749 0.6768147395207331 0.018198600182166465 0.018309373121995192
0 0.21471416033231294 0.6725801321176382 0.018880624037522536 0.01893336956317608
0 0.46458889887883115 0.7327051896315354 0.061987656813401446 0.06200203528771034
0 0.6932375981257513 0.8989584996150091 0.07775086622971755 0.07758419330303486
0 0.7513746114877554 0.6956751896784856 0.07092431875375602 0.07180052537184495
0 0.7080387702355018 0.31082985951350284 0.0712893559382512 0.07221405322735126
0 0.6691733873807467 0.22887336290799654 0.08873748779296875 0.08972219320443961
0 0.6326465606689453 0.6251183289747971 0.01854705810546875 0.018427922175480768
0 0.7767061086801382 0.2841647404890794 0.022684244009164665 0.022551279801588792
0 0.28557146512545073 0.17096552482018104 0.017582820012019232 0.017603250650259163
0 0.828215085543119 0.39737529021043044 0.017365235548753005 0.017266126779409554
0 0.7587352165809045 0.1648861995110145 0.059423593374399036 0.05974010320810171
0 0.7217310391939603 0.11868863839369553 0.05206005389873798 0.05208738033588116
0 0.546354733980619 0.16132589486929086 0.01768009479229267 0.01766032439011794
0 0.3247049405024602 0.0981137752532959 0.020215841440054085 0.020490756401648887
0 0.7509127396803635 0.2281058384821965 0.05450571500338041 0.05531531113844652
0 0.4450985468350924 0.27021081631000227 0.019797471853402946 0.019964951735276442
0 0.7572549673227164 0.5177249908447266 0.02309593787560096 0.023174285888671875
0 0.20971008447500375 0.8106184739332932 0.20891879155085638 0.3223099341759315
0 0.37759876251220703 0.17028383108285758 0.021956150348369893 0.02185685818011944
0 0.20990602786724383 0.5279234372652494 0.06153150705190805 0.06210517883300781
0 0.7124457726111779 0.9755772077120267 0.05590614905724159 0.04483927213228666
0 0.4951787361731896 0.6676806669968826 0.04238803570087139 0.042938232421875
0 0.426271915435791 0.19311068608210638 0.09669678027813251 0.09901126531454232
0 0.8454506213848407 0.36199180896465594 0.08667241610013522 0.08666786780724159
0 0.6653363154484675 0.158784976372352 0.08377970181978665 0.0836109656554002
0 0.17332614385164702 0.5147710946890024 0.015894486353947565 0.016041975754957933
0 0.29417778895451474 0.9200985248272235 0.05200642805833083 0.0526281503530649
0 0.44868329855111927 0.8297823392427884 0.019224900465745192 0.019242213322566107
0 0.5194147550142728 0.8058719635009766 0.015748244065504808 0.015886453481820915
0 0.6786352304311899 0.051698767221890964 0.06303845919095553 0.06286778816810021
0 0.21271219620337853 0.9832505446213943 0.03347176771897536 0.029109661395733174
0 0.6246179433969351 0.9769229888916016 0.024355081411508415 0.02441098139836238
0 0.17319642580472505 0.9231315025916467 0.0570519887484037 0.05704645010141226
0 0.6815577286940354 0.7315583595862756 0.05506559518667368 0.05608778733473558
0 0.21868019837599534 0.22712326049804688 0.05509024399977464 0.05538749694824219
0 0.6788915487436148 0.9926254565899189 0.023387322059044473 0.013816540057842549
0 0.7675462869497446 0.5990770046527569 0.015169583834134616 0.015399419344388522
0 0.43227364466740537 0.9877034700833834 0.03615291302020733 0.022742491502028245
0 0.5779484968919021 0.5386033424964318 0.014907250037560096 0.014779971196101261
0 0.1254425232227032 0.9224881392258865 0.031057101029616136 0.031132037823016826
0 0.6417760115403396 0.042924816791827865 0.08506496136005108 0.08079246374276969
0 0.3498833729670598 0.21695375442504883 0.0156857417179988 0.01587699009821965
0 0.6281072176419772 0.28293477571927583 0.017137674184945915 0.017064534700833835
0 0.2536296110886794 0.6688506786639874 0.05961003670325646 0.05972759540264423
0 0.2536912698012132 0.26985498575063854 0.05627716504610502 0.055826040414663464
0 0.22559125606830305 0.9457153173593374 0.057950313274676986 0.05820039602426382
0 0.7245919154240534 0.1961813706618089 0.033747306236853965 0.03388815659743089
0 0.5280984731820914 0.9017276763916016 0.03700718512901893 0.037672776442307696
0 0.6956631587101862 0.7757087120643029 0.1215658921461839 0.12300550020658053
0 0.4953288298386794 0.8727374443641076 0.02436241736778846 0.0242159916804387
0 0.41879661266620344 0.7284409449650691 0.027457017164963942 0.027309711162860576
0 0.33913539006159854 0.13733975703899676 0.015434852013221154 0.015268986041729268
0 0.6107443295992337 0.6611885657677283 0.04267120361328125 0.042178960946890026
0 0.515704448406513 0.8250358288104718 0.06595765627347507 0.06695908766526443
0 0.6481314439039964 0.2749318893139179 0.09635041310237004 0.09404208109929012
0 0.7642141488882211 0.25572897837712216 0.025743924654447116 0.02547425490159255
0 0.2255692481994629 0.06275393412663387 0.014956400944636418 0.015039792427649865
0 0.6832398634690505 0.7930019818819486 0.08616139338566707 0.08598107558030349
0 0.753030043381911 0.6397181290846604 0.028477301964393027 0.028489332932692308
0 0.5896808550908015 0.9917721381554236 0.01575580010047326 0.013411008394681491
0 0.8588506258451022 0.8998705056997446 0.07170603825495793 0.09569578904371995
0 0.21097427148085374 0.1728785771590013 0.05564667628361629 0.05673074722290039
0 0.7135052314171424 0.8795754359318659 0.014960949237530049 0.014769187340369591
0 0.6003270516028771 0.847389661348783 0.01470477764423077 0.014500838059645433
0 0.5318987919734075 0.6666596486018255 0.031101373525766227 0.030841533954326924
0 0.7105686481182392 0.9488884852482722 0.03258866530198317 0.032000028170072116
0 0.5992268048799955 0.8805814889761118 0.02960043687086839 0.029545417198768027
0 0.2964277450854962 0.7313466438880334 0.05098999463594877 0.050079052264873795
0 0.8675134365375226 0.03451731113287119 0.0417326413668119 0.04513065631573017
0 0.5534856502826397 0.3531734026395358 0.015443508441631611 0.015320924612192007
0 0.5372849977933444 0.7635865578284631 0.0876172872690054 0.08557730454664964
0 0.7273468604454627 0.5847641137930063 0.03733004056490385 0.037638297447791465
0 0.7642307281494141 0.11492483432476337 0.03725286630483774 0.03821292290320763
0 0.5618107502277081 0.8595338968130258 0.02030013157771184 0.020631936880258415
