0 0.32430362701416016 0.9162076803354117 0.07666721710791954 0.07713640653170072
0 0.7680112398587741 0.7650406177227314 0.12925426776592547 0.12924722524789664
0 0.2405999990609976 0.8144554725060096 0.07070574393639198 0.07191056471604568
0 0.5425572395324707 0.5317363005418044 0.0653522931612455 0.06542616624098557
0 0.24025465891911432 0.9499966548039362 0.04688732440655048 0.046698350172776446
0 0.13420459857353798 0.5582554156963642 0.05256816057058481 0.05290963099553035
0 0.3831407106839694 0.6740034543550931 0.06052413353553185 0.06097206702599159
0 0.21847121532146746 0.5456114182105432 0.025710509373591497 0.025734974787785456
0 0.6235175499549279 0.6433522151066706 0.0593261351952186 0.05923172143789438
0 0.462622202359713 0.261569830087515 0.317112555870643 0.33584007850060094
0 0.7276098544781024 0.36579168759859526 0.09946779104379508 0.10090695894681491
0 0.8083468950711764 0.3554546282841609 0.02141879155085637 0.021190496591421273
0 0.3436092963585487 0.7572615696833684 0.07309563343341534 0.07271766662597656
0 0.7173554347111628 0.03262713093024034 0.03175852848933293 0.03193506369223961
0 0.8952337411733774 0.4588003158569336 0.023327754094050482 0.023759841918945312
0 0.708983641404372 0.6104790614201472 0.04173366840069111 0.04212496830866887
0 0.4889750847449669 0.019251883029937744 0.03207250741811899 0.0318419153873737
0 0.5427117347717285 0.7815683805025541 0.05298034961407001 0.05336966881385216
0 0.5874369694636419 0.4908975087679349 0.048764595618614785 0.04890588613656851
0 0.8105149635901818 0.5329720056973971 0.04067435631385216 0.040574220510629505
0 0.20170024725107047 0.8591757554274339 0.056233846224271335 0.05616437471829928
0 0.6264137854942908 0.14837461251478928 0.1197970463679387 0.1202083000769982
0 0.8938350677490234 0.6073824809147761 0.020350529597355768 0.020518963153545674
0 0.8382147275484525 0.4142313737135667 0.022076533390925482 0.02219258821927584
0 0.7582640281090369 0.43542187030498797 0.0582116933969351 0.05663372920109676
0 0.20721905048076922 0.16227008746220514 0.06420649014986478 0.06437895848200871
0 0.7160794184758112 0.4490955059344952 0.04524641770582933 0.04565165593073918
0 0.1045988339644212 0.487644048837515 0.024530924283541165 0.0290526610154372
0 0.650566027714656 0.19866642585167518 0.07236407353327824 0.07271517240084134
0 0.36467530177189755 0.10562551938570462 0.04494549677922176 0.044759383568396933
0 0.7539556943453275 0.10306475712702824 0.05627030592698317 0.056305147134340726
0 0.11495782778813289 0.8131979428804837 0.044209223527174726 0.047360933743990384
0 0.7102369161752554 0.8633387638972356 0.023607840904822715 0.0236666752741887
0 0.11038771042456993 0.9255074721116286 0.039504362986637995 0.04648795494666466
0 0.6589260834913987 0.7682773883526142 0.12911532475398138 0.12602938138521635
0 0.12045792432931754 0.3441322400019719 0.024006990286020134 0.0239107425396259
0 0.7949121915377103 0.6973425058218149 0.025838118333082933 0.025790874774639424
0 0.2879539636465219 0.48938941955566406 0.04352496220515324 0.043480946467472956
0 0.7604096486018255 0.6705810840313251 0.029962833111102764 0.029795133150540866
0 0.3323227075430063 0.6487990159254807 0.019850657536433294 0.0198516845703125
0 0.2779965033897987 0.5231098028329703 0.018100591806265023 0.018161773681640625
0 0.8175624700692984 0.5616456545316256 0.02464015667255108 0.025188446044921875
0 0.8901450083805964 0.417081172649677 0.0342097649207482 0.03729658860426683
0 0.5600357055664062 0.10402919695927547 0.03368355677678035 0.03335985770592323
0 0.7212580167330228 0.6708375490628756 0.04710124089167668 0.04702083881084736
0 0.29958207790668195 0.01963343987098107 0.016236525315504808 0.016303418920590326
0 0.8613718472994291 0.9010835060706506 0.020105508657602165 0.02025017371544471
0 0.42693211482121396 0.8165844403780423 0.04244584303635817 0.04346920893742488
0 0.8948210202730619 0.6949088756854718 0.026027386005108174 0.03247275719275841
0 0.807731188260592 0.626252321096567 0.027457017164963942 0.0271603510929988
0 0.8774826343242939 0.9928271953876202 0.018425721388596755 0.01268298809344952
0 0.7104319058931791 0.18764517857478216 0.046703338623046875 0.0468897452721229
0 0.340027222266564 0.6904741433950571 0.034715505746694714 0.03460018451397236
0 0.6236534852247971 0.35454471294696516 0.04927561833308293 0.04862359853891226
0 0.6051415663499099 0.904396497286283 0.019917708176832933 0.019974341759314902
0 0.6466560363769531 0.6704140443068284 0.044359060434194714 0.04452822758601262
0 0.1466283339720506 0.9529176858755258 0.030330896377563477 0.030830970177283652
0 0.2864416195796086 0.6590976715087891 0.016712298760047324 0.016750042255108174
0 0.12136655587416428 0.4167059384859525 0.017334112754234902 0.01732503450833834
0 0.8384400881253756 0.30574941635131836 0.02300115732046274 0.023648408743051384
0 0.6542459634634165 0.878234496483436 0.01741820115309495 0.017329582801231973
0 0.6075563430786133 0.9067214085505559 0.018448609572190505 0.018055549034705527
0 0.5862164864173303 0.5222751177274264 0.017144423264723558 0.017151319063626803
0 0.26930590776296764 0.9001927008995643 0.027494503901554987 0.02757439246544471
0 0.6617529942439153 0.4988265404334435 0.022406651423527643 0.022499964787409857
0 0.8077829801119291 0.5800036283639761 0.06954310490534855 0.0687704819899339
0 0.8634623747605544 0.9577140808105469 0.0896148681640625 0.07788408719576322
0 0.13839856477884147 0.9875910832331731 0.02678058697627141 0.020805505605844352
0 0.25370927957388073 0.49219366220327526 0.015255928039550781 0.015119846050555889
0 0.5220138476445124 0.9395452646108774 0.015036582946777344 0.014759650597205529
0 0.6165836040790265 0.7240054790790265 0.016305923461914062 0.015929002028245192
0 0.14155802359947792 0.686339965233436 0.03067757533146785 0.031074964083158053
0 0.14496828959538385 0.6866352374737079 0.022840096400334284 0.022948631873497598
0 0.2296600341796875 0.7624134650597205 0.043105675623967096 0.04266269390399639
0 0.6981306809645432 0.8811397552490234 0.0156863285945012 0.01610697232759916
0 0.22194319504957932 0.13534066310295692 0.036149098322941706 0.03675172879145695
0 0.8443728960477389 0.7602125314565805 0.031250293438251205 0.031853015606219955
0 0.14762185170100287 0.6852783790001502 0.01752780033991887 0.018374222975510817
0 0.63696655860314 0.7405502612774189 0.03240350576547476 0.031426503108097956
0 0.1744521948007437 0.0762855914922861 0.013916382422814002 0.013993501663208008
0 0.5840783485999475 0.6958624766423152 0.016554759098933294 0.01685362595778245
0 0.41191625595092773 0.6331600776085486 0.04029508737417368 0.039443676288311295
0 0.2954150346609262 0.13504551007197454 0.015724695645845853 0.015287325932429386
0 0.8750118108896109 0.522482285132775 0.02183958200307993 0.022279886099008415
0 0.28289981988760143 0.7371850380530725 0.03024152609018179 0.02977752685546875
0 0.6940215917734 0.8305945763221154 0.01643797067495493 0.01654052734375
0 0.7062485034649189 0.7642058592576247 0.019169440636268027 0.018801175631009616
0 0.7766257799588717 0.14160496454972488 0.03348820026104267 0.03295012620779184
0 0.824921387892503 0.06868061652550331 0.1212454575758714 0.11938821352445163
0 0.2920390092409574 0.5323937489436223 0.0164791620694674 0.01653113731971154
0 0.17904323797959548 0.03279885191183824 0.013760713430551382 0.013618712241833027
0 0.7294225692749023 0.16114423825190619 0.014761557945838341 0.014911284813514123
0 0.23604337985698992 0.7609331424419696 0.05602568846482497 0.056943453275240384
