0 0.5628449733440692 0.9371826465313251 0.11374260829045223 0.11327420748197116
0 0.6773542257455679 0.5265807371873122 0.10179813091571514 0.10248565673828125
0 0.2590662149282602 0.7194091356717623 0.0843059099637545 0.08540975130521335
0 0.7225927206186148 0.332491214458759 0.07650111271784855 0.07650001232440655
0 0.8578052520751953 0.4470687646132249 0.06405698336087741 0.06423399998591496
0 0.4810205606313852 0.7945569845346304 0.08577515528752254 0.08714147714468148
0 0.5608063110938439 0.45134588388296276 0.0559228750375601 0.055874017568734974
0 0.5437176777766302 0.28441150371844953 0.05066768939678486 0.050754693838266224
0 0.7473647044255183 0.4636482092050406 0.027036079993614785 0.027038134061373197
0 0.27613089634821963 0.8927258711594802 0.02330802037165715 0.023432804987980768
0 0.31018983400785005 0.86443358201247 0.08213426516606258 0.08206822321965145
0 0.73138427734375 0.2462771855867826 0.03723995502178486 0.03692311507004958
0 0.7687019935021033 0.7643972543569711 0.038266548743614785 0.03795623779296875
0 0.40185026022104114 0.8857453419612005 0.05423046992375301 0.0543371347280649
0 0.5986760212824895 0.5258424098675067 0.03958570040189303 0.03964930314284105
0 0.6066856751075158 0.8366558368389423 0.07055377960205078 0.07003974914550781
0 0.8168257199800931 0.5053205490112305 0.036261338454026446 0.03701283381535457
0 0.6317978638869065 0.14019396671882042 0.059537300696739785 0.0590969415811392
0 0.8592254932110126 0.9546849177433894 0.08559784522423378 0.0870217543381911
0 0.34699249267578125 0.8902455843411959 0.019227981567382812 0.01912513146033654
0 0.18292511426485503 0.7239952820997971 0.04775047302246094 0.048575327946589544
0 0.5949729039118841 0.47942311947162336 0.019325623145470254 0.019324669471153848
0 0.6032422872690054 0.43808676646305966 0.01796575692983774 0.017949471106896035
0 0.3813511775090144 0.47983617048997146 0.024832652165339544 0.02484585688664363
0 0.8296529329740084 0.7893254206730769 0.04029552753155048 0.04049389178936298
0 0.4379073656522311 0.8687668580275315 0.01862951425405649 0.018255233764648438
0 0.6197478954608624 0.6581964492797852 0.023932677048903245 0.023871201735276442
0 0.16707224112290603 0.3033169232881986 0.023987696721003607 0.02389834477351262
0 0.41881847381591797 0.3572984842153696 0.05597554720365084 0.056176258967472956
0 0.4916860873882587 0.914202616764949 0.032518826998197116 0.03256636399489183
0 0.5353830777681791 0.8324950291560247 0.06529573293832633 0.06582847008338341
0 0.7661985250619742 0.20122711475078875 0.05925457294170673 0.05771424220158504
0 0.8473174755389874 0.8959698310265174 0.05801479633037861 0.0585328615628756
0 0.12120525653545673 0.4475371287419246 0.034545604999248795 0.03412422767052284
0 0.8333589113675631 0.47843056458693284 0.036488899817833535 0.03650980729323167
0 0.19174689512986404 0.38510990142822266 0.03079399695763221 0.030820846557617188
0 0.4452361693749061 0.27346194707430327 0.02994845463679387 0.030016532311072715
0 0.7241758199838492 0.28879215167118955 0.031150230994591348 0.0313420295715332
0 0.4853687286376953 0.44586992263793945 0.025893284724308893 0.02589893341064453
0 0.1307555345388559 0.17274766701918381 0.01864323249230018 0.018712483919583835
0 0.889988899230957 0.5261274851285495 0.017550101647010215 0.0178073002741887
0 0.7685693594125601 0.44594390575702375 0.015916824340820312 0.01580986609825721
0 0.4410148033728966 0.197403962795551 0.04462425525371845 0.04479301892794096
0 0.7541348383976862 0.6580613943246695 0.023392457228440505 0.02359625009390024
0 0.41714741633488583 0.2233740733220027 0.020731559166541465 0.021181913522573616
0 0.5546444379366361 0.36292354877178484 0.039101674006535456 0.03849088228665865
0 0.8794799951406626 0.5782644198491023 0.03141373854417067 0.03100307171161358
0 0.28758966005765474 0.4475493064293495 0.015942500187800482 0.015867966871995192
0 0.439121466416579 0.46922823098989636 0.016673748309795674 0.016747548029972956
0 0.3207514836237981 0.42881606175349307 0.03426654522235577 0.033925423255333535
0 0.6707709385798528 0.63532227736253 0.03595997737004207 0.03638458251953125
0 0.6758823394775391 0.7446931692270132 0.027401263897235576 0.027443812443659857
0 0.6521863203782302 0.4506551669194148 0.01472179706280048 0.014602000896747295
0 0.2739003621614896 0.3775135920597957 0.04009408217210036 0.03934464087853065
0 0.7497416276198167 0.8195444987370417 0.05739593505859375 0.05834153982309195
0 0.8102173438439002 0.3007582150972806 0.028977614182692308 0.029215445885291465
0 0.49248332243699294 0.993047127356896 0.017938833970289964 0.012151571420522837
0 0.20811282671414888 0.7639444791353666 0.02912425994873047 0.02931389441856971
0 0.8054703932542068 0.5699023466843826 0.026301163893479567 0.026310260479266826
0 0.5903261624849759 0.5028582352858323 0.027028450599083535 0.027069678673377402
0 0.6597901857816256 0.8011292677659255 0.03663327143742488 0.03624769357534555
0 0.5230145821204553 0.350827510540302 0.016620929424579326 0.016525121835561898
0 0.5573606491088867 0.5526725328885592 0.022439223069411058 0.022562026977539062
0 0.8556798788217398 0.6128494189335749 0.04631717388446514 0.04603730715238131
0 0.8444700241088867 0.25629168290358323 0.03141711308405949 0.03159904479980469
0 0.5251418994023249 0.5287433037391076 0.016067945040189303 0.015942500187800482
0 0.8085193634033203 0.449250551370474 0.015942206749549277 0.01610983335054838
0 0.6896767249474158 0.15696382522583008 0.0668789790226863 0.06518973754002498
0 0.49479183783897984 0.9497217031625601 0.023033655606783353 0.02311838590181791
0 0.12900365315950835 0.11403650503892165 0.0163881595318134 0.016623203571026143
0 0.5654770044180063 0.5272246874295748 0.0299075200007512 0.030386924743652344
0 0.8200379885160006 0.8285961151123047 0.06860146155724159 0.06871355496920072
0 0.30511958782489484 0.5357900766225961 0.020229412959172174 0.02025736295259916
0 0.7247269703791692 0.6332376920259916 0.02564063439002404 0.025925856370192308
0 0.6515653316791241 0.7630079709566556 0.019295472365159255 0.01950982900766226
0 0.2891991688654973 0.6646575927734375 0.048726668724646933 0.048686834482046276
0 0.2605359921088585 0.4779486656188965 0.03475200212918795 0.034514427185058594
0 0.5741627766535833 0.12497707513662484 0.0208737299992488 0.02052923349233774
0 0.46984676214364857 0.7183309701772836 0.07622623443603516 0.07806954017052284
0 0.3723398722135104 0.9628857099092923 0.014847975510817308 0.014464011559119591
0 0.5183470799372747 0.46632869427020734 0.015286959134615384 0.015180294330303486
0 0.8641955302311823 0.7607150444617639 0.01558215801532452 0.015400226299579326
0 0.473537224989671 0.873780030470628 0.07915108020489033 0.07821171100323017
0 0.391849737900954 0.734166512122521 0.02762178274301382 0.02681864224947416
0 0.22056249471811148 0.3249327219449557 0.02721537076509916 0.027277653033916768
0 0.8536366682786208 0.3856254724355844 0.03781274648813101 0.03771371107835036
0 0.2151799018566425 0.5347372201772836 0.049674620995154746 0.04949144216684195
0 0.8264441856971154 0.12499779921311599 0.016156856830303486 0.016094024364764873
0 0.4335068189180814 0.23980179199805626 0.03253643329326923 0.03272676467895508
0 0.5458363753098708 0.2604016890892616 0.016065157376802884 0.01579585442176232
0 0.7666018559382513 0.23788254077617937 0.02147674560546875 0.021413069504957933
0 0.6797811068021334 0.2742469860957219 0.023528172419621393 0.023793147160456732
0 0.38437124399038464 0.8837507688082181 0.01806508577786959 0.017397660475510817
0 0.17514630464407113 0.354895151578463 0.021309669201190654 0.021909200228177585
0 0.338690317594088 0.08489454709566556 0.016452936025766227 0.01612759094971877
0 0.619820814866286 0.7688288321861854 0.030451517838698167 0.030002300555889424
0 0.8633240919846755 0.5480249111468976 0.0231320307804988 0.023151471064640924
0 0.5866851806640625 0.2829548945793739 0.015639231755183294 0.015640698946439303
0 0.35164334223820615 0.6642726017878606 0.0327906241783729 0.03298510037935697
0 0.8741317162146935 0.6477014835064228 0.047156994159405045 0.04740773714505709
0 0.30903918926532453 0.49851611944345325 0.025870561599731445 0.027025589576134317
0 0.7351570129394531 0.7666316399207482 0.03212268535907452 0.03216479374812199
0 0.44667757474459135 0.909974611722506 0.02095339848445012 0.020960587721604567
0 0.5793135716364934 0.5984094326312726 0.040064444908728965 0.041034845205453724
0 0.6628764225886419 0.9885295721200796 0.03670208270733173 0.019923870380108174
0 0.836883544921875 0.5971618799062876 0.03250885009765625 0.032405779911921576
0 0.7030222966120794 0.6774451916034405 0.02627710195688101 0.026128328763521634
0 0.6270349942720853 0.9821268228384165 0.031024052546574518 0.029694043673001803
0 0.7926170642559345 0.8007700993464544 0.03891079242412861 0.0385736318734976
0 0.6256294984083909 0.47017610990084135 0.014133453369140625 0.01407623291015625
0 0.6310923649714544 0.39912304511437047 0.035205804384671725 0.034929715670072116
0 0.44951736010037935 0.40436994112454927 0.03731822967529297 0.03715647183931791
0 0.554586777320275 0.3855755145733173 0.019699243398813102 0.019934874314528245
0 0.8230552673339844 0.31517358926626354 0.025408231295072116 0.027120370131272536
0 0.45382859156681943 0.22058497942410982 0.024225675142728366 0.024163466233473558
0 0.6299962263840896 0.4897900361281175 0.023248819204477165 0.022921342116135817
0 0.4563258978036734 0.9871419759897085 0.03135211651141827 0.02310972947340745
0 0.3865656485924354 0.21560089404766375 0.038731941810021035 0.03831694676325871
0 0.7514384343073919 0.6811045133150541 0.01598974374624399 0.01573005089393029
0 0.4304555379427396 0.6250619154710036 0.10622193263127254 0.10798179186307467
0 0.562860892369197 0.5673520748431866 0.01930383535531851 0.019588617178109977
0 0.18395016743586615 0.6612303807185247 0.01615737034724309 0.01598358154296875
0 0.31321019392747146 0.5002080477201022 0.02962354513315054 0.029538521399864785
0 0.3146779720599835 0.7782682272104117 0.02507627927339994 0.025353211622971755
0 0.5158704610971304 0.6095766654381385 0.01841911902794471 0.017998622013972357
0 0.6115756401648889 0.8811247898982122 0.024712049044095553 0.02456063490647536
0 0.39691921380849987 0.6409618671123798 0.015116031353290264 0.015075390155498799
0 0.41736936569213867 0.8060503739577073 0.01509395012488732 0.014765666081355168
0 0.5757676638089694 0.3902105184701773 0.0205841798048753 0.020815922663762018
0 0.8749093275803786 0.8135364239032452 0.04900448138897236 0.04925214327298678
0 0.36546971247746396 0.8444835956280048 0.02874279022216797 0.028236976036658652
0 0.5764818925123948 0.6017847061157227 0.032473197350135215 0.03321544940655048
0 0.2986631760230431 0.4845380416283241 0.019137015709510215 0.01906725076528696
0 0.2537084359389085 0.5064975298368014 0.03804441598745493 0.03815298814039964
0 0.8322610121506911 0.5958708616403433 0.026331094595102165 0.027392240671011116
0 0.4893189943753756 0.20627120824960563 0.0469364753136268 0.04755467634934645
