0 0.5810763285710261 0.27454038766714245 0.15258334233210638 0.1518429976243239
0 0.3463767858651968 0.9195226522592398 0.04364512516902043 0.04309888986440805
0 0.4052275144136869 0.7949369870699369 0.043601696307842545 0.04324194101186899
0 0.8476024040809045 0.9471058478722205 0.041971059945913464 0.05225445674015926
0 0.7280110579270583 0.39476218590369594 0.06273768498347355 0.06248679527869591
0 0.7744001975426307 0.6446900000939002 0.020522484412560098 0.020699721116286058
0 0.7860838083120493 0.9641350966233474 0.029906052809495192 0.02973351111778846
0 0.4259347915649414 0.5016237405630258 0.041669405423677884 0.04181407048152043
0 0.7526508478017954 0.7244121844951923 0.07522025475135216 0.07488221388596755
0 0.722108400785006 0.8627923818734976 0.029166001539963942 0.029157491830679085
0 0.15634124095623309 0.9598908791175256 0.03641069852388822 0.03679436903733473
0 0.668731689453125 0.4343513342050406 0.02329841026893029 0.023407422579251803
0 0.46657782334547776 0.5364359342134916 0.04141587477463942 0.041514029869666465
0 0.8130433009221003 0.2501734953660231 0.025295844444861777 0.025369717524601862
0 0.28150235689603365 0.9048854387723483 0.034128665924072266 0.034112196702223554
0 0.5955591201782227 0.040566591116098255 0.024562248816856973 0.024700969457626343
0 0.43993971898005557 0.7348841153658353 0.028668036827674277 0.02877220740685096
0 0.208616880270151 0.8242190434382513 0.02382065699650691 0.02381618206317608
0 0.6143014614398663 0.3631444344153771 0.027797698974609375 0.027376835162823018
0 0.4703818101149339 0.8300776848426232 0.032518900357759915 0.033170846792367786
0 0.6423859963050256 0.6960602540236253 0.16227414057804987 0.1694161341740535
0 0.7729272108811599 0.16337877053480881 0.034917391263521634 0.03499522575965294
0 0.32211875915527344 0.029285733516399678 0.052033222638643704 0.05130944802210881
0 0.5921469468336839 0.479494571685791 0.020170065072866585 0.020077852102426384
0 0.34088523571307844 0.9901513319749099 0.02528865520770733 0.017386803260216348
0 0.48706839634821963 0.2987881623781644 0.01687900836651142 0.01703676810631385
0 0.29210479442889875 0.7466682287362906 0.0393674557025616 0.03943003140963041
0 0.4512776961693397 0.8143882751464844 0.021768643305851862 0.02177913372333233
0 0.2124200050647442 0.9426548297588642 0.02934881357046274 0.029080024132361777
0 0.15526039783771223 0.7871519235464243 0.030437652881328877 0.030337993915264424
0 0.22481261766873872 0.7957379267765925 0.027503783886249248 0.02720055213341346
0 0.36731716302724987 0.40461466862605167 0.0278012935931866 0.027808409470778245
0 0.18900596178494966 0.34005990395179164 0.02067092748788687 0.020740509033203125
0 0.5028489919809195 0.17104482650756836 0.036656746497521035 0.03661594941065861
0 0.2525010108947754 0.9514475602370042 0.021253659174992487 0.02092874967134916
0 0.2433335781097412 0.7438684610220102 0.02241233678964468 0.0225067138671875
0 0.6524030245267428 0.2364674714895395 0.04108106173001803 0.041838645935058594
0 0.6897552196796124 0.5453196305495042 0.016014685997596152 0.0159451411320613
0 0.3050319781670204 0.5968393912682166 0.019511039440448467 0.01940022982083834
0 0.5230486209575946 0.5525060800405649 0.018992057213416465 0.019098281860351562
0 0.8282434756939228 0.7304803408109225 0.017892837524414062 0.018056135911207933
0 0.3240051636329064 0.8968969491811899 0.02228377415583684 0.022643456092247598
0 0.4173547671391414 0.17669976674593413 0.030502686133751504 0.03053004925067608
0 0.15110415678757888 0.8643303651076096 0.02164470232450045 0.02169961195725661
0 0.4250956315260667 0.46611514458289516 0.031171505267803486 0.031055157001201924
0 0.7791229394766 0.8520503410926232 0.018875708946814902 0.01890387901893029
0 0.6474505938016452 0.17950776907113883 0.023089775672325723 0.023045099698580228
0 0.6565316273615911 0.508871812086839 0.016395422128530648 0.0165103032038762
0 0.7169142503004807 0.6845536598792443 0.02579923776479868 0.02555700448843149
0 0.5451726913452148 0.8111541454608624 0.016537592961237982 0.016611245962289665
0 0.5135790751530573 0.7714964059682993 0.02047890883225661 0.020320598895733174
0 0.435730347266564 0.19675463896531326 0.02860113290640024 0.0282748295710637
0 0.42260169982910156 0.13778290381798378 0.03070354461669922 0.030978001081026517
0 0.7220017359806941 0.09380073730762188 0.017930104182316706 0.0182952697460468
0 0.44499488977285534 0.8408940388606145 0.02552193861741286 0.025601753821739785
0 0.48681251819317156 0.706332646883451 0.016246208777794473 0.016550504244290866
0 0.1848768821129432 0.9171584936288687 0.016498639033390924 0.01666875985952524
0 0.37088815982525164 0.8113479614257812 0.016019527728740986 0.016135289118840143
0 0.4917403734647311 0.8393937624417819 0.018822596623347357 0.018993084247295674
0 0.792353263268104 0.6625806368314303 0.05432627751277043 0.053668975830078125
0 0.1857451658982497 0.742280519925631 0.021524942838228665 0.021643418532151442
0 0.8267989525428185 0.10331768255967361 0.028986710768479567 0.029034137725830078
0 0.7583479514488807 0.2853939166435829 0.038776250985952526 0.03892245659461388
0 0.694187017587515 0.09091413938082181 0.02022581834059495 0.020313593057485726
0 0.34244412642258865 0.637419187105619 0.017688751220703125 0.017521491417518027
0 0.46595375354473406 0.5059743294349084 0.03316439115084135 0.033256237323467545
0 0.8166682903583233 0.8092726193941556 0.02718177208533654 0.026789151705228366
0 0.8383808135986328 0.5551880689767691 0.05624066866361178 0.0568690666785607
0 0.3901539949270395 0.36397237044114333 0.03324618706336388 0.03330216040978065
0 0.2437287477346567 0.5513867231515738 0.01568005635188176 0.01576856466440054
0 0.19440069565406212 0.7862735161414514 0.03492659788865309 0.034854888916015625
0 0.7328023910522461 0.08282911777496338 0.01834267836350661 0.01840807841374324
0 0.8444320972149189 0.3655393307025616 0.05460504385141226 0.06536527780386117
0 0.6803639485285833 0.7978625664344201 0.040241388174203724 0.04016553438626803
0 0.48992780538705677 0.03653937119704027 0.01660948533278245 0.016705934817974385
0 0.8560463831974909 0.702452879685622 0.015571007361778846 0.015354743370643029
0 0.18467171375568098 0.8762347881610577 0.01713426296527569 0.017220423771784857
0 0.37792227818415713 0.44526129502516526 0.019684204688439004 0.01968075678898738
0 0.8229019458477314 0.3071720600128174 0.022887009840745192 0.02264745418842022
0 0.23054176110487717 0.6359103276179388 0.02576919702383188 0.026065532977764424
0 0.17166992334219125 0.7574452620286208 0.03255521334134615 0.03225796039287861
0 0.5732092490563025 0.7895468198336087 0.019328777606670674 0.019536531888521634
0 0.5122992809002216 0.10808310141930214 0.020236822275015023 0.020274235652043268
0 0.774447514460637 0.45888423919677734 0.014759357158954326 0.014798824603740986
0 0.850864997276893 0.8575526017409104 0.015382913442758413 0.01541915306678185
0 0.4356666344862718 0.2310307759505052 0.03474705035869892 0.03495043974656325
0 0.45142188439002406 0.48270412591787487 0.02582828815166767 0.02560256077693059
0 0.6486854553222656 0.1427233677643996 0.02455931443434495 0.024710893630981445
0 0.41704060481144833 0.862914305466872 0.020271741426908053 0.02035698523888221
0 0.5347667840810922 0.757225330059345 0.016309004563551683 0.016596280611478366
0 0.5859870177048904 0.3594649388239934 0.014865288367638221 0.015075243436373197
0 0.21711896016047552 0.9904678051288311 0.015453632061298076 0.014574784498948317
0 0.4544965670658992 0.15184215398935172 0.049282220693734974 0.04842948913574219
0 0.8452007587139423 0.27637404661912185 0.018658271202674277 0.01879266592172476
0 0.4977870721083421 0.7937742379995493 0.014657827524038462 0.01468365009014423
0 0.7891836899977464 0.05841981447660006 0.030975928673377402 0.030949977728036735
0 0.23697229532095102 0.9548640617957482 0.014346709618201623 0.014323014479417067
0 0.7185780451847956 0.2474055473621075 0.014577132004957933 0.014709729414719801
0 0.5159341371976413 0.7570830858670748 0.01654845017653245 0.016468341533954326
0 0.36457241498506987 0.2420186996459961 0.015119185814490685 0.01516863015981821
0 0.5922354551462027 0.1794736201946552 0.024945699251615085 0.025070703946627103
0 0.6552731440617487 0.038243431311387285 0.06104733393742488 0.06204694968003493
0 0.26218355618990385 0.9734805180476263 0.016996310307429388 0.017272509061373197
0 0.4567113289466271 0.9297809600830078 0.014269095200758714 0.014399308424729567
0 0.19235533934373122 0.708030260526217 0.02115322993351863 0.020926842322716348
0 0.8595478351299579 0.2727629771599403 0.024394108698918268 0.03385290732750526
0 0.7812804442185622 0.3395718794602614 0.026174105130709134 0.02639924562894381
0 0.7163496751051682 0.7945157564603366 0.028452946589543268 0.02841025132399339
0 0.29294659541203427 0.11659049987792969 0.02405834197998047 0.024132361778846152
0 0.42592756564800555 0.26686426309438854 0.014355219327486478 0.014245693500225361
0 0.6155883348905123 0.5998069323026217 0.022103089552659255 0.022613965548001803
0 0.743076911339393 0.5957485345693735 0.015544891357421875 0.015467056861290565
0 0.18764550869281477 0.9325295961820163 0.016021728515625 0.016261467566856973
0 0.6568602048433744 0.770841671870305 0.017826080322265625 0.01825567392202524
0 0.4025685237004207 0.2107077378493089 0.01927918654221755 0.01952508779672476
0 0.4074112085195688 0.39988033588115984 0.05271434783935547 0.05382405794583834
0 0.14030731641329253 0.9094021870539739 0.016788794444157526 0.028251501230093148
0 0.578177232008714 0.5922770500183105 0.03751065180851863 0.03731896327092098
0 0.6272018872774564 0.4890009806706355 0.016185173621544473 0.01649783207820012
0 0.714934202340933 0.06449952033849862 0.030901542076697715 0.03216335406670204
0 0.8242234450120193 0.05405476001592783 0.03261976975661058 0.032417856729947604
0 0.6253918134249173 0.19927718089177057 0.04103367145244892 0.04082899827223558
0 0.1794161062974196 0.39077142568734974 0.015005258413461538 0.014844160813551683
0 0.8291366283710186 0.02202932880474971 0.015227978046123799 0.015266065414135273
0 0.8567358163686899 0.04484092272244967 0.032251211313100964 0.03869037444774921
0 0.8617398188664362 0.8062110314002404 0.013533665583683895 0.013673635629507212
