0 0.744240247286283 0.874880864070012 0.16452319805438703 0.16422917292668268
0 0.5747279387253982 0.8044825333815354 0.0650338392991286 0.06487347529484676
0 0.23044322087214544 0.885378544147198 0.13322580777681792 0.13432737497182992
0 0.22481676248403695 0.41332428271953875 0.14468524089226356 0.15305768526517427
0 0.827667969923753 0.40038204193115234 0.04076590904822716 0.05168071159949669
0 0.59459899022029 0.47541515643780047 0.05494998051570012 0.05499693063589243
0 0.6155216510479267 0.5712953714224008 0.09371423721313477 0.09406691331129807
0 0.8166332244873047 0.7140618837796725 0.05626590435321514 0.06043654221754808
0 0.7408954180203952 0.3566586054288424 0.03690074040339543 0.03699412712684044
0 0.5635420725895808 0.9785941197321966 0.041009756234975964 0.0381933358999399
0 0.5167196713961087 0.4331536659827599 0.09186730018028846 0.09152720524714543
0 0.5830826392540565 0.6242061028113732 0.03114795684814453 0.030902312352107122
0 0.3756055465111366 0.38901827885554385 0.042853355407714844 0.04276128915640024
0 0.3544322894169734 0.1446074705857497 0.050788512596717246 0.050877937903771035
0 0.6014238504263071 0.8899255899282602 0.03666378901554988 0.036582653339092545
0 0.5435451360849234 0.925602179307204 0.034088501563439004 0.0343017578125
0 0.45850563049316406 0.6537685394287109 0.03241428962120643 0.03240262545072115
0 0.6168521000788763 0.38900140615609974 0.040941091684194714 0.04100491450383113
0 0.28543296227088344 0.2589671244988075 0.025064541743351862 0.02528828840989333
0 0.18440765600938064 0.647123776949369 0.030412673950195312 0.030869410588191107
0 0.7473187079796424 0.7726849042452298 0.03428855309119591 0.034302931565504804
0 0.1874067599956806 0.4782702739422138 0.04358658423790565 0.043215164771446817
0 0.41807790902944714 0.47758806668795073 0.018539575430063102 0.01853033212515024
0 0.6301763241107647 0.9554403745211087 0.019053239088792067 0.018526077270507812
0 0.3184406573955829 0.6392076198871319 0.027072888154249925 0.027309711162860576
0 0.18397731047410232 0.7440823775071365 0.031130057114821214 0.031245304987980768
0 0.45731034645667445 0.8405749981219952 0.03479084601769081 0.03513013399564303
0 0.5953812232384315 0.25906665508563703 0.0307620121882512 0.03070229750413161
0 0.8167532407320462 0.9478036440335788 0.05342718271108774 0.05774131188025841
0 0.19477473772489107 0.9553172771747296 0.02946787614088792 0.029352921705979567
0 0.5500012177687424 0.5129814881544846 0.030107498168945312 0.02998938927283654
0 0.7035058828500601 0.7555958674504206 0.03204609797551082 0.031953078049879804
0 0.39334311852088344 0.7421178084153396 0.033873337965745196 0.03360396165114183
0 0.4571394920349121 0.7173423033494216 0.022973060607910156 0.02265754112830529
0 0.4742791469280536 0.5644228641803448 0.019703424893892728 0.01993216001070463
0 0.8297189565805289 0.7902479905348557 0.019794464111328125 0.019908024714543268
0 0.673647953913762 0.3369576380803035 0.031809440025916465 0.031882946307842545
0 0.802304194523738 0.6807424838726337 0.08365807166466346 0.13633243854229266
0 0.24870648750892052 0.09854971445523776 0.03095692854661208 0.03071895012488732
0 0.5664866520808294 0.36877848551823544 0.021205608661358174 0.021425320551945612
0 0.3786720862755409 0.226990112891564 0.05661634298471304 0.05702950404240535
0 0.2959752082824707 0.5824637046227088 0.03196797004112831 0.03193928645207332
0 0.2593716107881986 0.5878306168776292 0.03693089118370643 0.03690675588754507
0 0.22859059847318208 0.18043983899630034 0.02237103535578801 0.022556378291203424
0 0.2485624093275804 0.7090047689584585 0.024291552030123197 0.024388533372145433
0 0.46544966330895055 0.6948164426363431 0.038799139169546276 0.03958951509915865
0 0.49651208290686977 0.6731571784386268 0.047295790452223554 0.04699618999774639
0 0.7181627566997821 0.6069578757652869 0.039043573232797474 0.03907071627103365
0 0.2426010645352877 0.5181413063636193 0.03512265132023738 0.03493081606351412
0 0.16991883057814378 0.938562613267165 0.030530746166522685 0.03803693331204928
0 0.24992953813993013 0.9887759868915265 0.017416954040527344 0.016971294696514424
0 0.5029886685884916 0.758944584773137 0.026209171001727764 0.026137131911057692
0 0.7321888116689829 0.5422109090364896 0.017527213463416465 0.017519584068885215
0 0.6678222509530874 0.6101045608520508 0.04100638169508714 0.04099537776066707
0 0.43242491208589995 0.6434789804311899 0.022133900569035456 0.02211174598106971
0 0.6231153194720929 0.9357964442326472 0.030226487379807692 0.030176309438852165
0 0.5009552515470065 0.6473019673274114 0.017322833721454326 0.017239497258112982
0 0.3218574523925781 0.8931674957275391 0.03761166792649489 0.03766632080078125
0 0.29935811116145206 0.5091290107140174 0.02665372995229868 0.026074923001802884
0 0.47332363862257737 0.453066165630634 0.016138737018291768 0.016150401188777044
0 0.32838990138127255 0.46933783017672026 0.02216647221491887 0.022151360144981973
0 0.5193022948044997 0.3143055255596454 0.05350993229792668 0.05330922053410457
0 0.5158841793353741 0.7836705721341647 0.02874477093036358 0.029125507061298076
0 0.23216408949631911 0.6042393170870267 0.01828421079195463 0.018381118774414062
0 0.28550212199871355 0.6843308668870193 0.017881393432617188 0.017697847806490384
0 0.42369769169734073 0.523070188669058 0.060190054086538464 0.05966465289776142
0 0.24357095131507286 0.5689766590411847 0.016048211317795973 0.015991797814002402
0 0.7153880779559796 0.46617533610417294 0.01577480022723858 0.01567686521089994
0 0.7658139742337741 0.4777659636277419 0.039536549494816706 0.03879415071927584
0 0.5648727416992188 0.5499474452092097 0.016307830810546875 0.015908314631535456
0 0.7936696272629958 0.5822705488938552 0.09249261709359977 0.09200756366436298
0 0.22311159280630258 0.2260432610144982 0.015980060283954326 0.015945287851186898
0 0.7022917820857122 0.34153578831599307 0.025689345139723558 0.025915145874023438
0 0.3975509496835562 0.023505495144770697 0.02202914311335637 0.02222345884029682
0 0.2935210374685434 0.46150412926307094 0.01664253381582407 0.0167543704693134
0 0.5816933558537409 0.9077403728778546 0.02554908165564904 0.025471613957331732
0 0.5020349209125226 0.5228723746079665 0.016571558438814603 0.016479858985314004
0 0.7719744168795072 0.13024561221782976 0.046707446758563705 0.04712064449603741
0 0.8225854726938101 0.9221697587233323 0.034188490647536054 0.03445889399601863
0 0.7033310670119065 0.9751422588641827 0.07484582754281852 0.046642303466796875
0 0.5289481236384466 0.6723112693199744 0.01637722895695613 0.016595106858473558
0 0.3853576733515813 0.9867924910325271 0.04644929445706881 0.023443955641526442
0 0.48075191791240984 0.7891197204589844 0.02521346165583684 0.025626696073091947
0 0.4227130229656513 0.7957732860858624 0.032062383798452526 0.031648489145132214
0 0.4567606999323918 0.9141093767606295 0.02201227041391226 0.022275484525240384
0 0.17084880975576547 0.5876213220449594 0.033670278695913464 0.045198293832632214
0 0.1615174000079815 0.3601446518531212 0.016188172193673942 0.0162655757023738
0 0.4185972213745117 0.30415934782761794 0.0416416755089393 0.04222539755014273
0 0.5887857583852915 0.9570614741398737 0.041058833782489486 0.04271228496844952
0 0.6384007380558894 0.6463065514197717 0.020632817195012018 0.020618145282451924
0 0.4006298872140738 0.9433149191049429 0.09644757784329928 0.0981891338641827
0 0.2645651377164401 0.7900829315185547 0.020105875455416165 0.02024533198429988
0 0.2153151035308838 0.6479936746450571 0.030840323521540716 0.03135827871469351
0 0.34591315342829776 0.6643361311692458 0.03009664095365084 0.03040900597205529
0 0.4298188869769757 0.3360132437485915 0.0344996819129357 0.03436763469989483
0 0.2615353877727802 0.6460417967576247 0.014898373530461239 0.014881574190579928
0 0.4235678452711839 0.8863808558537409 0.01583077357365535 0.01576834458571214
0 0.19645181069007286 0.12439305965717022 0.016489395728478067 0.016600388746995192
0 0.6136412253746619 0.21170750031104454 0.047426077035757214 0.047307564662053034
0 0.579501225398137 0.9538174409132737 0.017455027653620794 0.01745018592247596
0 0.56897889650785 0.8859367370605469 0.016471275916466348 0.016559894268329326
0 0.2060370812049279 0.987692979665903 0.025724227611835185 0.02062078622671274
0 0.3171535271864671 0.778045287499061 0.02180781731238732 0.021804662851186898
0 0.7621933863713191 0.4134332216702975 0.08425433819110577 0.08228522080641526
0 0.2928577203017015 0.3334445586571327 0.01601241185114934 0.015854248633751504
0 0.23830351462730995 0.7767170392549955 0.0989070305457482 0.09918990501990685
0 0.29619503021240234 0.725344731257512 0.027289684002216045 0.027453202467698317
0 0.4393938504732572 0.8177510775052584 0.018297635591947116 0.018324778630183294
0 0.5163261340214655 0.8178088848407452 0.02451478517972506 0.024103311391977165
0 0.5856398068941556 0.6249745442317083 0.08989348778357872 0.09449122502253605
0 0.7371562077448919 0.959254264831543 0.14259015596829927 0.0774396749643179
0 0.29142449452326846 0.746429810157189 0.016673161433293268 0.016420804537259616
0 0.4931179926945613 0.8154315948486328 0.01921257605919471 0.019446152907151442
0 0.7731103163499099 0.9737003032977765 0.07356526301457332 0.050079052264873795
0 0.5215852077190692 0.746555548447829 0.015950569739708535 0.01608114976149339
0 0.23051151862511268 0.6764417795034555 0.02776303658118615 0.027951460618239183
0 0.45031320131742036 0.7677364349365234 0.020524098322941706 0.02093080373910757
0 0.1807433275076059 0.8629230352548453 0.016481876373291016 0.01613162114070012
0 0.40218661381648135 0.7996387481689453 0.016384711632361777 0.016263815072866585
0 0.18339593593890852 0.6956484134380634 0.020055183997521035 0.020275702843299277
0 0.34564982927762544 0.8920502295860877 0.03849242283747746 0.03721882746769832
0 0.6813857005192683 0.8080324026254507 0.015575262216421274 0.015425168550931491
0 0.4252645785991962 0.9780239692101111 0.023416665884164665 0.023290193997896634
0 0.6144585242638221 0.7861184340256911 0.027495897733248197 0.02754064706655649
0 0.37771390034602237 0.5357466477614182 0.04032406440147987 0.04026721074030949
0 0.21342890079204851 0.1403812811924861 0.01771692129281851 0.01810433314396785
0 0.24502222354595476 0.7817156865046575 0.015376531160794772 0.015816761897160456
0 0.49329933753380406 0.14488915296701285 0.08886909484863281 0.08791978542621319
0 0.20568715609036958 0.8306638277493991 0.024442085852989785 0.024096855750450723
0 0.6680706464327298 0.47861634767972505 0.029474258422851562 0.02939180227426382
0 0.18657746681800255 0.5409445395836463 0.02140954824594351 0.02111229529747596
0 0.4957881340613732 0.655557265648475 0.1091604966383714 0.10149853046123798
0 0.44298370067889875 0.23779768210190994 0.07402574099027194 0.07562582309429462
0 0.19271579155555138 0.6747515751765325 0.023424515357384317 0.02289405235877404
0 0.2574806213378906 0.1388020423742441 0.015030494103064904 0.01512602659372183
0 0.4784330954918495 0.5022773742675781 0.060075026292067304 0.06142014723557692
0 0.4067974090576172 0.9577582432673528 0.015958492572490986 0.015430890596829928
0 0.7746954697829026 0.5095401910635141 0.016551677997295674 0.016457777756911058
0 0.47460445990929234 0.8620127164400541 0.017248887282151442 0.01731725839468149
0 0.6011766286996695 0.6909872201772836 0.01943661616398738 0.01943353506234976
0 0.5485915037301871 0.48312077155480015 0.04074654212364784 0.04034277108999399
0 0.5758945024930514 0.5033396207369291 0.021922918466421273 0.022452794588529147
0 0.663605836721567 0.8116054534912109 0.01904575641338642 0.019396268404447116
0 0.5387931236853967 0.18223918401277983 0.05146466768704928 0.05216433451725887
0 0.3627755091740535 0.058630553575662464 0.03442852313701923 0.034932851791381836
0 0.8293404212364783 0.1531315308350783 0.036527193509615384 0.05777698296767015
0 0.21151678378765398 0.14120233058929443 0.022330210759089544 0.02196821799645057
0 0.5845854465778058 0.3532998745258038 0.026531512920673076 0.027028890756460335
0 0.8154318882868841 0.76727294921875 0.01688223618727464 0.016635014460637018
0 0.1731417362506573 0.508268246283898 0.016806969275841348 0.016519839947040264
0 0.45480045905480015 0.9891626651470478 0.03912617610051082 0.019848163311298076
0 0.8165636796217698 0.7522447292621319 0.014349423922025241 0.014586815467247596
0 0.5303533260638897 0.5738546664898212 0.026646980872521035 0.02677455315223107
0 0.4165981732881986 0.7564488924466647 0.017789253821739785 0.01747894287109375
0 0.834625244140625 0.8998889189500076 0.016325730543870192 0.020771906926081732
0 0.416377801161546 0.5119437437791091 0.01433255122258113 0.014403563279371995
0 0.6107505284822904 0.5239918415363019 0.014732140761155348 0.015015015235314002
0 0.48542165756225586 0.5363271053020771 0.0763548337496244 0.07328451596773587
0 0.37697359231802136 0.2952299118041992 0.043702272268442005 0.04369779733511118
0 0.6470760932335486 0.783507567185622 0.01632837148813101 0.0164950444148137
0 0.46611837240365833 0.3048076262840858 0.04738118098332332 0.047759056091308594
0 0.3703889480003944 0.8482299217810998 0.025339713463416465 0.025917199941781852
0 0.4828273333035983 0.8413902429433969 0.01773496774526743 0.017718095045823317
0 0.27640262016883266 0.9666087077214167 0.11632911975567158 0.06317490797776443
0 0.545201668372521 0.6957480357243464 0.029232612022986777 0.02931814927321214
0 0.3308852269099309 0.8053279289832482 0.01570276113656851 0.015396411602313701
0 0.473785583789532 0.884801277747521 0.01626278803898738 0.016301375169020433
0 0.27553006318899304 0.7347839062030499 0.017179599175086387 0.01743169931265024
0 0.3384440862215482 0.48616552352905273 0.07802985264704777 0.07696071037879357
0 0.4848377521221454 0.5541214942932129 0.07934247530423678 0.08907838968130258
0 0.6178726049569937 0.20774067365206206 0.03970556992750902 0.039018997779259317
0 0.5634387823251578 0.14182628118074858 0.04533929091233473 0.04564450337336613
0 0.7361070926372821 0.73121400979849 0.061183782724233776 0.06094492398775541
