0 0.2440928862645076 0.3695887052095853 0.10731135881864108 0.10886177649864784
0 0.7529238187349759 0.023724551384265605 0.06090413607083834 0.04579515640552227
0 0.6679932520939753 0.16117471915024978 0.048971909743088946 0.04907428301297701
0 0.09224932010357197 0.09142964619856614 0.045903604764204756 0.046316018471351035
0 0.25690258466280425 0.23847409395071176 0.04309544196495643 0.0431825931255634
0 0.8071195895855243 0.9821381202110877 0.033041733961838946 0.030949225792518027
0 0.48627545283390927 0.6972125860360953 0.05272131699782152 0.05320123525766226
0 0.09172859558692345 0.42945539034329927 0.05978754850534292 0.05971395052396334
0 0.17772073012131911 0.5294762758108286 0.033589656536395736 0.03341938899113582
0 0.5220516644991361 0.41409939986008865 0.04906265552227314 0.048408214862530045
0 0.2720288680149959 0.4479065308204064 0.03476109871497521 0.03506381695087139
0 0.9876059018648587 0.7523351816030649 0.020154512845552884 0.020116365872896634
0 0.5768445821908804 0.284913759965163 0.028992726252629206 0.029006811288686898
0 0.977537962106558 0.8552372272198017 0.028411425076998197 0.028619032639723558
0 0.013934314250946045 0.8200620504525992 0.020279059043297402 0.02111684359036959
0 0.8236888005183294 0.4415263762840858 0.022138155423677884 0.022228314326359674
0 0.12446319139920749 0.6481393667367789 0.020168432822594277 0.020009847787710335
0 0.6335659027099609 0.23860777341402495 0.030781085674579326 0.030718509967510518
0 0.6764252736018255 0.8479206378643329 0.027946032010591947 0.027980804443359375
0 0.4054387899545523 0.639103522667518 0.023876483623798076 0.0238189697265625
0 0.13839475008157584 0.49868077498215896 0.02860535108126127 0.028438568115234375
0 0.4185309410095215 0.792353263268104 0.02410470522367037 0.024063990666316107
0 0.35928021944486177 0.41524802721463716 0.022688939021183893 0.02280286642221304
0 0.2751100246722882 0.052614179941324085 0.029938257657564603 0.02969828935769888
0 0.985720341022198 0.5292915197519156 0.02288026076096755 0.02307466360238882
0 0.6580716646634616 0.805808947636531 0.025175094604492188 0.025044808020958535
0 0.25368518095750076 0.17713077251727766 0.02357372870812049 0.023677825927734375
0 0.2342645938579853 0.15411006487332857 0.018966014568622295 0.019028727824871357
0 0.398955015035776 0.07430051381771381 0.024433722862830527 0.024488660005422738
0 0.8055224785437951 0.7304860628568209 0.024637955885667067 0.02495751014122596
0 0.9422292709350586 0.20737369243915266 0.0187527583195613 0.01855021256666917
0 0.5265557215763972 0.15250033598679763 0.01965786860539363 0.019554541661189154
0 0.14468034414144662 0.17216157913208008 0.018542051315307617 0.01856121650108924
0 0.6245175141554612 0.9169178009033203 0.021404853233924277 0.021572406475360576
0 0.17348549916194037 0.7160147153414212 0.018474798936110277 0.01838830801156851
0 0.46370660341702974 0.021226130999051608 0.018599436833308294 0.018765276441207297
0 0.6383537879356971 0.5906950877262995 0.025672032282902643 0.025795716505784255
0 0.04559798882557796 0.037297954926123984 0.01874240545126108 0.018723542873676006
0 0.8075677431546725 0.8166803213266226 0.025455474853515625 0.025328709528996393
0 0.6145645288320688 0.4693120809701773 0.018620711106520433 0.01863721700815054
0 0.7369249784029447 0.5435671072739822 0.020332923302283652 0.02027152134821965
0 0.8155517578125 0.12525191673865685 0.02013573279747596 0.02021485108595628
0 0.9665037301870493 0.9218512315016526 0.022444798396183893 0.0223385737492488
0 0.2623305137340839 0.6754210545466497 0.024495491614708535 0.024356842041015625
0 0.66180419921875 0.5951150380648099 0.020445603590745192 0.020032662611741286
0 0.9883729494535006 0.4370384949904222 0.02024665245643029 0.027433101947490986
0 0.028271303727076605 0.617976555457482 0.025956218059246357 0.02643277094914363
0 0.4374741774338942 0.41376447677612305 0.0318150153526893 0.03181780301607572
0 0.07181005294506367 0.13520046380849984 0.016435641508836012 0.01666435828575721
0 0.8905795170710638 0.7687644958496094 0.017797029935396634 0.01775976327749399
0 0.6796175149770883 0.7818285868718073 0.02077308067908654 0.020825606126051683
0 0.8008907758272611 0.769126451932467 0.017935826228215143 0.018213712252103366
0 0.4455925134512094 0.31810606442964995 0.01765926067645733 0.017786026000976562
0 0.5323638916015625 0.2980229304387019 0.024505175076998197 0.02480455545278696
0 0.9791930272028997 0.9031768211951623 0.0271603510929988 0.027196737436147835
0 0.23270203517033503 0.18866366606492263 0.01765581277700571 0.017542912409855768
0 0.5443040407620944 0.7599580471332257 0.022669205298790567 0.02269466106708233
0 0.19066179715670073 0.2551129597883958 0.0164641233590933 0.016448974609375
0 0.8973371065579928 0.27931151023277867 0.01600045424241286 0.016097472264216497
0 0.5558766585129958 0.7397070664625901 0.022475756131685697 0.022800152118389424
0 0.9632450984074519 0.6655506720909705 0.032797006460336536 0.032475985013521634
0 0.6765088301438552 0.4344070874727689 0.01583700913649339 0.015923720139723558
0 0.17216814481295073 0.47853810970599836 0.019930105942946214 0.020015789912297174
0 0.9443030724158654 0.912964233985314 0.017889756422776442 0.017830481896033652
0 0.6992238118098333 0.06447807183632484 0.020018797654371995 0.019988866952749398
0 0.09166785386892465 0.5002563183124249 0.0614135769697336 0.06092276939978966
0 0.2743690930880033 0.4743218788733849 0.017400301419771634 0.016907912034254808
0 0.6430236376248873 0.9097317915696365 0.019619134756234977 0.01946713374211238
0 0.29839200239915115 0.10009462099808913 0.019146185654860277 0.01933007973891038
0 0.7420723254864032 0.24390477400559646 0.01602304898775541 0.016138223501352165
0 0.7260972536527194 0.6680749746469351 0.015374697171724759 0.015585679274338942
0 0.6810304201566256 0.02810608882170457 0.017075318556565505 0.017208548692556527
0 0.05597904095282921 0.26718462430513823 0.017731721584613506 0.017743734213022087
0 0.30829752408541167 0.5207834243774414 0.015407929053673377 0.015385114229642428
0 0.4606945331280048 0.8557189061091497 0.017248887282151442 0.01709894033578726
0 0.3456592926612267 0.6060004967909592 0.02073493370643029 0.02066913017859826
0 0.5337818219111516 0.2026664660527156 0.015521049499511719 0.015659112196702223
0 0.5118591235234187 0.7229982522817758 0.02313885321983924 0.023387028620793268
0 0.4505454576932467 0.1540689835181603 0.015805464524489183 0.015778211446908805
0 0.573867394373967 0.44150675260103667 0.015128282400277944 0.01511691166804387
0 0.23453081571138823 0.8539221103374774 0.01565863535954402 0.015653316791240986
0 0.8832886035625751 0.046477134411151595 0.015757927527794473 0.015444388756385216
0 0.7939102466289814 0.3314814934363732 0.014944810133713942 0.014821566068209134
0 0.00838846369431569 0.4250208047720102 0.014629278045434218 0.017080013568584736
0 0.021534640055436354 0.32233084165132964 0.018111160168280967 0.018149595994215745
0 0.3124070901137132 0.37836426955003005 0.02324537130502554 0.02332922128530649
0 0.028163442244896524 0.5461463561424842 0.016057720551123984 0.015970376821664665
0 0.6951593252328726 0.8995093565720779 0.019198050865760215 0.019452021672175482
0 0.19502135423513559 0.5915368153498723 0.01572102766770583 0.015991944533128005
0 0.3983616462120643 0.6157657916729267 0.015705622159517728 0.01627353521493765
0 0.15508824128371018 0.6137098165658804 0.02393341064453125 0.02401865445650541
0 0.8323907118577224 0.7521164967463567 0.016959263728215143 0.017123002272385817
0 0.9153415973369892 0.25391630026010364 0.02205687302809495 0.022278418907752402
0 0.8567321483905499 0.34188512655404896 0.06618734506460336 0.06622923337496243
0 0.404473744905912 0.8614710294283353 0.020421688373272236 0.02066979041466346
0 0.3440608244675856 0.6222383058988131 0.015520242544320913 0.01556865985576923
0 0.21846837263840896 0.04488527316313524 0.016754150390625 0.01675877204308143
0 0.09218301222874568 0.4675298103919396 0.02841773399939904 0.027999731210561898
0 0.9054547823392428 0.7176374288705679 0.01618781456580529 0.01615480276254507
0 0.7747953121478741 0.7432275918813852 0.015352102426382212 0.015354156494140625
0 0.5620489854079026 0.40103721618652344 0.014532822829026442 0.014674553504356971
0 0.2438086729783278 0.44311890235314 0.021076129033015326 0.020429024329552285
0 0.9784019176776593 0.9454194582425631 0.016368279090294473 0.01625985365647536
0 0.13378378978142372 0.4758816132178673 0.014807407672588643 0.015052281893216647
0 0.8643941145676833 0.10770805065448467 0.015500435462364784 0.015326536618746243
0 0.5772922956026517 0.0362284779548645 0.06942426241361178 0.06809686697446383
0 0.4493987743671124 0.049923364932720475 0.01621224330021785 0.016054190122164212
0 0.9320778479942908 0.990395766038161 0.016690767728365384 0.015786391038161058
0 0.6610836615929236 0.9073534745436448 0.016724513127253607 0.016851278451772835
0 0.6942214965820312 0.7385296454796424 0.015816321739783652 0.015991797814002402
0 0.024321528581472542 0.1934961905846229 0.0160417751624034 0.015849810380202074
0 0.6335436014028696 0.8779417184682993 0.022385817307692308 0.02146148681640625
0 0.45456981658935547 0.7352349207951472 0.024305050189678486 0.02455755380483774
0 0.417901479280912 0.08889278998741737 0.016888911907489482 0.016584506401648887
0 0.34919254596416766 0.593232301565317 0.017044507540189303 0.01651279742901142
0 0.2865422872396616 0.79871522463285 0.015571337479811449 0.015540636502779447
0 0.2153147550729605 0.9096497755784255 0.018454771775465745 0.01828178992638221
0 0.16545768884512094 0.4708371896010179 0.016013585604154147 0.016438777630145732
0 0.46503551189716047 0.38656293428861177 0.016607137826772835 0.017133786128117487
0 0.6839466094970703 0.8902416229248047 0.018308492807241585 0.018764202411358174
0 0.7462932880108173 0.5077941967890813 0.027704385610727165 0.027684798607459433
0 0.7827614270723783 0.5108878795917218 0.019728440504807692 0.019654494065504808
0 0.08746055456308219 0.8920914576603816 0.020332776583158053 0.02050927969125601
0 0.2324852026425875 0.5603488775400015 0.016234874725341797 0.01622288043682392
0 0.3072461715111366 0.9695877662071815 0.0157931401179387 0.015565432035006009
0 0.8589568504920373 0.29986308171198917 0.01424393287071815 0.01406093744131235
0 0.21361657289358285 0.25329936467684233 0.02647124803983248 0.02739374454204853
0 0.48586676670954776 0.6355338463416467 0.018611027644230768 0.018675584059495192
0 0.5757623819204477 0.3810836351834811 0.0346368642953726 0.03551072340745192
0 0.2677787634042593 0.9752979278564453 0.022629811213566706 0.02272767287034255
0 0.7324522458589994 0.1416719418305617 0.014622028057391826 0.014725189942580003
0 0.9622670687161959 0.07016456585664016 0.014452714186448317 0.014743557343116174
0 0.7928544558011569 0.6950434171236478 0.015412257267878605 0.015371175912710337
0 0.9398360619178185 0.39305811661940354 0.0158538818359375 0.01573027097261869
0 0.6704681836641752 0.1155777252637423 0.0145265139066256 0.01399693122276893
0 0.7701377868652344 0.26090288162231445 0.017143836388221152 0.017194307767427884
0 0.5086598763099084 0.04521222756459163 0.014853697556715745 0.014779411829434909
0 0.5837289370023288 0.8382376157320462 0.016382804283728965 0.016159937931941107
0 0.8544414226825421 0.5836264170133151 0.014394613412710337 0.014214295607346755
0 0.666930051950308 0.5298656316903921 0.11435743478628305 0.11334786048302284
0 0.4464996044452374 0.8125965411846454 0.015229591956505409 0.015530659602238582
0 0.386751101567195 0.5301116429842435 0.014944223257211538 0.015163054833045373
0 0.9755450028639573 0.006909678188654093 0.015993265005258415 0.012955705706889812
0 0.012711690022395207 0.8781095651479868 0.01994400299512423 0.021111708420973558
0 0.64977293748122 0.5702221210186298 0.014977381779597355 0.015149336594801683
0 0.5180832055898813 0.025485235911149245 0.014787820669320913 0.014778493688656734
0 0.5225236599261944 0.5793205407949594 0.11278849381666917 0.1144412114070012
0 0.8800794161283053 0.282192010145921 0.013863343458909255 0.014126190772423377
0 0.07525381675133339 0.04756277341109056 0.014352523363553561 0.014172847454364482
0 0.6822683627788837 0.6385254493126502 0.017530294565054085 0.017886822040264424
0 0.7410480792705829 0.9743727170504056 0.014179229736328125 0.014338273268479567
0 0.6171418703519381 0.8002917949969952 0.02016757084773137 0.019907731276292067
0 0.5306495519784781 0.7452198908879206 0.01849497281588041 0.018404447115384616
0 0.30637282591599685 0.952719468336839 0.016681597783015326 0.016948993389423076
0 0.8440830524151142 0.31740548060490537 0.014062147874098558 0.013679944551908053
0 0.42281334216778094 0.8432281200702374 0.01631032503568209 0.016551971435546875
0 0.5554311458881085 0.7797743723942683 0.02329679635854868 0.023433098426231973
0 0.9092995570256159 0.6239471435546875 0.018195519080528848 0.018185212061955378
0 0.9247240653404822 0.9790218059833233 0.015927241398737982 0.016001481276292067
0 0.7635908860426682 0.7581844329833984 0.015082139235276442 0.015108842116135817
0 0.6878664310161884 0.08503755239339975 0.021709295419546273 0.021438103455763597
0 0.16800381587101862 0.4731704271756686 0.019185249622051533 0.01892221890963041
0 0.15395678006685698 0.9650831956129807 0.01455980997819167 0.014659294715294471
0 0.860237928537222 0.1699219300196721 0.015291067270132212 0.015169070317195011
0 0.4931638424213116 0.037507352920678944 0.01603111853966346 0.015753200420966514
0 0.11422843199509841 0.06709438562393188 0.016024993016169622 0.015658882948068473
0 0.5840768080491286 0.7924163524921124 0.018719306358924277 0.018780928391676683
0 0.37912757580096906 0.33794171993549055 0.014783419095552884 0.015047733600323018
0 0.7507111476017878 0.083527711721567 0.014144017146183895 0.01466650229233962
0 0.5378292890695425 0.5001018230731671 0.02620586982140174 0.026317889873798076
0 0.14242724271921012 0.8984957474928635 0.018514669858492337 0.018366593580979567
0 0.5615706076988807 0.79547119140625 0.01758707486666166 0.017657940204326924
0 0.9414490919846755 0.1723796037527231 0.013777219332181491 0.013819254361666165
0 0.4472037828885592 0.7134439028226413 0.015017069303072415 0.015246171217698317
0 0.27946219077477086 0.1688566391284649 0.20038538712721604 0.20412584451528695
0 0.4337342702425443 0.5335280345036433 0.016631713280310996 0.01655270503117488
0 0.7594573681171124 0.6880446947537936 0.014944956852839543 0.014885975764347957
0 0.6277411534236028 0.07392652218158428 0.015578343318058895 0.015263667473426232
0 0.8072971930870643 0.34530404897836536 0.015478574312650241 0.016005809490497295
0 0.14126555736248309 0.5404847952035757 0.016614620502178486 0.01669179476224459
0 0.9885459313025842 0.7730492811936599 0.01789093017578125 0.019696895892803486
0 0.7784260969895583 0.7790245643028846 0.01618018517127404 0.01620630117563101
0 0.9623540731576773 0.9751063126784104 0.015394944411057692 0.015249399038461538
0 0.5039867254403921 0.7849407196044922 0.013482460608849159 0.013542468731219951
0 0.8463360713078425 0.12200593948364258 0.013903984656700721 0.013966872141911434
0 0.5293086492098295 0.7426231090839093 0.02064338097205529 0.020359332744891826
0 0.5269659482515775 0.3311801323523888 0.013674075786884014 0.013681851900540866
0 0.4703486515925481 0.8635562016413763 0.014928084153395433 0.015355330247145433
0 0.48520609048696667 0.870448479285607 0.013312413142277645 0.013599395751953125
