0 0.48874484575711763 0.3366133983318622 0.06484200404240535 0.06571300213153546
0 0.10266683651850773 0.9566148611215445 0.09872806989229642 0.08106583815354568
0 0.2236480896289532 0.02475281632863558 0.047613327319805436 0.04664934139985304
0 0.7014744098369892 0.3334123171292819 0.04027498685396635 0.04068492009089543
0 0.06841516036253709 0.1323456489122831 0.04604169955620399 0.04576644530663124
0 0.07126480340957642 0.6582582913912259 0.04472867342141958 0.044881380521334134
0 0.7563133973341721 0.9098029503455529 0.03756508460411659 0.03765517014723558
0 0.3995075959425706 0.04346476609890278 0.04528119013859676 0.044799208641052246
0 0.710474234360915 0.8047879292414739 0.031836289625901446 0.03203377356896034
0 0.064533348266895 0.6018661352304312 0.030531855729910042 0.030317159799429085
0 0.06844212458683895 0.06083232622880202 0.02193929598881648 0.021810192328232985
0 0.13326909908881554 0.4594856408926157 0.0366518497467041 0.03649689601017879
0 0.3496566185584435 0.7156128516564002 0.02367885296161358 0.023823371300330527
0 0.4898364360515888 0.22131197269146258 0.025047815763033353 0.02521346165583684
0 0.09274601936340332 0.8390342272244967 0.020832630304189827 0.020859791682316706
0 0.09850681745089017 0.20057940483093262 0.022010638163639948 0.022044915419358473
0 0.44260003016545224 0.35585333750798154 0.028362420889047477 0.028645808880145732
0 0.22238742388211763 0.6633137923020583 0.029801662151630107 0.029511084923377402
0 0.025103431481581468 0.8272184225229117 0.02310494276193472 0.02322240976186899
0 0.6711748563326322 0.19472089180579552 0.020531874436598558 0.020429024329552285
0 0.33364229935866135 0.4484233122605544 0.02393957284780649 0.02405548095703125
0 0.25211339730482835 0.254878227527325 0.020302479083721455 0.020238142747145433
0 0.7552981743445764 0.30837147052471453 0.018970489501953125 0.01894057714022123
0 0.6947053028987005 0.20807765080378607 0.020847173837515023 0.020810934213491585
0 0.174850738965548 0.677182124211238 0.02240595450768104 0.02232947716346154
0 0.15314950392796442 0.2067114756657527 0.024696881954486553 0.02485495347243089
0 0.5583180647629958 0.11958198363964374 0.022063622107872598 0.021994609099168044
0 0.9726646129901593 0.20692704274104193 0.020713219275841348 0.022835511427659255
0 0.22404140692490798 0.5547365775475135 0.02084046143751878 0.02103600135216346
0 0.10607425983135517 0.6475269611065204 0.03125418149507963 0.03124823937049279
0 0.6333778087909405 0.3946894132173978 0.022655193622295674 0.022983330946702223
0 0.592440678523137 0.12733144026536208 0.02230101365309495 0.022371732271634616
0 0.14044574590829703 0.8921555739182693 0.06696697381826547 0.06642473660982572
0 0.38819467104398286 0.5126625207754282 0.04244188161996695 0.04232435960036058
0 0.12950304838327262 0.723295651949369 0.016451395474947415 0.01645836463341346
0 0.36138336475078875 0.9371400246253381 0.026092382577749398 0.02637026860163762
0 0.12413398119119498 0.6706537099984976 0.02465209594139686 0.024701631986177884
0 0.5649853486281174 0.24408754935631385 0.03718860332782452 0.03707430912898137
0 0.11565468861506535 0.8188768533559946 0.018334425412691556 0.01825714111328125
0 0.09910820080683781 0.4901734498830942 0.017972689408522386 0.017887702355018027
0 0.8917415325458233 0.8908559359036959 0.019497798039362982 0.019472855788010817
0 0.7905565408559946 0.6625951620248648 0.016157003549429085 0.016267923208383415
0 0.6113733144906851 0.0628961232992319 0.015558976393479567 0.01540360083946815
0 0.5761556625366211 0.28539488865778995 0.024199852576622598 0.02431179926945613
0 0.054819693932166465 0.18021293786855844 0.017332077026367188 0.01741445981539213
0 0.7636223572951096 0.43143778580885667 0.019277279193584736 0.01917868394118089
0 0.6696253556471604 0.9745383629432092 0.023570720966045674 0.02328623258150541
0 0.058210904781634994 0.10656543878408578 0.020006491587712213 0.019861661470853366
0 0.9321911151592548 0.20048577968890852 0.029571679922250602 0.02959742912879357
0 0.317474915431096 0.5964787556574895 0.01586774679330679 0.015993411724384014
0 0.5646648406982422 0.26435224826519305 0.024112994854266826 0.024533198429987982
0 0.8576041001539964 0.387723262493427 0.029078850379356973 0.029093375572791465
0 0.4669973666851337 0.9619969588059646 0.02405269329364483 0.024141458364633415
0 0.32579436668982875 0.566162109375 0.01893923832820012 0.01927669231708233
0 0.07625493636498085 0.2240124115577111 0.015000013204721304 0.014832129845252404
0 0.7272944817176232 0.20780097521268404 0.014825087327223558 0.014930945176344652
0 0.0422431780741765 0.6457675787118765 0.02015244273039011 0.020387649536132812
0 0.6186750852144681 0.5137561284578763 0.02300405502319336 0.02343595944918119
0 0.8435978522667518 0.43384485978346604 0.015877356896033652 0.01585813669057993
0 0.585057992201585 0.2618128152994009 0.019603875967172477 0.020035633674034707
0 0.22335481643676758 0.5685882201561561 0.021599256075345553 0.021752577561598558
0 0.5831055641174316 0.5432656361506536 0.01538540766789363 0.015208757840670072
0 0.20604170285738432 0.6710810294518104 0.019346090463491585 0.01925996633676382
0 0.5390470578120306 0.34043392768272984 0.03181303464449369 0.031218602107121393
0 0.4826837686391977 0.3945747522207407 0.017008047837477464 0.017217636108398438
0 0.4188876152038574 0.34097986954909104 0.015172004699707031 0.015085293696476864
0 0.6773973611684946 0.224593107516949 0.018314655010516826 0.018363072321965143
0 0.8870023580697867 0.8398953951322116 0.03232926588792067 0.032222747802734375
0 0.5431345426119291 0.2334430034344013 0.028371664193960335 0.02842573019174429
0 0.0439454041994535 0.6982037470890925 0.01695427527794471 0.016895294189453125
0 0.6003472254826472 0.5553395931537335 0.026566432072566107 0.02661294203538161
0 0.4734320273766151 0.11403269034165603 0.0886086684006911 0.08929736797626202
0 0.5007938971886268 0.8921811030461237 0.018189210158128005 0.01793641310471755
0 0.32302651038536656 0.08809927793649527 0.015335669884314904 0.015312745020939754
0 0.03834076798879183 0.10642521197979267 0.018557699827047493 0.018228750962477464
0 0.822911262512207 0.30493640899658203 0.014807481032151442 0.014717982365534855
0 0.5702934265136719 0.44332977441641 0.015082432673527645 0.015249178959773136
0 0.30567352588360125 0.8377593113825872 0.04221791487473708 0.04199057358961839
0 0.656983889066256 0.4568486580481896 0.019012451171875 0.019100115849421576
0 0.28196855691763073 0.28501490446237415 0.01682435549222506 0.01665185048029973
0 0.7606312678410456 0.7431698579054612 0.015374403733473558 0.015673417311448317
0 0.7271112295297476 0.22370349443875825 0.01584038367638221 0.015903766338641826
0 0.025405092881276056 0.7222751470712515 0.017117367340968206 0.016871525691105768
0 0.729867201585036 0.12628991787250227 0.015051768376277043 0.014803189497727614
0 0.07977406795208271 0.484404233785776 0.024822670679826003 0.024609859173114482
0 0.5182288243220403 0.8555110784677359 0.01656062786395733 0.016451322115384616
0 0.407073241013747 0.6584543081430289 0.013735551100510817 0.013681851900540866
0 0.6261886449960562 0.4953894248375526 0.019242066603440505 0.019617300767164964
0 0.09771086619450496 0.38540854820838344 0.02071659381573017 0.02034906240609976
0 0.0204162230858436 0.25983700385460484 0.014033175431765042 0.015654820662278395
0 0.23344711156991813 0.37597766289344203 0.014414127056415264 0.014264766986553486
0 0.90569701561561 0.7118345407339243 0.02141996530386118 0.021827110877403848
0 0.6975985306959885 0.48692960005540115 0.014387864332932692 0.014296531677246094
0 0.6780801919790415 0.23913269776564378 0.017078106219951924 0.016651006845327523
0 0.7577950404240534 0.3477151577289288 0.016493870661808893 0.01624635549692007
0 0.6193341475266677 0.5754353449894831 0.028698517726017878 0.028914671677809495
0 0.15093073478111854 0.5855657137357272 0.016089255993182842 0.015818082369290866
0 0.10853143838735727 0.18563409952016977 0.014605118678166317 0.015059251051682692
0 0.05002255623157208 0.08897542953491211 0.015208556101872371 0.015161991119384766
0 0.8101659921499399 0.029102474451065063 0.061004932110126205 0.056247440668252796
0 0.047115170038663425 0.15562383945171648 0.021152798946087178 0.020947832327622633
0 0.48445422832782453 0.41166576972374547 0.015400373018704928 0.015346380380483774
0 0.21688057826115534 0.2700204115647536 0.015729757455679085 0.0156402587890625
0 0.7342044390164889 0.9588775634765625 0.027530523446890023 0.027888664832481973
0 0.7286087916447566 0.9213399153489333 0.02649688720703125 0.0263522221491887
0 0.09924871187943679 0.38787049513596755 0.019150422169612005 0.018592100877028245
0 0.5154659564678485 0.18597870606642503 0.014462104210486779 0.014609666971059946
0 0.5607456060556265 0.9712147345909705 0.029488343458909255 0.02963403555063101
0 0.04928117531996507 0.788599601158729 0.014613976845374474 0.014591803917518029
0 0.7042157099797175 0.2792673110961914 0.0159912109375 0.015965681809645433
0 0.6893344292273889 0.2858775212214543 0.014325361985426683 0.014424910912146935
0 0.944086661705604 0.05674949059119591 0.03755804208608774 0.03795790443053612
0 0.273466183589055 0.08374561713292049 0.01786635472224309 0.017525177735548753
0 0.6010198226341834 0.2573770009554349 0.016177984384390023 0.016248336205115683
0 0.02514745180423443 0.12314402140103854 0.0229873748926016 0.02501685802753155
0 0.860389416034405 0.14832166525033805 0.03290499173677885 0.034646254319411054
0 0.8230302517230694 0.4404645332923302 0.015276248638446514 0.015219028179462139
0 0.506172620333158 0.4430492107684796 0.014393879817082332 0.014086429889385518
0 0.6587428313035232 0.45542218134953427 0.023206270658052884 0.022648077744704027
0 0.9282731276292068 0.4979095092186561 0.01415722186748798 0.014219210698054386
0 0.28659849900465745 0.5521177145150992 0.019270896911621094 0.019526848426231973
