0 0.2999086380004883 0.0519028535256019 0.12272585355318509 0.10137482789846566
0 0.08237847915062538 0.037692014987652116 0.0709838500389686 0.07029139078580417
0 0.138475619829618 0.31728784854595476 0.02958202362060547 0.029473231388972357
0 0.2950482735267052 0.09580276562617375 0.0377503175001878 0.03719667287973257
0 0.048697205690237194 0.6358602963961087 0.025263256751574002 0.025491714477539062
0 0.8971157073974609 0.6412550852848933 0.20449300912710336 0.2938707791841947
0 0.5229224425095779 0.3370654399578388 0.02823492196890024 0.02845588097205529
0 0.7857492887056791 0.13608406140254095 0.023116331834059495 0.023069326694195088
0 0.8787706081683819 0.7805034930889423 0.0273434565617488 0.0273590087890625
0 0.5672158461350661 0.29270421541654146 0.04811778435340294 0.04814837529109074
0 0.8381779010479267 0.024458894362816445 0.039629422701322116 0.03968552442697378
0 0.05665990939507118 0.4042089535639836 0.023882113970243014 0.0240171139056866
0 0.8785252204308143 0.44313885615422177 0.017969278188852165 0.01800368382380559
0 0.020135682362776536 0.1681519655080942 0.0244214993256789 0.023879271287184495
0 0.387976206265963 0.8147320380577674 0.023053536048302285 0.02327566880446214
0 0.8189216026893029 0.10025886388925406 0.019280360295222357 0.019153099793654222
0 0.57726317185622 0.47650146484375 0.019057493943434495 0.018719306358924277
0 0.6575717926025391 0.08910464323483981 0.025657800527719352 0.025771251091590293
0 0.7574882507324219 0.47263262822077823 0.019289163442758415 0.01922431358924279
0 0.609165044931265 0.27178012407743013 0.05605242802546574 0.056544010455791764
0 0.4698285689720741 0.1370319128036499 0.06153524838961088 0.061644682517418496
0 0.7398086694570688 0.06929223354046161 0.022949365469125602 0.02319640379685622
0 0.3777770262498122 0.1751845799959623 0.03722454951359676 0.0375678355877216
0 0.4434784742502066 0.969979506272536 0.02169653085561899 0.021560082068810098
0 0.3712298319889949 0.8612353985126202 0.024789810180664062 0.025423196645883415
0 0.2408295961526724 0.6068150446965144 0.016486974862905648 0.01650238037109375
0 0.4000555185171274 0.14531506024874175 0.023120293250450723 0.02282252678504357
0 0.5322677172147311 0.24829833324138934 0.03886736356295072 0.03895898965688852
0 0.2850905198317308 0.5767845740685096 0.016038821293757513 0.016520573542668268
0 0.16177711120018592 0.5423937210669885 0.015426305624154897 0.015504250159630409
0 0.6496317936823919 0.21541070938110352 0.017231574425330527 0.016995980189396784
0 0.7424149146446815 0.21349096298217773 0.016965425931490384 0.01690527108999399
0 0.9268065966092623 0.4567437171936035 0.014964910653921274 0.014878126291128306
0 0.2569804558387169 0.641026130089393 0.016336917877197266 0.01632059537447416
0 0.6481656294602615 0.009833138722639818 0.030230008638822116 0.018701965992267314
0 0.13801360130310059 0.6473240485558143 0.017587845142071065 0.017890049861027643
0 0.18715266081003043 0.07825469970703125 0.015769518338716947 0.015589035474337064
0 0.7568482619065505 0.2645566280071552 0.015911689171424277 0.015891368572528545
0 0.17326813477736253 0.19382500648498535 0.04592923934643085 0.045746876643254206
0 0.26158912365253156 0.6809263962965745 0.020933151245117188 0.021158365102914665
0 0.6458203975970929 0.3606117688692533 0.015295468843900241 0.015432797945462741
0 0.7563288028423603 0.23464628366323617 0.026489697969876803 0.026592768155611478
0 0.30939964147714466 0.9867109151986929 0.021991949815016527 0.02018429682804988
0 0.5139641394981971 0.21240652524507964 0.025760357196514424 0.025835550748384915
0 0.871407728928786 0.07960113195272592 0.08779716491699219 0.08748910977290227
0 0.8875995049109826 0.48459478525015026 0.015604312603290264 0.015765997079702523
0 0.4826960930457482 0.19767225705660307 0.016449414766751803 0.01635588132418119
0 0.5385160079369178 0.04100948113661546 0.014941582312950721 0.014924177756676307
0 0.5422664055457482 0.16286954512962928 0.02818430387056791 0.028740369356595553
0 0.22949580045846793 0.3004082716428317 0.014831909766564002 0.01499003630418044
0 0.37473671252910906 0.14290118217468262 0.016820834233210638 0.016648035783034105
0 0.49212044935960036 0.8667587133554312 0.09753784766564003 0.09844002356896034
0 0.5533931438739483 0.6399990228506235 0.015764529888446514 0.01605826157789964
0 0.9274534078744742 0.04697580520923321 0.03834988520695613 0.0384825009566087
0 0.652344850393442 0.1472169252542349 0.026455805851862982 0.026905389932485726
0 0.6499996918898362 0.8263297447791467 0.03744169381948618 0.03772735595703125
0 0.6909864865816556 0.925040758573092 0.03912485562838041 0.03992550189678486
0 0.9075556534987229 0.9065479131845328 0.01457683856670673 0.014811882605919471
0 0.3392787346473107 0.9553156632643479 0.03734155801626352 0.037410589364858776
0 0.21193225567157453 0.37800257022564226 0.013875887944148136 0.014010356022761418
