0 0.14932089585524339 0.2591877533839299 0.07723071024968074 0.07762424762432392
0 0.9471319638765775 0.5151022764352652 0.06384042593149039 0.06342719151423527
0 0.9548216599684495 0.6131756489093487 0.08341921292818509 0.13471478682297927
0 0.8370338586660532 0.5489768615135779 0.056106273944561295 0.05641387059138371
0 0.9066947790292593 0.5622147413400503 0.06131245539738582 0.06159261556772085
0 0.29480504989624023 0.6254183695866511 0.048734884995680586 0.04879540663499098
0 0.6070166367750901 0.04958824469492985 0.05376918499286358 0.05377581486335167
0 0.6479866321270282 0.7397771248450646 0.05442384573129507 0.054113534780649036
0 0.13601790024684027 0.44585051903357875 0.03355567271892841 0.033691112811748795
0 0.49365773567786586 0.3660389826847957 0.05587849250206581 0.05569296616774339
0 0.07956105012160081 0.9424046736497146 0.0602266238285945 0.059434744027944714
0 0.28235730758080113 0.41872127239520734 0.0362999622638409 0.03631914578951322
0 0.4878094012920673 0.6331090927124023 0.02660208482008714 0.026665320763221152
0 0.8852070294893705 0.7783160576453576 0.01799642122708834 0.01817453824556791
0 0.7798571953406701 0.39807488368107724 0.0488128662109375 0.048738332895132214
0 0.03401706998164837 0.9209552178016076 0.04620907398370596 0.046803987943209134
0 0.7963790893554688 0.6723229334904597 0.03979844313401442 0.03951820960411659
0 0.6257711557241586 0.6495649631206806 0.020320598895733174 0.020325587346003607
0 0.7741509951077975 0.14961822216327375 0.046980050893930286 0.046831827897291914
0 0.051412531962761514 0.16912126541137695 0.02693476126744197 0.026853267963115986
0 0.49059266310471755 0.5671428533700796 0.023351522592397835 0.023381746732271634
0 0.5864321635319636 0.7260450216440054 0.01874373509333684 0.01874718299278846
0 0.15031128663283128 0.9210411952092097 0.03931742448073167 0.040298168475811295
0 0.10766400740696834 0.6488513212937576 0.027241083291860726 0.027181038489708535
0 0.7422070136437049 0.816306994511531 0.018147101769080527 0.018317589393028848
0 0.36522990006666917 0.3897430713360126 0.037299082829402044 0.03773219768817608
0 0.7601100481473483 0.276627779006958 0.02542906541090745 0.02530527114868164
0 0.13569269730494574 0.6843898479755108 0.017849463682908278 0.01771369347205529
0 0.08758247815645658 0.7837048310499924 0.0311587407038762 0.030915186955378607
0 0.9286619333120493 0.752098010136531 0.021801581749549277 0.02181552006648137
0 0.8523842738224909 0.07252593223865215 0.05161285400390625 0.05215017612163837
0 0.7316162402813251 0.8551318828876202 0.0171969487116887 0.017231280987079326
0 0.07229209863222562 0.5491495132446289 0.017959741445688102 0.01775022653432993
0 0.2132881237910344 0.5017493321345403 0.024888111994816706 0.025109511155348558
0 0.8878533289982722 0.7524350973275992 0.020698107205904447 0.020888401911808893
0 0.6354698768028846 0.14112076392540565 0.03871844365046574 0.03861673061664288
0 0.3243830754206731 0.07639177487446712 0.017269354600172777 0.01721775531768799
0 0.2529621491065392 0.33903048588679385 0.020900506239670973 0.02098699716421274
0 0.7350751436673678 0.21628810809208796 0.04662660452035757 0.046319814828725964
0 0.04778674015632042 0.4316299878633939 0.038579894946171686 0.03831261854905348
0 0.1243277329664964 0.48606087611271787 0.021480486943171576 0.021353941697340745
0 0.057203893478100114 0.029163667788872354 0.030337874705974873 0.03069924391233004
0 0.6486175243671124 0.7074940021221454 0.019970820500300482 0.020159207857572116
0 0.5614951940683218 0.08209718190706693 0.039940907404972956 0.03993668923011193
0 0.31188212908231294 0.46402795498187727 0.02909117478590745 0.029616796053372897
0 0.7447642546433669 0.6220593085655799 0.017331490149864785 0.017413799579326924
0 0.9010297335111178 0.5196260305551382 0.028847327599158652 0.02846189645620493
0 0.8672661414513221 0.7792585813082181 0.020494901216947116 0.020530847402719352
0 0.2880724026606633 0.3955868207491361 0.017828024350679837 0.017642387977013223
0 0.21834668746361366 0.1328612474294809 0.025700165675236628 0.0258786128117488
0 0.15194765421060416 0.53639738376324 0.016980519661536582 0.016879815321702223
0 0.8051896462073693 0.6285155369685247 0.02350763174203726 0.023511446439302884
0 0.2493285032419058 0.9241388761080228 0.02071490654578576 0.020842625544621393
0 0.5214661818284255 0.07300731768974891 0.022005521334134616 0.021813117540799655
0 0.09344176145700309 0.10774595003861648 0.10451863362238957 0.10481131993807279
0 0.2742107648115892 0.3015751471886268 0.02374421633206881 0.023656918452336237
0 0.2036745731647198 0.11027452578911415 0.025863794180063102 0.02576288810143104
0 0.8954878586989182 0.8896286304180439 0.19618929349459135 0.21608998225285456
0 0.8504893963153546 0.6582891024076022 0.020430638239933893 0.020382220928485576
0 0.8368035829984225 0.2200183501610389 0.052398388202373795 0.05290651321411133
0 0.30092617181631237 0.31806711050180286 0.022051591139573317 0.02212869204007662
0 0.29535528329702526 0.08710167041191688 0.0405267568734976 0.040712870084322415
0 0.8016303135798528 0.13920178780188927 0.10132598876953125 0.10393307759211613
0 0.3887501496535081 0.37056559782761794 0.030504226684570312 0.030559759873610277
0 0.6009917626014123 0.6273755293626052 0.015513933621920072 0.015197167029747596
0 0.2757377807910626 0.17252164620619553 0.024173479813795824 0.02416838132418119
0 0.33649653654832107 0.6921955988957331 0.10990626995380108 0.10996715839092548
0 0.31187739739051235 0.3756864254291241 0.016839027404785156 0.01665320763221154
0 0.09297478199005127 0.8928909301757812 0.027270738895122822 0.02726261432354267
0 0.25960885561429536 0.3861391360943134 0.041596449338472806 0.042151377751277044
0 0.8213087228628305 0.18006359613858736 0.07688023493840145 0.07487715207613431
0 0.22464876908522385 0.056264400482177734 0.04018138005183293 0.04005896128140963
0 0.8259837810809796 0.4653217609112079 0.01958612295297476 0.01955692584698017
0 0.29711257494412935 0.3786910130427434 0.01603559347299429 0.016272251422588643
0 0.14651779028085563 0.3486364437983586 0.01980246030367338 0.019847869873046875
0 0.6192772938654973 0.11707807504213773 0.016149520874023438 0.01576379629281851
0 0.7022229708158053 0.7861378009502704 0.02386474609375 0.023804591252253607
0 0.11136642786172721 0.9689281903780423 0.018001849834735576 0.017706797673152044
0 0.13727672283466047 0.6984101075392503 0.030191898345947266 0.032026437612680286
0 0.15578590906583345 0.9416517110971304 0.02082971426156851 0.020377232478215143
0 0.3432909892155574 0.3376850715050331 0.03387260437011719 0.033658394446739785
0 0.21554745160616362 0.3853637988750751 0.016011604895958535 0.016292278583233174
0 0.35676097869873047 0.5884027847876916 0.016068018399752103 0.01606904543363131
0 0.7368468504685622 0.5560143544123723 0.02760901817908654 0.02749178959773137
0 0.09899410834679237 0.8441405663123498 0.0394294078533466 0.0398710691011869
0 0.13703261888944185 0.5035599928635818 0.0182190124805157 0.018044178302471455
0 0.8953935916607196 0.15597229737501878 0.06266241807204026 0.06290787916917068
0 0.7073340782752404 0.6124961559589093 0.0155792236328125 0.01591154245229868
0 0.11212647878206693 0.6688074698814979 0.015479784745436449 0.015247785128079928
0 0.32326823014479417 0.3757460667536809 0.024985240055964544 0.024166107177734375
0 0.6563493288480319 0.769009516789363 0.016117976262019232 0.015928121713491585
0 0.1037140626173753 0.4781958506657527 0.014813093038705679 0.01432492182804988
0 0.8158873778123122 0.6960074351384089 0.014783272376427284 0.014883628258338341
0 0.9607023092416617 0.46355680318979114 0.03442793626051683 0.03493294349083534
0 0.09296083450317383 0.853482173039363 0.027599151317889873 0.027989020714393027
0 0.08868929056020883 0.9781953371488131 0.019225322283231296 0.019186900212214544
0 0.34946019832904524 0.22116818794837365 0.04457928584172176 0.04503162090594952
0 0.9756409571721003 0.40054075534527117 0.025965763972355768 0.025681789104755107
0 0.08087913806621845 0.8272895812988281 0.030672151308793288 0.030775803786057692
0 0.5150288068331205 0.10612786733187161 0.034978279700646035 0.035064330467810996
0 0.28374196932866025 0.5254726043114295 0.017304016993596003 0.017495008615347054
0 0.5185973827655499 0.1558507222395677 0.018144607543945312 0.017963996300330527
0 0.028930824536543626 0.15075891751509446 0.05331599712371826 0.05449784719027006
0 0.36229206965519833 0.928809826190655 0.01520083500788762 0.015055436354417067
0 0.034094196099501387 0.18640254094050482 0.015742100202120267 0.015874715951772835
0 0.7386545034555289 0.7874403733473557 0.014939528245192308 0.014871744009164663
0 0.19533140842731184 0.6500418736384466 0.018668101384089544 0.018530772282527044
0 0.2736031458928035 0.9643338276789739 0.028684322650615986 0.028525865994966947
0 0.47742645557110125 0.5491076249342698 0.018692750197190505 0.01881863520695613
0 0.6785178551307092 0.712739137502817 0.023477994478665866 0.02400544973520132
0 0.31097907286423904 0.5534356190608098 0.016928892869215745 0.017182130080003005
0 0.4747375708359938 0.1436817187529344 0.024726720956655648 0.024691453346839316
0 0.9170901225163386 0.7312282415536734 0.018080784724308893 0.01888729975773738
0 0.1185763432429387 0.1763442479647123 0.03665645305926983 0.03650034390963041
0 0.28418595974261945 0.3320799240699181 0.015145448537973257 0.015301851125863882
0 0.14798352351555458 0.04390240632570707 0.06641518152677096 0.06707673806410569
0 0.5612729879525992 0.6688509721022385 0.01946889437161959 0.019669165978064902
0 0.05532979965209961 0.612913938669058 0.019658455481896035 0.01996759267953726
0 0.6847595801720252 0.597110051375169 0.025980289165790264 0.025811122013972357
0 0.6723833817702073 0.47723894852858323 0.03103945805476262 0.03231121943547176
0 0.66815552344689 0.4753410265995906 0.039846567007211536 0.041126397939828724
0 0.10455021491417518 0.8402437063363882 0.028502647693340596 0.0297085688664363
0 0.1617741217980018 0.7907405266394982 0.025382041931152344 0.025493621826171875
0 0.29310747293325573 0.7579436668982873 0.035358428955078125 0.03501627995417668
0 0.13302919497856727 0.7000238712017353 0.02376272128178523 0.022556891808143027
