0 0.3491801481980544 0.6834017680241511 0.24887246351975661 0.2499991196852464
0 0.5522469740647536 0.32455037190363956 0.08195187495304988 0.0825054462139423
0 0.0861509213080773 0.408599486717811 0.04695837772809542 0.047062066885141224
0 0.8034790479219877 0.7074067042424128 0.051871079664963946 0.051975250244140625
0 0.5041517844566932 0.22844107334430402 0.06771630507249099 0.06815884663508488
0 0.8992952200082632 0.3240375518798828 0.07213152371920072 0.07381543746361366
0 0.6718940001267654 0.5174329464252179 0.07015683100773738 0.07016622103177585
0 0.5674748787513146 0.5165810951819787 0.1078959244948167 0.10894019787128155
0 0.8990139594444861 0.938750487107497 0.04136437636155348 0.04177783085749699
0 0.9447031754713792 0.8702322152944711 0.035430614764873795 0.03555004413311298
0 0.6198510390061599 0.10039692658644456 0.03643886859600361 0.03658039753253643
0 0.7845221299391526 0.4728468381441556 0.031787725595327526 0.031798142653245196
0 0.7466003711407001 0.8352028039785532 0.021715310903695915 0.021668214064378005
0 0.7045389322134165 0.9544711479773889 0.01990685096153846 0.0200808598445012
0 0.9635331080510066 0.6003529475285456 0.0542140373816857 0.0651091062105619
0 0.8160005716177133 0.6601751767672025 0.03843278151292067 0.038696582500751205
0 0.055128748600299544 0.46143744542048526 0.026779669981736403 0.026490431565504808
0 0.6786969991830679 0.032379936713438764 0.023213313176081732 0.023123223047990065
0 0.11166929281674899 0.8877952282245343 0.019807081956129808 0.019898341252253607
0 0.1662763082064115 0.2161871469937838 0.018833343799297627 0.018699499276968148
0 0.5235481262207031 0.09306121789492093 0.03306154104379507 0.033083237134493314
0 0.03446769485106835 0.27344197493333083 0.021426700628720798 0.021419671865609977
0 0.8668295053335336 0.6504984635573167 0.03402621929462139 0.03377386239858774
0 0.10878518911508414 0.3731801693256085 0.024337915273813102 0.02457706744854267
0 0.9039368262657752 0.860638691828801 0.020350529597355768 0.020341139573317308
0 0.819109476529635 0.31677062694843 0.048964427067683294 0.04905555798457219
0 0.5511384377112756 0.24353515184842622 0.0651246584378756 0.0621947508591872
0 0.8434261175302359 0.02314897454701937 0.023003064669095553 0.02323625637934758
0 0.7255153656005859 0.475738892188439 0.04387209965632512 0.04435597933255709
0 0.7582910977877103 0.4319623800424429 0.05055090097280649 0.050486197838416465
0 0.6485225970928485 0.9835717127873347 0.023852128248948317 0.023609748253455527
0 0.04230479093698355 0.3331915782048152 0.022283918582476102 0.022329257084773138
0 0.03934135345312265 0.7606375767634466 0.06727635860443115 0.10196641775277945
0 0.9736292912409856 0.30633361522968 0.022541633019080527 0.02279354975773738
0 0.9428970630352314 0.9892723376934345 0.02860846886268029 0.020161848801832933
0 0.709170048053448 0.21815835512601411 0.0216217041015625 0.02187068645770733
0 0.05254103128726666 0.09254382206843449 0.017965408471914437 0.01818253443791316
0 0.022220739951500527 0.30540183874276966 0.02748836003817045 0.03440783574030949
0 0.7657566070556641 0.5740314630361704 0.049283394446739785 0.049626717200646035
0 0.0784451411320613 0.7058165623591497 0.046666732201209433 0.04691989605243389
0 0.6361635648287259 0.4418147160456731 0.022153267493614785 0.021787496713491585
0 0.9379598177396334 0.7310382402860202 0.057918548583984375 0.057776231032151446
0 0.1280832290649414 0.3142519730788011 0.02133787595308744 0.021515937951894906
0 0.42740909869854266 0.09389339960538425 0.015527431781475361 0.01517923061664288
0 0.9483625705425556 0.4900670418372521 0.051740206204927884 0.05159084613506611
0 0.015734906379993144 0.6765877650334284 0.019085306387681227 0.023447330181415264
0 0.26683825712937576 0.9546629098745493 0.0954130612886869 0.08309775132399339
0 0.8376198548537034 0.6815194350022536 0.0319209465613732 0.031345514150766224
0 0.8320077749399039 0.1385489793924185 0.01975103525015024 0.019540786743164062
0 0.472623898432805 0.1680766619168795 0.02719600384051983 0.026541856619027946
0 0.8218897306002103 0.8569685862614558 0.015226364135742188 0.015093730046198918
0 0.0801462118442242 0.07153306557581975 0.01985647128178523 0.019933792260976937
0 0.6202821731567383 0.8765198634221003 0.01709468548114483 0.016977310180664062
0 0.8851012449998122 0.8314203115609976 0.02071380615234375 0.021068866436298076
0 0.10751854456388034 0.14547104101914626 0.019327493814321663 0.019603545849139873
0 0.8832812676062951 0.7235385454618014 0.03896683913010817 0.038870004507211536
0 0.7095115368182843 0.9802550535935622 0.060633145845853366 0.03661815936748798
0 0.9795477940486028 0.21892503591684195 0.018445528470552884 0.025030209467961237
0 0.8926500173715445 0.4105807817899264 0.014713287353515625 0.014576985285832332
0 0.8442303584172175 0.38477230072021484 0.01462540259728065 0.014667364267202524
0 0.8370067889873798 0.513724473806528 0.014332991379957933 0.014395053570087139
0 0.6091150137094351 0.3733430275550255 0.056577242337740384 0.057502453143780045
0 0.8170944360586313 0.5379588053776667 0.017560371985802285 0.01749588893010066
0 0.4690719751211313 0.1289690091059758 0.02464441152719351 0.02478823295006385
0 0.6187034020057092 0.20131701689500076 0.031196154080904447 0.031274575453538164
0 0.8223549769474909 0.4192062524648813 0.042474013108473554 0.042525218083308294
0 0.8545998793381911 0.5186493213360126 0.1420619671161358 0.14444600618802583
0 0.7372695482694186 0.24137106308570275 0.03010984567495493 0.02995025194608248
0 0.7095477764423077 0.2831407693716196 0.01815032958984375 0.018528131338266227
0 0.17316948450528657 0.7007794013390174 0.02704022480891301 0.027319981501652643
0 0.9417454646183894 0.22045399592472956 0.0201413081242488 0.02034906240609976
0 0.7566393338716947 0.1323020183123075 0.01504223163311298 0.014819603699904222
0 0.7619291452261118 0.49376869201660156 0.03651927067683293 0.037352488591120794
0 0.6198155329777644 0.04429526512439434 0.029959605290339544 0.02979177924302908
0 0.5096373924842248 0.39602943567129284 0.057070365318885215 0.057235350975623496
0 0.8309474358191857 0.49858540755051833 0.016759432279146634 0.016959190368652344
0 0.9842615861159104 0.5123336131756122 0.010291026188777043 0.0158690672654372
0 0.5501322746276855 0.8603173035841721 0.04591222909780649 0.04643748356745793
0 0.18668046364417443 0.031460269139363214 0.14330504490778997 0.06161819513027485
0 0.07050079565781814 0.8128591684194711 0.05646335161649264 0.05625768808218149
0 0.9735048734224759 0.11991658577552208 0.019069818349984977 0.019504253680889424
0 0.8929682511549729 0.679387459388146 0.026732224684495192 0.026844171377328727
0 0.05240096495701717 0.7618675231933594 0.03925188688131479 0.03951322115384615
0 0.12338552108177772 0.703126100393442 0.019417762756347656 0.019745019766000602
0 0.6075400572556716 0.8224581938523513 0.014029136070838341 0.0140837155855619
0 0.941317631648137 0.5223366664006159 0.013506375826322116 0.013414676372821514
0 0.9630133555485652 0.12972413576566255 0.016450001643254206 0.016433312342717096
0 0.13378244179945725 0.9632225036621094 0.028018071101262018 0.0281527592585637
0 0.8855002476618841 0.8285930340106671 0.029489517211914062 0.029657510610727165
0 0.3141648585979755 0.1590593044574444 0.0338133298433744 0.03399379436786358
0 0.4756684670081505 0.032255158974574163 0.017238690302922174 0.01716478054340069
0 0.04335380976016705 0.11149749389061561 0.02074598349057711 0.020641913780799277
