0 0.4534451411320613 0.17350161992586577 0.2674286182110126 0.27944693198570836
0 0.34488274500920224 0.05597372238452618 0.17348516904390776 0.11204482958867
0 0.2850052210000845 0.5323363817655123 0.03908230708195613 0.039107249333308294
0 0.5438597018902118 0.7030528141902044 0.05767257396991436 0.0580743642953726
0 0.27866073755117565 0.18707110331608698 0.026447772979736328 0.026724888728215143
0 0.42867682530329776 0.8699030509361854 0.0358123779296875 0.03576381389911358
0 0.6284784903893104 0.5861838047321026 0.03592535165640024 0.03601147578312801
0 0.5544103108919584 0.9815248342660757 0.06093509380634014 0.03654802762545072
0 0.28008094200721156 0.6516094207763672 0.0234681276174692 0.02334726773775541
0 0.35236101884108323 0.4997386932373047 0.03525323134202223 0.0354760976938101
0 0.6765846839317908 0.9720724545992337 0.023279923659104567 0.022949952345628005
0 0.439084529876709 0.10995337596306434 0.03084586216853215 0.030733897135807917
0 0.2750105857849121 0.26563494022075945 0.04106448246882512 0.0423734371478741
0 0.43004424755389875 0.7519041208120493 0.03019083463228666 0.030094733605018027
0 0.651246584378756 0.7224000784067007 0.025055811955378607 0.025065201979417067
0 0.6335970071645883 0.22232504991384652 0.04722683246319111 0.04798757112943209
0 0.34427268688495344 0.45993746243990385 0.02423711923452524 0.02396561549260066
0 0.6459168654221755 0.10436039704542893 0.03311509352463942 0.03307944077711839
0 0.7034021524282602 0.18123201223520133 0.08308029174804688 0.1277616574214055
0 0.6733058049128606 0.7789503244253305 0.021990409264197715 0.022006401648888223
0 0.554076598240779 0.6315584916334885 0.02811292501596304 0.02817506056565505
0 0.4220936114971454 0.9810521052433894 0.03960565420297476 0.037537648127629206
0 0.5404899670527532 0.8313462184025691 0.03098407158484826 0.03075893108661358
0 0.4191606961763822 0.661683596097506 0.03125850970928486 0.030875572791466348
0 0.386961606832651 0.8584267542912409 0.019394801213191107 0.019564261803260215
0 0.6267227759728065 0.49009066361647385 0.059830848987285905 0.060132540189302884
0 0.6329623002272385 0.9651163541353666 0.020877251258263223 0.020539357112004206
0 0.5962809782761794 0.13689656441028303 0.044928477360652044 0.04428854355445275
0 0.360567202934852 0.8988786844106821 0.021940231323242188 0.022033104529747598
0 0.3632201048044058 0.5638465881347656 0.02412524590125451 0.024235945481520433
0 0.4643806310800406 0.8330210172213041 0.026275488046499398 0.0263827397273137
0 0.3843589195838341 0.07767103268549992 0.02641897935133714 0.026565152865189772
0 0.5994358062744141 0.9490614670973557 0.04295921325683594 0.04275864821213942
0 0.2657182950239915 0.4411310782799354 0.029653292435866136 0.04055301959698017
0 0.3113171137296237 0.9916821993314303 0.023671957162710335 0.015014941875751201
0 0.5987210273742676 0.7253047502957858 0.02121397165151743 0.021220280573918268
0 0.41503557792076695 0.06332084307303795 0.0376281004685622 0.03799659472245436
0 0.5327437474177434 0.6153701635507437 0.030670899611253005 0.030609864455003005
0 0.5519176996671237 0.6585628802959735 0.03263664245605469 0.032381497896634616
0 0.33663005095261794 0.5332409051748422 0.018338937025803786 0.018358524029071514
0 0.36071571936974156 0.9363463475153997 0.026999693650465745 0.026986048771784857
0 0.31386008629432094 0.6813479937039889 0.016859072905320387 0.01691128657414363
0 0.580349115224985 0.3393917450538048 0.15309964693509615 0.14801854353684646
0 0.3995064221895658 0.7813810935387244 0.021838261530949518 0.02170416025015024
0 0.6713654444767878 0.03395030131706825 0.017813755915715143 0.017647504806518555
0 0.5871383226834811 0.7668685913085938 0.03183335524338942 0.031625014085036054
0 0.27988041364229643 0.7802556844858023 0.0383760745708759 0.038913580087515026
0 0.44586768517127406 0.7194203596848708 0.01562646719125601 0.0155181884765625
0 0.6098850690401517 0.18903724963848406 0.04268206082857572 0.04317136911245493
0 0.6306509604820838 0.8128855778620794 0.01650061974158654 0.0163119389460637
0 0.26014368350689226 0.1874248614678016 0.015097471383901743 0.02077484130859375
0 0.5722999572753906 0.03353987748806293 0.017492147592397835 0.0176313748726478
0 0.2601911288041335 0.26938891410827637 0.01544809341430664 0.019905530489408053
0 0.38384488912729114 0.7167915931114783 0.021088233360877402 0.021071800818810098
0 0.4622059235206017 0.98455627147968 0.020864339975210335 0.020741829505333535
0 0.5411131198589618 0.9042025346022385 0.05091637831467848 0.04927737896259014
0 0.4670691123375526 0.6810551423292893 0.029524876521183893 0.029430682842548076
0 0.6959841067974384 0.9241806910588191 0.015920345599834736 0.015827765831580527
0 0.6836310166579026 0.75433349609375 0.0167697026179387 0.016852158766526442
0 0.7099229372464694 0.02272191414466271 0.020242837759164665 0.01985629705282358
0 0.34706985033475435 0.6845670846792368 0.014418748708871694 0.014122889592097355
0 0.4709904377277081 0.8783098367544321 0.015378585228553185 0.015533740703876201
0 0.43607462369478667 0.5053884799663837 0.018650935246394232 0.01901846665602464
0 0.7127209443312424 0.9109896879929763 0.02132386427659255 0.021503595205453727
0 0.3234878686758188 0.6620688805213342 0.023549666771521933 0.022358820988581732
0 0.3098946718069223 0.2573833465576172 0.019756904015174277 0.01999356196476863
0 0.30131207979642427 0.8705773720374475 0.02420777540940505 0.023962901188777044
0 0.489290164067195 0.9853222186748798 0.03145159207857572 0.028738755446213942
0 0.43883158610417294 0.8844683720515325 0.014274523808405949 0.014112325815054087
0 0.32431620817918044 0.5772393299983098 0.018270492553710938 0.01834282508263221
0 0.6486965326162485 0.9725817166841947 0.017777076134314902 0.016909379225510817
0 0.449255503140963 0.3949717741746169 0.017790794372558594 0.017950938298152044
0 0.640597050006573 0.7991334475003756 0.01793802701509916 0.017925262451171875
0 0.4343234575711764 0.8788578326885517 0.024261621328500602 0.02311853262094351
0 0.5640048980712891 0.06638169288635254 0.05436002291165865 0.05309101251455454
0 0.7144262607281024 0.9071906896737906 0.027933707604041465 0.02803949209359976
0 0.5843980495746319 0.7967627598689153 0.024704419649564303 0.02464573199932392
0 0.38263981158916766 0.4837621542123648 0.030868383554311898 0.030839039729191706
0 0.6436736767108624 0.9786520737868089 0.015958199134239785 0.015342125525841346
0 0.2598308049715482 0.5080186036916879 0.019876626821664665 0.02296785207895132
0 0.6181495373065655 0.19171817486102766 0.02915015587439904 0.029488160060002253
0 0.7205047607421875 0.07176176859782292 0.04340920081505409 0.04314738970536452
0 0.2915952022259052 0.7241955537062424 0.017725064204289362 0.017777516291691706
0 0.6760861323429987 0.5718433673565204 0.14258960577157828 0.150725584763747
0 0.6204571357140174 0.7810483345618615 0.025844830733079176 0.025718835683969352
0 0.3080509625948392 0.7025064321664664 0.019956607085007887 0.01978272658128005
