0 0.5387155092679538 0.1307766345831064 0.06401898310734676 0.06286872350252591
0 0.37926475818340594 0.09561074697054349 0.021218519944411058 0.02128740457388071
0 0.47284911229060245 0.03451269865036011 0.0209652827336238 0.020561630909259502
0 0.3270424329317533 0.05363053541917067 0.02492552537184495 0.024996097271259014
0 0.30144214630126953 0.2570854883927565 0.02546838613656851 0.02566678707416241
0 0.4320405079768254 0.05382248988518348 0.018610147329477165 0.018367822353656475
0 0.340694207411546 0.15120913432194635 0.02369836660531851 0.023865699768066406
0 0.3730649948120117 0.6255648686335638 0.019605489877554085 0.01969308119553786
0 0.5783496269812951 0.0640331323330219 0.018330500676081732 0.01800062106205867
0 0.5870370131272536 0.18498820524949294 0.018284137432391826 0.018507077143742487
0 0.5001925688523513 0.6582320286677434 0.028601426344651442 0.028888995830829326
0 0.6512427696814904 0.9026816441462591 0.019330978393554688 0.019063802865835335
0 0.6765921666071966 0.9861461932842548 0.018665313720703125 0.018703460693359375
0 0.47746731684758115 0.2971797539637639 0.01621422400841346 0.01636794897226187
0 0.4736455037043645 0.3389288828923152 0.015680679908165567 0.015680386469914362
0 0.3387581018301157 0.2709741225609413 0.017283072838416465 0.017160489008976862
0 0.4246834975022536 0.37469764856191784 0.017098500178410456 0.016928599430964544
0 0.3391823401817909 0.3036479949951172 0.016066624568058893 0.01582204378568209
0 0.6637667876023513 0.8079779698298528 0.01719328073354868 0.01733999985914964
0 0.6785018627460186 0.610476567195012 0.01635918250450721 0.01642579298753005
0 0.3200848652766301 0.20971078139085036 0.016474063579852764 0.016307794130765475
0 0.3059023893796481 0.18303298950195312 0.02449376766498272 0.02411497556246244
0 0.3586039909949669 0.13872821514423078 0.017045974731445312 0.016646898709810697
0 0.3128362802358774 0.5091447096604568 0.01729451693021334 0.0175325687115009
0 0.560419119321383 0.40648431044358474 0.018382879403921273 0.01842014606182392
0 0.3266952588008 0.9508119729849008 0.01685032477745643 0.01690981938288762
0 0.3936891555786133 0.08380409387441781 0.01607645474947416 0.01581764679688674
0 0.29489524547870344 0.3019530222966121 0.013957867255577674 0.015180294330303486
0 0.3007424794710599 0.014822046344096843 0.020128470200758714 0.019896051058402427
0 0.5215022013737605 0.1901431267078106 0.014415300809420072 0.014104109544020433
0 0.4093974553621732 0.2339784915630634 0.014480370741624098 0.01448976076566256
