0 0.8408394593458909 0.9056251966036283 0.14659485450157753 0.18704531742976263
0 0.1287381098820613 0.5158586502075195 0.023131627302903395 0.02311574495755709
0 0.8072854555570163 0.3090248107910156 0.021265176626352165 0.02139135507436899
0 0.5657746608440692 0.24425205817589393 0.024474217341496393 0.024414796095628005
0 0.4885888466468224 0.5068813470693735 0.025431339557354268 0.024903077345628005
0 0.5589859302227314 0.3965034484863281 0.028719975398137018 0.029165267944335938
0 0.4822835188645583 0.5230430089510404 0.12410325270432693 0.12381472954383263
0 0.5743743089529184 0.5662800715519831 0.04825298602764423 0.048007818368765026
0 0.6707409345186673 0.5932493576636682 0.06980631901667668 0.07002617762638973
0 0.7565690554105319 0.45943843401395357 0.017664689284104567 0.017646276033841647
0 0.621670649601863 0.6752427174494817 0.03487073458158053 0.03505266629732572
0 0.809697151184082 0.33403774408193737 0.02486082223745493 0.025237303513746995
0 0.3465582774235652 0.08602553147536057 0.017038492056039665 0.017363291520338792
0 0.32578259247999924 0.1341687715970553 0.09109115600585938 0.09539098006028396
0 0.3696120335505559 0.07025788380549504 0.06496532146747296 0.06483287077683669
0 0.2761933986957257 0.8998749806330755 0.26038257892315203 0.19440386845515326
0 0.6254622386052058 0.5964078169602615 0.06608420151930589 0.06617281987116887
0 0.7863958798922025 0.4135096256549542 0.019609598013070915 0.019884256216195915
0 0.5592242020827073 0.08123518870427059 0.020809760460486777 0.021192876192239616
0 0.23671856293311486 0.7321849236121545 0.27802449006300706 0.2919197082519531
0 0.33446421990027797 0.07563007794893704 0.01631648723895733 0.016396339123065654
0 0.8494000801673303 0.7299814224243164 0.023491639357346755 0.02363923879770132
0 0.5240755081176758 0.29190731048583984 0.019744432889498197 0.019776564378004808
0 0.7085726077740009 0.1282051526583158 0.015273460975060096 0.015268692603478065
0 0.6048058729905349 0.4200124007004958 0.03291628910945012 0.03292069068321815
0 0.17527240973252517 0.21651935577392578 0.014908753908597507 0.014937951014592098
0 0.6601034311147836 0.3730162107027494 0.025068136361929085 0.0249941899226262
0 0.5832201150747446 0.7478391207181491 0.014931018535907451 0.014837118295522837
0 0.7304765261136569 0.4874519935021034 0.061617337740384616 0.06186191852276142
0 0.8171201852651743 0.8058007313654973 0.020633404071514424 0.020613890427809495
0 0.518862981062669 0.31003082715548 0.0348352285531851 0.0348818118755634
0 0.11872148513793945 0.9442245776836689 0.015544744638296274 0.015428689809945913
0 0.8457452333890475 0.8163559253399189 0.018253326416015625 0.018258168147160456
0 0.7264294257530799 0.13819397412813628 0.021197098952073317 0.020562502054067757
0 0.31600148861224836 0.6861666165865384 0.01434025397667518 0.014536344088040866
0 0.7646450629601111 0.42383472736065203 0.01415546123798077 0.013959297767052284
0 0.4388721539424016 0.2137315456683819 0.01530009049635667 0.015040360964261569
0 0.5425194960374099 0.6551931821382962 0.05187511444091797 0.052193861741286054
0 0.5073105371915377 0.2638947596916786 0.015867893512432393 0.01556832973773663
0 0.8642296424278846 0.6486210456261268 0.027249556321364183 0.027391580434945915
0 0.7378352238581731 0.7622330738947942 0.03022428659292368 0.030565995436448317
0 0.5647105437058669 0.27366212698129505 0.023779942439152643 0.023847579956054688
0 0.7849537042471079 0.5500775850736178 0.014719449556790866 0.014410899235652043
0 0.6694187751183143 0.45671668419471156 0.05507806631234976 0.05452170738807091
0 0.3483226482684796 0.030078975053933952 0.05933849628155048 0.056760356976435736
0 0.35196766486534703 0.6250679309551532 0.014047696040226864 0.013914401714618389
0 0.7998063014103816 0.6026465709392841 0.014508614173302284 0.014507146982046274
0 0.7019898341252253 0.16759353417616624 0.032792898324819714 0.0325160393348107
0 0.3946046829223633 0.513283582834097 0.03387744610126202 0.03396386366624098
0 0.8414074090810922 0.10530791832850529 0.1091000483586238 0.11199806286738469
0 0.6735735673170823 0.9695314260629507 0.02193421583909255 0.02196649404672476
0 0.7317529091468225 0.7952122321495643 0.05498343247633714 0.052499037522536054
0 0.7371408022367038 0.7999457579392654 0.04398081852839543 0.043616221501277044
0 0.7736252271212064 0.3762523944561298 0.01737037071814904 0.017629623413085938
0 0.8365937012892503 0.01048128421490009 0.02891085698054387 0.02035222603724553
0 0.8965509854830228 0.6370358833899865 0.03200442974384014 0.04173557574932392
0 0.666929685152494 0.12514095122997576 0.03023705115685096 0.029892169512235202
0 0.7287001243004432 0.12544908890357384 0.028932571411132812 0.030235914083627555
0 0.11918805195735051 0.10530204039353591 0.015923573420597956 0.0162354616018442
0 0.7517871856689453 0.47843544299785906 0.01831230750450721 0.018844457773061898
0 0.5893800808833196 0.04020439661466158 0.023589207575871393 0.023739062822782077
0 0.70213559957651 0.9092595027043269 0.026195672842172477 0.026064946101262018
