0 0.89233215038593 0.4652072466336764 0.07080518282376803 0.07163062462439904
0 0.5116339463454026 0.5142757709209735 0.09797169612004207 0.09595247415395883
0 0.48518635676457333 0.6831552065335788 0.07387381333571214 0.07410724346454327
0 0.15672846940847543 0.5886156008793757 0.06865805845994216 0.067870726952186
0 0.15837454795837402 0.9488405080942007 0.06640900098360501 0.06602962200458233
0 0.7730502348679763 0.6751680374145508 0.10334499065692608 0.10359397301307091
0 0.4138055214515099 0.845001954298753 0.08653934185321514 0.08705960787259616
0 0.3554116395803598 0.6440271230844351 0.025113325852614183 0.024973649245042067
0 0.2866301719958966 0.7991467989408053 0.05092800580538236 0.05111987774188702
0 0.6700660999004657 0.4964768336369441 0.06067231985238882 0.06023671076847957
0 0.5154390335083008 0.9530592698317307 0.020881799551156852 0.020833822397085335
0 0.6850786942702073 0.27176702939547026 0.025663229135366585 0.02595233917236328
0 0.5662268491891714 0.9192180633544922 0.02582550048828125 0.025851616492638223
0 0.08672619782961331 0.5584252430842473 0.03302234869736891 0.03300901559682993
0 0.47479673532339245 0.31467206661517805 0.019643563490647536 0.019802607022798978
0 0.8038119536179763 0.3249891721285306 0.019189981313852165 0.019060721764197715
0 0.5707046068631686 0.6253720797025241 0.07363451444185697 0.0738667708176833
0 0.3646865991445688 0.15978193283081055 0.03649007357083834 0.03605981973501352
0 0.827614270723783 0.49665282322810245 0.058174426739032455 0.05804868844839243
0 0.6655241159292368 0.8291400762704703 0.03356581467848558 0.03358048659104567
0 0.45469008959256685 0.7747666285588191 0.03281982128436749 0.03257428682767428
0 0.7045418665959284 0.559352287879357 0.06057592538686899 0.060717215904822715
0 0.7322136805607722 0.5125030737656814 0.06796528742863582 0.06837008549616887
0 0.09705028167137733 0.9563827514648438 0.0493586567732004 0.04972501901479868
0 0.571128405057467 0.8109054565429688 0.025884041419396035 0.025813762958233174
0 0.35356616973876953 0.948468648470365 0.02440305856557993 0.024196918194110576
0 0.6908812889685998 0.015215438145857591 0.016463353083683893 0.01642752610720121
0 0.6754503983717698 0.6486806869506836 0.016255892240084134 0.016340109018179085
0 0.5817000315739558 0.5491167215200571 0.043987420889047474 0.04369559654822716
0 0.5881836597736065 0.5128306242135855 0.032939837529109076 0.03231334686279297
0 0.16076322702261117 0.7363826311551608 0.042883102710430436 0.04274426973783053
0 0.8732756101168119 0.03742441305747399 0.09565206674429086 0.0730437132028433
0 0.282226929297814 0.675417606647198 0.0968171633206881 0.09656421954815204
0 0.361969360938439 0.8530448766855093 0.035121771005483776 0.03484285794771635
0 0.31409964194664586 0.9103521200326773 0.019735189584585335 0.01987310556265024
0 0.6736861008864182 0.591555118560791 0.049788254957932696 0.05150186098538912
0 0.4677261205819937 0.43221649756798375 0.047870635986328125 0.04825900151179387
0 0.477418642777663 0.8992042541503906 0.05379544771634615 0.05360676692082332
0 0.0711410274872413 0.15317496886620155 0.017736132328326885 0.017859568962684043
0 0.14307273351229155 0.8091625800499549 0.03131642708411583 0.030966832087590143
0 0.8693444178654597 0.2663417412684514 0.057718717134915866 0.05799539272601788
0 0.549007929288424 0.9844254713792068 0.0834806882418119 0.030501732459435098
0 0.6008717463566706 0.5804299941429725 0.05413246154785156 0.053694725036621094
0 0.8197878324068509 0.6066630070026104 0.07247352600097656 0.07114593799297626
0 0.828403326181265 0.46266728181105393 0.01775081341083233 0.01778727311354417
0 0.7664414919339694 0.35274542295015776 0.015647301307091348 0.015188363882211538
0 0.9401950836181641 0.8368192819448618 0.04487888629619892 0.05111958430363582
0 0.2135789027580848 0.6429053086500901 0.04809346565833458 0.04789880605844351
0 0.3343053230872521 0.7645916571983924 0.07798106853778546 0.0773171644944411
0 0.7131447425255408 0.6219196319580078 0.0489343496469351 0.04852779094989483
0 0.6640578049879807 0.19666515863858736 0.02358421912560096 0.023751222170316257
0 0.1855144317333515 0.8197364807128906 0.017574457021859977 0.017535576453575723
0 0.8780840360201322 0.39176735511192906 0.03711788470928486 0.037512632516714245
0 0.8727706028864934 0.41951634333683896 0.030469600970928486 0.030486913827749398
0 0.2732252341050368 0.15899285903343788 0.019018173217773438 0.01895420367901142
0 0.6237381421602689 0.26974377265343297 0.053440240713266224 0.05284210351797251
0 0.6184506049522986 0.4670815101036659 0.024260264176588792 0.0242156982421875
0 0.684663699223445 0.2947875903202937 0.02081915048452524 0.021033580486591045
0 0.15548555667583758 0.35823968740609974 0.01706834939809946 0.017193354093111478
0 0.8703407874474158 0.9873544252835788 0.022531949556790866 0.02102485069861779
0 0.47433801797720104 0.40176145847027117 0.03926996084359976 0.03986483353834886
0 0.8712752415583684 0.8399762373704177 0.03920070941631611 0.039474780742938705
0 0.511899104485145 0.21699912731464094 0.04132887033315805 0.04172427837665264
0 0.9445053980900691 0.9344294621394231 0.035645705003004804 0.04210736201359676
0 0.8712579287015475 0.5620194948636569 0.03087645310621995 0.030634733346792366
0 0.7415770017183744 0.44794376079852766 0.04502443166879507 0.04512288020207332
0 0.12168334080622746 0.4227142700782189 0.014705841357891377 0.014877099257249098
0 0.7454911745511569 0.5816461122952975 0.023134671724759616 0.02316621633676382
0 0.44413137435913086 0.19512027960557204 0.04395484924316406 0.04396203848031851
0 0.08352518998659574 0.3511216090275691 0.01500096687903771 0.015265244704026442
0 0.5840868583092322 0.18689349981454703 0.04682364830603966 0.046578480647160456
0 0.10393663553091195 0.6906603299654447 0.016972798567551833 0.016924931452824518
0 0.7370628210214468 0.40540871253380406 0.06532947833721454 0.0643929701585036
0 0.8935133127065805 0.6663840367243841 0.016492110032301683 0.016628558819110576
0 0.13924804100623497 0.11581927079420823 0.02422941648043119 0.02421738551213191
0 0.5175748971792368 0.14040132669302133 0.04264259338378906 0.042419690352219805
0 0.6921420464148889 0.35655755263108474 0.07282462486853966 0.0719743141761193
0 0.8693941556490384 0.08117625346550575 0.02384523245004507 0.023355960845947266
0 0.754490485558143 0.9094545657818134 0.03933246319110577 0.038741038395808294
0 0.9120242045475886 0.41941217275766224 0.016550504244290866 0.016938429612379808
0 0.8007953350360577 0.4236463400033804 0.023044732900766227 0.022918701171875
0 0.8993098919208233 0.8296731802133414 0.036130464993990384 0.03667714045597957
0 0.5888894888070914 0.4752594507657565 0.02892464857835036 0.028547360346867487
0 0.45026478400597203 0.12180812542255108 0.03222348139836238 0.03192514639634352
0 0.8584691561185397 0.40653335131131685 0.01373291015625 0.014131766099196214
0 0.9127699045034555 0.09933092043950008 0.021501981295072116 0.02156961881197416
0 0.5225367179283729 0.4020728331345778 0.052801352280836836 0.052581787109375
0 0.20586197192852312 0.9123806586632361 0.01567250031691331 0.015520535982572116
0 0.2760550609001747 0.7601633805495042 0.042060448573185846 0.04213509192833534
0 0.40530909024752104 0.3410569704495944 0.01483447735126202 0.01473250755896935
0 0.11290951875539926 0.7851495009202224 0.03963965636033278 0.039674025315504804
0 0.8968227093036358 0.7668433556189904 0.0632922832782452 0.06415865971491887
0 0.9309632227971003 0.5972359730647161 0.0458531012901893 0.04592983539287861
0 0.641632080078125 0.2607006293076735 0.028125616220327523 0.028286200303297777
0 0.05749860176673302 0.6432521526630108 0.02990423716031588 0.0303189204289363
0 0.5465774902930627 0.34272982523991513 0.04608227656437801 0.04618021158071665
0 0.9091145442082331 0.23877466641939604 0.05008961604191707 0.04993515748244066
0 0.7084231009850135 0.2440938949584961 0.018964033860426683 0.019196363595815804
0 0.34977171971247745 0.49190447880671573 0.04206980191744291 0.04225921630859375
0 0.34292177053598255 0.041232796815725475 0.043970548189603366 0.043544695927546576
0 0.6897386404184195 0.7220400296724759 0.024452649630033053 0.024716303898737982
0 0.6936496587900015 0.45117719356830305 0.04747713529146635 0.04748043647179237
0 0.6708308733426608 0.9418012178861178 0.0669709719144381 0.06651042057917668
0 0.8534491612361028 0.7510014313917893 0.017908536470853366 0.017420255220853366
0 0.11273508805495042 0.5245800385108361 0.0502469723041241 0.05032084538386418
0 0.49664856837346005 0.9659046759972205 0.026063185471754808 0.02660956749549279
0 0.5928443395174466 0.47252552325908953 0.02406156980074369 0.023626034076397236
0 0.9418494884784405 0.6284692470843976 0.04284227811373197 0.04635150615985577
0 0.8446961916410006 0.378847415630634 0.037740267240084134 0.038686899038461536
0 0.4717068305382362 0.8236245375413161 0.038782559908353366 0.03870450533353365
0 0.5155704938448392 0.35777660516592175 0.024347892174353965 0.025235689603365384
0 0.437986263862023 0.532650874211238 0.06139300419734074 0.06124657850999098
0 0.8692712050217849 0.9005754177386944 0.11307320227989784 0.11322916471041165
0 0.6030072432297927 0.1658792862525353 0.03620631878192608 0.03580789382641132
0 0.9182498638446515 0.6651602524977464 0.031133211576021634 0.030750861534705527
