0 0.586428532233605 0.6953640717726487 0.22170235560490534 0.2283153533935547
0 0.7506650777963492 0.05890109905829796 0.06541076073279747 0.06550996120159443
0 0.23280587563147911 0.3302184985234187 0.18148011427659255 0.20227402907151443
0 0.7379773946908804 0.33261717282808745 0.22060100848858172 0.22295025678781363
0 0.7695820148174579 0.6891624744121845 0.04448699951171875 0.044228773850661054
0 0.6235182835505559 0.4954673693730281 0.04973928744976337 0.04996798588679387
0 0.5579333672156701 0.2339158058166504 0.042779188889723554 0.04259960467998798
0 0.7632258488581731 0.514620487506573 0.05784049400916466 0.057971807626577526
0 0.36963488505436826 0.9106520139254056 0.06134488032414363 0.061313629150390625
0 0.4929744280301608 0.361051632807805 0.03721765371469351 0.03742548135610727
0 0.5686834041888897 0.44656962614793044 0.024119010338416465 0.02414982135479267
0 0.7999274180485652 0.5506596198448768 0.0563358893761268 0.056106273944561295
0 0.820655529315655 0.22611810610844538 0.03617946918194111 0.036356632526104264
0 0.6998079006488507 0.688416994535006 0.03461529658390926 0.03430586594801683
0 0.37202853422898513 0.629045999967135 0.043131534869854264 0.04308671217698317
0 0.24463583872868463 0.3317236533531776 0.03214179552518404 0.031877957857572116
0 0.18799842320955718 0.39273738861083984 0.03818467947152945 0.03812569838303786
0 0.2278735454265888 0.9726873544546274 0.02568963857797476 0.025486872746394232
0 0.6093887182382437 0.6883200131929837 0.01871490478515625 0.018716958852914665
0 0.7484223292424128 0.6463013428908128 0.021260188176081732 0.02105111342210036
0 0.23774348772489107 0.849892102755033 0.18100467095008263 0.21691777155949518
0 0.25907107499929577 0.8651929268470178 0.06831018741314228 0.06893069927509014
0 0.7081033266507663 0.31765116178072417 0.030941596397986777 0.030981669059166543
0 0.4922788326556866 0.5388101064241849 0.02512667729304387 0.025185878460223857
0 0.5055507513192984 0.140222430229187 0.03683911837064303 0.03634172219496507
0 0.6443769014798678 0.37857935978816104 0.023154332087590143 0.02310342055100661
0 0.28638142805833083 0.21581409527705267 0.04792235447810246 0.047955806438739486
0 0.49572614523080677 0.7030190687913161 0.03480940598707933 0.03487073458158053
0 0.23312667699960563 0.27235458447383 0.0318913092980018 0.03192406434279222
0 0.47785744300255406 0.30199142602773815 0.03864214970515324 0.038224293635441706
0 0.7449508080115685 0.3609701670133151 0.017304640549879808 0.017258277306189902
0 0.33521168048565203 0.47201985579270583 0.16178578596848708 0.1623863807091346
0 0.2103587297292856 0.5932487341073843 0.034423461327185996 0.034270213200495794
0 0.3246771739079402 0.21941573803241438 0.022919728205754206 0.02308177947998047
0 0.5660288150493915 0.6872767668503982 0.02369836660531851 0.023681200467623197
0 0.45560792776254505 0.50273374410776 0.029408968411959134 0.029882504389836237
0 0.6405137869027945 0.5825473345243014 0.018261542687049277 0.018311133751502402
0 0.28125555698688215 0.15826903856717622 0.026957291823167067 0.026853121243990384
0 0.7980464788583609 0.09847145814162034 0.0638743180495042 0.06302730853740986
0 0.5978532571059006 0.9731230368980994 0.04611638876108023 0.04543744600736178
0 0.5631637573242188 0.2592273492079515 0.035615114065317005 0.03639705364520733
0 0.3792095184326172 0.38864275125356823 0.02197427016038161 0.02175558530367338
0 0.18802494269150954 0.43992093893197864 0.0884256362915039 0.16620533282940203
0 0.49417415032019985 0.8748767559344952 0.020900873037484977 0.021073268010066107
0 0.5478444833021897 0.6766613446749173 0.017612677354079027 0.0175628662109375
0 0.7225588285006009 0.7668754137479342 0.03333619924692007 0.03357608501727764
0 0.23276160313532904 0.14307906994452843 0.025099680973933294 0.025263071060180664
0 0.3648699246920072 0.7321903522198017 0.12385806670555702 0.1261425018310547
0 0.48749138758732724 0.824511454655574 0.08153123121995193 0.07960656973031852
0 0.5638863490178034 0.6664933424729568 0.015752645639272835 0.015759394719050482
0 0.680814082805927 0.8391490349402795 0.04364497844989483 0.043403332050030045
0 0.7619282649113581 0.8100816286527194 0.12032200739933895 0.12137075570913461
0 0.7537470597487229 0.9334151928241436 0.03710321279672476 0.037161020132211536
0 0.2734837165245643 0.593476992387038 0.0703441913311298 0.07013445634108323
0 0.7457558558537409 0.8535372660710261 0.029452984149639424 0.03013273385854868
0 0.5891481546255258 0.8542555295504056 0.06050520676832933 0.0597845224233774
0 0.7160693682157077 0.09060941292689396 0.25336177532489484 0.1782209873199463
0 0.4571678455059345 0.4808446443997897 0.018596062293419473 0.018473111666165866
0 0.27211673443134016 0.32489259426410383 0.021071874178372897 0.02121727283184345
0 0.8350006983830378 0.902487534743089 0.030976222111628607 0.040753878079927884
0 0.7934835874117337 0.9106790102445163 0.019868117112379808 0.01984552236703726
0 0.66515379685622 0.8610164935772235 0.09118417593149039 0.08940799419696514
0 0.5012097725501428 0.7739927585308368 0.06372011624849759 0.06335786672738883
0 0.43967177317692685 0.19722788150493914 0.018065819373497598 0.018155538118802585
0 0.520963008587177 0.18790776912982649 0.016143065232496995 0.016029944786658652
0 0.3482718834510216 0.3504361372727614 0.07384366255540115 0.07436517568734977
0 0.43580209291898286 0.392390984755296 0.03958540696364183 0.038892892690805286
0 0.6047609402583196 0.24243483176598182 0.027629338777982272 0.02724486130934495
0 0.763282482440655 0.9071639134333684 0.03379352276141827 0.03338711078350361
0 0.2291385944073017 0.11411545826838566 0.020871309133676384 0.020988060877873346
0 0.5962025569035456 0.2816343307495117 0.03305369157057542 0.0327917979313777
0 0.8403681241548978 0.0806569319504958 0.017533522385817308 0.017651672546680156
0 0.776354716374324 0.25069405482365537 0.0804149921123798 0.07865700354942909
0 0.4365362754234901 0.4636527574979342 0.020859644963191107 0.021133276132436898
0 0.6341926134549655 0.9216753152700571 0.05328222421499399 0.0536497556246244
0 0.7443400162916917 0.35710426477285534 0.01983921344463642 0.027877147381122295
0 0.4336371055016151 0.8633575439453125 0.016733903151292067 0.016777918888972357
0 0.662681139432467 0.3408085749699519 0.019109285794771634 0.019297086275540866
0 0.814784783583421 0.44183958493746245 0.028558731079101562 0.0291288082416241
0 0.44382839936476487 0.5734436328594501 0.14440609858586237 0.14440272404597357
0 0.26994807903583234 0.11371055933145377 0.01586151123046875 0.015754864766047552
0 0.7150661028348483 0.8452904040996845 0.015482535729041466 0.015368241530198317
0 0.7248133145845853 0.3586147748506986 0.015662266657902643 0.01535489008976863
0 0.7153783944936899 0.8882670035729041 0.015831580528846152 0.015816321739783652
0 0.8180744464580829 0.48518819075364333 0.0679617661696214 0.06971799410306491
0 0.5278301239013672 0.5031997607304499 0.017671878521259014 0.01726708045372596
0 0.30002854420588565 0.89947876563439 0.0228121830866887 0.022997342623197116
0 0.6816410651573768 0.7163801926832932 0.017607468825120192 0.017577097966120794
0 0.16239580741295448 0.4276573474590595 0.021464338669410117 0.02109556931715745
0 0.6932789729191706 0.38995673106266904 0.015194085928109976 0.015346820537860576
0 0.5165704580453726 0.5859427452087402 0.024335347689115085 0.02465167412391076
0 0.48727871821476865 0.7373994680551382 0.017423189603365384 0.017714867225060098
0 0.4366419865534856 0.8158621421227088 0.08228111267089844 0.08526758047250602
0 0.6360106101402869 0.9733587411733774 0.027234004094050482 0.02701421884390024
0 0.5362185698289138 0.5176684673015888 0.015385260948768029 0.015353129460261418
0 0.6874122619628906 0.21501541137695312 0.03791721050555889 0.03828730949988732
0 0.42501335877638596 0.26225830958439755 0.017893204322228067 0.01784999553973858
0 0.7266993889441857 0.35974957392765927 0.019799159123347357 0.015299576979417067
0 0.5825783656193659 0.06813207039466271 0.0170748783991887 0.017328207309429463
0 0.7085414299598107 0.34621814581064075 0.019983438345102165 0.02030211228590745
0 0.636050664461576 0.9308723302987906 0.058367215670072116 0.05872535705566406
0 0.6876654991736779 0.787959465613732 0.03897725618802584 0.03854780930739183
0 0.7183648622952975 0.9776589320256159 0.0469201894906851 0.04061038677509014
0 0.8154219113863431 0.4731906010554387 0.07381057739257812 0.08443128145658053
0 0.7470917334923377 0.9619784721961389 0.08192795973557693 0.07265178973858173
0 0.5102475239680364 0.5658369797926682 0.021986007690429688 0.021905238811786357
0 0.6232321078960712 0.8225099123441256 0.02496616656963642 0.02492860647348257
0 0.6709575653076172 0.9938465998722956 0.015100038968599759 0.011339040902944712
0 0.8084457104022686 0.9639690105731671 0.02540104205791767 0.02525931138258714
0 0.27879979060246396 0.395632450397198 0.040429115295410156 0.04047584533691406
0 0.7636493536142203 0.8618517655592698 0.01309952369103065 0.013501680814302884
0 0.32938751807579625 0.5493914164029635 0.06356518085186298 0.06426099630502555
0 0.22158373319185698 0.728018907400278 0.02335489713228666 0.02501194293682392
