0 0.7082272309523362 0.6493207491361178 0.023423414963942308 0.023470511803260215
0 0.30044772074772763 0.4589669887836163 0.02342833005464994 0.02315836686354417
0 0.4163273297823392 0.4114815638615535 0.03125711587759165 0.031066747812124398
0 0.27845529409555286 0.26687299288236177 0.03998910463773287 0.0402223880474384
0 0.34014012263371396 0.3088997327364408 0.024689674377441406 0.024857300978440505
0 0.8425783010629507 0.6434455284705529 0.018822303185096152 0.018950388981745794
0 0.17247935441824105 0.032279638143686146 0.017554759979248047 0.01764387350815993
0 0.5318003434401292 0.17655667891869178 0.023465376633864183 0.023334686572735127
0 0.8056834294245794 0.6765934870793269 0.01757020216721755 0.017678187443659857
0 0.8751151011540339 0.12082942632528451 0.017139288095327523 0.016969057229849007
0 0.7655711540809045 0.8759106856126052 0.0316473153921274 0.03153580885667067
0 0.5251328028165377 0.7908152066744291 0.0167844478900616 0.016500032865084134
0 0.1486029074742244 0.2422926792731652 0.024512657752403848 0.02455560977642353
0 0.41614781893216646 0.8272998516376202 0.01644721397986779 0.016708960899939902
0 0.587118515601525 0.7874449216402494 0.01653465857872596 0.016727740948016826
0 0.7632418412428635 0.6462484506460336 0.020710871769831732 0.020867274357722357
0 0.5925043546236478 0.7570409041184646 0.019387171818659857 0.019646571232722357
0 0.6104382735032302 0.7930984497070312 0.020710578331580527 0.02062401404747596
0 0.7924345456636869 0.7196058860191932 0.016318394587590143 0.01641053419846755
0 0.22240037184495193 0.9354157081017127 0.017373928656944863 0.017014136681189902
0 0.18688491674569938 0.7932037940392127 0.016767208392803486 0.016954862154447116
0 0.8359949405376728 0.010443167044566227 0.016548596895658053 0.016544731763693
0 0.6699845240666316 0.6602618144108698 0.016676682692307692 0.016620929424579326
0 0.7534002157358023 0.6774740952711839 0.016346124502328727 0.016463793241060697
0 0.891972908606896 0.3008258526141827 0.015325399545522837 0.015213672931377705
0 0.7903609642615685 0.32605684720552885 0.015050301185021034 0.014993007366473857
0 0.6324790074275091 0.02072780865889329 0.017236856313852165 0.017105798308665935
0 0.6863290346585788 0.7360335129957932 0.016811957726111777 0.01643987802358774
0 0.20943001600412223 0.8621234893798828 0.01693127705500676 0.016902630145733174
0 0.34658512702355015 0.6933130117563101 0.016904537494365986 0.01684907766488882
0 0.5113624059236966 0.22994162486149713 0.014463277963491587 0.014559672429011418
0 0.3902453275827261 0.8856350825383112 0.0715015117938702 0.07210995600773738
0 0.5863572634183444 0.9502372741699219 0.017063140869140625 0.01696161123422476
0 0.8239853932307317 0.23847279181847206 0.017880806556114785 0.017733427194448616
0 0.3147255090566782 0.2397594451904297 0.015469771165114183 0.01557474869948167
0 0.4698014992934007 0.8097647887009841 0.014660981985238882 0.014738523043118991
0 0.35912763155423677 0.3001555296090933 0.016190088712252103 0.01629037123460036
0 0.4613513212937575 0.5450947834895208 0.01666083702674279 0.01631325941819411
0 0.6870818504920373 0.7766097142146184 0.01790164067195012 0.01795167189378005
0 0.9050557063176081 0.03347088281924908 0.020573836106520433 0.020221838584313027
0 0.11710628179403451 0.16979356912466195 0.014058920053335337 0.014091418339655949
