0 0.7881554823655349 0.7965513376089243 0.07344906146709736 0.07419204711914062
0 0.7313153193547175 0.9288395368135892 0.1561872042142428 0.13769149780273438
0 0.3337921362656813 0.5049148706289438 0.20409385974590594 0.2101899660550631
0 0.26088507358844465 0.24697114871098444 0.05089888205895057 0.05056359217717098
0 0.6470894446739783 0.08580323366018441 0.14251998754648063 0.1431760054368239
0 0.25462018526517427 0.05867186876443716 0.12672776442307693 0.11714827097379245
0 0.19043922424316406 0.6189425541804388 0.046619562002328724 0.04741096496582031
0 0.6099214187035193 0.22260706241314226 0.17202237936166617 0.17376078092134917
0 0.8269221966083233 0.9207506913405198 0.04700176532451923 0.05120292076697716
0 0.3034525101001446 0.13960924515357384 0.07862710952758789 0.0772251349229079
0 0.5789484610924354 0.8523332155667819 0.20828144366924578 0.21181077223557693
0 0.3295777761019193 0.3283232542184683 0.0854963889488807 0.08622917762169471
0 0.21349936265211839 0.5027592732356145 0.028763440939096305 0.028990965623121995
0 0.28308721689077526 0.915012946495643 0.02624174264761118 0.025960628802959736
0 0.5457514616159292 0.8850489396315354 0.030792749845064603 0.030040447528545674
0 0.3476429719191331 0.8109678121713492 0.030876746544471152 0.030805294330303486
0 0.4030944017263559 0.9266197498028095 0.03263642237736629 0.032587491548978366
0 0.2654669468219464 0.8291948025043194 0.09393853407639724 0.09110568119929387
0 0.4760980239281288 0.2110279890207144 0.03217403705303486 0.03180914658766527
0 0.5947345586923453 0.15043537433330828 0.031114724966195915 0.0313416260939378
0 0.3349325473491962 0.2023004018343412 0.1336989952967717 0.13334742876199576
0 0.6620028569148138 0.7695724780742939 0.02146735558143029 0.02147395794208233
0 0.5615052443284255 0.7003386570857122 0.02111677023080679 0.021184481107271634
0 0.8331155043381911 0.840075419499324 0.035011584942157455 0.03893837561974159
0 0.5224304932814378 0.31915774712195766 0.023256742037259616 0.023324966430664062
0 0.6998104682335486 0.7578947360698993 0.018801762507512018 0.018784596369816706
0 0.4686048947847806 0.8926302102895883 0.02884248586801382 0.02848639855018029
0 0.18045966441814715 0.7259178895216721 0.023227398212139424 0.023174432607797477
0 0.7256983977097732 0.20290752557607797 0.017204724825345553 0.017119774451622598
0 0.8096762437086839 0.191162292773907 0.07214296781099759 0.07160524221567008
0 0.25023056910588193 0.9439142667330228 0.02581633054293119 0.025938767653245192
0 0.5731731928311862 0.2219207653632531 0.017274122971754808 0.017345245067889873
0 0.28116946953993577 0.6014813643235427 0.024820364438570462 0.02442169189453125
0 0.23538712354806754 0.6328276120699369 0.07327142128577599 0.07299423217773438
0 0.7947785304142878 0.8862815270057092 0.04660943838266226 0.047068082369290866
0 0.1572734025808481 0.04227833105967595 0.017351040473351113 0.017499272639934834
0 0.7373687303983248 0.691190059368427 0.022230881911057692 0.02229147690993089
0 0.8208801562969501 0.8717709321242112 0.03172713059645433 0.032002962552584134
0 0.5716985555795523 0.8559746375450721 0.030738170330341045 0.03036352304311899
0 0.7912461941058819 0.8621361805842473 0.028266026423527643 0.02780635540301983
0 0.6469559302696815 0.1584643400632418 0.027479025033804085 0.027956339029165413
0 0.42373334444486177 0.8039833215566782 0.13960559551532453 0.14140627934382513
0 0.7774848937988281 0.7088141808143029 0.03839522141676683 0.038048817561222956
0 0.3177440349872296 0.9488984621488131 0.020198235144981973 0.020159501295823317
0 0.4137902626624474 0.2666774896474985 0.019225634061373197 0.019139509934645433
0 0.45131954779991734 0.9374220921443059 0.13539226238544172 0.12158584594726562
0 0.7121539482703576 0.9488038283128005 0.025515923133263223 0.025505946232722357
0 0.7751392951378455 0.6827096939086914 0.040924365703876205 0.040208082932692304
0 0.1962116498213548 0.107904131595905 0.10891874019916241 0.11826561047480656
0 0.502721199622521 0.8876843819251428 0.02640680166391226 0.025760063758263223
0 0.43458857903113735 0.23675199655386117 0.0507965087890625 0.05103903550368089
0 0.31308460235595703 0.6999800755427434 0.10556853734529935 0.10333780141977164
0 0.7385671322162335 0.21375727653503418 0.15301836453951323 0.1555622174189641
0 0.5715726705697867 0.31617003220778245 0.02152589651254507 0.02159736706660344
0 0.7995207859919622 0.3234118681687575 0.018213418813852165 0.017964583176832933
0 0.16582511021540716 0.9137637798602765 0.0190280033991887 0.01893923832820012
0 0.3198696283193735 0.8096536489633414 0.02578575794513409 0.025838118333082933
0 0.7415140592134916 0.19809823769789475 0.02107414832481971 0.02144912573007437
0 0.22544325315035307 0.8860421547522912 0.019410133361816406 0.01922915532038762
0 0.33607959747314453 0.909756220304049 0.015978079575758714 0.01574105482835036
0 0.7345180511474609 0.3343026087834285 0.05768673236553486 0.05766582489013672
0 0.6184824430025541 0.378912485562838 0.043863149789663464 0.04447489518385667
0 0.3449581586397611 0.9898270827073318 0.03827359126164363 0.019229302039513223
0 0.17649756945096529 0.5374632982107309 0.025860713078425482 0.025676507216233473
0 0.5971246499281663 0.562224241403433 0.3222956290611854 0.3369171436016376
0 0.18192190390366775 0.4783239731421837 0.019964915055495042 0.019893132723294772
0 0.8158942002516526 0.6661903674785907 0.023780235877403848 0.024239760178786058
0 0.6787830499502329 0.07910490953005277 0.015374403733473558 0.015276321998009315
0 0.3089927526620718 0.8921443499051608 0.015917392877432015 0.015921959510216348
0 0.394809576181265 0.29607633443979114 0.01898325406588041 0.019098318540132962
0 0.6740567133976862 0.31953980372502255 0.06207275390625 0.06147487346942608
0 0.21445138637836164 0.7947167616624099 0.023363406841571514 0.023243243877704326
0 0.34499678244957555 0.47625057513897234 0.01839593740609976 0.01860779982346755
0 0.7743632976825421 0.011542850962051978 0.018735445462740384 0.018867499553240262
0 0.19185308309701773 0.8297767639160156 0.03517315937922551 0.034904186542217545
0 0.4758763680091271 0.07883647771982047 0.015737240131084736 0.015843666516817533
0 0.5864375554598295 0.35851353865403396 0.022696568415715143 0.02250245901254507
0 0.5084810256958008 0.22741015140826887 0.018405914306640625 0.017937220059908353
0 0.8062198345477765 0.6872989214383639 0.025621854341947116 0.026125394381009616
0 0.7167938672579252 0.4000870631291316 0.10607015169583835 0.10828649080716647
0 0.3771192477299617 0.8662636096660907 0.016690841087928183 0.01653597905085637
0 0.8383544775155874 0.6505509890042819 0.02508060748760517 0.028966756967397835
0 0.2094104840205266 0.23747308437640852 0.06888132828932542 0.06762768672062801
0 0.4212916447566106 0.6299086350661057 0.0200961186335637 0.01989892812875601
0 0.7319605167095478 0.4643327272855319 0.04436757014347957 0.04428988236647386
0 0.35109978455763596 0.8753910064697266 0.03252741006704477 0.03272306002103365
0 0.1817473998436561 0.3066990558917706 0.026504883399376504 0.026578169602614183
0 0.18251459415142351 0.4829227007352389 0.030642069303072415 0.02940236605130709
0 0.2455905950986422 0.9840254416832557 0.08247206761286809 0.030399469228891227
0 0.4934001335730919 0.2725644845228929 0.10913797525259164 0.10750623849722055
0 0.6318967525775616 0.25142777883089507 0.01549984858586238 0.015170023991511418
0 0.49477518521822417 0.919433226952186 0.020863753098707933 0.02113826458270733
0 0.601083938892071 0.16973321254436785 0.018666927631084736 0.018526517427884616
0 0.3963815982525165 0.12782250000880316 0.32498990572415865 0.2530712897960956
0 0.7267235975999099 0.2193292287679819 0.020415379450871393 0.020484044001652643
0 0.4875061328594501 0.7174620995154748 0.05016326904296875 0.04977064866286058
0 0.43032946953406703 0.6310363182654748 0.0870832296518179 0.08118501076331505
