0 0.3973546761732835 0.31767874497633714 0.12330025892991286 0.1230607949770414
0 0.21714021609379694 0.8322256528414212 0.050769915947547324 0.06301234318659855
0 0.541166745699369 0.5291124490591196 0.04153633117675781 0.041646370520958535
0 0.481323975783128 0.6773734459510217 0.032739492563100964 0.032985687255859375
0 0.5449025080754206 0.28247939623319185 0.07528495788574219 0.07546446873591496
0 0.42884716620812047 0.7369443453275241 0.09504949129544772 0.09468606802133414
0 0.4634120280926044 0.1692057572878324 0.07591166863074669 0.07551358296320988
0 0.256272370998676 0.9245279752291166 0.03929215211134691 0.039376332209660456
0 0.6867018479567307 0.7415155264047476 0.027630732609675482 0.027714949387770433
0 0.21137431951669547 0.4161839851966271 0.03453782888559195 0.03481336740347055
0 0.727443108191857 0.8312489436222956 0.036020132211538464 0.036478482759915866
0 0.21335955766531137 0.6780862808227539 0.031569260817307696 0.03168546236478365
0 0.5790781607994666 0.7319308060866135 0.03860561664287861 0.03825084979717548
0 0.6632514366736779 0.850856194129357 0.032758859487680286 0.03285892193134014
0 0.7932942463801458 0.1900749940138597 0.03663063049316406 0.04705964601956881
0 0.42898236788236177 0.2094433491046612 0.04619583716759315 0.04612027681790865
0 0.4331242487980769 0.48517538950993466 0.0398095937875601 0.03980819995586689
0 0.21562933921813965 0.05694918449108417 0.03441810607910156 0.03453357403094952
0 0.3846906515268179 0.6693043342003455 0.028017777663010817 0.027912726769080527
0 0.4317832359900841 0.6143201681283804 0.03188632084773137 0.03206546490009014
0 0.30753271396343523 0.8088860144981971 0.021654349107008714 0.021875528188852165
0 0.262725096482497 0.23252635735731858 0.07180224932157077 0.07263693442711464
0 0.45454795543964094 0.5100683065561148 0.03498018704927885 0.03565788269042969
0 0.5804795118478628 0.5207692659818209 0.04290412022517277 0.04327172499436598
0 0.2646484375 0.5450740594130296 0.024349799522986777 0.024350092961237982
0 0.21655977689302885 0.09281466557429387 0.02318991147554838 0.023101109724778395
0 0.5094627967247596 0.6272905056293194 0.017953139085036058 0.017773848313551683
0 0.6791430986844577 0.2312796666071965 0.03435076200045072 0.03437643784743089
0 0.37230997819166917 0.8296161064734826 0.022523806645320013 0.02240136953500601
0 0.6914779956524189 0.14547430551969087 0.038019033578725964 0.037868316356952376
0 0.31815671920776367 0.22046696222745454 0.04516381483811598 0.04514851936927208
0 0.6226086249718299 0.3100413909325233 0.03240787065946139 0.03213787078857422
0 0.4556309993450458 0.5768854434673603 0.02584538092980018 0.025548494779146634
0 0.3126705609835111 0.2710789166964017 0.052017578711876504 0.051792218134953424
0 0.38694242330697864 0.17586271579448992 0.02230101365309495 0.02248067122239333
0 0.41249744708721453 0.4076551290658804 0.019696749173677884 0.01985902052659255
0 0.20949910237238958 0.11943899668180026 0.027827116159292366 0.027687256152813252
0 0.41852532900296724 0.9782992142897385 0.0274044917179988 0.02765655517578125
0 0.2665381981776311 0.16914796829223633 0.09078829105083759 0.09198246552393986
0 0.6396116109994742 0.9332686204176682 0.02021613487830529 0.02004858163686899
0 0.5608547650850736 0.4893266237699069 0.03507848886343149 0.034855035635141224
0 0.54938110938439 0.07514338309948261 0.036742870624248795 0.03661469312814566
0 0.6852263670701247 0.030643243056077223 0.01798879183255709 0.01817209904010479
0 0.3146192477299617 0.653167724609375 0.04045457106370192 0.04047100360576923
0 0.3204617133507362 0.9114112854003906 0.01908595745380108 0.019213749812199518
0 0.34367924470167893 0.19957920221182016 0.04088247739351713 0.040241938370924726
0 0.5349478354820838 0.8597393035888672 0.02422442803016076 0.024225675142728366
0 0.3038270656879132 0.8765625586876502 0.01938211000882662 0.019274784968449518
0 0.8027839660644531 0.04856312274932861 0.017928930429311898 0.028135923238900993
0 0.7750769395094651 0.5453993723942683 0.06933182936448318 0.12128155048076923
0 0.5141057234544021 0.4839632327740009 0.027828143193171576 0.02789614750788762
0 0.5630310131953313 0.562161372258113 0.02166300553541917 0.02171809856708233
0 0.5189601458035983 0.5644986812884991 0.02049416762131911 0.02078731243426983
0 0.5732641220092773 0.06500486227182242 0.021870833176832933 0.021690001854529746
0 0.7105604318472055 0.4106020927429199 0.030891565176156852 0.030456176170935996
0 0.6841201048630935 0.31993983342097354 0.0220489501953125 0.021721619826096755
0 0.46350541481604945 0.4735120993394118 0.023818602928748496 0.02366212698129507
0 0.7043556800255408 0.06283789414625901 0.017649723933293268 0.017683047514695387
0 0.2109649914961595 0.14036361987774187 0.01796421637901893 0.01758230649507963
0 0.5989570617675781 0.08186867603888878 0.020120914165790264 0.020206946593064528
0 0.3253207573523888 0.6894758664644681 0.026602965134840745 0.0265957758976863
0 0.592524895301232 0.007466869285473457 0.018669862013596755 0.013478080813701335
0 0.2520434673015888 0.8961545504056491 0.023570134089543268 0.023518195519080527
0 0.7686914297250601 0.8191460095919095 0.016717030451847956 0.016623717087965745
0 0.5611440218411959 0.9116629087007962 0.022951566256009616 0.023093590369591348
0 0.2138052720289964 0.31618613463181716 0.05073752770057091 0.05339541802039513
0 0.7304441011868991 0.2636211101825421 0.043653634878305286 0.04409445249117338
0 0.6649384131798377 0.30621805557837856 0.034423828125 0.034237017998328574
0 0.6838918832632211 0.372007076556866 0.03305523212139423 0.03281534635103666
0 0.616946660555326 0.884259297297551 0.03569529606745793 0.035933274489182696
0 0.2087273230919471 0.7089752784142127 0.033373539264385514 0.049042921799879804
0 0.3168714963472806 0.3319055483891414 0.061434103892399713 0.06290663205660306
0 0.22228424365703875 0.6180049456082858 0.018773005558894232 0.018739847036508415
0 0.7532927439762995 0.14054026970496544 0.026453311626727764 0.02648305892944336
0 0.3661203384399414 0.5242201731755183 0.01774875934307392 0.017590742844801683
0 0.48035144805908203 0.579857165996845 0.021096449631911058 0.021357169518103965
0 0.7186120840219351 0.5817895669203538 0.018830372737004206 0.018845484806941107
0 0.791691413292518 0.378357300391564 0.02534763629619892 0.02545474125788762
0 0.7742415208082932 0.16243905287522536 0.0274044917179988 0.027312416296738844
0 0.3961972456711989 0.4996764109684871 0.016716737013596755 0.01701054206261268
0 0.4520095678476187 0.06322947832254264 0.01838097205528846 0.018502290432269756
0 0.48834723692673904 0.5581718591543344 0.02037642552302434 0.0196230961726262
0 0.4881115693312425 0.26474573062016415 0.02460626455453726 0.02483525642981896
0 0.3577080506544847 0.607644301194411 0.020076164832481973 0.019809869619516227
0 0.23966044646043044 0.40511072598970854 0.07377199026254508 0.07577778742863582
0 0.38546958336463344 0.4238692063551683 0.017581059382512018 0.017758296086237982
0 0.4050910289470966 0.5156915004436786 0.020640079791729268 0.020680647629957933
0 0.8010799701397235 0.15928363800048828 0.021039962768554688 0.03480452757615309
0 0.49087942563570464 0.5121777607844427 0.03747741992657001 0.03712536738469051
0 0.5428690176743728 0.3000167516561655 0.016503113966721755 0.01703170629648062
0 0.7276353102463943 0.9099504030667819 0.015471531794621395 0.015598150400015024
0 0.620806620671199 0.25624289879432094 0.03415635915902945 0.03459996443528395
0 0.6186856489915115 0.5776206530057467 0.04499215346116286 0.04508693401630108
0 0.43320098290076625 0.27704110512366664 0.05083465576171875 0.05090053264911358
0 0.6588801604050857 0.6049248255216159 0.03740897545447716 0.03724751105675331
0 0.5285026476933405 0.8845829596886268 0.01903057098388672 0.019202012282151442
0 0.7620245126577524 0.04388629931669969 0.019530809842623197 0.020264295431283805
0 0.6735497254591721 0.45400392092191255 0.060324448805588946 0.06208933316744291
0 0.2515128209040715 0.4674231455876277 0.01617571023794321 0.016466434185321514
0 0.6647839179405799 0.7653722029465896 0.019066737248347357 0.019551203801081732
0 0.5447249045738807 0.2905431894155649 0.0434112548828125 0.04194149604210487
0 0.3216840670658992 0.7815138743473933 0.014511475196251502 0.014644916240985576
0 0.4639895145709698 0.4496454825768104 0.03491695110614483 0.03402563241811899
0 0.7568049064049354 0.05965641370186439 0.02258726266714243 0.022339802521925706
0 0.24494218826293945 0.6378724758441632 0.03735975118783804 0.03714884244478666
0 0.7519086691049429 0.8347185575045072 0.014294844407301683 0.014112912691556491
0 0.6360492706298828 0.02507315232203557 0.014678368201622596 0.014621073236832252
0 0.6519096081073468 0.27086958518395055 0.028440035306490384 0.028348849369929388
0 0.25103238912729114 0.2970056167015663 0.03316695873553936 0.0331117923443134
0 0.7408764178936298 0.9799995422363281 0.04022363516000601 0.036702669583834134
0 0.4799514917226938 0.48824684436504656 0.019295325646033652 0.019760278555063102
0 0.28367937528170073 0.41761148892916167 0.020568077380840596 0.020644334646371696
0 0.42705073723426235 0.5558078839228704 0.014888910146859976 0.014886415921724759
0 0.6902775397667518 0.5180110197800857 0.03638252845177284 0.0360261476956881
0 0.38567880483774036 0.207856325002817 0.030454195462740384 0.030416268568772536
0 0.4395760756272536 0.7067550512460562 0.016246502216045674 0.01626161428598257
0 0.24903392791748047 0.7003929431621845 0.040802001953125 0.04045926607572115
0 0.6085923268244817 0.13179469108581543 0.02646915729229267 0.026439886826735277
0 0.44031359599186826 0.6665175511286809 0.014698542081392728 0.015044872577373799
0 0.47066596838144154 0.5633159417372483 0.013888725867638221 0.014108951275165264
0 0.393037722660945 0.6165819901686448 0.03960998241717999 0.039441658900334284
0 0.21357187857994667 0.6386715815617487 0.01671262887807993 0.016848344069260817
0 0.4095765627347506 0.9304245435274564 0.05647835364708534 0.056180513822115384
0 0.3796551044170673 0.49091405134934646 0.019759398240309495 0.01994749215932993
0 0.7549580794114333 0.05626744031906128 0.02896881103515625 0.029538310491121732
0 0.64263182419997 0.88097961132343 0.031228285569411058 0.030837132380558893
0 0.7861033219557542 0.21146884331336388 0.01570408160869892 0.015894156235914964
0 0.1963829260606032 0.38061028260451096 0.015049934387207031 0.016628852257361777
0 0.5002679824829102 0.2196628497197078 0.06304682218111478 0.061812290778526895
0 0.464876101567195 0.5348622248722956 0.04301144526554988 0.04150544680081881
0 0.37976829822246844 0.469721977527325 0.019196730393629808 0.018931022057166465
0 0.4669092618502103 0.08030644746927115 0.020502163813664362 0.020719528198242188
0 0.4201832551222581 0.5775729692899264 0.03076773423414964 0.030658721923828125
0 0.3243788205660306 0.8298250345083383 0.26444097665640026 0.3335621173565204
0 0.2374432270343487 0.6007468883807843 0.020808953505295973 0.021251971905048076
0 0.22980922919053298 0.3879243410550631 0.08426853326650766 0.11593378507173978
0 0.5786410845243014 0.2817370341374324 0.014247600848858174 0.0144804441011869
0 0.19742653920100287 0.442900144136869 0.015438299912672777 0.01666391812838041
0 0.6141415742727426 0.3496036162743202 0.03516307243934044 0.034532326918381914
0 0.7881268721360427 0.03477520667589628 0.019839947040264424 0.019963016876807578
0 0.26802946971013 0.8809190163245568 0.02468707011296199 0.024116662832406852
0 0.31329943583561826 0.5105146261361929 0.017574897179236777 0.01730801508976863
0 0.7875094780555139 0.03261560889390799 0.024154076209435098 0.02381514127437885
0 0.6995620727539062 0.3412956457871657 0.037035428560697116 0.03693683330829327
0 0.533721373631404 0.1762973712040828 0.05103492736816406 0.0508805880179772
0 0.6504333202655499 0.13712655580960786 0.015117351825420674 0.015257615309495192
0 0.47780792529766375 0.9659108382004958 0.02102529085599459 0.022028262798602764
