0 0.5867602274968073 0.3058901933523325 0.14751815795898438 0.1474151611328125
0 0.8163119829618014 0.07170398418719952 0.0710909916804387 0.07151616536653958
0 0.38028812408447266 0.8430953392615685 0.05568020160381611 0.05563706618088942
0 0.3287050540630634 0.9252365552462064 0.0596010501568134 0.059755912193885215
0 0.6715467159564679 0.8065133461585412 0.05090948251577524 0.05068192115196815
0 0.2252201667198768 0.5169528447664701 0.05713734259972206 0.05674530909611629
0 0.5750127939077524 0.8933943234957181 0.04249249971829928 0.042817335862379804
0 0.7357076498178335 0.8749867219191331 0.030366163987379808 0.030403283926156852
0 0.2075931842510517 0.8817798907940204 0.1234515171784621 0.12265777587890625
0 0.7148782289945163 0.31217538393460786 0.05372150127704327 0.05388149848351112
0 0.26778642947857195 0.7859636453481821 0.05184643085186298 0.05206386859600361
0 0.7175243084247296 0.6915090267474835 0.030143150916466348 0.030065243060772236
0 0.6747278066781851 0.1467831043096689 0.044288928692157455 0.044716633283174954
0 0.7482572702261118 0.23590737122755784 0.03372265742375301 0.0343470940223107
0 0.732932604276217 0.9500890878530649 0.03214821448692909 0.032015286959134616
0 0.6696410545935998 0.9705434945913461 0.028635465181790866 0.02855344919057993
0 0.3923959732055664 0.1477047480069674 0.03215437669020433 0.032260197859544024
0 0.6532067518967849 0.7395538916954627 0.025471907395582933 0.025460169865534857
0 0.8121337890625 0.5892660067631648 0.03632560143103966 0.03603920569786659
0 0.4301161766052246 0.10069847106933594 0.04618960160475511 0.04586172103881836
0 0.5976176995497483 0.5410097195551946 0.022649398216834433 0.022811742929311898
0 0.19020654604985163 0.29453501334557164 0.037161093491774336 0.03751233907846304
0 0.3788451414841872 0.2533765205970177 0.03940142118013822 0.039412278395432696
0 0.28223650272075945 0.5117017305814303 0.03298678764930138 0.03278761643629808
0 0.6496559289785532 0.8757043985220102 0.14496876643254206 0.14655920175405648
0 0.6462937134962815 0.979124876169058 0.02713937025803786 0.0273287846491887
0 0.4272927504319411 0.15200378344609186 0.0207369877741887 0.020902120150052585
0 0.7305799630972055 0.6555502964900091 0.019478284395658053 0.019352546105018027
0 0.4680676827063927 0.1696604581979605 0.02418972895695613 0.02383290804349459
0 0.6367850670447717 0.16375277592585638 0.018572587233323317 0.01861124772291917
0 0.7908125657301682 0.43408419535710263 0.03509169358473558 0.03513130774864784
0 0.7047819724449744 0.580229612497183 0.031167103694035456 0.031188377967247598
0 0.5556999353262094 0.835847781254695 0.0210116459773137 0.020804331852839544
0 0.29981565475463867 0.15953471110417292 0.0273436766404372 0.02724317403940054
0 0.3360243577223558 0.6329258405245267 0.030165598942683294 0.030080208411583535
0 0.4457956827603854 0.1716907391181359 0.022366963900052585 0.02273875016432542
0 0.4787749877342811 0.07415356085850643 0.02092742919921875 0.021249991196852464
0 0.44862915919377255 0.9572951977069561 0.020124435424804688 0.020117833064152643
0 0.37808022132286656 0.7862127010638897 0.037120819091796875 0.03690044696514423
0 0.8467928079458383 0.028159843041346624 0.04236808189978966 0.04147288432488075
0 0.6790206615741436 0.7564280583308294 0.01741820115309495 0.017313003540039062
0 0.4040786303006686 0.6325906606820914 0.01863714364858774 0.01853047884427584
0 0.4858694810133714 0.978344990656926 0.017882567185621995 0.017709878774789665
0 0.3982032629159781 0.8979443036592923 0.026624532846304085 0.026569953331580527
0 0.28382455385648286 0.316283446091872 0.028101260845477764 0.028328987268301156
0 0.22537722954383263 0.6782069573035607 0.1840839385986328 0.19490212660569411
0 0.6589329059307392 0.46588398860051083 0.022421910212590143 0.02226404043344351
0 0.7512578964233398 0.9115837537325345 0.027186760535606973 0.02720216604379507
0 0.7978241260235126 0.3790745735168457 0.08653405996469352 0.08741415463961087
0 0.8016920823317307 0.4996037116417518 0.03245397714468149 0.032883717463566706
0 0.27001410264235276 0.860461161686824 0.02019221966083233 0.02022376427283654
0 0.6070985060471755 0.5555535096388596 0.019118382380558893 0.01926246056189904
0 0.49111399283775914 0.1474683376458975 0.01770921853872446 0.01758412214425894
0 0.6529648854182317 0.10679989594679612 0.02134425823505108 0.02131953606238732
0 0.7396602630615234 0.9297542572021484 0.01633629432091346 0.016045790452223558
0 0.8080344566932092 0.7642941841712365 0.037930855384239785 0.038407399104191706
0 0.33289520557110125 0.5722604164710412 0.02715756342961238 0.02737881587101863
0 0.8538128045889047 0.3580612035898062 0.016906885000375602 0.016664505004882812
0 0.7047070723313552 0.41966720727773815 0.028406289907602165 0.028438054598294772
0 0.566286747272198 0.40591907501220703 0.015889681302584134 0.01604006840632512
0 0.28903790620657116 0.18895354637732872 0.025953256166898288 0.026025918813852165
0 0.84400697854849 0.4927080594576322 0.015700560349684495 0.015489431527944712
0 0.2960222684420072 0.9905823927659255 0.01833372849684495 0.015587439903846154
0 0.6897427485539362 0.8405178510225736 0.0298464848445012 0.029970462505634014
0 0.5606469374436599 0.7617222712590144 0.02011445852426382 0.020383394681490384
0 0.7179015232966497 0.6706673548771784 0.019620455228365384 0.019693521352914665
0 0.7365069756141076 0.7242588630089393 0.015899804922250602 0.015870314378004808
0 0.3298169649564303 0.9871006011962891 0.046891285822941706 0.023615617018479567
0 0.6863390115591196 0.6333312254685622 0.017631677480844352 0.017532935509314902
0 0.6115606014545147 0.04377001982468825 0.18726686330942008 0.08539706010084885
0 0.5797840265127329 0.7475508176363431 0.020258243267352764 0.020011314978966348
0 0.1627661631657527 0.576666208413931 0.017564846919133112 0.017815003028282754
0 0.8312537853534405 0.20658293137183556 0.08039269080528846 0.11237602967482346
0 0.5174965858459473 0.6820479172926682 0.05150692279522236 0.0530237051156851
0 0.6806951669546274 0.8720512390136719 0.03939379178560697 0.039933424729567304
0 0.2853379249572754 0.12111459328578068 0.060731667738694414 0.0606691837310791
0 0.7989253997802734 0.5246959099402795 0.022557478684645433 0.02255102304311899
0 0.28442898163428676 0.5690173369187576 0.037867179283728965 0.037618050208458535
0 0.7442423013540415 0.5611209135789138 0.03744198725773738 0.03728176997258113
0 0.2658668848184439 0.3371744522681603 0.04562939130342924 0.04530598567082332
0 0.6116392795856183 0.9138160118689904 0.02429984166071965 0.02431341317983774
0 0.6656634990985577 0.09612574027134822 0.01713385948768029 0.017323970794677734
0 0.3716069001417894 0.8773102393517127 0.033525320199819714 0.03302676861102764
0 0.14742634846613958 0.3611938770000751 0.03164317057682918 0.03158657367412861
0 0.43422669630784255 0.0687749981880188 0.018093402569110576 0.018398239062382624
0 0.6155636860774114 0.19080213400033805 0.015463168804462139 0.015340291536771335
0 0.3362422356238732 0.8771350567157452 0.018903145423302285 0.019128065842848558
0 0.47835533435528094 0.39966509892390323 0.019679142878605768 0.019666084876427285
0 0.6985136912419245 0.3893933663001427 0.022626143235426683 0.022866542522723857
0 0.6834917802077073 0.33327322739821214 0.01706079336313101 0.017092044536884014
0 0.3558405362642728 0.8975838881272536 0.017844273493840143 0.017468672532301683
0 0.7116442460280198 0.07224198029591487 0.017250941349909857 0.017170126621539775
0 0.6182409433218149 0.141251985843365 0.01663545461801382 0.016409984001746543
0 0.753230461707482 0.9260016221266526 0.16082631624661958 0.14301960284893328
0 0.15744719138512245 0.21941911257230318 0.02056570236499493 0.020128543560321514
0 0.16103153962355393 0.33561068314772385 0.023138770690331094 0.02337925250713642
0 0.33019025509174055 0.8065854586087741 0.024525935833270732 0.024681824904221755
0 0.4343830988957332 0.20763298181387094 0.03025509760929988 0.03048551999605619
0 0.5411546046917255 0.5870370864868164 0.015219394977276143 0.014995868389423076
0 0.6953914348895733 0.7506722670335036 0.016712188720703125 0.016772930438701924
0 0.17250691927396333 0.26245707731980544 0.021982339712289665 0.022075799795297477
0 0.31124401092529297 0.8613665654109075 0.02064352769118089 0.0206451416015625
0 0.47613176932701695 0.7591513120211087 0.019063509427584134 0.018750997690054085
0 0.5005954595712515 0.28090476989746094 0.06690216064453125 0.06862831115722656
0 0.7839613694411057 0.15484320200406587 0.017076932466947116 0.016970487741323616
0 0.19759090130145734 0.0669089280641996 0.020343487079326924 0.02054597781254695
0 0.30408543806809646 0.20250734916100135 0.0188751220703125 0.01882824530968299
0 0.6875355793879583 0.22313882754399225 0.014717395489032451 0.014760567591740536
0 0.2837076003734882 0.16739311585059533 0.01961344939011794 0.019063986264742337
0 0.8414145249586839 0.6387809606698843 0.05753619854266827 0.07666235703688401
0 0.6819183643047626 0.23938861260047326 0.01782989501953125 0.017607468825120192
0 0.6474574896005484 0.7667683821458083 0.01746823237492488 0.01752501267653245
0 0.8592038521399865 0.5669368597177359 0.02119313753568209 0.029866438645582933
0 0.6379029200627253 0.6642702542818509 0.01619896521935096 0.016010284423828125
0 0.4128893705514761 0.16503524780273438 0.01529832986684946 0.015431844271146335
0 0.211212341602032 0.21948623657226562 0.14448917829073393 0.14370125073653
0 0.15859299439650315 0.28299830510066104 0.023433382694537822 0.02320575714111328
0 0.26332730513352615 0.6346878638634315 0.07341604966383714 0.07743131197415866
0 0.6921463012695312 0.8728727193979117 0.058807373046875 0.05885226909930889
0 0.4662945453937237 0.19715030376727766 0.01494583716759315 0.015001810514009915
0 0.7827088282658503 0.6716946821946365 0.016203660231370192 0.016251490666316107
0 0.768189943753756 0.6151634363027719 0.034875723031850964 0.03550309401292067
