0 0.4810439990117 0.29692657177264875 0.07516868297870342 0.07431272359994742
0 0.7095584869384766 0.8079825914823092 0.030200664813701924 0.030175429124098558
0 0.4654432443472055 0.33935407491830677 0.03707181490384615 0.0363922119140625
0 0.7284604586087741 0.12536213031181923 0.022690846369816706 0.022863351381742038
0 0.5272277685312124 0.9352579850416917 0.03887646014873798 0.03878710820124699
0 0.6459674835205078 0.055819919476142295 0.05276166475736178 0.052403349142808184
0 0.527180708371676 0.14953415210430437 0.05177109058086689 0.0522148792560284
0 0.5310722864591159 0.08802247047424316 0.023984615619365986 0.02397522101035485
0 0.46726032403799206 0.9019784193772536 0.0305480223435622 0.030568342942457933
0 0.336948981651893 0.9079221578744742 0.024578607999361478 0.024733616755558893
0 0.2931483525496263 0.40831287090594953 0.05335921507615309 0.05382596529447115
0 0.4928392997154823 0.1329905895086435 0.03065153268667368 0.030872931847205527
0 0.44365607775174654 0.9623506252582257 0.03151292067307692 0.0316923581636869
0 0.35590986105111927 0.5214768556448129 0.07225784888634315 0.0743571061354417
0 0.29891157150268555 0.8354615431565505 0.06680914071890023 0.09451088538536659
0 0.6926715557391827 0.1047271673495953 0.015936924861027643 0.015941619873046875
0 0.3468463971064641 0.4669500497671274 0.0560301267183744 0.05620252169095553
0 0.29443878393906814 0.5229433866647574 0.016455356891338643 0.016495484572190505
0 0.5363556421720065 0.19670842244074896 0.022560266348031852 0.02281783177302434
0 0.670009026160607 0.9585418701171875 0.0325018075796274 0.031803131103515625
0 0.38758501639732945 0.9337739944458008 0.05162620544433594 0.05193901062011719
0 0.5525514896099384 0.06188645729651818 0.05456242194542518 0.05500355133643517
0 0.6522775063147912 0.2562597164740929 0.04293485788198618 0.04291974581204928
0 0.4613634989811824 0.9900628603421725 0.043105785663311295 0.019163865309495192
0 0.5283442277174729 0.2287134757408729 0.03183555603027344 0.0319670897263747
0 0.27609836138211763 0.17656935178316557 0.037163147559532754 0.046467991975637585
0 0.3143912828885592 0.134877635882451 0.041015258202185996 0.040663260679978594
0 0.403712639441857 0.879076884343074 0.02527640416071965 0.025418795072115384
0 0.7294662182147686 0.2722378143897423 0.014995574951171875 0.014866388761080228
0 0.5661084835345929 0.19142701075627253 0.015373816856971154 0.015079791729266826
0 0.5036688584547776 0.027139938794649564 0.07049003014197716 0.05416271319756141
0 0.6808854616605319 0.01597780676988455 0.036615811861478366 0.03012011142877432
0 0.5719644473149226 0.23691127850459173 0.015596756568321815 0.015463792360745944
0 0.27575371815608096 0.40455077244685245 0.032323177044208236 0.04182580801156851
0 0.39229620420015776 0.8852426088773288 0.03403692979079027 0.03335483257587139
0 0.4345116982093224 0.9851753528301532 0.02379952944242037 0.023207884568434495
0 0.40114131340613735 0.881867922269381 0.02925572028526893 0.029866732083834134
0 0.2833273227398212 0.37143560556265026 0.04512625474196214 0.047250014085036054
