0 0.28975752683786243 0.1302864643243643 0.0799999603858361 0.07841735619765061
0 0.7424997182992789 0.10297890809866098 0.2655440110426683 0.20298279248751128
0 0.7646042750431941 0.8536331470196064 0.06497691227839543 0.06442025991586539
0 0.6337336026705228 0.7227015862098107 0.03561606773963341 0.03575339684119591
0 0.15034748040712798 0.37078255873460036 0.019863220361562874 0.019782139704777643
0 0.2933050302358774 0.8727987729586087 0.02002719732431265 0.020583372849684495
0 0.7544290102445163 0.9803679539607122 0.0312197758601262 0.030904623178335335
0 0.07312372556099525 0.3754573601942796 0.02981098798605112 0.029938991253192607
0 0.02928429154249338 0.7203812965979943 0.030590813893538255 0.03060766366811899
0 0.19069356184739333 0.12927976021399865 0.03500813704270583 0.03492865195641151
0 0.31317373422475964 0.815778218782865 0.02359148172231821 0.023724776047926683
0 0.7779658390925481 0.06636861654428336 0.018611907958984375 0.018697426869319037
0 0.4377601330096905 0.648557002727802 0.020146590012770433 0.019823074340820312
0 0.051881955220149115 0.0748937726020813 0.020862616025484525 0.021228982852055475
0 0.5871086854201096 0.32342265202448917 0.02361326951246995 0.023671076847956732
0 0.9137618725116436 0.4733292506291316 0.020299177903395433 0.02048184321476863
0 0.49494413229135364 0.955902099609375 0.018865291888897236 0.01883550790640024
0 0.3072018623352051 0.21395371510432318 0.033515563377967246 0.033579386197603665
0 0.11692697268265945 0.20864072212806115 0.03212556472191444 0.03202900519737831
0 0.9902610778808594 0.7526509211613581 0.019009516789362982 0.02319482656625601
0 0.13274123118473932 0.5231204766493577 0.04503433520977314 0.045513299795297474
0 0.39150641514704776 0.16917081979604867 0.024136763352614183 0.024216871995192308
0 0.10159952823932354 0.32382708329420823 0.01965489754310021 0.019943090585561898
0 0.14844736686119667 0.2760633321908804 0.02444736774151142 0.024665098923903245
0 0.09720862828768216 0.3453255066504845 0.023126932290884163 0.023351742671086237
0 0.12315066044147198 0.660671014052171 0.03118724089402419 0.031069535475510817
0 0.22150710912851188 0.0863042427943303 0.03623397533710186 0.03601282835006714
0 0.8902279780461237 0.49547144082876354 0.019814564631535456 0.019852564885066107
0 0.08054259190192589 0.6275725731482873 0.030280278279231146 0.030304541954627402
0 0.1584750505594107 0.2884484070997972 0.019551864037146933 0.019078988295335036
0 0.5675754547119141 0.17687485768244818 0.024187674889197715 0.02401315248929537
0 0.04143724533227774 0.28014362775362456 0.018550790273226224 0.018664029928354118
0 0.09240304506742038 0.04768820909353403 0.017837010897122897 0.01814921085651104
0 0.053491060550396256 0.3654896295987643 0.021213494814359225 0.021239280700683594
0 0.2025303107041579 0.5944331976083609 0.017299945537860576 0.017244632427509014
0 0.4091171117929312 0.056930367763225846 0.016405252309945915 0.0168610169337346
0 0.07944105221674992 0.21252859555757964 0.020075949338766243 0.020189652076134317
0 0.3486328491797814 0.8909449944129357 0.01592276646540715 0.01632998539851262
0 0.9230246177086463 0.7330675858717698 0.023158880380483773 0.023318657508263223
0 0.018393589900090143 0.464872066791241 0.018921274405259352 0.019080088688777044
0 0.5585899719825158 0.41634167157686675 0.019456936762883112 0.019422604487492487
0 0.34988007178673375 0.8496357844426081 0.015996786264272835 0.015922986544095553
0 0.34376261784480167 0.04886905046609732 0.01781610342172476 0.01776421987093412
0 0.5071012423588679 0.3285941710838905 0.031159621018629808 0.03123342073880709
0 0.12912443967965934 0.30704854084895206 0.017827950991117038 0.01784970210148738
0 0.49041590323814976 0.36830975459172177 0.02017527360182542 0.019861514751727764
0 0.03755912184715271 0.2181081771850586 0.03378208325459407 0.03349641653207632
0 0.2088775084568904 0.01841005453696618 0.017220717210036058 0.017023976032550518
0 0.11441423342778133 0.5952403361980731 0.037594538468580976 0.03833565345177284
0 0.1128928202849168 0.10787052374619704 0.027085065841674805 0.027558326721191406
0 0.08359839366032527 0.24218953572786772 0.01904925933251014 0.01918304883516752
0 0.04898307873652531 0.19130327151371881 0.019062555753267728 0.01933119847224309
0 0.5020656585693359 0.13640669675973746 0.03780012864332933 0.03885434224055363
0 0.15321515156672552 0.4953797780550443 0.03931357310368465 0.039437514085036054
0 0.21741903745211089 0.7376852769118089 0.019275922041672926 0.0193942143366887
0 0.042458213292635404 0.38583139272836536 0.023311429298841037 0.023370816157414362
0 0.8501849541297326 0.7811572001530573 0.026638031005859375 0.02676567664513221
0 0.7851145817683294 0.4471573462853065 0.019245147705078125 0.019034165602463942
0 0.8778029221754807 0.2660258916708139 0.018183488112229567 0.01791524887084961
0 0.06617771662198581 0.7055769700270432 0.0189207883981558 0.018983987661508415
0 0.7845962230975811 0.592110487130972 0.03340354332557091 0.03304290771484375
0 0.44384318131666917 0.6337980123666617 0.013879335843599759 0.014056572547325721
0 0.4825666867769681 0.0756151034281804 0.018787677471454326 0.018738838342519906
0 0.23797768812913161 0.8803025759183444 0.015371322631835938 0.015265978299654447
0 0.7473014684823843 0.9663328757652869 0.19492956308218148 0.06589566744290866
0 0.656603739811824 0.7029579602755033 0.02421731215256911 0.023810900174654447
0 0.09894017989818867 0.5502453217139611 0.03634036504305326 0.03596797356238732
0 0.023643230016414937 0.37579345703125 0.020182600388160117 0.02046819833608774
0 0.3735235654390775 0.2437733503488394 0.016874313354492188 0.017129898071289062
0 0.16804071573110727 0.8439100705660306 0.018944593576284554 0.019030057466947116
0 0.12083408465752235 0.035018437183820285 0.016672262778648965 0.017043439241556022
0 0.11287367343902588 0.9384294656606821 0.22651391762953538 0.12114246074969952
0 0.13949227333068848 0.3166481531583346 0.014902885143573467 0.01474138406606821
0 0.11342288897587703 0.06993451485267052 0.18369318888737604 0.1392089953789344
0 0.5711065439077524 0.26972400225125825 0.017926729642427884 0.01816705557016226
0 0.1348259449005127 0.8790667607234075 0.015013658083402194 0.014813056358924279
0 0.3316603440504808 0.48249563804039586 0.015519362229567308 0.01546617654653696
0 0.8686331235445462 0.325899050785945 0.01888891366811899 0.018937184260441706
0 0.8030010370107797 0.23018516027010405 0.020317811232346755 0.02043881783118615
0 0.486722652728741 0.11345634093651405 0.03584201519305889 0.035669693580040567
0 0.7889587695782001 0.2580111210162823 0.016179891733022835 0.016254718487079326
0 0.10957212631519024 0.6319896991436298 0.0339811581831712 0.0340118408203125
0 0.05269224827106182 0.14887131177462065 0.032309273114571206 0.03271755805382362
0 0.435610110943134 0.28896111708420974 0.014915906465970553 0.014963076664851261
0 0.8587450614342322 0.2987831555880033 0.017267373891977165 0.01726814416738657
0 0.7020105215219351 0.352600647852971 0.035308544452373795 0.03521435077373798
0 0.7791582987858698 0.04610588000370906 0.014642128577599159 0.014696066196148213
0 0.9487236463106595 0.5868926415076623 0.02228414095365084 0.022097954383263223
0 0.6259566086989182 0.2047601846548227 0.03868557856633113 0.03861852792593149
0 0.165589295900785 0.3088026780348558 0.014605522155761719 0.01456933755141038
0 0.8053002724280725 0.4539933204650879 0.014738376323993389 0.014675140380859375
0 0.4609364729661208 0.8369705493633564 0.02207807394174429 0.022194495567908652
0 0.3235432551457332 0.4426118410550631 0.025441389817457933 0.025630804208608773
0 0.8435516357421875 0.697532947246845 0.017513568584735576 0.017583553607647236
0 0.8770797436053936 0.3835521111121544 0.014970339261568509 0.014942169189453125
0 0.39330299084003156 0.3156862258911133 0.014740870549128605 0.01488186762883113
0 0.1626708324138935 0.14800456854013297 0.015190197871281551 0.015363399799053486
0 0.5387019377488357 0.15628647804260254 0.016152015099158652 0.016177544227013223
0 0.12734867059267485 0.5771644298846905 0.030395085995013896 0.030950252826397236
0 0.029444355231065016 0.3367590537438026 0.015549696408785306 0.015604899479792668
0 0.18161520591148964 0.2940907111534706 0.01990087215717022 0.02026026065532978
0 0.42015215066763073 0.09532468135540302 0.013769003061147837 0.013664575723501353
0 0.8820970975435697 0.024825655497037448 0.034814100999098554 0.03560488957625169
0 0.3299037493192233 0.16866498727064866 0.032862296471228965 0.03263429495004507
0 0.09805768269758958 0.5521213458134577 0.029548076482919548 0.029658684363731973
0 0.39238981100229114 0.1963193599994366 0.031121180607722357 0.031549967252291165
0 0.015570270327421335 0.6840167412391076 0.025973491943799533 0.025663229135366585
0 0.0573578614455003 0.2525306298182561 0.015076050391564002 0.015063175788292518
0 0.14218435837672308 0.1303851054264949 0.015129822951096755 0.014997262221116286
0 0.9156103867750901 0.3637401874248798 0.020946649404672477 0.021161006047175482
0 0.8897115267240084 0.6331236912653997 0.029877882737379808 0.029857635498046875
0 0.2559477732731746 0.7494393862210788 0.015193352332481971 0.015332735501802884
