0 0.5945002482487605 0.17836178266085112 0.08813858032226562 0.09033182034125695
0 0.12088853579301101 0.50403382227971 0.05228546949533316 0.05237293243408203
0 0.5105811999394343 0.5562568444472092 0.0519098868736854 0.05224154545710637
0 0.5019341248732346 0.20079700763408953 0.04923439025878906 0.04931449890136719
0 0.16678357124328613 0.4249108387873723 0.0607147583594689 0.062014066256009616
0 0.719848999610314 0.521828137911283 0.05630170381986178 0.05609835111177885
0 0.46833170377291167 0.4756743357731746 0.04950361985426683 0.04911371377798227
0 0.6603193283081055 0.22545216633723333 0.043839528010441706 0.04394721984863281
0 0.5806854321406438 0.3390990403982309 0.07952814835768479 0.08064057276799129
0 0.680760016808143 0.9014497903677133 0.03163851224459135 0.031551361083984375
0 0.3126506438622108 0.027142217526069053 0.04215401869553786 0.042343414746798
0 0.377193047450139 0.019880739542154167 0.03657260307898888 0.03593377883617695
0 0.6029649881216196 0.8047310755803034 0.03431349534254808 0.03445874727689303
0 0.38802278958834135 0.1217052569756141 0.0355372062096229 0.03564365093524639
0 0.4125796831571139 0.4465846281785231 0.0342870858999399 0.03448897141676683
0 0.40895630763127255 0.15416425925034744 0.04481212909405048 0.044958884899432845
0 0.7045179513784555 0.33973121643066406 0.03792762756347656 0.03808791820819561
0 0.4524082037118765 0.028057187795639038 0.04767124469463642 0.04692015739587637
0 0.4980129095224234 0.13632928408109224 0.04508510002723107 0.045135828164907604
0 0.5651912689208984 0.8925866347092849 0.02364217318021334 0.02356690626878005
0 0.6950812706580529 0.0781404605278602 0.026637737567608174 0.026720193716195915
0 0.9083676704993615 0.3231663337120643 0.02023594196026142 0.02034143301156851
0 0.3497949013343224 0.6489342909592849 0.03584370246300331 0.03619472797100361
0 0.6274375915527344 0.9781532287597656 0.02493711618276743 0.02527002187875601
0 0.827919813302847 0.6074740336491511 0.024085264939528245 0.024144979623647835
0 0.13588753113379845 0.10395528719975398 0.06875489308283879 0.06920637992712167
0 0.5064255641056941 0.2662526277395395 0.04519242506760817 0.045348167419433594
0 0.5261037533099835 0.10406712385324332 0.023587520305926982 0.02350935569176307
0 0.25038840220524716 0.08967259297004113 0.024111821101262018 0.02406655825101412
0 0.2728570791391226 0.07020136026235727 0.03404536614051232 0.03397275851323055
0 0.4579631732060359 0.26670125814584583 0.051459092360276446 0.05107820951021635
0 0.8339334634634165 0.4923808758075421 0.02812781700721154 0.028302559485802285
0 0.46008583215566784 0.8984932532677283 0.0309140132023738 0.030892005333533652
0 0.7702058645395132 0.09292325606712928 0.049005361703725964 0.04915916461210985
0 0.3258220966045673 0.159880858201247 0.020730312053973857 0.02066503121302678
0 0.6516173436091497 0.9889118488018329 0.029683626615084134 0.019331711989182692
0 0.5456286210280198 0.5281870915339544 0.030021080603966348 0.029817581176757812
0 0.6405480458186223 0.948325670682467 0.021959304809570312 0.022091792179987982
0 0.5249077723576472 0.464388187115009 0.021060650165264424 0.021093001732459433
0 0.39777741065392125 0.19025168052086464 0.02077374091515174 0.020979587848369893
0 0.8496580857496995 0.4060386877793532 0.024144686185396634 0.024199632497934196
0 0.5263737898606521 0.02210462551850539 0.027858880849984977 0.028176270998441257
0 0.42423017208392805 0.8091247265155499 0.020124508784367487 0.019983878502478965
0 0.7033842526949369 0.11019088671757625 0.27385480587299055 0.2154239141024076
0 0.43530952013455904 0.5529396717364972 0.0360560783973107 0.0361943611731896
0 0.7249155044555664 0.0764835522725032 0.0451959463266226 0.04528533495389498
0 0.4071149459251991 0.7871798735398513 0.018286484938401442 0.018383906437800482
0 0.8681305371798002 0.37285566329956055 0.024032446054311898 0.024196478036733773
0 0.5049481758704553 0.9402107825646033 0.02681600130521334 0.02682363069974459
0 0.8223810929518479 0.15999537247877854 0.028908656193659857 0.02907744737771841
0 0.6918462606576773 0.3627947660592886 0.030438056358924277 0.030159656818096455
0 0.5463724503150353 0.3786763411301833 0.10780774630033053 0.10658718989445613
0 0.8847669454721304 0.2512494600736178 0.02082986098069411 0.02060728806715745
0 0.838051649240347 0.13988254620478704 0.026641258826622598 0.026572007399338942
0 0.6637147756723257 0.5176307971660907 0.03603861882136418 0.036256643442007214
0 0.45429420471191406 0.07786630667172946 0.037557015052208535 0.03764192874615009
0 0.3974238909207858 0.28509061153118426 0.018564664400540866 0.018386987539438102
0 0.5725975403418908 0.4687767762404222 0.025357686556302585 0.025392532348632812
0 0.29529839295607346 0.5251516562241775 0.02759273235614483 0.027668879582331732
0 0.702353624197153 0.1251696256490854 0.032924652099609375 0.03292087408212515
0 0.5100867198063777 0.2998948097229004 0.04616106473482572 0.0461726555457482
0 0.37047551228449893 0.07504439353942871 0.01847355182354267 0.01848910405085637
0 0.5895107709444486 0.4468808174133301 0.02825311514047476 0.028380980858435996
0 0.6045286838824933 0.8885187002328726 0.03826075333815355 0.03902303255521334
0 0.7716327080359826 0.19844808945289025 0.018810125497671273 0.018981199998121995
0 0.36321309896615833 0.3601531248826247 0.02073038541353666 0.020358452430138223
0 0.33692715718195987 0.9335966110229492 0.044775816110464245 0.04517203110914964
0 0.4376694605900691 0.1777823521540715 0.021846624521108773 0.021827184236966647
0 0.6330328721266526 0.41687917709350586 0.021968841552734375 0.021682225740872897
0 0.9073897141676682 0.09193170070648193 0.03880001948429988 0.04358546550457294
0 0.30986987627469575 0.21759620079627404 0.024471282958984375 0.02492633232703576
0 0.7597230764535757 0.22314508144672102 0.03771561842698317 0.03805685043334961
0 0.40461092728834885 0.9876447090735803 0.028712932880108174 0.020725250244140625
0 0.4719227644113394 0.624228990994967 0.018633475670447715 0.018729576697716348
0 0.7899485367995042 0.5614092166607196 0.019199371337890625 0.019236931434044473
0 0.1388527246621939 0.034001863919771634 0.02242616506723257 0.022601742010850173
0 0.35444347675030047 0.8524632087120643 0.0188754155085637 0.018239828256460335
0 0.5157447961660532 0.08640060975001408 0.01683983435997596 0.01688988392169659
0 0.2814514453594501 0.1515942353468675 0.018652695875901442 0.018390545478233926
0 0.3635479486905612 0.8746847005990835 0.025181990403395433 0.025765345646784857
0 0.8928962120643029 0.12151023974785438 0.016171088585486777 0.01576082523052509
0 0.8789630303016076 0.5109408451960638 0.024675956139197715 0.024784675011268027
0 0.5820350646972656 0.7531122060922476 0.01526942619910607 0.015498968271108774
0 0.8834884350116436 0.0490605326799246 0.04146575927734375 0.04153690888331486
0 0.206999632028433 0.6751384735107422 0.02102551093468299 0.021086912888746995
0 0.6200651022104117 0.704253416794997 0.022635569939246543 0.023033288808969352
0 0.7577127309945914 0.5262235861558181 0.01772279005784255 0.0177461917583759
0 0.5021150295551007 0.056717670880831204 0.04808807373046875 0.04797495328463041
0 0.23349760128901556 0.9930697954618014 0.020984759697547324 0.012541697575495793
0 0.2876181969275841 0.48113012313842773 0.01866905505840595 0.018829345703125
0 0.4852743882399339 0.7924795884352464 0.027804154616135817 0.028195014366736777
0 0.3986843549288236 0.5611582902761606 0.016544488760141227 0.01622486114501953
0 0.18239923623891977 0.6995220184326172 0.016586743868314303 0.016402611365685098
0 0.5890417098999023 0.01805227077924288 0.03202907855694111 0.03215710474894597
0 0.36470882709209734 0.33205545865572417 0.019532277033879206 0.019554578340970553
0 0.3411118434025691 0.9088414999154898 0.019567049466646634 0.0194399907038762
0 0.7484733141385592 0.9448993389423077 0.01775506826547476 0.0178530766413762
0 0.12497218755575326 0.6514176588792068 0.10422084881709172 0.1629175039438101
0 0.2696908437288724 0.42066357685969424 0.01564950209397536 0.015854762150691107
0 0.4475864997276893 0.5226955780616174 0.02614006629356971 0.026091282184307393
0 0.7538330371563251 0.20174672053410456 0.058666375967172474 0.05823091360238882
0 0.6133617254403921 0.47098812690147984 0.017034237201397236 0.01699198209322416
0 0.19899909312908465 0.9693038646991436 0.016872075887826774 0.016974229079026442
0 0.5543031325707068 0.5533113479614258 0.03483251424936148 0.03505970881535457
0 0.5033691112811749 0.8972305151132437 0.01497958256648137 0.015003497783954326
0 0.8276469157292292 0.04542999542676485 0.03600384638859676 0.03532654505509596
0 0.3129378098707933 0.6534077570988581 0.015182220018826999 0.015199807974008413
0 0.40300310575045073 0.6572696979229267 0.02013998765211839 0.0203707768366887
0 0.6940879088181716 0.9241159145648663 0.0152131594144381 0.01535327617938702
0 0.8016606844388522 0.922720689039964 0.016255011925330527 0.016317367553710938
0 0.7915091147789588 0.6087832084068885 0.02343926062950721 0.023799896240234375
0 0.537875248835637 0.48070738865778995 0.029134456927959736 0.02911039499136118
0 0.30267396340003383 0.8710655799278846 0.024955602792593148 0.02492391146146334
0 0.30699975673968977 0.12520151871901292 0.015948368952824518 0.01580506104689378
0 0.507297735947829 0.5153171099149264 0.016886050884540264 0.01696924062875601
0 0.7784582284780649 0.32021764608529896 0.02033849862905649 0.02032617422250601
0 0.21241189883305475 0.7301607865553635 0.042929649353027344 0.042228405292217545
0 0.4323434829711914 0.6062994003295898 0.022775943462665264 0.022605015681340143
0 0.42887643667367786 0.21758130880502555 0.015029540428748498 0.014810782212477464
0 0.7806719266451322 0.33754770572368914 0.020922734187199518 0.021214851966271035
0 0.6508982731745794 0.7086246197040265 0.027591118445763223 0.027601095346304085
0 0.6765298109788161 0.15756491514352652 0.015447323138897236 0.015349754920372596
0 0.8488148909348708 0.8087764153113732 0.1588143568772536 0.2122650146484375
0 0.5380394642169659 0.06736833315629226 0.029311620272122897 0.029537274287297174
0 0.522361315213717 0.631535896888146 0.015119992769681491 0.015100625845102163
0 0.5105828872093787 0.3455212666438176 0.054948586684006914 0.056255340576171875
0 0.8703126173753005 0.10717116869412936 0.041528555063100964 0.04137600385225736
0 0.4831237059373122 0.05166868980114277 0.029996578509990986 0.02981354410831745
0 0.6748666029710036 0.6092855013333834 0.04128588162935697 0.04066203190730168
0 0.2101282706627479 0.53429625584529 0.016045863811786357 0.016136609590970553
0 0.5790472764235276 0.5092702278724084 0.01717097942645733 0.017206192016601562
0 0.20952327434833234 0.6070612393892728 0.01890116471510667 0.01853781480055589
0 0.85938783792349 0.4370158268855168 0.02162346473106971 0.021953436044546273
0 0.5958063419048603 0.8973744465754583 0.01577597398024339 0.015285785381610576
0 0.7768622178297776 0.9456886878380408 0.01681371835561899 0.016827216515174277
0 0.6836649087759165 0.9423666733961839 0.014924269456129808 0.015012594369741587
0 0.5024982232313889 0.03871700396904579 0.01463017096886268 0.014912917063786434
0 0.4312474177433894 0.7175925328181341 0.01605650094839243 0.016041095440204326
0 0.4980116624098558 0.7751952684842623 0.024966606727013223 0.024223474355844352
0 0.488250182225154 0.012288671273451585 0.018312380864070013 0.01855453161092905
0 0.5735324712900015 0.6606948559100811 0.016408186692457933 0.016039041372445915
0 0.8946343935452975 0.6757353269136869 0.014715634859525241 0.014893165001502404
0 0.492885369520921 0.984810315645658 0.020679547236515924 0.020908649151141826
0 0.9087696075439453 0.15435284834641677 0.014257431030273438 0.014284867506760817
0 0.8672690024742713 0.4199050756601187 0.018496146568885215 0.01862613971416767
0 0.3200990236722506 0.9621620178222656 0.039635731623722956 0.03945600069486178
0 0.38359363262469953 0.054227205423208386 0.1052870383629432 0.10218033423790565
0 0.3240967163672814 0.8803947155292218 0.016125825735238884 0.016177250788762018
0 0.6674966078538161 0.08002636982844426 0.02352171677809495 0.023256613658024713
0 0.37468191293569714 0.15652044002826399 0.015879997840294473 0.015827536582946777
0 0.39731590564434344 0.6751651763916016 0.02021628159743089 0.020705589881310098
0 0.47838321098914516 0.6518946427565354 0.014969899104191707 0.01492603008563702
0 0.24796518912682167 0.398463982802171 0.06547040205735427 0.06538537832406852
0 0.2521790907933162 0.6734353579007663 0.053874896122859076 0.053415151742788464
0 0.20695840395413911 0.6127430108877329 0.11083633166093093 0.1107636965238131
0 0.11574909320244423 0.20932683577904335 0.014559195591853214 0.014687868265005259
0 0.7239148800189679 0.5898663814251239 0.05788905803973858 0.059115116412823014
0 0.310791382422814 0.5907631654005784 0.019505427433894232 0.019742158743051384
0 0.46817761201124924 0.2953327985910269 0.038027176490196817 0.037549459017240085
0 0.3925318351158729 0.059923795553354114 0.016399236825796273 0.01614080942594088
0 0.2929046154022217 0.7689922039325421 0.014973860520582933 0.014918694129356971
0 0.488824330843412 0.06385015982847947 0.015700560349684495 0.015958611781780537
0 0.4750518065232497 0.33692763401911807 0.02265020517202524 0.022746159480168268
0 0.5611663231482873 0.7227505170381986 0.017448865450345553 0.01724081773024339
0 0.4875292411217323 0.055813028262211725 0.034003917987530045 0.042166792429410495
0 0.19972823216364935 0.5253341381366436 0.01447453865638146 0.014432026789738582
0 0.8301403339092548 0.5310785953815167 0.017120361328125 0.017325914823091947
0 0.27561572881845325 0.9720618174626277 0.01812898195706881 0.018056869506835938
0 0.5353252704326923 0.08432291104243352 0.02349538069504958 0.02468585968017578
0 0.23069185477036697 0.5616324498103216 0.01436321551983173 0.0143278562105619
0 0.5241541128892165 0.6930208939772385 0.014582120455228366 0.014122742872971755
0 0.8607205611008865 0.435054375575139 0.027245448185847357 0.027244714590219352
0 0.8862943649291992 0.27472815146813023 0.015329654400165264 0.015475053053635817
0 0.376946889437162 0.9345302581787109 0.027440878061147835 0.02808526846078726
0 0.857086181640625 0.02673037923299349 0.02801513671875 0.028436757051027738
0 0.8745282980111929 0.47000598907470703 0.03589336688701923 0.035727280836838946
0 0.666656494140625 0.34786099653977615 0.021398104154146634 0.021393409142127402
0 0.45018746302678037 0.2269258315746601 0.023810753455528848 0.023788048670842096
0 0.4178898884699895 0.9025866435124323 0.014608676616962139 0.014655186579777645
0 0.29802502118624175 0.34234123963576096 0.059390948368952826 0.05944904914269081
0 0.14546770315903884 0.20377294833843523 0.023473299466646634 0.023854182316706732
0 0.5769807375394381 0.9440426459679236 0.016735663780799277 0.016828096829927884
0 0.27663423464848447 0.09932334606464092 0.014096810267521786 0.014124393463134766
0 0.859034538269043 0.030475497245788574 0.03405292217548077 0.03506788840660682
0 0.8625472875741812 0.3000332758976863 0.019886603722205527 0.020263011638934795
0 0.4534573188194862 0.18225963299091047 0.017168045043945312 0.01716723808875451
0 0.870108384352464 0.34943118462195766 0.014996601985051082 0.015237661508413462
0 0.11918412722074069 0.6565440251277044 0.014522772568922777 0.01443950946514423
0 0.567811525785006 0.08847473217890812 0.015378952026367188 0.015256624955397386
0 0.12813166471628043 0.7384514441856971 0.11049208274254432 0.1701962397648738
0 0.23601975807776818 0.11355910851405217 0.013884214254525991 0.014367213616004357
0 0.8435506087083083 0.3694017850435697 0.015091822697566105 0.015512172992412861
0 0.6813713954045222 0.07506983096782978 0.06178753192608173 0.04911905068617601
