0 0.6381954779991736 0.4293506328876202 0.13239284662099984 0.1355155064509465
0 0.8863133650559646 0.12722544486706072 0.054845369779146634 0.05514234762925368
0 0.887977673457219 0.43189382553100586 0.10456129220815805 0.1026152830857497
0 0.8261847862830529 0.6538460804865911 0.15824303260216346 0.16315108079176682
0 0.5105361938476562 0.5877253459050105 0.03793474344106821 0.0376735100379357
0 0.048284283051123984 0.4635809384859525 0.03637853035560021 0.03831159151517428
0 0.7611496265117939 0.7612250401423528 0.06871194105881911 0.0684192364032452
0 0.8490627728975736 0.32607526045579177 0.03154974717360277 0.03183687650240385
0 0.13200985468350923 0.8880194150484525 0.08116872494037335 0.08178975031926082
0 0.6452209766094501 0.9807492036085862 0.025439042311448317 0.025345435509314902
0 0.2359919181236854 0.4918362544133113 0.07124658731313852 0.07185759911170372
0 0.6101157848651593 0.6780447593102088 0.12713725750262922 0.1321851290189303
0 0.223540526169997 0.8783964010385367 0.04052440936748798 0.04037915743314303
0 0.3050656318664551 0.7685897533710186 0.027339421785794772 0.02726921668419471
0 0.705653557410607 0.8688797583946815 0.049732208251953125 0.049269456129807696
0 0.7743527339054987 0.7219742261446439 0.025555830735426683 0.025502718411959134
0 0.7495075372549204 0.17351711713350737 0.08583464989295372 0.08740095908825214
0 0.8200761354886569 0.5733205355130709 0.052074432373046875 0.05269160637488732
0 0.8579634152925931 0.1639421536372258 0.02099433312049279 0.02113049763899583
0 0.329923886519212 0.7079169200016902 0.01927053011380709 0.01905206533578726
0 0.21895084014305702 0.16872112567608172 0.01823260233952449 0.018206046177790716
0 0.9075592481173002 0.8228907951941857 0.03325506357046274 0.033258291391225964
0 0.75518798828125 0.25217118630042445 0.11049329317533053 0.11514744391808143
0 0.5850003315852239 0.9465004114004282 0.04108898456280048 0.04105802682729868
0 0.7129779228797326 0.5134953718919021 0.01908595745380108 0.01925321725698618
0 0.45778215848482573 0.8771074001605694 0.018199773935171273 0.017794242272010215
0 0.4916636026822604 0.49118317090548 0.024736917935884915 0.024715496943547174
0 0.11102986335754395 0.7951620542086087 0.025951422177828275 0.02601447472205529
0 0.6792141841008112 0.7521756245539739 0.020734200110802285 0.020711165208082933
0 0.29192689748910755 0.8389628483698919 0.04835011408879207 0.04974717360276442
0 0.8945764394906851 0.526645146883451 0.020603473369891826 0.02069201836219201
0 0.874758793757512 0.5010161766639123 0.034623953012319714 0.03490800123948317
0 0.39634106709406924 0.7369356888991135 0.0910046650813176 0.08808722862830529
0 0.7034165309025691 0.8315792083740234 0.042329054612379804 0.04234622075007512
0 0.25985512366661656 0.912256460923415 0.035951981177696817 0.0354920900785006
0 0.8176491077129657 0.7239486987774189 0.016626504751352165 0.016600388746995192
0 0.07541594597009513 0.1665643361898569 0.016227969756493203 0.016149520874023438
0 0.3063166324908917 0.8710658733661358 0.03826420123760517 0.03853695209209736
0 0.060759902000427246 0.6812101510854868 0.060132778607881986 0.061811593862680286
0 0.18386679429274339 0.9238122793344351 0.046484213608961836 0.045880831204927884
0 0.256232004899245 0.826723758990948 0.026413367344782904 0.02589108393742488
0 0.5461948834932767 0.6089707154494065 0.09180626502403846 0.09349632263183594
0 0.22769062335674578 0.7320094475379357 0.03773021697998047 0.03765428983248197
0 0.35641061342679536 0.3944903520437387 0.018248558044433594 0.01813793182373047
0 0.6183905968299279 0.5946516257065994 0.022294227893535908 0.02233123779296875
0 0.19691991806030273 0.7098626356858474 0.03376439901498648 0.03380526029146635
0 0.822628901554988 0.12359303694504958 0.07593683096078727 0.07778057685265174
0 0.5997312985933744 0.8331707440889798 0.020537889920748197 0.020558870755709134
0 0.7633799039400541 0.4285277953514686 0.016316927396334134 0.01667308807373047
0 0.37704174335186297 0.6800944988544171 0.11063619760366586 0.11087534977839543
0 0.03952556390028734 0.4069181222182054 0.019018157170369074 0.026355743408203125
0 0.15166285404792199 0.740774888258714 0.05291584821847769 0.05452434833233173
0 0.7211254560030423 0.6588482489952674 0.031820443960336536 0.03152201725886418
0 0.7340283760657678 0.7456329052264874 0.016677269568810098 0.016614180344801683
0 0.9463567000169021 0.9873776069054236 0.035728161151592545 0.02440819373497596
0 0.6581585223858173 0.8472258494450495 0.05412145761343149 0.054009510920597956
0 0.7330100719745343 0.12654019319094145 0.08342640216533954 0.08359731160677396
0 0.1545414557823768 0.9271695063664362 0.01792005392221304 0.01811555715707632
0 0.23990245965810922 0.2673603571378268 0.07425506298358624 0.07536506652832031
0 0.24291111872746393 0.7467431288499099 0.02434250024648813 0.02470984825721154
0 0.6061301598182092 0.5610090035658616 0.06264290442833534 0.062220133267916165
0 0.7046937208909255 0.25313320526709926 0.015237074631911058 0.01520211880023663
0 0.7802194448617789 0.3383488655090332 0.022974454439603366 0.02274491236760066
0 0.4719047546386719 0.8191602413470929 0.22703024057241586 0.23828609173114484
0 0.37978612459622896 0.45052799811730015 0.03756567148061899 0.0376428457406851
0 0.6379734919621394 0.3257756600013146 0.030041621281550482 0.029943319467397835
0 0.1800243304325984 0.3347737238957332 0.016958896930401143 0.01697848393366887
0 0.4838023552527794 0.9193044809194711 0.018830592815692607 0.018807337834284857
0 0.1321785541681143 0.02026154215519245 0.03162895716153658 0.03139627438325148
0 0.17933421868544358 0.361880008990948 0.015627677624042217 0.01562984173114483
0 0.626673698425293 0.7972591106708233 0.06343372051532452 0.06507506737342247
0 0.873750246488131 0.6763373154860276 0.017603654127854567 0.017706650954026442
0 0.8215014384343073 0.9468719042264498 0.04352995065542368 0.04341404254619892
0 0.8977312674889197 0.06477563197796161 0.10390721834622897 0.10699932391826923
0 0.7028499016394982 0.9493769132173978 0.05588736900916466 0.056257394643930286
0 0.9374724901639498 0.8079045369074895 0.01834282508263221 0.018814967228816107
0 0.11184078913468581 0.1669338849874643 0.01563725104698768 0.015594995938814603
0 0.16303660319401667 0.6967240847074069 0.037645890162541315 0.037633455716646634
0 0.6200045072115384 0.9379677405724158 0.025874761434701774 0.025921454796424277
0 0.7748995560866135 0.41971903580885667 0.07973333505483773 0.08083277482252854
0 0.655784900371845 0.926241948054387 0.04019517164963942 0.04006048349233774
0 0.06733371661259578 0.20522499084472656 0.02900250141437237 0.029355342571551982
0 0.7660564275888296 0.30114914820744443 0.014753928551307091 0.01477366227370042
0 0.3134082280672513 0.46953795506403995 0.08459076514610878 0.08387829707219051
0 0.11842746918018048 0.10611943098214957 0.015344693110539364 0.01502224115224985
0 0.8083864358755258 0.48789193080021787 0.09665944026066707 0.09510245689978966
0 0.19648441901573768 0.07015395622987014 0.16482147803673378 0.137945844576909
0 0.09825493739201473 0.7758893233079177 0.029395103454589844 0.028666863074669473
0 0.2663408059340257 0.8573847550612229 0.017914992112379808 0.017929664024939902
0 0.24753267948444074 0.6837875659649189 0.07304961864764874 0.07246046799879807
0 0.6442960592416617 0.2893517017364502 0.015073482806865986 0.015116508190448467
0 0.9389287508451022 0.19913101196289062 0.014814083392803486 0.014616159292367788
0 0.8294315338134766 0.38304622356708234 0.05601208026592548 0.05595845442551833
0 0.10223771975590633 0.6548775892991286 0.03672093611497145 0.03729115999661959
0 0.6790745074932392 0.07009778572962834 0.015420620258037861 0.015387810193575345
0 0.9141382070688101 0.7677125197190505 0.09994858961838943 0.10209391667292668
0 0.7147130966186523 0.5472876108609713 0.16157942551832932 0.16323228982778695
0 0.6621321164644681 0.8869119057288537 0.040933462289663464 0.040262809166541465
0 0.9552108324491061 0.8181072381826547 0.019721251267653245 0.02926914508526142
0 0.1761614359342135 0.9383904383732722 0.028984509981595553 0.02893667954664964
0 0.9170671609731821 0.9550743103027344 0.09192452063927284 0.08655489408052884
0 0.1708711844224196 0.7765530806321365 0.014491961552546574 0.014206519493689904
0 0.3562470949613131 0.551780260526217 0.0164492680476262 0.016684238727276143
0 0.7342354701115534 0.8264940701998197 0.017979255089393027 0.017955780029296875
0 0.7101722130408654 0.7798940218411959 0.01378631591796875 0.013972649207481971
0 0.8527138049785907 0.6366038689246545 0.015428983248197116 0.015334202693058895
0 0.3703195865337665 0.8051746074969952 0.015995025634765625 0.016159644493689902
0 0.0715259313583374 0.7841815948486328 0.016721413685725287 0.016736837533804085
0 0.5429697036743164 0.6225482500516452 0.07559790978064904 0.0725084451528696
0 0.5543223160963792 0.9696476276104267 0.019539612990159255 0.01966065626878005
0 0.40308669897226185 0.32902886317326474 0.02539194547213041 0.025475428654597357
0 0.20761436682481033 0.7868370643028846 0.06969613295335036 0.06917014488807091
0 0.5330305833082932 0.6950551546536959 0.04427337646484375 0.043567657470703125
0 0.1712179183959961 0.8381393139178936 0.015837889451246995 0.015746043278620794
0 0.053502596341646634 0.5949575717632587 0.047437007610614486 0.07550929142878605
0 0.33602024958683896 0.7787607633150541 0.035983892587515026 0.03594706608698918
0 0.13728351776416486 0.6454098041240985 0.03518220094534067 0.034239548903245196
