0 0.7920764776376578 0.46307556445782 0.04430697514460637 0.04415629460261418
0 0.65630369919997 0.37523431044358474 0.034356190608097956 0.03429412841796875
0 0.796382317176232 0.18288274911733773 0.044966477614182696 0.04571063701923077
0 0.6528365795428936 0.2129394641289344 0.07199976994441105 0.0728306770324707
0 0.16095818006075346 0.6851186018723708 0.033376180208646335 0.033083402193509616
0 0.8301768669715295 0.026071342138143685 0.03506631117600661 0.03476255673628587
0 0.80852537888747 0.5119285216698279 0.039737701416015625 0.03992374126727764
0 0.7942284804124099 0.06863130972935604 0.027285209068885215 0.027239524401151217
0 0.7181732471172626 0.052934192694150485 0.031594349787785456 0.031409456179692194
0 0.48923749190110427 0.01879481512766618 0.05292672377366286 0.03192979326614967
0 0.6987410325270432 0.07236663194803092 0.030844908494215745 0.031085472840529222
0 0.4560033358060397 0.06341142837817852 0.019221085768479567 0.019370115720308743
0 0.8162460327148438 0.13446397047776443 0.027427086463341348 0.02725531504704402
0 0.6743589547964243 0.3261113533606896 0.03860209538386418 0.03818328563983624
0 0.5721252514765813 0.29817991990309495 0.03297864473783053 0.03310122856727013
0 0.7478176997258112 0.011982830671163706 0.029124333308293268 0.022106014765225925
0 0.7411895165076623 0.08040189743041992 0.028980842003455527 0.02893370848435622
0 0.8426908346322867 0.5284601358266977 0.031089195838341348 0.031293428861177884
0 0.7430064861591046 0.17866908586942232 0.023108555720402643 0.02313991693349985
0 0.1625666985144982 0.7089199653038611 0.02015264217670147 0.01996465829702524
0 0.536346068749061 0.10085840408618633 0.026451991154597357 0.026522397994995117
0 0.8077041919414814 0.6700191497802734 0.08602758554311898 0.08507743248572716
0 0.5871663460364709 0.16096944075364333 0.03476216242863582 0.03469214072594276
0 0.19277106798612154 0.39530123197115385 0.11779183607835036 0.1964742403763991
0 0.8452028861412635 0.9536734360914964 0.055348909818209134 0.08295147235576923
0 0.5456968821012057 0.07782464761000413 0.032507823063777044 0.03248816270094652
0 0.7284007439246545 0.14679231093480036 0.028231694148137018 0.02822411977327787
0 0.6663561600905198 0.4182917888347919 0.028094951923076924 0.02832684150108924
0 0.6283402809729943 0.16533556351294884 0.02325776907113882 0.023566466111403245
0 0.7722310286301833 0.021284121733445387 0.030607957106370192 0.030828631841219388
0 0.78307371873122 0.10565591775454007 0.017084855299729567 0.016882823063777044
0 0.1930847534766564 0.6088010714604304 0.03442940345177284 0.034288773169884317
0 0.6801757078904372 0.2806534216954158 0.01956484867976262 0.01968207726111779
0 0.4272330357478215 0.14880710381727952 0.021916609544020433 0.022104886861947868
0 0.5304913154015174 0.21007178379939154 0.026667668269230768 0.026645807119516227
0 0.6785469788771409 0.14544634635631853 0.0282290532038762 0.02849301925072303
0 0.7640969936664288 0.8680807260366586 0.1693734389085036 0.17085588895357573
0 0.5623765358558068 0.05780872931847206 0.02443519005408654 0.024423489203819863
0 0.18580266145559457 0.6497187981238732 0.019910188821645882 0.020009554349459134
0 0.6633552404550406 0.2671036170079158 0.03810398395244892 0.038138169508713946
0 0.7267514742337741 0.28111949333777797 0.04741991483248197 0.04731420370248648
0 0.5211015481215256 0.9594313548161433 0.04553075937124399 0.04561277536245493
0 0.19913875139676607 0.5836650041433481 0.018089734590970553 0.018239901616023138
0 0.6696257224449744 0.15131528560931867 0.015340658334585337 0.015467533698448768
0 0.47689602925227237 0.05035962508274959 0.02931352762075571 0.02921473979949951
0 0.38475623497596156 0.5319941594050481 0.021410281841571514 0.021373748779296875
0 0.5353734676654522 0.035896021586198076 0.016533631544846755 0.016450130022489108
0 0.49164955432598406 0.11959431721613957 0.018709842975323018 0.018596429091233473
0 0.49260674990140474 0.13888008777911848 0.016840127798227165 0.016565689673790567
0 0.7922093318058894 0.5367995042067307 0.02388734083909255 0.02394265394944411
0 0.5921407112708459 0.3557113500741812 0.046235891488882214 0.046712435208834134
0 0.4569384501530574 0.0875250192788931 0.018738526564378005 0.018930691939133864
0 0.519448133615347 0.07941929193643424 0.018471424396221455 0.01866006851196289
0 0.8618299044095553 0.8141767795269306 0.015853294959435098 0.016831177931565505
0 0.6304086538461539 0.04255549724285419 0.019978743333082933 0.01985039160801814
0 0.4123641527616061 0.08910800860478328 0.015243236835186299 0.0153502317575308
0 0.773690443772536 0.7227940192589393 0.035147446852463946 0.03529622004582332
0 0.8382340944730319 0.13002618459554818 0.019358708308293268 0.019625058540931113
0 0.7255516785841721 0.22072737033550555 0.02561613229604868 0.025608576261080228
0 0.27316500590397763 0.9778862733107346 0.015536088209885817 0.01548458979679988
0 0.7096385955810547 0.12261632772592398 0.015411083514873799 0.015256258157583384
0 0.43422948397122896 0.09756799844595102 0.01595761225773738 0.015784410329965446
0 0.8293465834397536 0.10993753029749943 0.02049431434044471 0.020612698334913988
0 0.35818132987389195 0.9781382634089544 0.01526795900785006 0.014960949237530049
0 0.6978861735417292 0.2955277149493878 0.02620271536020132 0.026448763333834134
0 0.7290953122652494 0.027332525986891527 0.02572778555063101 0.026010522475609414
0 0.7177297885601337 0.12819380026597244 0.024436510526216947 0.02385575954730694
0 0.45676825596736026 0.15262377262115479 0.019959082970252402 0.02037780101482685
0 0.4953005130474384 0.09512041165278508 0.02782440185546875 0.027898348294771634
0 0.5557694068321815 0.040121339834653415 0.020443256084735576 0.02020711165208083
0 0.24336877235999474 0.4035974649282602 0.029593834510216348 0.029699178842397835
0 0.6861051412729117 0.8875299600454477 0.11148379399226262 0.11140867379995492
0 0.7134293776292068 0.0885604528280405 0.022343268761268027 0.022179346818190355
0 0.8284485156719501 0.2503667978140024 0.015924893892728366 0.015996199387770433
0 0.7343017871563251 0.2009263955629789 0.01808768052321214 0.018117501185490534
0 0.6139061267559345 0.011650798412469717 0.024039341853215143 0.01884390299136822
0 0.7661531888521634 0.5077900886535645 0.015425021831805889 0.015552814190204326
0 0.6595776631281927 0.1906281984769381 0.02316768352801983 0.02368472172663762
0 0.6930269094613882 0.9092630239633414 0.06160310598520132 0.06345748901367188
0 0.6204164945162259 0.41763936556302583 0.015326243180495042 0.015617590684157152
0 0.5610774847177359 0.18328134830181414 0.03082891610952524 0.030455662653996393
0 0.5478773850661057 0.151795717386099 0.01806479233961839 0.01817431816687951
