0 0.537312177511362 0.07018418036974393 0.14731172414926383 0.1369990110397339
0 0.306575371668889 0.7314024705153245 0.08974992311917819 0.08883373553936298
0 0.6905519045316256 0.09183498529287484 0.0765228271484375 0.07660931348800659
0 0.6096876584566556 0.9045937611506536 0.030096934391902044 0.030088277963491585
0 0.48221474427443284 0.022165468105903037 0.04251296703632061 0.04203168245462271
0 0.6294955473679763 0.21251575763408953 0.06646508436936599 0.06615165563730094
0 0.579547221844013 0.2720627968127911 0.05850777259239784 0.05880315487201397
0 0.3935031524071327 0.6203479033250076 0.04533650324894832 0.04602667001577524
0 0.42299615419827974 0.3122172722449669 0.037805410531850964 0.03788462051978478
0 0.632599977346567 0.544226756462684 0.04543348459097055 0.04510798821082482
0 0.6558832021859976 0.4197187056908241 0.14766311645507812 0.14638541294978216
0 0.3160039461576022 0.5176412875835712 0.0527041692000169 0.053081365732046276
0 0.6470696375920222 0.23262660319988543 0.025789407583383415 0.026102322798508864
0 0.6625985365647536 0.3481412667494554 0.06585341233473557 0.06540188422569862
0 0.22965247814471906 0.4357856603769156 0.027278973506047174 0.027432955228365384
0 0.6729463430551382 0.04593716676418598 0.028874910794771634 0.028726366850046012
0 0.5969224709730881 0.34455541463998646 0.05391979217529297 0.053399892953725964
0 0.3113266137930063 0.08158480204068698 0.026605899517352764 0.02660373541025015
0 0.22902688613304725 0.46773316310002255 0.024608025184044473 0.024652701157789964
0 0.7558840238131009 0.31926360497107875 0.02023902306189904 0.02037972670335036
0 0.5134753814110389 0.42266207474928635 0.15242305168738732 0.15317740807166466
0 0.23808673711923453 0.14241383625910833 0.034888120797964245 0.034902059114896335
0 0.3699378233689528 0.6533184051513672 0.02127867478590745 0.02152252197265625
0 0.6795670435978816 0.23294452520517203 0.024882389948918268 0.024609932532677285
0 0.7234769967886118 0.030359850480006292 0.019439110389122598 0.0195236847950862
0 0.26161036124596226 0.2533660668593187 0.040162820082444414 0.039926382211538464
0 0.4089334194476788 0.577428597670335 0.04129644540640024 0.04105685307429387
0 0.40285249856802136 0.1694948489849384 0.01782094515286959 0.017744064331054688
0 0.6350665459266076 0.9569683074951172 0.05265001150277945 0.052417608407827526
0 0.46822232466477615 0.7493798916156476 0.034274908212515026 0.03445625305175781
0 0.5969051947960486 0.5402881182157077 0.025996574988731973 0.026060984684870794
0 0.7175238682673528 0.13466374690716082 0.08668048565204327 0.08522715935340294
0 0.22517042893629807 0.41878788287823016 0.023073783287635215 0.022928751431978665
0 0.25048167888934797 0.16491073828477126 0.016612713153545674 0.016463609842153695
0 0.528725844163161 0.831514285160945 0.030579053438626803 0.030507014347956732
0 0.5137765590961163 0.5873530461237981 0.04638246389535757 0.046674141517052285
0 0.7512866533719577 0.523472052354079 0.024403498722956732 0.024621229905348558
0 0.646583630488469 0.07271553461368267 0.01970701951246995 0.01993739604949951
0 0.4461581523601825 0.9602101399348333 0.04322140033428486 0.0427708258995643
0 0.5318929232083834 0.555093948657696 0.02588682908278245 0.025893284724308893
0 0.30486202239990234 0.10244341996999887 0.018022537231445312 0.01811497028057392
0 0.7706697170551007 0.3574081567617563 0.029466922466571514 0.029330620398888223
0 0.48907265296349156 0.5704947251539964 0.01906864459698017 0.019513350266676683
0 0.767666743351863 0.16222658524146447 0.052720876840444714 0.08446484345656174
0 0.39650476895845854 0.05449443138562716 0.021141198965219352 0.02136505567110502
0 0.5438899993896484 0.8553392703716571 0.032446787907527044 0.03249417818509615
0 0.41794490814208984 0.9016338495107797 0.021810384897085335 0.021717658409705527
0 0.7664777315579928 0.20732424809382513 0.04558152418870192 0.04599307133601262
0 0.7224439474252554 0.5217660757211539 0.019623976487379808 0.01995541499211238
0 0.243085659467257 0.07726044838245098 0.07177349237295297 0.12532547804025504
0 0.2867576892559345 0.22052535643944374 0.03278934038602389 0.032872676849365234
0 0.7395111964299128 0.31502404579749477 0.016277313232421875 0.016222660358135518
0 0.3555475381704477 0.5804775678194486 0.028660920950082634 0.02817836174598107
0 0.42959906504704404 0.35210638779860276 0.27393685854398286 0.2839478896214412
0 0.634184323824369 0.016865374950262215 0.030430133526141826 0.030105696274684027
0 0.6579363162700946 0.49415192237267125 0.054348138662484974 0.05495438208946815
0 0.6647790762094351 0.011155460889522847 0.035030364990234375 0.02114786093051617
0 0.4096042192899264 0.7701055086576022 0.037091548626239486 0.037778414212740384
0 0.5618079992441031 0.5090595758878268 0.020413912259615384 0.020024666419396035
0 0.3303543971135066 0.6228927465585562 0.046083615376399115 0.04603312565730168
0 0.5861559280982385 0.14049757443941557 0.02240892556997446 0.02276409589327299
0 0.6070764248187726 0.11936524281134972 0.034163401677058294 0.03606644043555626
0 0.5792808532714844 0.1705913543701172 0.01662929241473858 0.016580948462853067
0 0.2395478945512038 0.5103242580707257 0.03428341792179988 0.034750718336838946
0 0.43514380088219273 0.031002532977324266 0.017892984243539665 0.018200246187356803
0 0.7388210296630859 0.50293885744535 0.025616865891676683 0.025305527907151442
0 0.44984736809363735 0.5155619841355544 0.03294445918156551 0.032689461341271035
0 0.5282256786639874 0.17320484381455642 0.02542290320763221 0.025517353644737832
0 0.4871997833251953 0.6774595700777494 0.02774840134840745 0.027745907123272236
0 0.6072618411137507 0.12349842144892766 0.029703213618351862 0.028797186337984525
0 0.4890010907099797 0.9884314170250525 0.029431489797738884 0.021813612717848558
0 0.36729031342726487 0.11363562253805307 0.036196121802696817 0.035763135323157676
0 0.24776047926682693 0.7798202221210186 0.014271809504582332 0.014402829683743991
0 0.4928427842947153 0.7223032437838041 0.03446322221022386 0.03365868788499098
0 0.46329769721397984 0.5311299103956956 0.014033170846792368 0.014064642099233774
0 0.6151583378131573 0.2064492519085224 0.02470992161677434 0.024464827317457933
0 0.3010757519648625 0.39864789522611177 0.01997962364783654 0.019809722900390625
0 0.6464033860426682 0.7006449332604041 0.3075985541710487 0.35667991638183594
0 0.6060016705439641 0.1086289515862098 0.025319833021897536 0.02546383784367488
0 0.45997058428250825 0.1882009139427772 0.015723155095027044 0.015963627741887018
0 0.7507445995624249 0.3437135402972882 0.018773005558894232 0.019187120290902946
0 0.48500651579636794 0.4154825577369103 0.023068794837364785 0.023339198185847357
0 0.753640761742225 0.4367815898014949 0.0707842019888071 0.06882256727952224
0 0.4526107127849872 0.17669023000277007 0.0618438720703125 0.06004766317514273
