0 0.36516424325796276 0.8635347806490384 0.15145094578082746 0.1491980919471154
0 0.2819082003373366 0.10393997339101937 0.1825438646169809 0.18066839071420523
0 0.2630525002112755 0.6204482592069186 0.0928791486299955 0.09281290494478665
0 0.4375691047081581 0.46944156059852016 0.07836209810697116 0.07791636540339543
0 0.24054659329927885 0.889752094562237 0.12330400026761569 0.12471903287447415
0 0.7408291743351862 0.16096863379845253 0.12996790959284857 0.13082346549400917
0 0.5618607447697566 0.922660387479342 0.18522790762094352 0.15301513671875
0 0.5766612933232234 0.4523433538583609 0.22072124481201172 0.22787622305063102
0 0.38083369915301984 0.05530161124009352 0.07143475459172176 0.0714245209327111
0 0.7321227147028997 0.06827018811152531 0.035520113431490384 0.03535938262939453
0 0.6178704041701096 0.3696537751417894 0.058666082528921276 0.05915627112755409
0 0.6884675392737756 0.8835283426138071 0.03270941514235277 0.03281666682316707
0 0.6930690912099985 0.3304949173560509 0.1067209977370042 0.10726569249079777
0 0.1898789405822754 0.6616666500384991 0.07009110083946815 0.11538388178898738
0 0.7710955693171575 0.0896302003126878 0.022962423471304085 0.02292919158935547
0 0.6604394179124099 0.6617795504056491 0.021889906663161058 0.02173438439002404
0 0.3972162099984976 0.6762024806096003 0.021956957303560697 0.022294264573317308
0 0.4498446537898137 0.8139578012319711 0.028371664193960335 0.028581765981820915
0 0.42542890401986927 0.11936636154468243 0.09854448758638822 0.09780702224144569
0 0.4503718889676608 0.3278678747323843 0.020960294283353366 0.020856710580679085
0 0.19594551966740534 0.7720765333909255 0.021831732529860277 0.02197265625
0 0.5440058708190918 0.32323147700383115 0.03244928213266226 0.03239970940809984
0 0.1820068359375 0.2695306447836069 0.04776433797983023 0.07419028648963341
0 0.6841512826772836 0.08325634552882268 0.023983295147235576 0.024037654583270732
0 0.34789342146653396 0.8028614337627704 0.03326709453876202 0.03331697904146635
0 0.42529296875 0.052594441633958086 0.020699721116286058 0.020736015759981595
0 0.7899500039907602 0.49981120916513294 0.06464327298677884 0.06382032541128305
0 0.6922936072716346 0.031855780344743 0.031616504375751205 0.03154952709491436
0 0.7877643291766827 0.8028630476731521 0.024756504939152643 0.024747408353365384
0 0.2672113455258883 0.700197880084698 0.01752893741314228 0.017689631535456732
0 0.5804451795724722 0.40976847135103667 0.06542081099290115 0.0654292473426232
0 0.4955541170560397 0.09290223855238694 0.08204804933988132 0.08151738460247333
0 0.7335953345665565 0.9069190392127404 0.06267723670372596 0.06240507272573618
0 0.41963613950289214 0.2372590211721567 0.0210420901958759 0.02085252908559946
0 0.29634868181668794 0.3415754758394681 0.018631715040940505 0.018665167001577523
0 0.23523319684542143 0.7900575491098257 0.03059871380145733 0.030562914334810697
0 0.29680761924156773 0.6592163672814002 0.024321996248685397 0.024180485652043268
0 0.1807531210092398 0.7416339287391076 0.02208430950458233 0.021962385911207933
0 0.3556993557856633 0.17797433412992036 0.016211436345027044 0.01626308147723858
0 0.3543683565579928 0.535253304701585 0.0575719246497521 0.057107045100285456
0 0.5572454012357272 0.2159242996802697 0.026697745689978965 0.02728865696833684
0 0.316225712115948 0.7172250014085036 0.03182359842153696 0.03218210660494291
0 0.7229188772348257 0.03828355899223915 0.018760827871469352 0.018946290016174316
0 0.31711204235370344 0.15256902804741493 0.019346072123600885 0.019334077835083008
0 0.3103741499093863 0.5323980404780462 0.016314066373384915 0.016468928410456732
0 0.3432175562931941 0.49469918471116286 0.04238040630634014 0.04273304572472206
0 0.5437517899733323 0.24353570204514724 0.13954617426945612 0.14002359830416167
0 0.716061885540302 0.6673771784855769 0.03875453655536358 0.038590651292067304
0 0.33985192959125227 0.29321630184467024 0.09888326204740085 0.10158824920654297
0 0.5933701441838191 0.31256242898794323 0.03602746816781851 0.035223814157339245
0 0.816977280836839 0.20845611278827375 0.04741169856144832 0.08383468481210563
0 0.6621545644906851 0.1375808807519766 0.027157123272235576 0.02746279423053448
0 0.1841441117800199 0.1634381000812237 0.031006776369535007 0.0313485127228957
0 0.6404396937443659 0.11603306807004489 0.037059930654672474 0.037279825944166914
0 0.7988488123967097 0.2553528638986441 0.03189644446739784 0.032242885002723105
0 0.6933610622699444 0.2349406389089731 0.04935910151554988 0.04899905278132512
0 0.7915366246150091 0.04734996648935171 0.07122127826397236 0.07082900634178749
0 0.7207780984731821 0.7726518190824069 0.015202155480018029 0.015282264122596154
0 0.2837352385887733 0.8686058337871845 0.018071834857647236 0.01809545663686899
0 0.7022975041316106 0.007438162198433509 0.01791513883150541 0.01395354362634512
0 0.5046282914968637 0.6548240368182843 0.05722508063683143 0.05522478543795072
0 0.33244433769812953 0.23077007440420297 0.030391106238731973 0.030672770280104417
0 0.383878414447491 0.7657287304217999 0.015765556922325723 0.015650529127854567
0 0.7899288764366736 0.8601028735821064 0.020453232985276442 0.020556523249699518
0 0.18987044921288124 0.8673386940589318 0.07192497987013596 0.13542307340181792
0 0.38622687413142276 0.7949523192185622 0.0417936765230619 0.04141103304349459
0 0.7908182877760667 0.44599056243896484 0.014499811025766226 0.014501718374399038
0 0.18173527717590332 0.6935307429387019 0.05440253477830153 0.05781085674579327
0 0.6096076965332031 0.2611230886899508 0.025209867037259616 0.025477115924541768
0 0.24175148743849534 0.38285622229942906 0.033500377948467545 0.0324397453894982
0 0.6415731723491962 0.1945668917435866 0.020084674541766826 0.020205057584322415
0 0.3758843495295598 0.6978409106914814 0.018734565147986777 0.018610147329477165
0 0.41794461470383865 0.016239602978412922 0.045423067533052884 0.031470030546188354
0 0.41791699482844424 0.6692871680626502 0.05965203505295973 0.05995324941781851
0 0.17951086851266715 0.6632058070256159 0.015094647040733924 0.015288719764122596
0 0.5211975757892315 0.6939553480881911 0.029968114999624398 0.030291190514197715
0 0.29707937974196214 0.2633037200340858 0.08961677551269531 0.09209178044245793
0 0.5171907865084134 0.3379341272207407 0.023955565232496995 0.024104191706730768
0 0.36503028869628906 0.1185844036249014 0.015230765709510216 0.015408882727989784
0 0.5850740212660569 0.25932807188767654 0.016592685992901143 0.016556373009314902
0 0.44338174966665417 0.7659361912653997 0.018194932204026442 0.018281203049879808
0 0.5078648053682767 0.3021864157456618 0.023198494544396035 0.02353206047644982
0 0.4610928021944486 0.7557603395902194 0.014987945556640625 0.014892578125
0 0.8316990045400766 0.32792494847224307 0.014954787034254808 0.014723997849684495
0 0.2992993868314303 0.5504942673903245 0.030472828791691706 0.030469307532677285
0 0.40708087040827823 0.2267618179321289 0.043787589439978965 0.04522074185884916
0 0.8233538407545823 0.27385517267080456 0.03637225811298077 0.056145778069129355
0 0.2334770422715407 0.6843379094050481 0.014325105226956882 0.014406057504507212
0 0.6183261871337891 0.17252793678870568 0.02171153288621169 0.022098724658672627
0 0.30066875311044544 0.5532758419330304 0.036538857680100664 0.036814176119290866
0 0.7690544128417969 0.24313743297870344 0.01873779296875 0.018874681912935697
0 0.6723780998816857 0.11168863223149227 0.02106622549203726 0.021441899813138522
0 0.46051208789532 0.6330286172720102 0.0332490480863131 0.033341627854567304
0 0.4584244214571439 0.301907832805927 0.028964409461388223 0.029483941885141227
0 0.4870471220750075 0.11670371202322152 0.20694879385141227 0.2091838029714731
0 0.36225062150221604 0.5905641775864822 0.04277992248535156 0.04081572019136869
0 0.5774937042823205 0.7475208869347205 0.014526587266188402 0.01481921856219952
0 0.7792006272536057 0.008349621525177589 0.031327320979191706 0.015246411928763757
