0 0.37410523341252255 0.06095740428337684 0.08721219576322116 0.08722695937523475
0 0.7289171952467698 0.25699740189772385 0.1567206749549279 0.15661224952110878
0 0.40088308774507964 0.41497538639948917 0.07773047227125901 0.07842225294846755
0 0.20746926160959098 0.4668614314152644 0.09942300503070538 0.10217109093299279
0 0.7487009488619291 0.7222761007455679 0.07639048649714543 0.07663257305438702
0 0.24452413045443022 0.62592102931096 0.0743110730097844 0.07350466801570012
0 0.27731040807870716 0.38120442170363206 0.06873196821946365 0.06905284294715294
0 0.806552740243765 0.6985094363872821 0.07793015700120193 0.07852950462928185
0 0.16348688419048601 0.6308784484863281 0.0493086943259606 0.06160780099722055
0 0.6419013830331656 0.7180327635544997 0.08341261056753305 0.08417320251464844
0 0.8379682394174429 0.8583340278038611 0.047602139986478366 0.061033982496995196
0 0.5461103732769306 0.8041229248046875 0.07974177140455979 0.07983721219576322
0 0.6411793048565204 0.9211912888746995 0.04410068805401142 0.043822215153620794
0 0.5797893817608173 0.8823130680964544 0.03428371136005108 0.03409253633939303
0 0.23047542572021484 0.5872033192561223 0.04691226665790264 0.04691578791691707
0 0.6657909980187049 0.373016174022968 0.07961625319260818 0.07891082763671875
0 0.26208653816810024 0.08289152842301589 0.06909524477445163 0.06940137423001803
0 0.8043737411499023 0.18004646668067345 0.02489808889535757 0.02524284216073843
0 0.6010346045860877 0.29999969555781436 0.05043323223407452 0.05050039291381836
0 0.313785589658297 0.5980010399451623 0.03073751009427584 0.030642876258263223
0 0.1963479335491474 0.1434038602388822 0.05319668696476863 0.0527348518371582
0 0.3647266167860765 0.4987522271963266 0.022782252385066107 0.02282993610088642
0 0.3100106899554913 0.31734917714045596 0.10795620771554801 0.10915924952580379
0 0.6577177047729492 0.45731911292442906 0.04906536982609676 0.04896002549391527
0 0.5829015144935021 0.850668687086839 0.02413830390343299 0.024273799015925482
0 0.4222442920391376 0.6629286545973557 0.01776907994196965 0.018033541165865384
0 0.6710096505972055 0.6315332559438852 0.023909348707932692 0.024055334237905648
0 0.23118804051325872 0.2936902413001427 0.023085520817683294 0.022881801311786357
0 0.6331993249746469 0.2649795458867 0.038417962881234974 0.038241019615760215
0 0.6120384289668157 0.827946296105018 0.021591553321251504 0.021426274226262018
0 0.7704764879666842 0.08208706745734581 0.032590425931490384 0.03275236716637245
0 0.3111276993384728 0.8149107419527494 0.3034406075110802 0.31310184185321516
0 0.32030641115628755 0.15191973172701323 0.15844007638784555 0.1616501808166504
0 0.20020046600928673 0.5520222003643329 0.01589342264028696 0.01587809049166166
0 0.7535313826340896 0.8385577568641076 0.017842806302584134 0.017859238844651442
0 0.3085583540109488 0.4062768862797664 0.0488283450786884 0.04914386455829327
0 0.6724589421198919 0.7672863740187424 0.02286676260141226 0.022795603825495794
0 0.287351865034837 0.25832440302922177 0.018306732177734375 0.018294040973369893
0 0.6130427580613357 0.1369921060708853 0.04069856496957632 0.040514469146728516
0 0.4812094248258151 0.8044260465181791 0.0222779053908128 0.022225306584284857
0 0.48177411006047177 0.4434581169715294 0.05302106417142428 0.05256777543288011
0 0.18428534727830154 0.23409821436955378 0.019826375521146335 0.01986976770254282
0 0.3023854035597581 0.468691349029541 0.02904173044057993 0.02901590787447416
0 0.5163344236520621 0.4044640614436223 0.05459939516507662 0.05515509385329027
0 0.2974938429318942 0.30119510797353893 0.04217855746929462 0.04176895435039814
0 0.3642410865196815 0.35043004842904896 0.017142222477839544 0.016912020169771634
0 0.33428280170147234 0.02107554215651292 0.06876153212327224 0.04091449884267954
0 0.431793579688439 0.5144860561077411 0.01575132516714243 0.016048724834735576
0 0.4718736501840445 0.3312471096332257 0.07685558612530048 0.07816004753112793
0 0.47688740950364333 0.24785368259136492 0.02609568375807542 0.02597354008601262
0 0.19888914548433745 0.39800588901226336 0.10806664136739877 0.11233835953932542
0 0.5969144747807429 0.3744995410625751 0.043247296259953424 0.04316388643704928
0 0.3248125956608699 0.2122669219970703 0.09849355770991398 0.09987970498891977
0 0.6429641430194561 0.31626187838040865 0.042105454664963946 0.042339398310734674
0 0.7350403712346003 0.8788136702317458 0.019090799184945915 0.019092559814453125
0 0.5033520185030423 0.8902746347280649 0.016022902268629808 0.01575440626878005
0 0.3919535416823167 0.4967639629657452 0.015521489656888522 0.015602698692908654
0 0.16602947161747858 0.8531189698439378 0.05677490967970628 0.10056921151968148
0 0.6107481809762808 0.06943671519939716 0.07705446390005258 0.07754094784076397
0 0.695041509775015 0.6484072758601263 0.060043041522686295 0.0618890615609976
0 0.359411753140963 0.5357552675100473 0.014841666588416466 0.015012887807992788
0 0.6528398073636569 0.8872641783494216 0.05438555203951322 0.054281381460336536
0 0.6662987929124099 0.6767947123600886 0.03914422255295973 0.03920320364145132
0 0.3743770672724797 0.22169971466064453 0.11074007474459134 0.1146852053128756
0 0.48756933212280273 0.8377510951115534 0.0196377680851863 0.01973137488731971
0 0.16262065447293794 0.5516644624563364 0.016566643348106973 0.016812764681302585
0 0.32351097693810094 0.3784497334406926 0.017059913048377402 0.01719797574556791
0 0.4785445286677434 0.18907985320458046 0.04500785240760216 0.04519979770366962
0 0.7243790993323693 0.55675352536715 0.015523176926832933 0.015371616070087139
0 0.2810932489541861 0.5794024100670447 0.01639417501596304 0.01670676011305589
0 0.6407561668982873 0.96544676560622 0.08008560767540565 0.06366876455453727
0 0.3858016087458684 0.5122834352346567 0.2077161348783053 0.20673495072584885
0 0.60430541405311 0.8778285246628982 0.015049127432016226 0.015071722177358774
0 0.44001505925105167 0.8606891632080078 0.019693521352914665 0.019709660456730768
0 0.2082655246441181 0.23350247969994178 0.037492018479567304 0.03758503840519832
0 0.39532866844764125 0.9222823656522311 0.09452467698317307 0.09071716895470253
0 0.5631300119253305 0.3249876315777118 0.05518825237567608 0.05496912736159105
0 0.7121222569392278 0.04894462915567251 0.030947758601262018 0.031207962678028986
0 0.6221170425415039 0.6242603888878455 0.045053922213040866 0.04512332035945012
0 0.5325046686025766 0.569302118741549 0.01883873572716346 0.01887790973369892
0 0.31841366107647234 0.5072270540090708 0.014809535099909855 0.014873064481295072
0 0.6751130911020132 0.837332505446214 0.018056722787710335 0.01791983384352464
0 0.5168417417086087 0.15691232681274414 0.0632184835580679 0.06351470947265625
0 0.4920657598055326 0.7314527951754056 0.01652945004976713 0.016629145695612982
0 0.5065682851351224 0.7335326854999249 0.11572801149808444 0.11795762869027945
0 0.5424788915193998 0.4412498474121094 0.03083522503192608 0.031039017897385817
0 0.38414522317739636 0.30953187208909255 0.04532982752873348 0.04503690279447115
0 0.4705007259662335 0.6038184899550217 0.015970376821664665 0.015872441805326022
0 0.48472917996920073 0.9598977015568659 0.07269023014948918 0.07281142014723557
0 0.2458817041837252 0.21582291676447943 0.04074712900015024 0.04074705564058744
0 0.5979286707364596 0.34107083540696365 0.024624971243051384 0.02484409625713642
0 0.8095487447885367 0.8766730381892278 0.01465606689453125 0.013995830829326924
0 0.47865944642287034 0.6186764790461614 0.024716670696551982 0.024948853712815505
0 0.6105411602900579 0.40128355759840745 0.03761078761174129 0.03765663733849159
0 0.17612152833205003 0.19854244819054237 0.015784777127779447 0.015722201420710638
0 0.4561607654278095 0.6523948082557092 0.015570934002216045 0.01572388869065505
0 0.8223072932316706 0.9245100754957932 0.07459435096153846 0.07413321274977464
0 0.6982881105863131 0.6241865158081055 0.017971625694861777 0.01779453571026142
0 0.657016607431265 0.8384843239417443 0.016169914832481973 0.015898484450120192
0 0.2080229612497183 0.04404650284693791 0.04026211225069486 0.04015388855567345
0 0.4933278010441707 0.6230859022874099 0.02172543452336238 0.021536570328932542
0 0.5768755399263822 0.5237032816960261 0.019279626699594352 0.019378808828500602
0 0.8078696911151593 0.3505435356727013 0.06436362633338341 0.0647440690260667
0 0.811619391808143 0.9293615634624774 0.014623935406024639 0.014434374295748197
0 0.45706844329833984 0.9305450732891376 0.013905892005333534 0.014305554903470553
0 0.5783598239605243 0.9742574691772461 0.041171954228327826 0.041477056650015026
0 0.44570321303147536 0.6451964745154748 0.015562791090745192 0.015404187715970553
0 0.18654390481802133 0.5838999381432166 0.031955792353703424 0.03207969665527344
0 0.6944081966693585 0.7568560380202073 0.060521639310396634 0.05893267118013822
0 0.20952802438002366 0.5336480874281663 0.1406268706688514 0.16012023045466497
0 0.7634456341083233 0.6568584442138672 0.01456451416015625 0.014629364013671875
0 0.8409328460693359 0.4337921876173753 0.033784132737379804 0.03501437260554387
0 0.32169840886042667 0.49806785583496094 0.015695718618539665 0.01572755666879507
0 0.5692759660574106 0.1861873406630296 0.019719784076397236 0.019650752727801982
0 0.2588423765622653 0.10882738920358512 0.0134735107421875 0.013730177512535682
0 0.49123910757211536 0.6237595631526067 0.0263369633601262 0.02568332965557392
0 0.5978389153113732 0.22492124484135553 0.01466993185190054 0.014760677631084736
0 0.2565748691558838 0.15637885607205904 0.01672843786386343 0.016675582298865683
0 0.7924348391019381 0.9401868673471304 0.14307198157677284 0.11724119919996995
0 0.836525403536283 0.04182399694736187 0.025293350219726562 0.026029605131882887
0 0.2775248197408823 0.3280506867628831 0.037239441504845254 0.03658147958608774
0 0.23798533586355355 0.2585588601919321 0.05044629023625301 0.050868988037109375
