0 0.3803890301631047 0.10812443953294021 0.1520090103149414 0.151975338275616
0 0.8876043466421274 0.30099846766545224 0.10053810706505409 0.10145194713885967
0 0.16562846990732047 0.7667414591862605 0.2341613035935622 0.25203338036170375
0 0.5507059830885667 0.9337621101966271 0.20663569523737982 0.13007706862229568
0 0.849765264070951 0.4624180426964393 0.05384254455566406 0.05381320073054387
0 0.8741967127873347 0.7765300457294171 0.05781115018404447 0.05827683668870192
0 0.6992340087890625 0.7284344893235427 0.035929166353665866 0.03625282874474159
0 0.07364730193064763 0.3557148713331956 0.03853956552652212 0.03829149099496695
0 0.5285980518047626 0.5568708639878494 0.026265731224646933 0.02640254680926983
0 0.2945365355564998 0.6554660797119141 0.11090729786799504 0.11221053050114559
0 0.580645854656513 0.3447418946486253 0.01835500277005709 0.01828178992638221
0 0.5290997211749737 0.7649890459500827 0.2297500463632437 0.2369230710543119
0 0.5473659588740423 0.7407781160794772 0.026738973764272835 0.026604138887845553
0 0.21492684804476225 0.5850819807786208 0.028808740469125602 0.02870640387901893
0 0.41421178671029896 0.9136311457707331 0.023773780235877402 0.02407660851111779
0 0.40000247955322266 0.873592156630296 0.03622744633601262 0.03623610276442308
0 0.1548471817603478 0.40252076662503755 0.02063157008244441 0.020548160259540264
0 0.6494737771841196 0.9063042127169095 0.03419289222130409 0.03415342477651743
0 0.19349182569063628 0.48605819848867565 0.02187505135169396 0.021738785963792067
0 0.8390950423020583 0.1878842940697303 0.040636502779447116 0.040680115039532
0 0.08524838777688834 0.8685638721172626 0.03355020743149977 0.03341454725999098
0 0.17295149656442496 0.7446446785560021 0.01897008602435772 0.019173402052659255
0 0.28482431631821853 0.9023327460655799 0.02823807643010066 0.02794984670785757
0 0.7840443391066331 0.8028587194589468 0.04396864084097055 0.043969227717472956
0 0.6180465404803936 0.0790238563831036 0.01876357885507437 0.018717637428870566
0 0.8101425904494065 0.23214048605698806 0.018972396850585938 0.018973717322716348
0 0.2384167084327111 0.9371288006122296 0.023387762216421273 0.02330809373121995
0 0.7822383000300481 0.5112444070669321 0.03246527451735277 0.032151295588566706
0 0.6472206115722656 0.6075176825890174 0.016739918635441706 0.016622249896709736
0 0.2558923684633695 0.8919910284189078 0.03149502093975361 0.03158290569598858
0 0.6750932840200571 0.16210603713989258 0.03477155245267428 0.03475761413574219
0 0.37644848456749547 0.20771165994497445 0.02470742739163912 0.024782914381760817
0 0.8058969057523288 0.38631806006798375 0.02398843031663161 0.024064137385441706
0 0.16785111794104943 0.7683753967285156 0.017255563002366286 0.017373305100661058
0 0.3724818596473107 0.9177896059476413 0.019612679114708535 0.019934434157151442
0 0.19837610538189226 0.3308255855853741 0.035390267005333535 0.0351109137901893
0 0.6539978614220252 0.36972885865431565 0.01915740966796875 0.018836608299842246
0 0.7030485593355619 0.6281838050255408 0.021060356727013223 0.021037468543419473
0 0.31532445320716274 0.18464422225952148 0.018746302678034857 0.018832903641920824
0 0.24659054095928484 0.15332229320819563 0.02799833737886869 0.027959530170147236
0 0.9137869614821214 0.15497796352093035 0.06255149841308594 0.08241741473858173
0 0.12193644046783447 0.9520005446213943 0.01915898689856896 0.019266128540039062
0 0.5094448236318735 0.772683363694411 0.01926392775315505 0.01914244431715745
0 0.4895056944627028 0.6315687619722806 0.017653685349684495 0.01754144521859976
0 0.5047311049241286 0.9875001173753005 0.019367071298452523 0.018778287447415866
0 0.7165304330679086 0.16141896981459397 0.038061875563401446 0.03811484116774339
0 0.19345940076387846 0.9231866689828726 0.017228383284348708 0.017391498272235576
0 0.8829947985135592 0.23375342442439154 0.016756057739257812 0.01680146730863131
0 0.2809102168449989 0.13738115017230695 0.0437010251558744 0.04364996690016527
0 0.7946951939509466 0.5619511971106896 0.015343886155348558 0.015280210054837741
0 0.3064834521367 0.7848815184373122 0.01960578331580529 0.0195010258601262
0 0.32485708823570836 0.9263672461876502 0.03123635512131911 0.0313562246469351
0 0.752660164466271 0.6161737442016602 0.016985379732572116 0.017150732187124398
0 0.9090470534104568 0.8797024213350736 0.08134196354792668 0.13711988008939302
0 0.6856641035813552 0.18361568450927734 0.016837486853966348 0.016798753004807692
0 0.42541060080895055 0.8535546522874099 0.02577546926645132 0.026572594275841348
0 0.11620459189781776 0.9061492039607122 0.13045542056743914 0.13296141991248497
0 0.8681344252366286 0.177124757033128 0.02550653310922476 0.025736368619478665
0 0.3335440709040715 0.788124524630033 0.018299396221454326 0.018295141366811898
0 0.18977223909818208 0.03824247763707088 0.015970780299260065 0.01574707948244535
0 0.6999934269831731 0.7653143956111028 0.015335376446063701 0.015158433180588942
0 0.05811991141392635 0.6292020357572116 0.015475172262925368 0.015638058002178486
0 0.5145227725689228 0.45557711674616885 0.017177875225360576 0.017507259662334736
0 0.12527503417088434 0.019435135217813346 0.03707238344045786 0.036137324113112226
0 0.3124816967890813 0.4562718318058894 0.017720809349646933 0.0178070068359375
0 0.3347364572378305 0.6070726101215069 0.018451984112079326 0.018645506638746995
0 0.4463825225830078 0.9143955524151142 0.019998990572415866 0.019648918738731973
0 0.4335302939781776 0.18364821947537935 0.02288341522216797 0.02324331723726713
0 0.6961022156935471 0.2129208491398738 0.015448496891902043 0.015403674199030949
0 0.386018312894381 0.9609615619365985 0.017434046818659857 0.017507406381460335
0 0.6230541375967172 0.37479745424710786 0.35142194307767427 0.3515858283409706
0 0.05784785289030809 0.5773795934823843 0.016657361617455117 0.02225465040940505
0 0.20392509607168344 0.26932079975421613 0.019401036776029147 0.01958637971144456
0 0.6055761483999399 0.04589843291502733 0.10744755084698017 0.08827232397519626
0 0.5359545487623948 0.8182478684645432 0.02560146038348858 0.02604822012094351
0 0.4589514365563026 0.14882298616262582 0.031984769381009616 0.03176586444561298
0 0.9130240953885592 0.11453487322880672 0.030457716721754808 0.03060289529653696
0 0.22874791805560774 0.06314842976056613 0.018990076505220853 0.019052863121032715
0 0.8428200941819411 0.01566117314191965 0.014191260704627404 0.014271882864145132
0 0.7802213522104117 0.6124255106999323 0.014362922081580529 0.01460720942570613
0 0.07156860828399658 0.2891333286578839 0.01915449362534743 0.019295325646033652
0 0.6920924553504357 0.1697063812842736 0.014425130990835337 0.014329176682692308
0 0.5068686558650091 0.012220615377792945 0.03226280212402344 0.023348572162481453
0 0.1499642408811129 0.6313051077035757 0.021634321946364183 0.021599989670973558
0 0.4803140713618352 0.2251141988314115 0.014400115379920373 0.014463498042179989
0 0.866792238675631 0.15247572385347807 0.03813934326171875 0.03782503421490009
0 0.17014496143047625 0.31606578826904297 0.01641251490666316 0.016568550696739785
0 0.5241756439208984 0.7704709126399114 0.06570882063645583 0.06341112576998197
0 0.7410221099853516 0.6894419743464544 0.015849480262169473 0.016286409818209134
0 0.2444014182457557 0.5114648525531476 0.01993252680851863 0.01973298879770132
0 0.8592896828284631 0.12569321118868315 0.01894994882436899 0.018401310994074896
0 0.10048378430880033 0.6035520113431491 0.014278265146108774 0.014522112332857572
0 0.13253435721764198 0.31935948591965896 0.015289123241717998 0.015070841862605168
0 0.9213585486778846 0.23638417170597956 0.0485387948843149 0.0866849605853741
0 0.16202750572791466 0.8780070084791917 0.026011091012221117 0.026187309852013223
0 0.7855950869046725 0.5530589177058294 0.013620229867788462 0.01363387474646935
0 0.27661772874685436 0.5071193254910983 0.03088976786686824 0.030800012441781852
0 0.79686766404372 0.2930465111365685 0.017220570490910456 0.01738141133235051
0 0.07892902080829327 0.007044691305894118 0.021835693946251504 0.013445996321164645
0 0.322205873636099 0.21393895149230957 0.042960020212026745 0.04313839398897611
0 0.6562395829420823 0.38072505364051235 0.016156710111177884 0.014931605412409855
