0 0.31140800622793346 0.925376451932467 0.09544856731708233 0.0952771993783804
0 0.6164228732769306 0.9544950631948618 0.07909099872295673 0.07831470782940204
0 0.6963674105130709 0.8641083057110126 0.06774330139160156 0.06795560396634616
0 0.7902196737436148 0.6853210742657001 0.057764493502103366 0.05812777005709135
0 0.39549981630765474 0.6195056621844952 0.06376457214355469 0.0637362553523137
0 0.783112305861253 0.4961682099562425 0.043331146240234375 0.043245755709134616
0 0.8135142693152795 0.5222987028268667 0.05011279766376202 0.04996651869553786
0 0.7811474433312049 0.16296188647930437 0.06371072622445914 0.0645355169589703
0 0.7437827036930964 0.7204845135028546 0.02696506793682392 0.027062342717097357
0 0.7882666954627404 0.24762175633357122 0.03763096149151142 0.038012211139385514
0 0.72277465233436 0.9647353979257437 0.040794665996844955 0.04104922367976262
0 0.8756572283231295 0.6315461672269381 0.020364761352539062 0.02037840623121995
0 0.7247392214261569 0.8208468510554388 0.030636420616736777 0.030705672044020433
0 0.3589365298931415 0.702572749211238 0.04091923053448017 0.04065234844501202
0 0.34796590071458083 0.6380257973304162 0.032770670377291165 0.03274228022648738
0 0.4802121382493239 0.46143253032977766 0.027128072885366585 0.027138930100661058
0 0.6136041421156663 0.8718186891995944 0.05641519106351412 0.05661084101750301
0 0.36196114466740537 0.4406890135544997 0.042101273169884317 0.041647104116586536
0 0.6619183466984675 0.06337003524486835 0.027045323298527643 0.026987772721510667
0 0.7414523638211764 0.7921962738037109 0.0344395270714393 0.034166776216947116
0 0.9081008617694561 0.38063540825477016 0.060653393085186295 0.10998197702261117
0 0.5641015859750601 0.051288678095890924 0.021060430086576022 0.02134853142958421
0 0.3806961499727689 0.6603065637441782 0.036139268141526446 0.03600942171536959
0 0.8939835475041316 0.22511584942157453 0.037722074068509616 0.03814554214477539
0 0.5147513609666091 0.9103334133441632 0.17965595538799578 0.17765235900878906
0 0.736084717970628 0.10748342367318961 0.023756760817307692 0.02359780898460975
0 0.888052720289964 0.1424912947874803 0.023898491492638223 0.024091592201819785
0 0.5431118745070237 0.6895969831026517 0.05873533395620493 0.058748098520132214
0 0.9269595512977014 0.23982884333683893 0.019462438730093148 0.01991415023803711
0 0.9302949905395508 0.6967029571533203 0.01661065908578726 0.01936487051156851
0 0.8858655049250677 0.5798821082481971 0.029715758103590745 0.029534413264347956
0 0.2075818135188176 0.8361666752741888 0.02601029322697566 0.026177039513221152
0 0.24454116821289062 0.10949007364419791 0.01741944826566256 0.01736765641432542
0 0.7183592869685247 0.13634935709146354 0.0562292245718149 0.055482992759117715
0 0.6405522273137019 0.8223501352163461 0.01863274207481971 0.018776526817908652
0 0.6358664585993841 0.8718917553241436 0.024803748497596152 0.025217496431790866
0 0.9233735891488882 0.18082308769226074 0.0258791996882512 0.028161158928504355
0 0.4435054338895358 0.642087276165302 0.028346868661733773 0.028293756338266227
0 0.7126656312208909 0.6755817119891827 0.01720575185922476 0.017130631666917067
0 0.5052812282855694 0.4593343001145583 0.0229952885554387 0.022830889775202826
0 0.7655738683847281 0.5449344561650202 0.016533778263972357 0.016500546382023737
0 0.7666676594660833 0.4359732774587778 0.05227338350736178 0.052985044626089245
0 0.07433011898627648 0.8508064563457782 0.028922117673433743 0.03896185067983774
0 0.1836683199955867 0.6918073067298303 0.0364073973435622 0.03699508080115685
0 0.5865559944739709 0.8439990557157077 0.017255489642803486 0.017135766836313102
0 0.4648616130535419 0.10622833325312687 0.026532539954552285 0.02664639399601863
0 0.2749757766723633 0.6651730170616736 0.060577025780310996 0.06088403555063101
0 0.5088514181283804 0.9254798155564529 0.02978339562049279 0.02972250718336839
0 0.11001964715810922 0.5531826019287109 0.016347261575552132 0.01614864055926983
0 0.37314220575185925 0.5128933099599985 0.016291324908916768 0.01624723581167368
0 0.6142999208890475 0.21002424680269682 0.018924419696514424 0.0190277099609375
0 0.6843700408935547 0.4642168925358699 0.13024755624624398 0.1334668673001803
0 0.8667568793663611 0.9689082365769607 0.018741901104266826 0.018468563373272236
0 0.5894352839543269 0.5252142686110276 0.09578646146334134 0.09611819340632512
0 0.8443650465745193 0.08164604810568002 0.1845262967623197 0.16208639511695275
0 0.2747554045457106 0.6051574120154748 0.02092588864839994 0.021007537841796875
0 0.6871826465313251 0.5788406225351187 0.024456611046424277 0.02479721949650691
0 0.8842651660625751 0.6566225198599008 0.020811814528245192 0.02109674307016226
0 0.2970096514775203 0.5330700874328613 0.016492843627929688 0.01643980466402494
0 0.42850927206186146 0.8838238349327674 0.0166628910945012 0.016689007098858174
0 0.8541030150193435 0.885873060960036 0.015915650587815505 0.015880584716796875
0 0.8071086590106671 0.945701158963717 0.02321771474984976 0.02364936241736779
0 0.7228302588829627 0.26335389797504133 0.03483024010291466 0.034413704505333535
0 0.6537941419161283 0.79151674417349 0.04989433288574219 0.04950450016902043
0 0.09355263526623066 0.1268988664333637 0.0608062927539532 0.0980215256030743
0 0.9137316483717698 0.46309947967529297 0.051163893479567304 0.05688395866980919
0 0.41965081141545224 0.16945437284616324 0.03242800785945012 0.03226397587702824
0 0.17688718208899865 0.42723806087787336 0.22958583098191482 0.26148011134221005
0 0.7504898951603816 0.8505356128399189 0.047075711763822116 0.04601493248572716
0 0.5942295514620267 0.11527749208303598 0.021364505474384014 0.02134088369516226
0 0.3723025321960449 0.8767895331749549 0.024814605712890625 0.024733470036433294
0 0.7486882576575646 0.5851366703326886 0.037412790151742786 0.037434944739708535
0 0.8675876030555139 0.9436463576096755 0.02239051231971154 0.022808661827674277
0 0.4196101702176608 0.7356957655686599 0.030522566575270433 0.03055601853590745
0 0.7977085113525391 0.597292606647198 0.0151368654691256 0.015226510854867788
0 0.15118116598862869 0.8213465030376728 0.023487164424015924 0.023669609656700723
0 0.7233396676870493 0.5452159368074857 0.02373533982496995 0.02372455596923828
0 0.31651540902944714 0.674856919508714 0.024126364634587213 0.024401738093449518
0 0.33143380972055286 0.7928306139432467 0.02032632094163161 0.02070030799278846
0 0.5243294055645282 0.26931384893564075 0.02039029048039363 0.020612349876990683
0 0.8421370432927058 0.14874971829927885 0.05350846510667067 0.054758622096135065
0 0.16089305510887733 0.5492429733276367 0.01600470909705529 0.015763502854567308
0 0.5800212346590482 0.5269897901094877 0.015849553621732272 0.015761155348557692
0 0.13223470174349272 0.4670210618239183 0.016260403853196364 0.01604491013746995
0 0.530280590057373 0.3987367336566632 0.0288545901958759 0.02899338648869441
0 0.8319483536940354 0.40640464195838344 0.016724219689002402 0.016745787400465745
0 0.7487613971416767 0.9915133256178635 0.030808668870192308 0.016040802001953125
0 0.2868519929739145 0.3135225589458759 0.02921713315523588 0.029285504267765924
0 0.4606361389160156 0.48862545306865984 0.020941660954402044 0.02126928476186899
0 0.10140598737276517 0.16962212782639724 0.06924292215934166 0.07254142027634841
0 0.4828026111309345 0.5491726581866925 0.017828867985652044 0.01788748227632963
0 0.8084263434776893 0.9280372032752404 0.014830369215745192 0.014726785513070913
0 0.34980348440317005 0.3498120674720177 0.022509061373197116 0.022489107572115384
0 0.6904541162344126 0.5597085952758789 0.01891048137958233 0.018775206345778245
0 0.15493101340073806 0.12579314525310809 0.014432393587552585 0.014322647681603065
0 0.6537212958702674 0.46506654299222505 0.033874805157001205 0.034229131845327526
0 0.6758078061617337 0.02254091317837055 0.01593164297250601 0.015802244727428142
0 0.2936077117919922 0.08825428669269268 0.11802893418532151 0.12111711502075195
0 0.20306246097271258 0.78343442770151 0.022183931790865384 0.022418829110952523
0 0.7824815603402945 0.07008553926761334 0.016358155470628005 0.016579453761761006
0 0.4236764174241286 0.43207608736478365 0.019959009610689603 0.02028054457444411
0 0.6812509390024039 0.9742640715378982 0.016003828782301683 0.016030091505784255
0 0.2444773820730356 0.6097002029418945 0.01871211712176983 0.01894231942983774
0 0.9312061163095328 0.47684900577251726 0.014585641714242788 0.016308417687049277
0 0.7826059781588041 0.2813943349398099 0.02847436758188101 0.028261698209322415
0 0.15844257061298078 0.7995258478017954 0.016733242915226862 0.01670499948354868
0 0.8654780754676232 0.2425530873812162 0.02721434373121995 0.027921163118802585
0 0.7142012669489934 0.06243548026451698 0.1002969008225661 0.10049990507272574
0 0.7930333797748272 0.3041692146888146 0.017841925987830527 0.017899073087252103
0 0.8501066061166617 0.9928240409264197 0.01885076669546274 0.012498415433443509
0 0.8898870027982272 0.9438561659592849 0.020222883958082933 0.01977084233210637
0 0.34063009115365833 0.3013156744150015 0.017855277428260215 0.01767429938683143
0 0.32562883083636945 0.3510281856243427 0.07964178232046273 0.07865964449368991
0 0.6390102093036358 0.12008578043717605 0.03235714252178486 0.0319671080662654
0 0.8509923494779147 0.9663173235379733 0.014123183030348558 0.014194341806265024
0 0.799080335176908 0.5536775588989258 0.02779564490685096 0.027524801400991585
0 0.10570909426762508 0.23390291287348822 0.04165528370783879 0.04214393175565279
0 0.8607920133150541 0.19585378353412336 0.01627936730018029 0.01630405279306265
0 0.6126706416790302 0.7514704190767728 0.016394761892465446 0.016659369835486777
0 0.5488965694720929 0.6469650268554688 0.04475241440993089 0.04438576331505409
0 0.3302147938654973 0.15007723294771635 0.1513042266552265 0.1484817358163687
0 0.6772406651423528 0.21275683549734262 0.013976757342998799 0.013929146986741286
0 0.3909488824697641 0.9148814861591046 0.05575121366060697 0.055954272930438705
0 0.1995122616107647 0.817468863267165 0.02219361525315505 0.022768020629882812
0 0.8083224663367639 0.9737708751971905 0.0224761962890625 0.022596212533804085
0 0.8154405447152945 0.23703034107501691 0.014919574444110576 0.014794386350191556
0 0.7122793931227464 0.7985056363619291 0.018027085524338942 0.017998622013972357
0 0.3457790521474985 0.21596802197969878 0.10574905688946064 0.10898003211388221
0 0.7950745362501878 0.11348729867201585 0.02193318880521334 0.02156345660869892
0 0.6929379976712741 0.7528851582453802 0.0286099360539363 0.028545526357797477
0 0.7587620661808894 0.358976254096398 0.061048067533052884 0.06222211397611178
0 0.6675591102013221 0.3904903852022611 0.07653324420635517 0.07767332517183743
0 0.561617557819073 0.368956969334529 0.07656134091890775 0.07797776735745944
0 0.4327971018277682 0.8162139745859 0.06907279674823467 0.0706791510948768
0 0.2283166738656851 0.601574971125676 0.014026421767014723 0.014075352595402645
0 0.7708319150484525 0.7374614568857046 0.014000232403094951 0.014175708477313701
0 0.7610829426692083 0.1374051020695613 0.02002437298114483 0.02020601125863882
0 0.8158302307128906 0.18521523475646973 0.02440056434044471 0.02493605246910682
0 0.4301158831669734 0.8364048004150391 0.042171331552358776 0.04084014892578125
0 0.794634745671199 0.6381658407358023 0.14001963688777044 0.14293439571674055
0 0.24702677359947792 0.8058251600999099 0.014467386099008413 0.014643449049729567
0 0.7986877147967999 0.9125812237079327 0.0202484130859375 0.019923870380108174
0 0.5302195915809045 0.9090849069448618 0.028141168447641227 0.028577364408052884
0 0.27153679040762096 0.24768766990074745 0.017330389756422777 0.017386143024151143
0 0.8363769237811749 0.661629896897536 0.029994964599609375 0.029983080350435697
0 0.6118469971876878 0.38771878756009615 0.02983548091008113 0.030245120708759014
0 0.7957588342519907 0.386562310732328 0.029260635375976562 0.02959742912879357
0 0.47125988740187424 0.22576376108022836 0.09440187307504508 0.09410175910362831
0 0.7001113891601562 0.7856106391319861 0.023326580341045674 0.022824214054987982
0 0.5890769958496094 0.7925877204308143 0.07648512033315805 0.076171875
0 0.8781051635742188 0.7050633063683143 0.013944772573617788 0.013879629281850962
0 0.3340900494502141 0.7935406611515925 0.028218709505521335 0.028653364915114183
0 0.6853802020733173 0.6874350034273587 0.014095893272986779 0.014000965998722957
0 0.405151183788593 0.283940131847675 0.07349329728346604 0.07454879467303936
0 0.14499922899099496 0.8649223767794095 0.015207694127009464 0.015132757333608774
0 0.0819547543158898 0.5600853699904221 0.014008613733144907 0.0141447507418119
0 0.46609155948345476 0.39794764151939976 0.015200028052696815 0.014964543856107272
0 0.33380746841430664 0.14159961847158578 0.01552721170278696 0.01573069279010479
