0 0.3747921356788048 0.5014713727510892 0.06272110572228065 0.06299121563251202
0 0.662162340604342 0.3334531784057617 0.1833050434405987 0.1864286752847525
0 0.39255985846886265 0.7172785538893479 0.2684811812180739 0.2771148681640625
0 0.8863570139958308 0.8128392146183894 0.09111301715557392 0.09326171875
0 0.6696621087881235 0.11754643000089206 0.0665727762075571 0.06633589817927434
0 0.9055421535785382 0.31096869248610276 0.06269587003267728 0.06240565960223858
0 0.6691756615271935 0.612286274249737 0.04494388286884014 0.04530965364896334
0 0.6055238797114446 0.6675196427565354 0.04618417299710787 0.046312772310697116
0 0.06125291494222788 0.3274988394517165 0.030586829552283652 0.030379368708683893
0 0.45959956829364484 0.060421526432037354 0.06457211421086238 0.06392037868499756
0 0.38501761509821963 0.28057318467360276 0.037709602942833535 0.037334478818453275
0 0.6696043014526367 0.8737038098848783 0.057140203622671276 0.056525010329026446
0 0.3726980502788837 0.3587524707500751 0.021535726693960335 0.021472637469951924
0 0.18176662004910982 0.36999093569242036 0.0236206788283128 0.023305379427396335
0 0.17497284595782941 0.13810357680687538 0.024332780104417067 0.024204474229079027
0 0.12151435705331656 0.466548332801232 0.034405176456157975 0.0342558347261869
0 0.7547098306509165 0.7007220341609075 0.02348958528958834 0.023507338303786058
0 0.22081884971031776 0.5689990703876202 0.025030869704026442 0.025210013756385215
0 0.5406566032996545 0.591640985929049 0.04558709951547476 0.04564373309795673
0 0.5090005581195538 0.87989014845628 0.019631165724534255 0.01960607675405649
0 0.20676843936626726 0.609868049621582 0.029051707341120794 0.029004023625300482
0 0.16587899281428412 0.7548960905808669 0.08257639408111572 0.08199559725247897
0 0.8657402625450721 0.4828952275789701 0.03758855966421274 0.0373376699594351
0 0.7210784325232873 0.7801967033973107 0.03875409639798678 0.038761138916015625
0 0.12479070516733023 0.8289122948279748 0.021939607766958382 0.021846184363731973
0 0.6753728573138897 0.7305826040414664 0.034298089834359974 0.034087841327373795
0 0.1933735700754019 0.6364465126624475 0.017963702862079326 0.017952698927659255
0 0.9387606107271634 0.33144664764404297 0.03270780123197115 0.03410133948692909
0 0.43030276665320766 0.48690513464120716 0.04758512056790865 0.047890809866098255
0 0.4821580740121695 0.8398306186382587 0.02291738069974459 0.02306674076960637
0 0.8216394277719351 0.747371086707482 0.034543550931490384 0.03494130648099459
0 0.5089296927818885 0.36403300211979794 0.03373263432429387 0.033619073721078724
0 0.9021820655235877 0.054267897055699274 0.030879387488731973 0.03099248042473426
0 0.8382029166588416 0.8731839106633112 0.020686809833233174 0.02056268545297476
0 0.7564786764291617 0.10209177090571477 0.030327430138221152 0.029648230626032904
0 0.4063670818622296 0.9048707668597882 0.01754481975848858 0.01742098881648137
0 0.3072201655461238 0.27293102557842547 0.02844715118408203 0.028703029339130107
0 0.186432985159067 0.9602466729971079 0.04270238142747145 0.04256982069749098
0 0.5479096999535193 0.8800772153414212 0.03768378037672777 0.038060701810396634
0 0.18261054845956656 0.0343356361755958 0.1163704303594736 0.06486202203310452
0 0.16127450649554914 0.9812046197744516 0.052203902831444375 0.03407625051645132
0 0.4534154305091271 0.5055267627422626 0.0393678225003756 0.04037270179161659
0 0.7970526768611028 0.9578421666071966 0.02931066659780649 0.02936377892127404
0 0.8290946667010968 0.717399157010592 0.018539868868314303 0.018250098595252402
0 0.39486804375281703 0.9293740345881536 0.028467178344726562 0.028517796443058893
0 0.7068880521334134 0.9373026627760667 0.030652266282301683 0.03061499962439904
0 0.5140326573298528 0.6751515315129206 0.02863201728233924 0.028605241041917067
0 0.2869140918438251 0.9687715677114633 0.0372460438654973 0.037088247445913464
0 0.40352036402775693 0.5987691145676833 0.028202937199519232 0.028121141286996696
0 0.8211504129263071 0.5817828545203576 0.10902786254882812 0.10606178870567909
0 0.11565080972818229 0.2322681500361516 0.020603363330547627 0.020573799426739033
0 0.21019363403320312 0.7030987372765174 0.021226222698505107 0.02138343224158654
0 0.11528680874751164 0.7815531217134916 0.03597175157987154 0.036352304311899036
0 0.9300942054161658 0.36708208230825573 0.019295765803410456 0.019200545090895433
0 0.12499378277705266 0.9900458409236028 0.02284871614896334 0.017731886643629808
0 0.6172990065354568 0.9846187004676232 0.03913024755624624 0.027419163630558893
0 0.8073488382192758 0.02176514955667349 0.01705140333909255 0.01704611686559824
0 0.11349237882173978 0.159454345703125 0.030860020564152643 0.031003658588115986
0 0.8356880041269156 0.764069337111253 0.018071688138521634 0.018377157358022835
0 0.7372529690082257 0.05157301059136024 0.024912173931415264 0.02495088944068322
0 0.8527295772845929 0.7358926626352164 0.026528285099909857 0.026182908278245192
0 0.0844261096074031 0.28104279591487 0.0274813725398137 0.027216251079852764
0 0.8236631246713492 0.8248277810903696 0.035989614633413464 0.03590128971980168
0 0.12612194281357986 0.27127618056077224 0.022968402275672324 0.022712267362154447
0 0.07401056473071758 0.2688826597653903 0.031604381707998425 0.03179319088275616
0 0.11037922822512113 0.08327928873208854 0.12640665127680853 0.12443694701561561
0 0.3840599060058594 0.30492791762718785 0.01584141071026142 0.015640955704909105
0 0.8899862582866962 0.6086882077730619 0.04581524775578426 0.04645186204176683
0 0.6572151917677659 0.9478121537428635 0.026538262000450723 0.02661749032827524
0 0.16100861476017878 0.8660753690279447 0.016558280357947715 0.016501793494591348
0 0.42232197981614333 0.4645584546602689 0.028576043935922477 0.028696060180664062
0 0.49601558538583607 0.5554046997657189 0.017633804908165567 0.017617005568284255
0 0.3357090216416579 0.29333332868722767 0.01668409200815054 0.016561471498929538
0 0.653414799616887 0.7860215994027945 0.02147645216721755 0.021256666917067308
0 0.6862746752225436 0.0721827378639808 0.019762626061072715 0.019236069459181566
0 0.1672234168419471 0.9273008199838492 0.02607140174278846 0.026213719294621393
0 0.19702628942636344 0.8974896944486178 0.01828487102801983 0.0182797358586238
0 0.8272633919349084 0.9269680610069861 0.022028702955979567 0.022446559025691107
0 0.7602489177997296 0.06744893239094661 0.01917545612041767 0.0196760342671321
0 0.4513824169452374 0.2539245532109187 0.018312454223632812 0.018210411071777344
0 0.4803171157836914 0.3067438052250789 0.02738329080434946 0.02688297858605018
0 0.32148977426382214 0.3118772506713867 0.0276949222271259 0.02757602471571702
0 0.9498335764958308 0.9303484696608323 0.01969293447641226 0.024701045109675482
0 0.135118869634775 0.382322017963116 0.013385515946608324 0.013477178720327524
0 0.7342497018667368 0.878357667189378 0.06436802790715145 0.06322743342472957
0 0.9357282931988056 0.036339594767643854 0.032075148362379804 0.03135105279775766
0 0.2257566085228553 0.053759400661175065 0.01759961935190054 0.016689208837655876
0 0.7173478053166316 0.6437333180354192 0.021902084350585938 0.02186100299541767
0 0.3986950654249925 0.22519452755267805 0.02026990743783804 0.020096191993126504
0 0.1077049237031203 0.7340496503389798 0.05285807756277231 0.05296545762282152
0 0.775605715238131 0.6517762404221755 0.029038062462439902 0.028987591083233174
0 0.5122241240281326 0.9410709967980018 0.015104880699744591 0.014677487886868991
0 0.24989887384267953 0.8937075688288763 0.02133970994215745 0.021573580228365384
0 0.554740098806528 0.3629024945772611 0.017307428213266227 0.017497136042668268
0 0.5459445806650015 0.7591250492976263 0.0868543478158804 0.08388445927546574
0 0.08753374906686637 0.8607143988976111 0.015683540931114785 0.015778761643629808
0 0.5358238220214844 0.35439029106727016 0.019802166865422174 0.01960328909067007
0 0.8328104752760667 0.33081883650559646 0.018009772667518027 0.018196839552659255
0 0.20687451729407677 0.943454228914701 0.015259339259221004 0.015065559974083534
0 0.06352289823385385 0.7543491950401893 0.04870860393230732 0.06070298414963942
0 0.8561533414400541 0.0763162741294274 0.03708707369290865 0.036354560118455156
0 0.7301559448242188 0.07516177800985482 0.017847501314603366 0.01804977196913499
0 0.3112619473383977 0.3264948771550105 0.016756497896634616 0.016795525184044473
0 0.7668753403883714 0.3130038334773137 0.013781327467698317 0.013706078896155724
0 0.8289470672607422 0.8340631631704477 0.05218711266150841 0.05267245952899639
0 0.5215561573322003 0.9558574969951923 0.03763932448167067 0.03784619844876803
0 0.6480355629554162 0.9721437600942758 0.03205592815692608 0.03204022921048678
0 0.14242863655090332 0.8042576129619892 0.01643542143014761 0.016354194054236777
0 0.7553631709172175 0.8325866552499624 0.014719742995042067 0.014875265268179087
0 0.2305302069737361 0.8986241267277644 0.015638204721304085 0.0157467768742488
0 0.2877950851733868 0.3031927438882681 0.015319274022028996 0.015411780430720402
0 0.7496359898493841 0.6713534135084885 0.028629889855018027 0.02884703416090745
0 0.07666985346720769 0.8285482846773587 0.015113729697007399 0.015351222111628605
0 0.3664449911851149 0.4402010991023137 0.015378365149864784 0.015420033381535457
0 0.5313577651977539 0.45248919266920823 0.014955667349008413 0.014927937434269832
0 0.17974391350379357 0.6066814569326547 0.27284849607027495 0.2929078615628756
0 0.8533535737257737 0.075509080520043 0.030341515174278848 0.030641940923837516
0 0.3648197100712703 0.25392752427321214 0.014619093674879808 0.01450817401592548
0 0.1500395077925462 0.41298899283775914 0.02785803721501277 0.02778280698336088
0 0.8298293627225436 0.8438949584960938 0.04114444439227764 0.040970142071063705
0 0.42540895021878755 0.2601927427145151 0.021527950580303486 0.02146145013662485
