0 0.3812414316030649 0.08909018223102276 0.020728478064903848 0.02099301264836238
0 0.5575773899371808 0.10973282960745004 0.08484363555908203 0.08415801708514874
0 0.4701203933128944 0.25702568200918346 0.01998167771559495 0.020002438471867487
0 0.40645291255070615 0.7362610010000376 0.023181034968449518 0.023033728966346152
0 0.5189639971806452 0.04974054373227633 0.1265106934767503 0.09953838128309983
0 0.6132631301879883 0.8448423238900992 0.06792670029860276 0.06880716177133414
0 0.4044250708359938 0.2263805866241455 0.14290670248178336 0.14586364305936372
0 0.32516915981586164 0.8519835838904748 0.05298130328838642 0.05376082200270433
0 0.5220365524291992 0.9579225686880258 0.015788445105919473 0.015714351947490986
0 0.3921390680166391 0.8211347139798678 0.07431976611797626 0.07324453500600961
0 0.34192004570594203 0.8052155421330378 0.01642124469463642 0.016615647536057692
0 0.5212238751924955 0.9161865527813251 0.027302375206580527 0.027039454533503607
0 0.3794560799231896 0.5372039354764498 0.1584155559539795 0.1612224578857422
0 0.6558388930100661 0.9530403430645282 0.09146855427668645 0.08850801908052884
0 0.5384353490976187 0.23389940995436448 0.06048363905686598 0.06114695622370793
0 0.4526074116046612 0.30817416998056263 0.16420767857478216 0.1647021220280574
0 0.49226856231689453 0.532921314239502 0.014494235698993389 0.014820612393892728
0 0.556360464829665 0.35032092607938325 0.014342968280498799 0.01450362572303185
0 0.5487486032339243 0.7633014092078576 0.014670592087965745 0.014700962946965145
0 0.3678277822641226 0.05177533168059129 0.10750477130596454 0.10040759123288669
0 0.4853721765371469 0.42391318541306716 0.10845705179067758 0.10805533482478215
