0 0.5499852987436148 0.5721523211552546 0.19745753361628607 0.20015826592078576
0 0.39510481174175555 0.8751260317288913 0.1219936517568735 0.122222900390625
0 0.6183104881873498 0.11603747881375827 0.2812999211824857 0.22602433424729568
0 0.48456804568950945 0.9391150841346154 0.09232389009915866 0.09324822059044471
0 0.4514302840599647 0.35305283619807315 0.09239923037015475 0.09472252772404598
0 0.6994802768413837 0.9399851285494291 0.12371488717886117 0.11791419982910156
0 0.5819655565115122 0.8330550560584435 0.08880769289456882 0.08875010563777043
0 0.6502695083618164 0.30894859020526594 0.21069820110614484 0.24816690958463228
0 0.30994041149432844 0.7815204767080454 0.1202100607065054 0.11708288926344651
0 0.584742179283729 0.6831390674297626 0.07532574580265926 0.07569474440354568
0 0.29281951830937314 0.1273948779472938 0.06477587039654072 0.06577113958505484
0 0.44569785778339094 0.507567625779372 0.13963420574481672 0.14049647404597357
0 0.2811199701749362 0.08032381534576416 0.06358146667480469 0.06268803889934833
0 0.2627544036278358 0.33483519920936 0.03962560800405649 0.0643935753748967
0 0.26544424203725964 0.9271123592670147 0.056129822364220254 0.0569309821495643
0 0.726833490224985 0.6568910892193134 0.03984744732196514 0.039922127356896035
0 0.6889759210439829 0.5066740696246808 0.04536584707406851 0.04584583869347206
0 0.2674439870394193 0.5371827712425818 0.0356146372281588 0.03553229111891527
0 0.3662740634037898 0.4384912710923415 0.04160382197453426 0.04134919093205379
0 0.6474571228027344 0.7680600239680364 0.08046869131234977 0.08115152212289664
0 0.6842548663799579 0.6603318727933444 0.040948134202223554 0.0410308837890625
0 0.642853150000939 0.6297225952148438 0.028475101177509014 0.02811886714054988
0 0.5767702322739822 0.4116419278658353 0.020157227149376504 0.020278123708871696
0 0.6379520709698017 0.9019713768592248 0.049010900350717396 0.04914298424353966
0 0.7048477026132437 0.82843751173753 0.05252515352689303 0.05231622549203726
0 0.5923713537362906 0.7755888425386869 0.03714561462402344 0.03729336078350361
0 0.3975519767174354 0.6841404254619892 0.022817024817833535 0.023074223445012018
0 0.4234153307401217 0.1032113295335036 0.03818834744966947 0.0382539308988131
0 0.5107625814584585 0.8004598617553711 0.029036888709435098 0.02917964641864483
0 0.656590094933143 0.5629426882817194 0.024083064152644232 0.024091207064115085
0 0.28586891981271595 0.47352027893066406 0.018224826225867637 0.018292940579927884
0 0.3775326655461238 0.9639828755305364 0.13233287517841047 0.07201312138484074
0 0.6531496047973633 0.5947972077589768 0.02981288616473858 0.02974224090576172
0 0.4954832883981558 0.010886057065083431 0.03390143467829777 0.021007991754091702
0 0.4259221003605769 0.010152594401286198 0.019801213191105768 0.018560744248903714
0 0.2743827379666842 0.9759050515981821 0.062339489276592545 0.0438531728891226
0 0.3711201227628268 0.7316116919884315 0.038915120638333835 0.03849880511944111
0 0.25974517602186936 0.8735426389254056 0.017548671135535605 0.017619939950796273
0 0.33515137892503005 0.709900635939378 0.047215828528771035 0.04691373384915865
0 0.5139734561626728 0.319117912879357 0.01736032045804537 0.017424876873309795
0 0.5627728975736178 0.8917429997370794 0.11054347111628605 0.11132401686448318
0 0.3020035486954909 0.37731390732985276 0.016410057361309346 0.016253911531888522
0 0.3039258810190054 0.012410079057400044 0.05331919743464543 0.02467589653455294
0 0.5325955977806678 0.46409086080697864 0.021158878619854268 0.021235539362980768
0 0.5606909165015588 0.7794936253474309 0.02111185514009916 0.020658493041992188
0 0.3447713118333083 0.6767674959622897 0.01936949216402494 0.019378662109375
0 0.44832882514366734 0.74420166015625 0.022439956665039062 0.02241692176231971
0 0.3476973313551683 0.5451111059922439 0.02417153578538161 0.02443555685190054
0 0.42382210951585036 0.7136608270498422 0.025383142324594352 0.025797917292668268
0 0.4310556925260104 0.6526311727670523 0.040294647216796875 0.04003583467923678
0 0.5523715386023889 0.2289119500380296 0.023418573232797477 0.02359771728515625
0 0.2699107573582576 0.6957414333636944 0.06550704515897311 0.07961522615872897
0 0.339783448439378 0.07183321622701791 0.029154190650353067 0.029157620209913988
0 0.4494413962730995 0.06253664310161884 0.025627576387845553 0.025486249190110426
0 0.25994025743924654 0.22345702464763934 0.03388558901273287 0.040637786571796126
0 0.7361078995924729 0.5508433488699106 0.016963958740234375 0.016670740567720853
0 0.30285683045020473 0.8724645467904898 0.05941695433396559 0.05954654400165264
0 0.25909830973698544 0.05910870203605065 0.028102801396296576 0.033663813884441667
0 0.41634387236375076 0.7956195244422326 0.024480379544771634 0.024281134972205527
0 0.3027766301081731 0.41663206540621245 0.014062881469726562 0.01416485126201923
0 0.27706043536846453 0.03116778226999136 0.03265821016751803 0.03302917113670936
0 0.3229700235220102 0.04937247588084294 0.02175565866323618 0.022000597073481634
0 0.5941165043757513 0.7526988983154297 0.02391991248497596 0.02354255089393029
0 0.6172712766207181 0.4436487051156851 0.08960973299466647 0.08977068387545072
0 0.2680367689866286 0.4075629527752216 0.014122706193190355 0.014173654409555288
0 0.2745806253873385 0.7239821507380559 0.07822286165677585 0.1299872765174279
0 0.7309667880718524 0.46346158247727615 0.016248409564678486 0.01587816385122446
0 0.2499259068415715 0.7479155613825872 0.027425765991210938 0.04050650963416466
0 0.45583457213181716 0.697697272667518 0.014220531170184795 0.014561873215895433
0 0.25586647253770095 0.022572017632997952 0.022849853222186748 0.03971207141876221
0 0.35819369096022385 0.033090190245555 0.01468049562894381 0.014637208901918851
0 0.2881661561819223 0.39699161969698393 0.021488666534423828 0.021558761596679688
0 0.40680819291334885 0.5581540694603553 0.017781404348520134 0.018088854276216947
0 0.6069747484647311 0.3719016588651217 0.015604752760667067 0.01575477306659405
0 0.3823405045729417 0.5800410784207858 0.032070306631234974 0.03205592815692608
0 0.35349783530602086 0.09331706854013297 0.020850768456092246 0.02144136795630822
