0 0.1611310518704928 0.20768141746520996 0.04392551458798922 0.04417562484741211
0 0.8940724592942458 0.1584950960599459 0.18589225182166466 0.30638922177828276
0 0.07119421775524433 0.12592917222243089 0.027491092681884766 0.02726433827326848
0 0.5008769035339355 0.9007919018085186 0.02482891082763672 0.024678743802584134
0 0.3612189292907715 0.9530448913574219 0.019524207481971152 0.019582748413085938
0 0.7857227325439453 0.900110831627479 0.019202599158653848 0.01918616661658654
0 0.7977902339054987 0.3794670838576097 0.021762554462139424 0.02169190920316256
0 0.1359560673053448 0.844505603496845 0.02056605999286358 0.020531580998347357
0 0.06025048861136803 0.6637337757990911 0.02441981205573449 0.024657616248497598
0 0.0443573731642503 0.26445575860830456 0.026566441242511455 0.02688319866473858
0 0.3103930766765888 0.19786882400512695 0.027743192819448616 0.02804418710561899
0 0.06939610151144174 0.08137664428124061 0.026921877494225137 0.027055923755352315
0 0.8997754317063552 0.8804767315204327 0.017772087684044473 0.017836937537560098
0 0.8553337684044471 0.7783058606661283 0.01866780794583834 0.01878841106708233
0 0.6409150637113131 0.1915856141310472 0.01976776123046875 0.019694988544170674
0 0.16009796582735503 0.5788454275864822 0.01894374994131235 0.018765082726111777
0 0.09975084891686073 0.5853951527522161 0.0216524417583759 0.02151665320763221
0 0.5920863518348107 0.5195590532743014 0.016333359938401442 0.016602589533879206
0 0.8218819544865534 0.3922067422133226 0.017525599553034857 0.01746361072246845
0 0.6829195756178635 0.4212589997511644 0.0188751220703125 0.01885678217961238
0 0.7638518993671124 0.3897169553316556 0.019991067739633415 0.020130450908954326
0 0.218275051850539 0.7589447314922626 0.01755633720984826 0.01774743887094351
0 0.33507530505840594 0.6107672177828275 0.017693739670973558 0.017614217904897835
0 0.635109754709097 0.32170816568227917 0.016835872943584736 0.016935348510742188
0 0.020103037357330322 0.569205430837778 0.013400508807255672 0.018401292654184196
0 0.47782509143535906 0.9279325191791241 0.019423998319185697 0.019171934861403245
0 0.11086304371173565 0.6609054712148813 0.018011735035822943 0.017873470599834736
0 0.841706422659067 0.8380801861102765 0.021848531869741585 0.021781774667593148
0 0.19519266715416542 0.7850755544809195 0.016707310309776895 0.016768235426682692
0 0.9689105840829703 0.12100601196289062 0.01851052504319411 0.01860196773822491
0 0.1325883957055899 0.2137271257547232 0.021034075663639948 0.020885504209078275
0 0.3340870417081393 0.34477094503549427 0.015817862290602464 0.015921812791090745
0 0.9315666785606971 0.6554239713228666 0.01562045170710637 0.015478280874399038
0 0.08114005969120906 0.3134320332453801 0.02033655460064228 0.020470234063955452
0 0.32401407681978667 0.6689560229961689 0.016690767728365384 0.01689910888671875
0 0.7592391967773438 0.410947506244366 0.015801209669846755 0.01558670630821815
0 0.4963397979736328 0.5931805830735427 0.016253838172325723 0.016202633197490986
0 0.8881508753849909 0.7728381523719201 0.015110456026517428 0.015224310067983774
0 0.02272599247785715 0.7489741398737981 0.017575497810657207 0.018001262958233174
0 0.5728393334608811 0.31418587611271787 0.025448945852426384 0.02560290923485389
0 0.047734774076021634 0.3822451371413011 0.017754829846895658 0.017733940711388223
0 0.2672346555269681 0.11332464218139648 0.017329949599045973 0.017322393564077523
0 0.28622942704420823 0.33600146953876203 0.015244483947753906 0.01535811791053185
0 0.7715429159311148 0.33688985384427583 0.019452461829552285 0.019458917471078727
0 0.4757853287916917 0.563754705282358 0.015813827514648438 0.015891441932091348
0 0.15928039183983436 0.4796270957359901 0.016688787020169772 0.016718644362229567
0 0.06477077190692608 0.579140516427847 0.019166946411132812 0.019293491656963643
0 0.5960712799659142 0.2615104822012094 0.0376897225013146 0.037657737731933594
0 0.1422245869269738 0.5092385365412786 0.017337615673358623 0.017208392803485576
0 0.6388083237868089 0.2711647107050969 0.016461885892427884 0.016282301682692308
0 0.31040510764488805 0.5460629829993615 0.014604715200570913 0.014657827524038462
0 0.6476714794452374 0.5075773826012244 0.023192185621995192 0.02350308344914363
0 0.5116722400371845 0.9264441270094651 0.014781365027794471 0.014885242168719951
0 0.23151817688575158 0.6536403802724985 0.014993961040790264 0.014875852144681491
0 0.28248996001023513 0.7760116870586689 0.014989045950082632 0.015024625338040866
0 0.17292605913602388 0.860590567955604 0.01572755666879507 0.01598504873422476
0 0.5450989649846003 0.2837232809800368 0.02661719689002404 0.026584441845233623
0 0.5674821413480319 0.7174117748553936 0.016049311711237982 0.016269683837890625
0 0.822782956636869 0.3761586042550894 0.015782869779146634 0.015614509582519531
0 0.09729201977069561 0.060225133712475114 0.028517649723933294 0.02854914848621075
0 0.16759931124173677 0.5092187661391038 0.015937438377967246 0.016010357783390924
0 0.9352926841148963 0.9213631703303411 0.014929111187274639 0.014774762667142428
0 0.053486017080453724 0.03685540648607107 0.0156857233781081 0.015731458480541523
0 0.8276537381685697 0.91315981057974 0.014901674710787259 0.014848709106445312
0 0.750423211317796 0.49526192591740537 0.015746336716871995 0.015922179588904746
0 0.2755122551551232 0.4362946290236253 0.016031778775728665 0.015888067392202523
0 0.7789765871488131 0.5486503014197717 0.016826629638671875 0.016864556532639723
0 0.08976490680988018 0.5682554978590745 0.016891002655029297 0.01676001915564904
0 0.8894424438476562 0.803926027738131 0.014273129976712741 0.014516390286959134
0 0.9383054146399865 0.9642492441030649 0.016984939575195312 0.016880035400390625
0 0.37301026857816255 0.848243419940655 0.01580385061410757 0.01563409658578726
0 0.4739395288320688 0.3731816365168645 0.013927459716796875 0.01399825169489934
0 0.2205822651202862 0.39670416025015026 0.014739256638746995 0.014782538780799279
0 0.18229297491220328 0.5164959247295673 0.01545858383178711 0.015172664935772236
0 0.261991574214055 0.49542925908015323 0.015442187969501201 0.015631455641526442
0 0.21457877525916466 0.012766111355561476 0.02030644050011268 0.020285106622255765
0 0.6632241469163161 0.5054010978111854 0.01906556349534255 0.01922739469088041
0 0.27776703467735875 0.1943816038278433 0.0282900883601262 0.028391691354604866
0 0.6734938254723182 0.34411921867957485 0.016779386080228366 0.01665812272291917
0 0.6750755310058594 0.26531896224388707 0.014822886540339543 0.014947781196007362
0 0.16161760917076698 0.38138367579533505 0.016277606670673076 0.01621393057016226
0 0.3717240553635817 0.8836407294640174 0.014303500835712139 0.01439974858210637
0 0.45532853786761945 0.3421380336468036 0.015349754920372596 0.01534865452693059
0 0.32763855273907 0.8146183307354267 0.019709953894981973 0.019759104802058294
0 0.4954653519850511 0.33965059427114636 0.017342053926908053 0.01715219937838041
0 0.08799184285677396 0.39539670944213867 0.014531942514272837 0.014505312992976261
0 0.3567502682025616 0.8526003910945013 0.015393330500676082 0.015719193678635817
0 0.7401932936448318 0.2228105618403508 0.01499469463641827 0.014936887300931491
0 0.7031392317551833 0.8877176871666541 0.014261099008413462 0.014429239126352163
0 0.042104436801030085 0.11019680133232704 0.04667005172142616 0.04615653478182279
0 0.03821719151276808 0.11398563935206486 0.038367720750662 0.03892390544597919
0 0.805450439453125 0.516504691197322 0.015550760122445913 0.015543937683105469
0 0.8802959735576923 0.8397756723257211 0.01458446796123798 0.014558351956881009
0 0.043492995775662936 0.733218266413762 0.01631540747789236 0.01640158433180589
0 0.5105612094585712 0.3959234677828275 0.02203956017127404 0.022055405836838942
0 0.04923303769184993 0.10178400919987605 0.033217356755183294 0.033630554492657
0 0.10649349139286922 0.43285003075232875 0.047221165436964765 0.04676114595853365
0 0.019066141201899603 0.1470799812903771 0.012968026674710788 0.01869942591740535
0 0.9181245657113882 0.7780394920935998 0.015115004319411058 0.01503460223858173
0 0.3016509276169997 0.46589081103985125 0.016062809870793268 0.01580179654634916
0 0.07847962012657753 0.4128294357886681 0.014789856397188626 0.014571923475999098
0 0.8467104985163763 0.5029654869666467 0.01604769780085637 0.016210115872896634
0 0.03833918846570528 0.5185195482694186 0.020473562754117526 0.020222003643329326
0 0.6506817157451923 0.5081655795757587 0.027171208308293268 0.02729144463172326
0 0.8376841911902795 0.7743005018967849 0.014943636380709134 0.014810708852914663
0 0.6189939058743991 0.5630196791428786 0.014410899235652043 0.014623348529522236
0 0.8361095281747671 0.8739268963153546 0.014315385084885817 0.014295724722055288
0 0.40001689470731294 0.8725298368013822 0.014103962824894832 0.014537517841045674
0 0.26213944875277007 0.6951807462252103 0.01517028074998122 0.01524059589092548
0 0.8610718066875751 0.7446262653057392 0.01352222149188702 0.013627272385817308
0 0.9208318270169772 0.7173753885122446 0.013665125920222355 0.013477912315955529
0 0.028122984446012057 0.21114099942720854 0.017063415967501126 0.017099453852726862
0 0.07653178618504451 0.994285876934345 0.016065634213961087 0.009851308969350962
0 0.6902617674607497 0.30209911786592925 0.014034858116736779 0.01402422098013071
0 0.9271656183096079 0.750330191392165 0.014552776630108174 0.014543239886944111
0 0.3196341074430026 0.3443744732783391 0.013948367192195011 0.014147171607384315
0 0.11664826136368972 0.14893656510573167 0.014026220028217021 0.014030053065373348
0 0.5363374856802133 0.5206598868736854 0.014543533325195312 0.014534363379845252
0 0.3776076023395245 0.021607059698838454 0.016007716839130107 0.015683101919981148
0 0.3808802824753981 0.07289759470866276 0.015004964975210337 0.015138580248906063
