0 0.794740236722506 0.0302604093001439 0.06950906606820914 0.05932239844248845
0 0.7070053540743314 0.19710166637714094 0.06447029113769531 0.06449171213003305
0 0.5587994502140925 0.37129666255070615 0.05617567209097055 0.056054188654972956
0 0.5472646859975961 0.197509949023907 0.044717055100661054 0.0447229972252479
0 0.6143555274376502 0.9556685961209811 0.03531514681302584 0.03580284118652344
0 0.22163191208472618 0.6535863142747146 0.04769460971538837 0.04849653977614183
0 0.5360408562880296 0.764132573054387 0.04284829359788161 0.0427546867957482
0 0.2032171946305495 0.6996647761418269 0.025848865509033203 0.026041471041165866
0 0.6557491009051983 0.9693905757023737 0.03850878201998197 0.03847239567683293
0 0.43278826200045073 0.5683920200054462 0.02761664757361779 0.027457163884089544
0 0.4603611872746394 0.8264100735004132 0.024079102736253005 0.024337328397310697
0 0.25478315353393555 0.1755060232602633 0.020909529465895433 0.020986043489896335
0 0.4680355512178861 0.6576268122746394 0.021340296818659857 0.021218226506159857
0 0.5070586938124436 0.3228953801668607 0.032479359553410456 0.032426027151254505
0 0.24494640643780047 0.974648695725661 0.030516404371995192 0.030923990102914665
0 0.36539528920100284 0.7939190497765174 0.019712228041428786 0.01955692584698017
0 0.30013282482440656 0.46899091280423677 0.0421759532048152 0.04166338993952824
0 0.06589058270821205 0.7353766514704778 0.04149127923525297 0.041507720947265625
0 0.2566700348487267 0.7032723060021033 0.029627213111290567 0.029953883244441107
0 0.39196370198176456 0.486995660341703 0.026463875403771035 0.02659269479604868
0 0.30377591573275053 0.27564690663264346 0.024164089789757363 0.024125172541691706
0 0.10478793657743014 0.7954653226412259 0.02971341059758113 0.029575641338641826
0 0.39736751409677357 0.17258785321162298 0.020888915428748496 0.02103284689096304
0 0.16063169332650992 0.22884363394517165 0.027829894652733438 0.027823704939622145
0 0.5299951479985163 0.496917174412654 0.029942439152644232 0.03013185354379507
0 0.598453741807204 0.4927760637723483 0.020468785212590143 0.020460789020244893
0 0.5867762932410607 0.23320693236130935 0.022381709172175482 0.022321260892427884
0 0.3729220903836764 0.591644103710468 0.02368927001953125 0.02368919665996845
0 0.32053305552555966 0.8771438598632812 0.023388202373798076 0.023524944598858174
0 0.35181368314302885 0.7423017941988431 0.01899381784292368 0.018640958345853366
0 0.29933667182922363 0.7023986669687124 0.020792631002572868 0.020842625544621393
0 0.4699887495774489 0.07952539737407978 0.019119996290940505 0.01899187839948214
0 0.39827640240009016 0.5729824212881235 0.025205612182617188 0.025351744431715745
0 0.827191426203801 0.20134698427640474 0.018181727482722357 0.018085993253267728
0 0.6710954812856821 0.2875530536358173 0.019351959228515625 0.019395974966195915
0 0.12830239075880784 0.6815995436448318 0.018064425541804388 0.01792423541729267
0 0.3159432044396034 0.6506300706129807 0.017632044278658353 0.017404996431790866
0 0.0412941575050354 0.7565639202411358 0.0441896181840163 0.04507798414963942
0 0.12416420533106877 0.7147445678710938 0.018139233955970176 0.018265944260817308
0 0.03969685847942646 0.29568199010995716 0.0185854251568134 0.018450076763446514
0 0.3292556909414438 0.9584296299861028 0.019663443932166465 0.019665057842548076
0 0.6768514193021334 0.8099880952101487 0.04299207834097055 0.041741444514347956
0 0.6686181288499099 0.4081660784207858 0.024777045616736777 0.02495266841008113
0 0.9197540283203125 0.2157903267787053 0.01580047607421875 0.016006946563720703
0 0.7215376633864182 0.8040865384615384 0.023081559401292067 0.023083026592548076
0 0.35014867782592773 0.41084861755371094 0.020642867455115683 0.020613596989558294
0 0.16820720525888297 0.6783965184138372 0.016086651728703424 0.01621847886305589
0 0.30502950228177583 0.4934692749610314 0.030435635493351862 0.0309603030865009
0 0.24792920626126802 0.31586419619046724 0.016573392427884616 0.01654397524320162
0 0.48322259462796724 0.5925428683941181 0.021166287935697116 0.021169369037334736
0 0.7666301727294922 0.5899697083693284 0.019715529221754808 0.01946889437161959
0 0.3385489537165715 0.5470698429987981 0.019776417658879206 0.019739297720102165
0 0.42542442908653844 0.42925570561335635 0.028524032005896933 0.028678307166466348
0 0.9626872722919171 0.7120801485501803 0.040334848257211536 0.043901296762319714
0 0.1893150806427002 0.638815659743089 0.023098322061391976 0.02332305908203125
0 0.23082373692439154 0.137131929397583 0.02526510678804838 0.025252342224121094
0 0.3949161676260141 0.6015198047344501 0.02441538297213041 0.02448551471416767
0 0.6178109829242413 0.4014347516573392 0.018358377309945915 0.01837891798753005
0 0.6374648167536809 0.9875925504244291 0.020900432880108174 0.019789475661057692
0 0.5500147159282978 0.4941147290743314 0.02062856234036959 0.020187524648813102
0 0.9376631516676682 0.9887437086838943 0.016750482412484977 0.01648712158203125
0 0.5646243828993577 0.4240528987004207 0.0183257323044997 0.018218407264122598
0 0.8929956876314603 0.6885777986966647 0.020389703603891227 0.020113284771259014
0 0.08265328407287598 0.6579412313608023 0.015414306750664344 0.015279916616586538
0 0.09615212220412034 0.7781735933743991 0.025162660158597507 0.024890606219951924
0 0.3591767824613131 0.6687204654400165 0.017153079693134014 0.0170596196101262
0 0.955687009371244 0.6213977520282452 0.020758995643028848 0.020715016585129958
0 0.7792591681847205 0.4760409135084886 0.021402505727914665 0.021849999060997598
0 0.6810537484975961 0.9477272033691406 0.018815260667067308 0.018934983473557692
0 0.655150633591872 0.3891754883986253 0.0192562983586238 0.01921565716083233
0 0.3857764464158278 0.9689927467933068 0.015477400559645433 0.015473439143254207
0 0.906964375422551 0.5939922332763672 0.01537029559795673 0.015189097477839543
0 0.18740070783174956 0.8910120450533353 0.015448937049278846 0.01552288348858173
0 0.38991458599384016 0.9319988397451547 0.02173922612116887 0.022033104529747598
0 0.49962828709528995 0.06176362587855412 0.03305193094106821 0.033132314682006836
0 0.6421665778526893 0.03589167961707482 0.026165888859675482 0.026492595672607422
0 0.5287712537325345 0.6257599317110502 0.020147323608398438 0.020268953763521634
0 0.7373275756835938 0.6486926445594201 0.015501169057992788 0.015824538010817308
0 0.26172615931584287 0.4362294857318585 0.019318360548753005 0.019318800706129808
0 0.912413083589994 0.3101376753586989 0.032502981332632214 0.03275365095872145
0 0.3680550135098971 0.17542325533353365 0.021022796630859375 0.02096895071176382
0 0.6871089935302734 0.22861561408409706 0.020977166982797477 0.02081188788780799
0 0.16462940436143142 0.7149585577157828 0.014787233792818509 0.0148316896878756
0 0.9140995465792142 0.48184724954458386 0.016937109140249398 0.01688223618727464
0 0.7790035834679236 0.6809538327730619 0.017574897179236777 0.017356432401216947
0 0.2533454711620624 0.10732041872464694 0.20809844823984 0.20615904147808367
0 0.943807968726525 0.6484132913442758 0.01465313251201923 0.014840052678034855
0 0.21776914596557617 0.932589237506573 0.020507445702185996 0.020405695988581732
0 0.09444939173184909 0.7576698890099158 0.02006875551663912 0.02001043466421274
0 0.13041331217839167 0.8203634115365835 0.01744670134324294 0.0172579838679387
0 0.8097986074594351 0.3117065796485314 0.02068182138296274 0.02097665346585787
0 0.2252813669351431 0.899314807011531 0.016822044665996846 0.016701478224534255
0 0.6852295215313251 0.9598322648268479 0.015994438758263223 0.01573357215294471
0 0.16885733604431152 0.018002001138833854 0.015781329228327826 0.015832809301523063
0 0.6522769194382888 0.2622806108914889 0.014600313626802884 0.014687684866098257
0 0.37609173701359677 0.941898932823768 0.01775228060208834 0.017893130962665264
0 0.30161380767822266 0.4502113782442533 0.022057826702411357 0.023243830754206732
0 0.7991649921123798 0.3802238611074594 0.019290337195763223 0.019121903639573317
0 0.31807653720562273 0.756182597233699 0.01995248060960036 0.020647489107572116
0 0.7655693934513972 0.617946404677171 0.015610034649188701 0.015284171471228966
0 0.6913196857158954 0.42976775536170375 0.014469146728515625 0.01416470454289363
0 0.3813659961407001 0.8555930944589468 0.03153786292442909 0.03180137047400841
0 0.36822693164532 0.929508796105018 0.015379979060246395 0.015436906080979567
0 0.6201958289513221 0.377657413482666 0.020915985107421875 0.02081144773043119
0 0.6287553493793194 0.9717468114999624 0.01707121042104868 0.017363915076622598
0 0.696341294508714 0.7615085014930139 0.017301412729116585 0.017400448138897236
0 0.8368368882399339 0.6802189166729267 0.014523872962364784 0.014505239633413462
0 0.1315244436264038 0.9653595410860502 0.01689932896540715 0.0168301508976863
0 0.8747649559607873 0.6769679876474234 0.015623826246995192 0.015618397639347957
0 0.2463823281801664 0.7759459568903997 0.022769634540264424 0.02217718271108774
0 0.8501946375920222 0.2723254607273982 0.0462945791391226 0.04662781495314378
0 0.896818601168119 0.11403093888209416 0.03850467388446514 0.038626872576200046
0 0.02969603813611544 0.5269261140089768 0.01653906015249399 0.016705879798302285
0 0.7855556194598858 0.08596456050872803 0.25003756009615385 0.17299771308898926
0 0.947813474214994 0.9700761941763071 0.021602924053485576 0.021800407996544473
0 0.8851202451265775 0.20148897171020508 0.017319312462439902 0.017447178180401143
0 0.7000661263099084 0.910056627713717 0.01555926983173077 0.015379098745492788
0 0.204223266014686 0.3670505376962515 0.014640184549184946 0.014969092149000902
0 0.5524750489455003 0.7048160846416767 0.01857911623441256 0.01842498779296875
0 0.4687199225792518 0.9276587412907527 0.026792526245117188 0.02667999267578125
0 0.5472743694598858 0.31201810103196365 0.014925296490009014 0.01522511702317458
0 0.8929162392249475 0.7539184276874249 0.034585072444035456 0.03403472900390625
0 0.40030490435086763 0.6835369696983924 0.01838552034818209 0.01790765615609976
0 0.4147564447843112 0.3793110480675331 0.021870246300330527 0.02234018765963041
0 0.1403324970832238 0.6348190307617188 0.03740409704355093 0.03722073481633113
0 0.15773868560791016 0.30466684928307164 0.014061340918907752 0.014202117919921875
0 0.3333405347970816 0.7463218248807467 0.014493722182053786 0.014315531804011418
0 0.04828007404620831 0.6651752912081205 0.021275352973204393 0.021626839270958535
0 0.9360135885385367 0.4523737980769231 0.020108736478365384 0.019574532142052285
0 0.41069690997783953 0.7074998708871695 0.015814561110276442 0.015976539024939902
0 0.3494422985957219 0.9741833026592548 0.01600757012000451 0.0160977290226863
0 0.38836387487558216 0.706428601191594 0.01874094742995042 0.018764349130483773
0 0.5691431485689603 0.10899842702425443 0.015559709989107572 0.015719046959510215
0 0.3013000304882343 0.6786665549645057 0.014348947084867038 0.014550722562349759
0 0.11414749805743878 0.16527825135451096 0.029086938271155723 0.029079079627990723
0 0.9291664270254282 0.5209998350877029 0.016183119553786058 0.016108879676231973
0 0.2800327264345609 0.967028544499324 0.016371837029090293 0.0163726806640625
0 0.30327279751117414 0.9808194087101862 0.020255382244403545 0.01994470449594351
0 0.4088134032029372 0.9445130274846003 0.014430486238919772 0.014422196608323317
0 0.35237811161921573 0.9880376962515024 0.015744576087364785 0.0152435302734375
0 0.5272922882666955 0.8985629448523889 0.017607762263371393 0.017634758582481973
0 0.5712197377131536 0.25619112528287447 0.038272931025578424 0.037081351647010215
0 0.7763726161076472 0.3677143683800331 0.015338897705078125 0.015612088716947116
0 0.43039508966299206 0.40106692680945766 0.02200625492976262 0.021510491004356973
0 0.6143555274376502 0.41594919791588414 0.018612788273737982 0.018603104811448317
