0 0.6370124816894531 0.6711380298321064 0.06039648789625902 0.061018870427058294
0 0.46335755861722505 0.5765380859375 0.07892784705528846 0.07832937974196214
0 0.2837152114281288 0.6396101438082181 0.03532204261192909 0.03537603525015024
0 0.5591413057767428 0.06579051567957951 0.07230377197265625 0.07208556395310622
0 0.6250120309682993 0.5860886940589318 0.04269145085261418 0.04256732647235577
0 0.4543045484102689 0.8506177755502554 0.05567462627704327 0.05506823613093449
0 0.693341328547551 0.9683777002187876 0.035705859844501205 0.03591478787935697
0 0.8112123929537259 0.5574179429274339 0.03175794161283053 0.03169389871450571
0 0.84271973830003 0.6457994901216947 0.03620206392728365 0.03618299044095553
0 0.6344805497389573 0.8012398939866286 0.0373071523813101 0.03742306049053486
0 0.6717381110558143 0.19326505294212928 0.052825927734375 0.05217174383310171
0 0.31019845375647914 0.4767598372239333 0.04304687793438251 0.0430908203125
0 0.25576529136070836 0.9044525439922626 0.02970325029813326 0.02937478285569411
0 0.7921025202824519 0.8853949033297025 0.028638399564302884 0.028719975398137018
0 0.40257508938129133 0.6164485491239108 0.030774336594801683 0.03098429166353666
0 0.834471922654372 0.9340710273155799 0.023577763484074518 0.023536095252403848
0 0.5183850068312424 0.8689837822547326 0.022269322321965143 0.022174541766826924
0 0.7582219930795523 0.9612941008347732 0.02408937307504507 0.024013225848858174
0 0.39778768099271333 0.8443774443406326 0.03380305950458233 0.033845754770132214
0 0.6813803452711839 0.1270376627261822 0.04809247530423678 0.04721258236811711
0 0.4716483629666842 0.8960613837608924 0.027216251079852764 0.027335240290715143
0 0.5089674362769494 0.8876334703885592 0.02313694587120643 0.02326510502741887
0 0.6754154792198768 0.42663310124323917 0.017264879666841947 0.01726986811711238
0 0.6433525085449219 0.030219016166833732 0.04455302311823918 0.044360229602226846
0 0.8430037865271935 0.727451911339393 0.021874060997596152 0.02232492887056791
0 0.7974733205942007 0.6149751223050631 0.021596761850210335 0.02166131826547476
0 0.7271586198073167 0.13827211123246413 0.04044386056753305 0.04079956274766188
0 0.18628907203674316 0.16846130444453314 0.040265633509709284 0.03998855444101187
0 0.33233312460092396 0.5957577045147235 0.017141195443960335 0.017218663142277643
0 0.651066413292518 0.6145953765282264 0.01641669640174279 0.016414128817044772
0 0.8672650410578802 0.9497359349177434 0.022031637338491585 0.02796349158653846
0 0.7769407125619742 0.06733201100276066 0.02161994347205529 0.021910832478449896
0 0.21627752597515398 0.4179295026339017 0.015317329993614784 0.015427809495192308
0 0.8655635393582858 0.989598641028771 0.022380241980919473 0.01781742389385517
0 0.1394931719853328 0.9595065483680139 0.023317318696242113 0.02344366220327524
0 0.3139682916494516 0.36591808612530047 0.03426348246060885 0.03428107041579027
0 0.797850095308744 0.7983190096341647 0.034787691556490384 0.034902132474459134
0 0.34961487696721005 0.9449297098013071 0.048224449157714844 0.049016512357271634
0 0.7032813292283279 0.6225286630483774 0.018726935753455527 0.01852754446176382
0 0.17802718969491813 0.7307147979736328 0.026153931250939004 0.026074042687049277
0 0.22713177020733172 0.37285525982196516 0.01608899923471304 0.016092667212853067
0 0.3884556476886456 0.05376913914313683 0.04115581512451172 0.041109396861149713
0 0.512550427363469 0.5379833074716421 0.030196263239933893 0.03010698465200571
0 0.837793937096229 0.7919252835787259 0.03158437288724459 0.03182367178109976
0 0.15904450416564941 0.23662090301513672 0.02893521235539363 0.028643094576322116
0 0.768279295701247 0.7988210824819711 0.03199914785531851 0.03238384540264423
0 0.73582700582651 0.9452002598689153 0.025856898381159857 0.025804666372445915
0 0.2202917979313777 0.7499241462120643 0.027785301208496094 0.028276590200570915
0 0.5760577275202825 0.8967194923987756 0.01688693119929387 0.01692801255446214
0 0.7833101566021259 0.3570982492887057 0.03848897493802584 0.038585736201359674
0 0.44206835673405576 0.3463895504291241 0.018023931063138522 0.018055255596454326
0 0.7814724995539739 0.7689476013183594 0.025267380934495192 0.02535086411696214
0 0.5785986826970027 0.9744534125694861 0.02219992417555589 0.022274604210486777
0 0.705260130075308 0.30319857597351074 0.07151545011080228 0.07191192186795749
0 0.3620652418870192 0.1557445526123047 0.024869992182804987 0.025295551006610576
0 0.7673894442044772 0.8326973548302283 0.029428922213040866 0.029422466571514424
0 0.8520802717942458 0.8654041290283203 0.0495753655066857 0.09318777231069711
0 0.7302309182974008 0.43042476360614484 0.021031599778395433 0.02160307077261118
0 0.46385361598088193 0.9816055297851562 0.027688980102539062 0.0272524907038762
0 0.796146979698768 0.9168872833251953 0.01844171377328726 0.018355883084810697
0 0.48200559616088867 0.9417815575232873 0.017305814302884616 0.0176394535945012
0 0.525176268357497 0.9498737041766827 0.018465335552509014 0.01888099083533654
0 0.21343014790461615 0.8397640081552359 0.0315398069528433 0.031253814697265625
0 0.2150089557354267 0.7265104147104117 0.026000316326434795 0.026128328763521634
0 0.6073875427246094 0.9775904141939603 0.03977892949030949 0.039603013258713946
0 0.23286036344674918 0.9599424508901743 0.018986041729266826 0.018920311560997598
0 0.5363001089829665 0.5865433766291692 0.024432989267202523 0.024140431330754206
0 0.47307682037353516 0.9323564676138071 0.01685949472280649 0.01690497765174279
0 0.30292532994196963 0.29359718469473034 0.018908060514009915 0.019420697138859674
0 0.5051692449129545 0.7189640632042518 0.022451400756835938 0.022620567908653848
0 0.6276854001558744 0.24024409514207107 0.026634069589468148 0.026225970341609076
0 0.456510066986084 0.48290637823251575 0.025429138770470254 0.025235542884239785
0 0.23709531930776742 0.5969832493708684 0.01665210723876953 0.016590265127328727
0 0.4894579373873197 0.8192118131197416 0.027248676006610576 0.026901831993689902
0 0.556910514831543 0.021691065568190355 0.07382847712590145 0.042603566096379206
0 0.26018575521615833 0.05925653989498432 0.015674737783578727 0.015496116418104906
0 0.5591983795166016 0.805865214421199 0.03838803217961238 0.03803253173828125
0 0.5803162501408503 0.5355049280019907 0.02391683138333834 0.023824398334209736
0 0.6063178135798528 0.9547169025127704 0.021555240337665264 0.022007868840144232
0 0.24225832865788385 0.3434991469750038 0.026371589073768027 0.02644238105187049
0 0.37400957254263073 0.8025924242459811 0.01575748737041767 0.015750738290640023
0 0.5217843055725098 0.8234412853534405 0.032418251037597656 0.03175794161283053
0 0.605410649226262 0.9048770024226263 0.02131227346567007 0.02173585158128005
0 0.5524807709913987 0.7794908376840445 0.03482957986684946 0.03549634493314303
0 0.4815771763141339 0.36934614181518555 0.015609007615309495 0.015746116638183594
0 0.7363931215726413 0.40325172130878156 0.016759432279146634 0.017066808847280648
0 0.5830461428715632 0.6308018611027644 0.03174187586857723 0.03188646756685697
0 0.43857159981360805 0.4644062335674579 0.05367638514592098 0.05272058340219351
0 0.7328832332904522 0.9212499765249399 0.02186731191781851 0.021929814265324518
0 0.6835527420043945 0.05850826776944674 0.019208908081054688 0.01913653887235201
0 0.7618003991933969 0.2992823307330792 0.04596651517427885 0.045868946955754206
0 0.5474501389723557 0.5265104220463679 0.021210743830754206 0.021561622619628906
0 0.39760428208571214 0.35858887892503005 0.02662511972280649 0.026735819303072415
0 0.8478907071627103 0.7052772228534405 0.020472893348106973 0.02029873774601863
0 0.18651654170109674 0.11806638424213116 0.04132975064791166 0.042035432962270886
0 0.7478091900165265 0.40775108337402344 0.036803025465745196 0.03653717041015625
0 0.3204275644742526 0.21309881943922776 0.039888161879319414 0.03889788114107572
0 0.4631833296555739 0.914031982421875 0.027905977689302884 0.027712601881760817
0 0.5030185259305514 0.4894812290485089 0.02116115276630108 0.02163278139554537
0 0.21077423829298753 0.08890123550708477 0.031594276428222656 0.03195074888376089
0 0.5933162982647235 0.8406448364257812 0.015924453735351562 0.01612575237567608
0 0.8071000759418194 0.6601186165442834 0.023536095252403848 0.02403846153846154
0 0.3823048518254207 0.9046780512883112 0.014961682833158053 0.014824207012469951
0 0.5459043062650241 0.7449161089383639 0.02475283696101262 0.025443003727839544
0 0.5215583214393029 0.8026180267333984 0.029833133404071514 0.029776939978966348
0 0.21688233889066255 0.652047377366286 0.04106437242948092 0.04018959632286659
0 0.5404627506549542 0.5468694246732272 0.023407789377065804 0.023371476393479567
0 0.8024625778198242 0.4234910744887132 0.04111759479229267 0.041271356435922474
0 0.815155762892503 0.8669501084547776 0.02393517127403846 0.02348180917593149
0 0.6712718376746545 0.5840930938720703 0.014658707838792067 0.014618800236628605
0 0.8149081010084885 0.825654176565317 0.024524835439828727 0.024027897761418268
0 0.19587399409367487 0.9838176874014047 0.02555707784799429 0.024364177997295674
0 0.7547071897066556 0.8684180333064153 0.04436551607572115 0.045493786151592545
0 0.4669261345496544 0.9488922999455378 0.017293196458082933 0.017794388991135817
0 0.7462480985201322 0.4465136161217323 0.0157772944523738 0.015946314885066107
0 0.7263309038602389 0.2872982942141019 0.02365713853102464 0.023748031029334433
0 0.46312060722937953 0.3093979542072003 0.017187118530273438 0.01764965057373047
0 0.8100013732910156 0.3372807502746582 0.03051904531625601 0.030763992896446817
0 0.5053055103008564 0.2911028495201698 0.013694176307091346 0.013947816995474009
0 0.5946766779972956 0.6427699602567233 0.025924095740685098 0.025591483482947715
0 0.2826652526855469 0.1455616309092595 0.028261074653038613 0.028485573255098783
0 0.1611157747415396 0.7135181427001953 0.03508949279785156 0.03488247211162861
0 0.19852849153371957 0.7606028043306791 0.024800777435302734 0.025039085975060098
0 0.7938970419076773 0.07669500204233023 0.014012703528771034 0.014190325370201698
0 0.2143882971543532 0.09059032110067514 0.03933869875394381 0.0371851187485915
0 0.2831885998065655 0.30971240997314453 0.031629012181208685 0.030677428612342246
0 0.4366405193622296 0.38056234213022083 0.014818778404822716 0.015152857853816105
0 0.2653532578394963 0.24702945122352013 0.031731715569129355 0.032196044921875
0 0.7512559157151443 0.4098576032198392 0.03034356924203726 0.0305025394146259
0 0.49160656562218297 0.0233995089164147 0.059223028329702526 0.04528166697575496
0 0.21569479428804839 0.06342646708855262 0.014226033137394832 0.014385003309983473
0 0.3692614481999324 0.11458294208233173 0.028994046724759616 0.028863283304067757
0 0.7510128021240234 0.9021222041203425 0.024464827317457933 0.024698697603665866
0 0.5581766642056979 0.7988287118765024 0.04691028594970703 0.04769281240609976
0 0.34436823771550107 0.7817307252150315 0.017799230722280648 0.017797029935396634
0 0.32358697744516224 0.25189616129948544 0.043852586012620196 0.044698935288649336
0 0.5081985180194561 0.6724643707275391 0.0284420893742488 0.028018071101262018
0 0.1954031724196214 0.9816951751708984 0.021118310781625602 0.021047152005709134
0 0.46082393939678484 0.9114695328932542 0.02431187262901893 0.021812879122220553
0 0.3276546551631047 0.25960744344271147 0.0329127678504357 0.03214267583993765
0 0.5882678398719201 0.6368777201725886 0.03721824059119591 0.03661698561448317
0 0.8604244819054236 0.09536948570838341 0.013583550086388221 0.013533372145432692
0 0.2541768000676082 0.5208319884080154 0.032548757699819714 0.03331419137807993
0 0.6804508796105018 0.4574136367210975 0.016286116379957933 0.0161593510554387
