0 0.06555012097725502 0.8367413740891677 0.024729114312392015 0.024722466102013223
0 0.03868501002971943 0.272552123436561 0.02507338386315566 0.02473339667687049
0 0.7334486888005183 0.19789688403789812 0.025718542245718148 0.026125247661884014
0 0.39633508828970104 0.5733376282912034 0.021380497859074518 0.021128140963040866
0 0.44449615478515625 0.019396871328353882 0.018747623150165264 0.01905690706693209
0 0.9371446462777945 0.2788986976330097 0.02027100783128005 0.020256739396315355
0 0.42124359424297625 0.8623736454890325 0.018699059119591348 0.018761268028846152
0 0.6300126589261569 0.2235415898836576 0.017674959622896634 0.017591183002178486
0 0.7486653694739709 0.06478606279079731 0.02165368887094351 0.021661850122305062
0 0.7150647823627179 0.3220341388995831 0.017110531146709736 0.01714317615215595
0 0.5946006041306716 0.5622598207913913 0.017635638897235576 0.017633658189039964
0 0.027288402502353374 0.9894247788649339 0.03514676369153536 0.020365348229041465
0 0.1590259441962609 0.4423220341022198 0.017879559443547174 0.017790867732121393
0 0.9707243259136493 0.1707593294290396 0.017729539137620192 0.017710392291729268
0 0.9749899644118089 0.29861149421105015 0.02146427447979267 0.022431300236628607
0 0.3094828679011418 0.7216644287109375 0.01804073040301983 0.0180511474609375
0 0.3895861919109638 0.5438801692082331 0.01615164830134465 0.016361383291391227
0 0.22456634961641753 0.323303956251878 0.016106092012845553 0.016182972834660456
0 0.1483020415672889 0.3856355960552509 0.016484700716458835 0.01680154066819411
0 0.29601038419283354 0.9870767593383789 0.03442947681133564 0.023328047532301683
0 0.01514057356577653 0.902490835923415 0.013514704429186307 0.01614247835599459
0 0.25415405860314 0.9707748706524189 0.01790589552659255 0.018010946420522835
0 0.053156559283916764 0.9848129565899189 0.019331070093008187 0.019181324885441706
0 0.0167053765975512 0.7505892973679763 0.01492884296637315 0.01579871544471154
0 0.7871685028076172 0.31922743870661807 0.014522259051983174 0.014629437373234676
0 0.20520936525785005 0.01976375625683711 0.01515645247239333 0.014952526642726017
0 0.31990920580350435 0.8807744979858398 0.014797284052922176 0.014841519869290866
0 0.31576783840472883 0.9677977928748498 0.015613922706017127 0.015191004826472355
0 0.2755743173452524 0.9817085999708909 0.026244383591871995 0.026150336632361777
0 0.9673382685734675 0.9792420313908503 0.014687758225661058 0.015093289888822116
0 0.5607505211463342 0.3621377578148475 0.014113206129807692 0.014286481417142428
0 0.6334461065439078 0.5123481016892654 0.016407159658578727 0.016473770141601562
0 0.6128099148090069 0.02380857330102187 0.014409138606144832 0.014384815326103797
0 0.8525368617131159 0.5224728584289551 0.013781327467698317 0.01388094975398137
0 0.1479435792336097 0.40523048547598034 0.014520920239962064 0.014524606557992788
0 0.047803401947021484 0.754833881671612 0.014999077870295597 0.014948771550105168
0 0.37980064978966344 0.6378928698026217 0.013722786536583534 0.013846470759465145
0 0.01736707641528203 0.7706987674419696 0.01545640596976647 0.015198194063626803
