0 0.6477894416222205 0.07319285319401668 0.03377122145432692 0.03389290662912222
0 0.3273265545184796 0.06364920506110558 0.023240162776066706 0.023108995877779447
0 0.6345442258394681 0.05491209030151367 0.026018142700195312 0.026025909643906813
0 0.28936259563152605 0.9231288616473858 0.025748693026029147 0.02568479684682993
0 0.4610301898075984 0.9069565259493314 0.01773203336275541 0.017395606407752402
0 0.6153579858633188 0.22216063279371995 0.04967982952411358 0.04937281975379357
0 0.580053292787992 0.861114501953125 0.019160123971792366 0.019324229313777044
0 0.47316771287184495 0.5436172852149377 0.016487855177659255 0.01685472635122446
0 0.6911051823542669 0.485966499035175 0.01860809326171875 0.01860677278958834
0 0.29134838397686297 0.9007266117976263 0.02352564151470478 0.02351966271033654
0 0.6714434256920447 0.03560192768390362 0.023771286010742188 0.023531473599947415
0 0.25967880395742565 0.6726396267230694 0.01782065171461839 0.017788226787860576
0 0.24724318430973932 0.7971420288085938 0.020581135383019082 0.025935246394230768
0 0.42392972799447864 0.6046828490037185 0.02755121084359976 0.0276492192195012
0 0.2725701332092285 0.09670617030217098 0.01519929445706881 0.01524198972261869
0 0.4692479647122897 0.7449915959284856 0.016325730543870192 0.016300494854266826
0 0.47565559240487904 0.2986969214219313 0.015836789057804987 0.015792186443622295
0 0.3475337762099046 0.6163316873403696 0.015743769132173978 0.015696012056790866
0 0.2999097750737117 0.5900646723233737 0.02119291745699369 0.02106475830078125
0 0.46674310244046724 0.5125566262465256 0.015507331261268029 0.015316229600172777
0 0.26881784659165603 0.45241275200477016 0.017255526322584886 0.017206632173978366
0 0.39796664164616513 0.5919194588294396 0.02337807875413161 0.023460534902719352
0 0.2709527382483849 0.7064203115609976 0.01541885962853065 0.015583185049203726
0 0.26950949888962966 0.7865634331336389 0.015463608961838942 0.015469771165114183
0 0.44980621337890625 0.9620110438420222 0.02210661081167368 0.022011390099158652
0 0.296136159163255 0.7386010976938101 0.017589679131141074 0.017892103928786058
0 0.47376808753380406 0.3677851603581355 0.015603579007662259 0.015561764056865986
0 0.6754893522996169 0.5869905031644381 0.01910253671499399 0.019183819110576924
0 0.5340388371394231 0.7658554957463191 0.014994474557729868 0.01509857177734375
0 0.6781707176795373 0.6015227024371808 0.019247935368464544 0.01910847883958083
0 0.24504606540386492 0.9368206170889047 0.017414606534517728 0.018088267399714544
0 0.553827689244197 0.7156962614793044 0.01603977496807392 0.016406426062950723
0 0.396516359769381 0.5445137390723596 0.014441416813777043 0.014423370361328125
0 0.2997161791874812 0.3250536551842323 0.01415843230027419 0.014260218693659855
0 0.2767808253948505 0.7402193362896259 0.015599617591271034 0.01546008770282452
0 0.6914202616764948 0.039548442913935736 0.014960362361027645 0.0150605531839224
0 0.4046889085036058 0.8714470496544471 0.019090799184945915 0.019327310415414665
0 0.43523414318378156 0.9468087416428786 0.019684864924504206 0.019350198599008415
0 0.7486604543832632 0.23047540738032415 0.014262566199669471 0.021545776954064004
0 0.3427263406606821 0.5690550804138184 0.015529926006610576 0.015299503619854268
0 0.5907237713153546 0.2034460581265963 0.023309707641601562 0.023018763615534857
0 0.53265931056096 0.8892810528094952 0.02404506389911358 0.024519700270432692
0 0.5483691142155573 0.6230287551879883 0.014099561251126803 0.0143736325777494
0 0.7094874748816857 0.04953614565042349 0.01441192626953125 0.014555839391855093
0 0.4948408053471492 0.4350868371816782 0.03531690744253305 0.03506902547983023
0 0.3771675183222844 0.30484830416165865 0.013268103966346154 0.013342050405649038
0 0.7148496921245868 0.9701587970440204 0.02487784165602464 0.024547870342548076
0 0.6114245928250827 0.1546013722052941 0.014311863825871395 0.01396942138671875
0 0.3355982487018292 0.2878550382760855 0.014037792499248799 0.013846837557279147
0 0.6860305345975436 0.1658033957848182 0.01462554931640625 0.014574491060697116
0 0.38493677286001354 0.7270942101111779 0.01715396000788762 0.016842181865985576
0 0.7140775827261118 0.26805609923142654 0.014056865985576924 0.01424268575815054
0 0.32770978487454927 0.35124048819908726 0.014954420236440806 0.015246831453763522
0 0.49159486477191633 0.8685603508582482 0.016560114347017728 0.016758845402644232
0 0.41945380430955154 0.5885987648597131 0.014461810772235576 0.015008046076847957
0 0.3882281963641827 0.6098619607778696 0.022737649770883415 0.022547355064978965
0 0.5431058957026556 0.6938039339505709 0.014699862553523136 0.014624815720778245
0 0.36109766593346226 0.4722450696505033 0.01748231741098257 0.01768068166879507
0 0.31142374185415417 0.5102186569800744 0.01522658421443059 0.01523758814885066
0 0.3273199521578275 0.8394144498384916 0.019081262441781852 0.01910253671499399
0 0.31240023099459135 0.42644060575045073 0.01553792219895583 0.015708116384652946
0 0.5187229743370643 0.9789136739877554 0.01595306396484375 0.016095528235802285
0 0.6770815482506385 0.34507069220909703 0.017924675574669473 0.018102645874023438
0 0.2602997559767503 0.18343338599571815 0.03526471211360051 0.03804727701040415
0 0.3002783701970027 0.41202640533447266 0.01670045119065505 0.01661513401911809
0 0.38186065967266375 0.826011951153095 0.016171088585486777 0.016284062312199518
0 0.4392348803006686 0.8563952812781701 0.01696190467247596 0.016636775090144232
