0 0.35532140731811523 0.8940253624549279 0.030080208411583535 0.030117621788611777
0 0.14999500604776236 0.5643827364994929 0.026306720880361702 0.026282530564528245
0 0.7949772614699143 0.5628908597506009 0.029581656822791465 0.0294342041015625
0 0.21445344044612005 0.69605225783128 0.024306187262901895 0.024417877197265625
0 0.802482531620906 0.30664836443387544 0.02026645953838642 0.0204620361328125
0 0.6697541750394381 0.6040598795964167 0.019620455228365384 0.019771722646859977
0 0.7669340280386118 0.96160888671875 0.02052761958195613 0.02068945077749399
0 0.8460988264817458 0.4011838619525616 0.01988836435171274 0.019716702974759616
0 0.16157808670630822 0.5920151930588943 0.023679843315711387 0.02353191375732422
0 0.15560045609107384 0.7974654711209811 0.022975444793701172 0.02293704106257512
0 0.17787907673762396 0.4648752946120042 0.01794268534733699 0.017934579115647536
0 0.7429179411668044 0.8581610459547776 0.01992973914513221 0.019785074087289665
0 0.18668446174034706 0.3165771777813251 0.019724038931039665 0.019872390306912936
0 0.39518150916466344 0.5500752742473896 0.01726664029634916 0.017203917870154746
0 0.768215326162485 0.29047401134784406 0.018706395075871393 0.01871189704308143
0 0.9078793892493615 0.5079273077157828 0.016919796283428486 0.017071650578425482
0 0.6919774275559646 0.7817732737614558 0.018159132737379808 0.01827826866736779
0 0.7325916290283203 0.3062456937936636 0.02053040724534255 0.02079949012169471
0 0.8233988835261419 0.07560196748146644 0.01646291292630709 0.016386939929081842
0 0.7179979177621695 0.861540280855619 0.016645284799429085 0.01661065908578726
0 0.7498887135432317 0.3171564982487605 0.018083572387695312 0.018058630136343148
0 0.7730037249051608 0.9254842171302209 0.015550906841571514 0.015598003680889424
0 0.7225431295541617 0.9354223104623648 0.017438741830679085 0.017781477708082933
0 0.7418377949641302 0.5477634576650766 0.015639085036057692 0.015678992638221152
0 0.1789430838364821 0.10803583952096793 0.015275148245004507 0.015202522277832031
0 0.29156039311335635 0.29336923819321853 0.0144959963285006 0.014771058009221004
0 0.24082191173846906 0.799609110905574 0.014592647552490234 0.014781658466045674
0 0.2755475411048302 0.6639401362492487 0.014725905198317308 0.014562166654146634
0 0.46681756239670974 0.5137464083158053 0.01458740234375 0.0146330319918119
0 0.9180440169114333 0.8443983518160306 0.014548668494591346 0.014590923602764424
0 0.7583399552565354 0.3290880643404447 0.017772967998798076 0.0176852299616887
0 0.6513522221491888 0.6602145708524264 0.01461337162898137 0.014418822068434495
0 0.8090872397789588 0.5483658130352314 0.014032804048978366 0.0138093508206881
0 0.22480267744797927 0.766603029691256 0.014121422400841346 0.014234983004056491
0 0.6337603055513822 0.4219763462360089 0.014222658597506009 0.014141522921048678
0 0.37261537405160755 0.10741702409890982 0.014340620774489183 0.014198908439049354
0 0.7587937575120193 0.8130691234882061 0.01411907489483173 0.013973822960486779
0 0.16034964414743277 0.4586369807903583 0.013822482182429386 0.013684786283052884
