0 0.19314967668973482 0.4922644908611591 0.027506241431603067 0.02745819091796875
0 0.8975483820988581 0.6723198523888221 0.02295684814453125 0.023085374098557692
0 0.8005500206580529 0.32798407627986026 0.02044090857872596 0.020576623769906852
0 0.801233878502479 0.8514286921574519 0.018385960505558893 0.01829704871544471
0 0.9553489685058594 0.8126146609966571 0.017113172090970553 0.019212722778320312
0 0.4183044066795936 0.9072118905874399 0.01854595771202674 0.018466949462890625
0 0.7274922590989333 0.330871398632343 0.015960106482872598 0.01595152341402494
0 0.9451782520000751 0.9219149076021634 0.016559600830078125 0.016466580904447116
0 0.7475862503051758 0.7626054470355694 0.016068238478440505 0.016014832716721755
0 0.7667381580059345 0.4588144375727727 0.015184255746694712 0.015101432800292969
0 0.9278291555551382 0.39926756345308745 0.015569833608774038 0.0157473637507512
0 0.17386988493112418 0.07965276791499211 0.0155641115628756 0.015800292675311748
0 0.22198686232933632 0.04456290373435387 0.01547098159790039 0.01568779578575721
0 0.5661207345815805 0.7801446181077224 0.016335560725285456 0.016272911658653848
0 0.595092039841872 0.6085249827458308 0.014271075908954326 0.014332404503455529
0 0.3429658596332257 0.3984925930316632 0.014942682706392728 0.014681742741511418
0 0.31942360217754656 0.04944389141522921 0.014915906465970553 0.01479665132669302
0 0.35168060889610875 0.18085806186382586 0.01503284160907452 0.014848635746882511
0 0.5226947344266452 0.08913364777198204 0.015341245211087741 0.015399786142202524
0 0.925877204308143 0.7193230849045974 0.014743511493389424 0.014725611760066105
0 0.9520282745361328 0.060282968557797946 0.014482058011568509 0.01533645849961501
0 0.3274971155019907 0.3648707683269794 0.014522845928485576 0.014226399935208835
0 0.35120487213134766 0.35509667029747594 0.014198596660907451 0.014415520888108473
0 0.34377068739670974 0.2709231743445763 0.014306875375600962 0.01417834942157452
0 0.3960958994351901 0.2468081254225511 0.01391139397254357 0.014164227705735426
0 0.6031808853149414 0.19710727838369516 0.014662449176494893 0.014680935786320614
0 0.9114049764779898 0.7417543117816632 0.015428396371694712 0.015123954186072716
0 0.6012366368220403 0.8798216306246244 0.014610583965594951 0.014668684739332933
0 0.2728451582101675 0.6646264883188101 0.013615094698392428 0.013643118051382212
0 0.7833053882305439 0.15573615294236404 0.014123769906850962 0.014068603515625
0 0.6125739170954778 0.2765609667851375 0.014373339139498197 0.01434762661273663
0 0.4675887181208684 0.19901459033672625 0.013903544499323918 0.014028329115647536
0 0.6284976372352014 0.5851021913381723 0.013660577627328726 0.013643484849196214
0 0.8572615109957181 0.3911300805898813 0.014037792499248799 0.014373045701246995
