0 0.6631222504835862 0.8611900623028095 0.05619122431828426 0.05506398127629207
0 0.2970576286315918 0.4812187414902907 0.05468038412240835 0.054123291602501504
0 0.6055008814885066 0.14355687911693865 0.05708224956805889 0.057641451175396256
0 0.31991063631497896 0.9660020974966196 0.09745040306678185 0.0669703850379357
0 0.5669354658860427 0.4548159379225511 0.030948052039513223 0.03133304302509014
0 0.4040447748624362 0.5913290977478027 0.053906734173114486 0.053633543161245495
0 0.6757813967191256 0.1715400769160344 0.043000441331129804 0.042808899512657754
0 0.638694323026217 0.233735231252817 0.04528397780198317 0.045774093041053183
0 0.6118620358980619 0.1070323265515841 0.033863067626953125 0.03400404636676495
0 0.62084043942965 0.26846720622136044 0.028210860032301683 0.028306300823505107
0 0.48436516981858474 0.5760041016798753 0.025051410381610576 0.02501825185922476
0 0.5927688892071064 0.2159286645742563 0.05507205082820012 0.05424976348876953
0 0.46827529026911807 0.7850729135366586 0.058899879455566406 0.05888865544245793
0 0.2780151733985314 0.37787367747380185 0.060843320993276745 0.0646371841430664
0 0.5270244891826923 0.6191621927114633 0.03101656987116887 0.03117572344266451
0 0.33907406146709734 0.3412899604210487 0.06369832845834586 0.06270907475398137
0 0.40834661630483776 0.7334380516639123 0.02546207721416767 0.025063147911658652
0 0.656643060537485 0.201841977926401 0.029332674466646634 0.02944176013653095
0 0.5890063505906326 0.7566537123460036 0.02648647014911358 0.026561150184044473
0 0.6787339724027194 0.8209840334378756 0.03616479726938101 0.03632516127366286
0 0.6523686922513522 0.4092251704289363 0.03010383019080529 0.030362349290114183
0 0.41790441366342396 0.82183471092811 0.0532835446871244 0.05223582341120793
0 0.3425426116356483 0.5978156603299655 0.026761421790489785 0.027037693903996393
0 0.6204040233905499 0.7689725435697116 0.038944391103891224 0.03972831139197716
0 0.3481588363647461 0.6875004401573768 0.04473473475529598 0.043771597055288464
0 0.28313468052790713 0.44723899547870344 0.018725835360013522 0.018871454092172477
0 0.6044460443349985 0.9212467487041767 0.06790234492375301 0.06872852032001202
0 0.2894398615910457 0.8476541225726788 0.03326958876389723 0.03313431373009315
0 0.29216792033268857 0.7853013552152194 0.035773057204026446 0.03528330876277043
0 0.6593181903545673 0.3525291589590219 0.04447320791391226 0.04377174377441406
0 0.6569867500892053 0.7528137793907752 0.05992830716646635 0.05915568425105168
0 0.6426979945256159 0.18022845341609076 0.023623833289513223 0.02349083240215595
0 0.5996363346393292 0.7024963085467999 0.04282988034761869 0.04291094266451322
0 0.6714700552133414 0.5508320881770208 0.06337826068584736 0.06430684603177585
0 0.2765789031982422 0.5255295680119441 0.042572975158691406 0.04351520538330078
0 0.5410435016338642 0.9059656583345853 0.21662330627441406 0.18430621807391828
0 0.5422385655916654 0.6013943598820612 0.016120103689340446 0.01609347416804387
0 0.701238045325646 0.34462495950552136 0.05093061006986178 0.05138111114501953
0 0.42357606154221755 0.7945514092078576 0.032833246084359974 0.032974536602313705
0 0.6463749225323017 0.8106217017540565 0.04980556781475361 0.05026039710411659
0 0.5008604709918683 0.8392241551325872 0.023649068979116585 0.02379886920635517
0 0.6153415533212515 0.4746573888338529 0.04467069185697115 0.04455104241004357
0 0.5256550862238958 0.8085381434513972 0.01583128709059495 0.015619131234975962
0 0.4278412965627817 0.6849170097937951 0.024206821735088643 0.024334100576547477
0 0.37677907943725586 0.7946554330679086 0.030861927912785456 0.030552497276893027
0 0.4852257508497972 0.7087679642897385 0.10123062133789062 0.10082626342773438
0 0.5885515946608323 0.40181424067570615 0.015664027287409857 0.015731371366060697
0 0.6160171948946439 0.8456517733060397 0.041022227360652044 0.041219858022836536
0 0.5575264417208158 0.9288412240835336 0.023965982290414665 0.023990337665264424
0 0.5631460409898025 0.3483961545504056 0.06159004798302284 0.06338310241699219
0 0.7090301513671875 0.8792714339036208 0.03997465280386118 0.04044899573692909
0 0.6148401040297288 0.2460165757399339 0.01964268317589393 0.020005079416128304
0 0.3239691440875714 0.7471446990966797 0.040810658381535456 0.041600740872896634
0 0.7287478813758264 0.3031446933746338 0.03434958824744591 0.034023394951453574
0 0.5891505754910983 0.3005811617924617 0.03798484802246094 0.038195243248572715
0 0.6094699272742639 0.7877052013690655 0.027228575486403245 0.02700189443734976
0 0.34085336098304164 0.7876530427199143 0.029889326829176683 0.028974239642803486
0 0.429659183208759 0.9193818018986628 0.01599399860088642 0.01614555945763221
0 0.3945627946120042 0.7655184819148138 0.023066007173978366 0.023554288423978366
0 0.32733521094689 0.4142559858468863 0.07929816612830529 0.07943050677959736
0 0.7242933420034555 0.5829321787907527 0.042028573843149036 0.045631775489220254
0 0.380641717177171 0.8187301342303936 0.022480010986328125 0.021811852088341348
0 0.6018830079298753 0.8736004462608924 0.05968812795785757 0.060186532827524036
0 0.3896837601294884 0.6934194564819336 0.040425814115084134 0.04025473961463341
0 0.5948681464562049 0.6404239947979267 0.020852015568659857 0.020949437068058893
0 0.5039847080524151 0.006541150693710034 0.02554739438570463 0.013117369550925035
0 0.716191658606896 0.8113722434410682 0.03439947275015024 0.034853421724759616
0 0.61023316016564 0.7358344885019156 0.027928719153771035 0.027741505549504206
0 0.5230485475980319 0.15740064474252555 0.057486460759089544 0.057189684647780195
0 0.3254215167118953 0.5965782312246469 0.017520684462327223 0.017066075251652643
0 0.39609446892371547 0.6335854897132287 0.041227487417367786 0.04108971815842848
0 0.36383966299203724 0.3107242217430702 0.02342077401968149 0.02368626227745643
0 0.40474832974947417 0.6726355919471154 0.029680692232572116 0.02921882042518029
0 0.7005769289456881 0.83849364060622 0.023604172926682692 0.02353638869065505
0 0.52950407908513 0.6427687131441556 0.02172998281625601 0.02133002647986779
0 0.534180604494535 0.3613110322218675 0.06349519582895133 0.06765350928673378
0 0.5552082795363206 0.25604792741628796 0.016120470487154447 0.015970450181227464
0 0.5478304716256949 0.9856634873610276 0.01851822779728816 0.01750007042518029
0 0.67481202345628 0.6089226649357722 0.06867922269381009 0.06548764155461238
0 0.6362263606144831 0.05983295807471642 0.025048182560847357 0.024522992280813363
0 0.697104233961839 0.14949445541088396 0.04084278987004207 0.042373088689950794
0 0.6815889798677884 0.4005144926217886 0.029464868398813102 0.028941007760854866
0 0.5043535232543945 0.9623831235445462 0.019681196946364183 0.01961693396935096
0 0.26938405403724086 0.5530601648183969 0.01779651641845703 0.017682882455679085
0 0.647456535926232 0.7011579366830679 0.042215200570913464 0.04326570951021635
0 0.706275646503155 0.1467892023233267 0.031044593224158652 0.03227530992948092
0 0.6136898627647986 0.1857758852151724 0.03263576214130108 0.03184098463792067
0 0.629459967980018 0.6262930356539212 0.0353094247671274 0.03535729188185472
0 0.5914071890024039 0.27079859146705043 0.027407719538762018 0.027393010946420524
0 0.6842940403864934 0.30739729221050555 0.050937652587890625 0.05095239786001352
0 0.7029548058143029 0.21101025434640738 0.03521317702073317 0.035338328434870794
0 0.7341458247258112 0.14059619720165545 0.022823920616736777 0.02276758047250601
0 0.6344773952777569 0.4416382129375751 0.015075243436373197 0.014872330885667067
0 0.5965942236093374 0.32741473271296573 0.025527367225060098 0.025837824894831732
0 0.6590869610126202 0.7967632733858548 0.029962979830228366 0.029810538658728965
0 0.5232426570012019 0.2146874207716722 0.019811043372521035 0.020120547367976263
0 0.5292977553147536 0.7077576563908503 0.01775330763596755 0.017619793231670674
0 0.5168322783250076 0.9888672461876502 0.017604534442608174 0.013712662916917067
0 0.6324365322406476 0.7224074143629807 0.017389737642728366 0.017617445725661058
0 0.6909800309401292 0.11918738255133995 0.03660378089317909 0.03604544126070463
0 0.27620431093069225 0.7908737476055439 0.028498172760009766 0.03287946260892428
0 0.4483764721797063 0.8064657358022836 0.01912579169640174 0.01906615037184495
0 0.2771172523498535 0.824158448439378 0.025670418372521035 0.02712117708646334
0 0.4327391844529372 0.7441190572885367 0.02072796454796424 0.020718794602614183
0 0.6967226175161508 0.9095973234910232 0.016658489520733174 0.01655123783991887
0 0.6874683086688702 0.7873753034151517 0.03391706026517428 0.034661366389347956
0 0.6404217206514798 0.3719170643733098 0.03746502216045673 0.037467663104717545
0 0.35255215718195987 0.6568418649526743 0.027984985938439004 0.027724632850060098
0 0.33409793560321516 0.28939008712768555 0.04450387221116286 0.04453952495868389
0 0.49117612838745117 0.0989090295938345 0.020933004525991585 0.021469739767221305
0 0.3901545451237605 0.7708321351271409 0.01856378408578726 0.018189356877253607
0 0.5942401885986328 0.2984160093160776 0.029522529015174277 0.03128825701200045
0 0.5069949810321515 0.17672226979182318 0.02881460923414964 0.028454927297738884
0 0.289912590613732 0.8169690645658053 0.02769015385554387 0.027016272911658652
0 0.6646071213942307 0.8948471362774189 0.024526302631084736 0.024640009953425482
