0 0.26956613247211164 0.5088407076322116 0.04024289204524113 0.054412548358623795
0 0.5946846741896409 0.890748537503756 0.12037277221679688 0.12105208176832932
0 0.3875289330115685 0.1056968432206374 0.06061011094313402 0.0607757935157189
0 0.670075930081881 0.06788108899043156 0.054963331956129804 0.05501207938561073
0 0.4565736330472506 0.8479482210599459 0.06513668940617488 0.0655827155480018
0 0.7331161499023438 0.9492445725661057 0.034553234393780045 0.04926314720740685
0 0.679991942185622 0.7573849604679987 0.028924208420973558 0.02881651658278245
0 0.6779977358304538 0.9430487706111028 0.031249413123497598 0.03117091839130108
0 0.278382631448599 0.9336756926316482 0.043731322655310996 0.04367608290452223
0 0.7365961808424729 0.6157380617581881 0.023164015549879808 0.027424738957331732
0 0.28984748400174654 0.13586997985839844 0.02467635961679312 0.02467823028564453
0 0.6428096477801983 0.9714114849384015 0.026005671574519232 0.026232205904447116
0 0.5168215678288386 0.42500041081355167 0.022767140315129206 0.022875125591571514
0 0.6035447487464318 0.8905090185312124 0.022040733924278848 0.021942872267503005
0 0.5995732454153208 0.3442548971909743 0.025422022892878607 0.025163723872258112
0 0.5151510972243089 0.4563770294189453 0.01964561755840595 0.01971919719989483
0 0.37601115153386044 0.4569250987126277 0.01938211000882662 0.019199958214393027
0 0.5941228132981521 0.2864104417654184 0.02478790283203125 0.02479868668776292
0 0.4864982458261343 0.08809702212993915 0.02512051508976863 0.025155250842754658
0 0.6413429700411283 0.4924584168654222 0.020318104670597956 0.02025296137883113
0 0.554901856642503 0.3077511787414551 0.019713475153996393 0.019567269545335036
0 0.5748263138991135 0.5706969407888559 0.017889096186711237 0.01778272482065054
0 0.6478738784790039 0.18777223733755258 0.022742784940279447 0.022769377781794622
0 0.4857269800626315 0.2589304263775165 0.026868600111741286 0.026894789475661058
0 0.6643820542555589 0.2840132896716778 0.019383943997896634 0.01932844748863807
0 0.6250168726994441 0.6211410669180063 0.021659300877497747 0.021656623253455527
0 0.4925060272216797 0.486025516803448 0.019736803494966947 0.01945634988638071
0 0.26644118015582746 0.14798529331500715 0.025144026829646185 0.025818568009596605
0 0.691040772658128 0.9003003927377554 0.019554284902719352 0.019549149733323317
0 0.5274235652043269 0.7138340289776142 0.021794465871957634 0.022122309758112982
0 0.6229052176842322 0.6534013014573318 0.02236028817983774 0.022118495060847357
0 0.4562979478102464 0.1243290717785175 0.01946126497708834 0.019587003267728366
0 0.6123700875502366 0.824642694913424 0.018293013939490683 0.017962235670823317
0 0.5518966821523813 0.7063397627610427 0.02518925300011268 0.025371844951923076
0 0.6778551248403696 0.4703330993652344 0.01638617882361779 0.016286556537334736
0 0.61681762108436 0.3810406831594614 0.017482794248140775 0.01767576657808744
0 0.5318047450138972 0.05098581314086914 0.021863937377929688 0.02209192055922288
0 0.3990899599515475 0.46333048893855167 0.01841251666729267 0.01827401381272536
0 0.3552650304941031 0.39184970122117263 0.023914190439077523 0.023609308096078727
0 0.2917223343482384 0.3128552803626427 0.01900005340576172 0.018990021485548753
0 0.5102032881516677 0.3953532439011794 0.01771692129281851 0.017864227294921875
0 0.4289630376375638 0.6284065246582031 0.017419081467848558 0.017380347618689902
0 0.5611146413362943 0.18476449526273286 0.02337947258582482 0.02308379686795748
0 0.6791094266451322 0.2967083820929894 0.019776417658879206 0.020032699291522685
0 0.3230299216050368 0.4331786815936749 0.02794500497671274 0.027670786930964544
0 0.4843985117398776 0.5032091507544885 0.02081716977632963 0.020760022676908053
0 0.5703409635103666 0.7653490213247446 0.018688788780799277 0.01870111318734976
0 0.5110572301424466 0.6185849996713492 0.021585537837101862 0.022137018350454476
0 0.47919383415809047 0.5589289665222168 0.01816866948054387 0.0182339594914363
0 0.38094087747427136 0.25978880662184495 0.03524589538574219 0.03417066427377554
0 0.49312540201040417 0.7637556516207181 0.018172850975623496 0.018307905930739183
0 0.4740235988910382 0.9178950969989483 0.018405033991887018 0.018445821908804085
0 0.36415037742027867 0.48448415902944714 0.01614974095271184 0.016269683837890625
0 0.5587991567758414 0.4531397452721229 0.017047735360952523 0.016922510587252103
0 0.5101405657254733 0.042809170026045576 0.018431736872746393 0.018258085617652305
0 0.4535199312063364 0.6189614809476413 0.016962051391601562 0.016976136427659255
0 0.6542193339421198 0.9908379774827224 0.02689816401554988 0.01693138709435096
0 0.35136938095092773 0.43070169595571667 0.01475231464092548 0.015038343576284556
0 0.6830770052396334 0.5863302670992337 0.016185173621544473 0.01623403109036959
0 0.43479108810424805 0.39293813705444336 0.019841414231520433 0.019856086144080527
0 0.26163291931152344 0.28432207841139573 0.021486795865572415 0.029436698326697715
0 0.2782890063065749 0.9564351301926833 0.023792303525484525 0.023873109083909255
0 0.413421997657189 0.5289816856384277 0.01555332770714393 0.015494860135591947
0 0.5052224672757663 0.9369816413292518 0.016915101271409255 0.017042013315054085
0 0.6915679344764123 0.45304225041316104 0.016211583064152643 0.01622794224665715
0 0.4767402502206656 0.21078709455636832 0.016404078556941107 0.01646903844980093
0 0.7114978937002329 0.3561846292935885 0.017871856689453125 0.017932598407451924
0 0.3619402005122258 0.8350138297447791 0.016566129831167366 0.0164794921875
0 0.3248093311603253 0.16062501760629508 0.021297308114858773 0.02117160650400015
0 0.5770276143000677 0.10331568351158729 0.017479823185847357 0.017196233455951396
0 0.563941662128155 0.2846064017369197 0.016558500436636116 0.016422088329608623
0 0.7045009319598858 0.991758786714994 0.018650348369891826 0.014562460092397837
0 0.33751352016742414 0.25813814309927136 0.01773973611684946 0.01795482635498047
0 0.43280608837421125 0.1558704009422889 0.018326979417067308 0.018312857701228216
0 0.3116302857032189 0.05040124287972084 0.015790865971491888 0.015677644656254694
0 0.5110052548922025 0.20078134536743164 0.015560737022986779 0.015488624572753906
0 0.48627904745248646 0.618717413682204 0.021577981802133415 0.021514452420748197
0 0.4591514147244967 0.3232756027808556 0.017769300020658053 0.01736618922306941
0 0.6626755641056941 0.8247475257286658 0.015361199012169471 0.01529224102313702
0 0.5472119404719427 0.6260706094595102 0.01691598158616286 0.01691744877741887
0 0.6347678257868841 0.411956420311561 0.01689940232496995 0.016899475684532754
0 0.6360128842867337 0.4701218605041504 0.014596498929537259 0.014828975384051982
0 0.26374263029832107 0.11203321126791146 0.020695026104266826 0.022979351190420296
0 0.4397252889779898 0.6640046926645132 0.015462215130145732 0.015318943903996395
0 0.6208519568810096 0.01551498587314899 0.017011238978459284 0.01698957498256977
0 0.5994933935312124 0.5746257488544171 0.014474795414851261 0.014567301823542668
0 0.4671033712533804 0.6403258397028997 0.01724859384390024 0.017017951378455527
0 0.563224719120906 0.6089365298931415 0.016272764939528245 0.016155829796424277
0 0.5837049117455115 0.24510897122896635 0.018222515399639424 0.01837811103233924
0 0.3117532730102539 0.48290197665874773 0.01777327977693998 0.017633731548602764
0 0.3284612802358774 0.8287513439471905 0.018198160024789665 0.018275627723106973
0 0.7223129272460938 0.5354374738839957 0.014965057373046875 0.015349241403432993
0 0.47096872329711914 0.05205194766704853 0.01813668471116286 0.018563197209284857
0 0.33214605771578276 0.110945096382728 0.017499483548677884 0.017437054560734674
0 0.5217495331397424 0.34238316462590146 0.01854595771202674 0.018564811119666465
0 0.5142445197472205 0.687834592965933 0.022051150982196514 0.02187039301945613
0 0.5135449629563552 0.6511976535503681 0.015559709989107572 0.015471971951998197
0 0.4264042927668645 0.019401926260728102 0.018979439368614785 0.01919240217942458
0 0.5001741556020883 0.4287587312551645 0.01575132516714243 0.016749748816856973
0 0.7099508138803335 0.2621323512150691 0.01638339116023137 0.01629007779634916
0 0.4391835652864896 0.18578444994412935 0.015572181114783654 0.015559196472167969
0 0.5674654153677133 0.1287207420055683 0.01620615445650541 0.01629466276902419
0 0.4945696317232572 0.6553429823655349 0.022913712721604567 0.022162950955904447
0 0.379941280071552 0.28415835820711577 0.019603142371544473 0.019343742957481973
0 0.7351844494159405 0.7838743649996244 0.01758428720327524 0.017932304969200723
0 0.6849186237041767 0.8704502399151142 0.017052870530348558 0.017051109900841348
0 0.4714812498826247 0.44812495891864484 0.016375321608323317 0.016375101529634915
0 0.5533257997952975 0.20140726749713606 0.015154471764197716 0.015072162334735576
0 0.41799413240872896 0.7675684415377103 0.016082910391000602 0.015921372633713942
0 0.653810060941256 0.25283424670879656 0.014864408052884616 0.01490490253155048
0 0.3605362818791316 0.9502991162813627 0.01743485377385066 0.01747292738694411
0 0.4083686975332407 0.4503644062922551 0.01443026616023137 0.014288975642277645
0 0.4710566447331355 0.49820987994854266 0.014467826256385216 0.01488795647254357
0 0.40711138798640323 0.050187376829294056 0.01523296649639423 0.015158634919386644
0 0.34745993980994594 0.2469823543842022 0.016878714928260215 0.016703972449669473
0 0.450441653911884 0.3171131427471454 0.016886050884540264 0.016754737267127402
0 0.6962175369262695 0.6851678994985727 0.01632851820725661 0.016127659724308893
0 0.4289865493774414 0.8594256914578952 0.029530892005333535 0.02881592970628005
0 0.28815709627591646 0.27814701887277454 0.017055804912860576 0.01708822983961839
0 0.5030905650212214 0.3194709557753343 0.014701403104341947 0.014549035292405348
0 0.5845206334040716 0.1424412177159236 0.015058224017803486 0.015341501969557542
0 0.37532567977905273 0.3283573297353891 0.01605994884784405 0.016079829289362982
0 0.6242628831129807 0.6922955879798303 0.01848778357872596 0.01885252732496995
0 0.6264767279991736 0.4586990429804875 0.014492034912109375 0.014600166907677284
0 0.3953547477722168 0.2843580979567308 0.01844626206618089 0.018283990713266227
0 0.6126064887413611 0.5333105233999399 0.014469000009390024 0.014190673828125
0 0.45915919083815354 0.24451200778667742 0.015556262089655949 0.01570554879995493
0 0.6852959119356595 0.22250766020554763 0.0149229489839994 0.014721540304330679
0 0.5469002723693848 0.6060488040630634 0.018716738774226263 0.018971076378455527
0 0.519868043752817 0.3284880197965182 0.017231280987079326 0.017100407527043268
0 0.42588138580322266 0.8585730332594651 0.023483129648061898 0.024158184344951924
0 0.26175700701200044 0.3996372956496019 0.021087499765249398 0.028841018676757812
0 0.6720161437988281 0.9198315693781927 0.015087567842923678 0.014910477858323317
0 0.28369736671447754 0.09248689504770133 0.01475976063654973 0.015097214625431942
0 0.614096788259653 0.5460946376507099 0.013903984656700721 0.01401351048396184
0 0.5814467210036057 0.5301012626061072 0.014047769399789663 0.013909413264347957
0 0.5032373575063852 0.33342801607572115 0.01617145538330078 0.01581155336820162
0 0.5186323019174429 0.25040809924785906 0.01697716346153846 0.017085442176231973
0 0.418206838461069 0.7353320488562951 0.014522552490234375 0.0146942138671875
0 0.5218288348271296 0.22739212329571062 0.01512454106257512 0.015587513263408955
0 0.47150729252741885 0.038213722980939425 0.014994254479041466 0.015574432336367093
0 0.6524807123037485 0.9381679388192984 0.015477547278771034 0.015274781447190505
0 0.7397610591008112 0.7251249460073618 0.01681210444523738 0.016388526329627402
0 0.43511669452373797 0.3662029779874362 0.01929297814002404 0.018845558166503906
0 0.4133590918320876 0.5811219582190881 0.0146025144136869 0.014480297382061299
0 0.49865062420184797 0.21660371927114633 0.01534271240234375 0.015046266409067007
0 0.6018510231604943 0.3145809540381798 0.013767829308143029 0.01396494645338792
0 0.4414969224196214 0.9754383380596454 0.019640995905949518 0.019583482008713942
0 0.3497179471529447 0.964500720684345 0.01627342517559345 0.015848893385667067
0 0.6371612548828125 0.5406440588144156 0.014964763934795674 0.014975034273587741
0 0.561094174018273 0.2744580048781175 0.01475833012507512 0.014982810387244591
0 0.48769198931180513 0.20257335442763108 0.014124283423790565 0.013497499319223257
0 0.3125471335190993 0.11402175976679875 0.0152131594144381 0.015325069427490234
0 0.6042648828946627 0.5146907659677359 0.013757779048039364 0.013840308556189904
0 0.7385160739605243 0.2512032068692721 0.013826076801006611 0.016756864694448616
0 0.6430909083439753 0.7083653670090896 0.014669565054086538 0.014534583458533654
0 0.30914750465979945 0.29546706493084246 0.01596230726975661 0.015937621776874248
0 0.6002760667067307 0.3790135016808143 0.0145719968355619 0.014439802903395433
0 0.3520364761352539 0.2664059125460111 0.014897713294396034 0.01488953370314378
0 0.49586846278263974 0.5221006320073054 0.015657718365009014 0.015366921058067909
0 0.5160373541025015 0.6367908624502329 0.015138332660381611 0.015417685875525841
0 0.5758756490854117 0.1763311532827524 0.01541291750394381 0.015187336848332332
0 0.6063517056978666 0.6265963040865384 0.014657827524038462 0.014388451209435096
0 0.6788027836726263 0.5427889823913574 0.013846470759465145 0.013729168818547176
0 0.4196612651531513 0.7531230633075421 0.017527360182542067 0.017170832707331732
0 0.3478581721966083 0.130349902006296 0.016293085538423978 0.01640000710120568
0 0.3558913010817308 0.28406726397000825 0.02471777108999399 0.025334651653583232
0 0.42276741908146787 0.14753749737372765 0.016196177555964544 0.01640020884000338
0 0.4696702223557692 0.7159657111534705 0.014826554518479567 0.014899327204777645
0 0.7377507870013897 0.07614930317952083 0.012744903564453125 0.018123415800241325
0 0.3412603231576773 0.8324954693134015 0.017169365516075723 0.01757196279672476
0 0.33800737674419695 0.5830866373502291 0.013873100280761719 0.013938243572528545
0 0.7408604255089393 0.7954707512488732 0.015560737022986779 0.016097142146183893
0 0.5733129061185397 0.545196533203125 0.013857474693885216 0.014200650728665866
0 0.4521854840792142 0.4800605773925781 0.014628923856295072 0.014583734365609976
0 0.6486148100632888 0.7350201239952674 0.014687171349158654 0.014605888953575721
0 0.3707128304701585 0.2726576878474309 0.013243895310621995 0.013750589810884915
0 0.624224589421199 0.40219945173997146 0.014059506929837741 0.014143650348369893
0 0.6661345408512995 0.4072713118333083 0.01415252685546875 0.014899473923903245
0 0.618288700397198 0.5042176980238694 0.013485981867863582 0.013450035682091346
0 0.6746129256028396 0.40672845106858474 0.022162804236778848 0.02159250699556791
0 0.48830721928523135 0.4499411949744591 0.013889312744140625 0.013800400954026442
0 0.5087980490464431 0.02809425500723032 0.014380528376652645 0.014671078095069299
0 0.33397857959453875 0.13307274304903471 0.014687464787409855 0.01452930157001202
0 0.4187728808476375 0.040048104066115156 0.016532457791841947 0.016272560908244207
0 0.4354080787071815 0.1213836119725154 0.016737717848557692 0.01718271695650541
0 0.48980015974778396 0.32976572330181414 0.013946459843562199 0.013917922973632812
0 0.6066415493304913 0.6910601395827073 0.014534950256347656 0.014562900249774639
0 0.33548685220571667 0.5586403333223783 0.013929953941932091 0.013747728787935697
0 0.5250672560471755 0.3392485838669997 0.03258103590745192 0.033498910757211536
0 0.39455971351036656 0.2817981059734638 0.021621263944185697 0.021813686077411357
