0 0.5521717438331017 0.23227429389953613 0.09706797966590294 0.09844702940720779
0 0.16776266464820275 0.5596600679250864 0.04605872814471905 0.0461122806255634
0 0.8004761475783128 0.5955089422372671 0.03695487976074219 0.03673678178053636
0 0.17767884181096003 0.7207732567420373 0.03209554232083834 0.03206311739408053
0 0.8399490943321815 0.5933101360614483 0.035940903883713946 0.03607786618746244
0 0.3074801518366887 0.7624034881591797 0.02732430971585787 0.027388499333308294
0 0.1734152573805589 0.4464719478900616 0.024771983806903545 0.02459716796875
0 0.49176924045269305 0.2794599166283241 0.03379007486196665 0.03364995809701773
0 0.5802544813889724 0.17847877282362717 0.019638868478628304 0.019641839540921725
0 0.7775775469266452 0.17786677067096418 0.023374264056865986 0.023228828723614033
0 0.41488155951866734 0.08453040856581467 0.01995541499211238 0.019794936363513652
0 0.4361296066871056 0.18244644311758187 0.020308714646559495 0.02001212193415715
0 0.5830725889939529 0.13107776641845703 0.02952443636380709 0.029587690646831807
0 0.6885924706092248 0.4206503721383902 0.029882137592022236 0.02998828887939453
0 0.265077334183913 0.6775863354022686 0.019232896658090446 0.01940301748422476
0 0.2624682279733511 0.9382182634793795 0.025614078228290264 0.025740990271935098
0 0.35579182551457333 0.4114049764779898 0.024176817673903245 0.023887487558218148
0 0.4444850041316106 0.3891293085538424 0.024196478036733773 0.024127960205078125
0 0.7308898338904748 0.543949347275954 0.018326685978816107 0.01801637502817007
0 0.3341272794283353 0.2685079574584961 0.030510315528282754 0.0309597895695613
0 0.592916855445275 0.46887823251577526 0.02240335024320162 0.02242616506723257
0 0.25842644618107724 0.42816976400522083 0.017438558431772087 0.017451359675480768
0 0.608826783987192 0.5060242872971755 0.02257391122671274 0.022661795982947715
0 0.1983480453491211 0.5996894836425781 0.02821511488694411 0.028032743013822116
0 0.6446204552283654 0.2552291980156532 0.01930970412034255 0.019316856677715596
0 0.19978662637563852 0.9025862033550556 0.017283292917104866 0.01752295860877404
0 0.7068692720853366 0.7710961561936599 0.018596649169921875 0.01855322030874399
0 0.8166610277616061 0.4694691071143517 0.021779867318960335 0.021748836223895732
0 0.7218042520376352 0.1948564235980694 0.01902169447678786 0.01926114008976863
0 0.18634280791649452 0.3560342421898475 0.018183341393103965 0.018271152789776143
0 0.6441066448505108 0.2753240145169772 0.020315023568960335 0.020629149216871995
0 0.16377654442420372 0.9366755852332482 0.04264996601985051 0.04276598416841947
0 0.44603912646953875 0.6395483750563401 0.018270199115459736 0.018391535832331732
0 0.7004496501042292 0.9540220407339243 0.03234041654146635 0.03249711256760817
0 0.6922733600323017 0.28722495299119216 0.019215217003455527 0.019228531764103815
0 0.4565918262188251 0.7367305022019607 0.023616203894981973 0.02390626760629507
0 0.3416015918438251 0.06987296617948092 0.017646642831655648 0.01763143906226525
0 0.8595255338228666 0.6455443455622747 0.019446446345402643 0.021773118239182692
0 0.20734311984135553 0.6482749352088342 0.015917044419508714 0.01586297842172476
0 0.5282859068650466 0.07209084584162785 0.02710833916297326 0.02745985984802246
0 0.425080812894381 0.12256794709425706 0.02380224374624399 0.02380228042602539
0 0.5020956626305213 0.4311515001150278 0.024787462674654447 0.024814018836388223
0 0.22953187502347505 0.6229595037607046 0.01761942643385667 0.017659847552959736
0 0.6450035388653095 0.5997755344097431 0.021076789269080527 0.021402799166165866
0 0.8219044025127704 0.9901638031005859 0.01852563711313101 0.01505294212928185
0 0.6229742490328275 0.22701245087843674 0.020488592294546273 0.020538880274846003
0 0.4026435705331656 0.8073328458345853 0.017374478853665866 0.017418788029597357
0 0.4796179991502028 0.4330240029555101 0.020296683678260215 0.020698033846341647
0 0.5264025468092698 0.4321116667527419 0.019147286048302285 0.019352105947641227
0 0.32074737548828125 0.6212660716130183 0.016894413874699518 0.01676148634690505
0 0.5947592808650091 0.555590556218074 0.01836674030010517 0.018372829143817607
0 0.5256440822894757 0.09093768780048077 0.019149120037372295 0.019218261425311748
0 0.6885230724628155 0.494472100184514 0.02559074988731971 0.02579630338228666
0 0.7046334926898663 0.6886642162616436 0.01733090327336238 0.01725622323843149
0 0.46182342676016 0.4193314772385817 0.019378295311560996 0.019247935368464544
0 0.4752501707810622 0.625306276174692 0.023536095252403848 0.023264077993539665
0 0.5898087208087628 0.02294615598825308 0.01637378105750451 0.015788847437271707
0 0.6707503245427058 0.8348754002497747 0.025772534883939303 0.02508060748760517
0 0.36582623995267427 0.8056194598858173 0.02186452425443209 0.022203885591947116
0 0.7568082809448242 0.37399845856886643 0.09287085899939904 0.0907758566049429
0 0.5931533666757437 0.2708444411938007 0.036444590641902044 0.03670021203848032
0 0.4439245370718149 0.21033692359924316 0.01932833744929387 0.019621665661151592
0 0.6134929656982422 0.5368378712580755 0.01821283193734976 0.018254206730769232
0 0.37546876760629505 0.6559600096482497 0.033239511343149036 0.03236843989445613
0 0.2355346312889686 0.782170662513146 0.054502707261305586 0.05418307964618389
0 0.36699669177715594 0.6318850884070764 0.015092116135817308 0.015149189875676082
0 0.6636426632220929 0.21744548357450044 0.015329947838416466 0.015351295471191406
0 0.8533378747793344 0.9258045783409705 0.01655417222243089 0.016688420222355768
0 0.7291301580575796 0.9676342010498047 0.016449121328500602 0.01624606205866887
0 0.4861530890831581 0.4164591202369103 0.01996950002817007 0.019751255328838643
0 0.2330013605264517 0.3478389153113732 0.015256038078894982 0.015113243689903846
0 0.3423005250784067 0.3050836416391226 0.014714974623460036 0.01508624737079327
0 0.6150475648733286 0.9790592927199143 0.016595913813664362 0.01668123098520132
0 0.28024763327378494 0.6495034878070538 0.02634455607487605 0.026535180898813102
0 0.47544075892521787 0.40483588438767654 0.016935275151179388 0.017566167391263522
0 0.6381158828735352 0.9426036981435922 0.014724291287935697 0.014823326697716346
0 0.48025017518263596 0.09973742411686824 0.016405765826885518 0.016605193798358623
0 0.5078613574688251 0.6779561409583459 0.03439829899714543 0.034125254704402044
0 0.674537365253155 0.38320526709923375 0.018814967228816107 0.018906666682316706
0 0.7837500205406775 0.4600901970496544 0.04828203641451322 0.04819767291729267
0 0.1505752710195688 0.9746840550349309 0.01998028388390174 0.020459395188551683
0 0.25494834092947155 0.2966002134176401 0.01665504162128155 0.016491266397329476
0 0.4131593704223633 0.10317228390620305 0.018280029296875 0.017978503153874323
0 0.24703598022460938 0.37757007892315203 0.014759650597205529 0.014919281005859375
0 0.7347373962402344 0.20296779045691857 0.015401400052584134 0.015247198251577524
0 0.6573013892540565 0.9834283682016226 0.018388894888070915 0.018321404090294473
0 0.5602182608384353 0.6452118800236628 0.03845566969651442 0.03890316302959736
0 0.31804484587449294 0.6777687072753906 0.01464542975792518 0.014832423283503605
0 0.8229578458345853 0.27757806044358474 0.014678661639873799 0.014944883493276743
0 0.2927578412569486 0.22107725877028245 0.02716482602632963 0.027410067044771634
0 0.6114576779879056 0.3569489992581881 0.04369222200833834 0.043709168067345254
0 0.48705801597008336 0.7577504378098708 0.023801730229304388 0.02385374215932993
0 0.3501773980947641 0.2836656387035663 0.02055490933931791 0.020790760333721455
0 0.6105613708496094 0.4259330309354342 0.023369422325721152 0.023788598867563102
0 0.49896944486177885 0.3942579122690054 0.02529628460223858 0.025508587176983174
0 0.46797818403977615 0.9681015014648438 0.02558752206655649 0.025566687950721152
0 0.7209720611572266 0.21528838231013372 0.014480884258563701 0.014835210946890024
0 0.30255970588097203 0.1796253461104173 0.029381678654597357 0.029660444993239183
0 0.3998749072735126 0.41227399385892427 0.014448312612680288 0.01434781001164363
0 0.33956656089195836 0.4521129314716046 0.02216309767503005 0.022144611065204326
0 0.38001684042123646 0.6752084585336539 0.024491383479191706 0.02505639883188101
0 0.4333300223717323 0.1059175913150494 0.01536420675424429 0.015105852713951698
0 0.3970192395723783 0.6800407996544471 0.028860972477839544 0.029117584228515625
0 0.21420961159926194 0.5434843210073618 0.024959637568547174 0.02543192643385667
0 0.41384212787334734 0.29090452194213867 0.10465328509990986 0.10564459287203275
0 0.836703373835637 0.34566842592679536 0.05942594088040865 0.06656382634089543
0 0.3191697047306941 0.9893553807185247 0.023384827833909255 0.018184368426983174
0 0.24130876247699445 0.6985763403085562 0.017543462606576774 0.017545553354116585
0 0.7404976624708909 0.28613994671748233 0.01808929443359375 0.017817203815166768
0 0.13591636144197905 0.45720335153432995 0.012320225055401143 0.014298072228064904
0 0.34154943319467396 0.4507190997783954 0.017039372370793268 0.018172484177809495
0 0.5612900807307317 0.17814992024348333 0.019324082594651442 0.01970811990591196
0 0.27384055577791655 0.9677929511437049 0.025253882774939902 0.025005927452674277
0 0.8282208809485803 0.635527097261869 0.018619830791766826 0.019104150625375602
0 0.820155510535607 0.9503399775578425 0.015274781447190505 0.015090062068058895
0 0.19257615162776068 0.3262807772709773 0.01993450751671424 0.02035375741811899
0 0.41064764903141904 0.7934253399188702 0.01352383540226863 0.013493757981520433
0 0.2616339096656212 0.15624565344590408 0.0149079836331881 0.014934172997107873
0 0.3514596132131723 0.5661440262427697 0.023619651794433594 0.023511813237116888
0 0.7777610191932092 0.09438600906958947 0.013455024132361779 0.013450072361872746
0 0.6554072453425481 0.985172858605018 0.02176050039438101 0.02177605262169471
0 0.7952563946063702 0.4572293208195613 0.029355269211989183 0.029105699979341947
0 0.7488059263962966 0.3098272176889273 0.019980503962590143 0.020111597501314603
0 0.3488159913283128 0.6420426001915565 0.015496620765099159 0.015652876633864183
0 0.5993655644930326 0.19205764623788688 0.021256153400127705 0.021589205815241888
0 0.46658589289738583 0.971548814039964 0.020093624408428486 0.01931146474984976
0 0.5137494160578802 0.7703361511230469 0.017462510329026442 0.017714867225060098
0 0.3308996053842398 0.9134624187762921 0.03539716280423678 0.03547257643479567
0 0.732944708604079 0.17902880448561448 0.014322574322040264 0.014556224529559795
0 0.4030197583712064 0.6579849536602314 0.017821532029371995 0.01767143836388221
0 0.6111277433542105 0.31496326739971453 0.0552213375384991 0.0555116213285006
0 0.34209192716158354 0.9104978121243991 0.016677416287935697 0.01693901648888221
0 0.8169668637789212 0.8933646862323468 0.016071613018329326 0.016180772047776442
0 0.7041043501633865 0.9286567981426532 0.0162051274226262 0.016210262592022236
0 0.23864139043367827 0.4349910295926608 0.0160519893352802 0.015952477088341348
0 0.6496978172889123 0.3927904275747446 0.014333724975585938 0.014584614680363582
0 0.6081568277799166 0.06747232492153461 0.029611514164851263 0.02965225623204158
0 0.5510757886446439 0.706202873816857 0.04239199711726262 0.04144551203801082
0 0.7416067857008714 0.2934716298029973 0.017035264235276442 0.016325877262995794
0 0.57831544142503 0.29786007220928484 0.022921928992638223 0.023312788743239183
0 0.3483288838313176 0.01636435893865732 0.016251270587627705 0.016252967027517464
0 0.5038367051344651 0.6639267848088191 0.024472896869365986 0.02461829552283654
