0 0.40661041553203875 0.5649239833538349 0.06522354712853065 0.06499759967510517
0 0.6572305239163913 0.42413564828725964 0.06460791367750901 0.06525538517878605
0 0.7899499306311975 0.05805546503800612 0.043827203603891224 0.047378448339609
0 0.4439839583176833 0.5145287880530725 0.04462638268103966 0.04437519953801082
0 0.3504955585186298 0.08276379108428955 0.04502017681415264 0.045258668752817005
0 0.6782141465407151 0.13647628747499907 0.04155525794396034 0.042004053409282975
0 0.6063833236694336 0.8171311891995944 0.03700461754432091 0.037119351900540866
0 0.6216370509221003 0.18423924079308143 0.05612021226149339 0.056971183189978965
0 0.39469799628624547 0.7301343037531927 0.09627841069148137 0.09714185274564303
0 0.2830638335301326 0.39392706064077526 0.042025199303260215 0.041701096754807696
0 0.34165631807767427 0.8008529956524189 0.03768796187180739 0.03776286198542668
0 0.36423419072077823 0.3523104007427509 0.050895397479717545 0.05108305124136118
0 0.28332629570594203 0.7738693677462064 0.027312278747558594 0.026728263268103965
0 0.7696885329026443 0.8652544755202073 0.026440253624549277 0.026530045729417067
0 0.44807907251211315 0.413698306450477 0.03608997051532452 0.03674939962533804
0 0.5853612239544208 0.2020123188312237 0.04865191533015324 0.04877802041860727
0 0.7172203063964844 0.03680695707981403 0.04579500051645132 0.046069663304548994
0 0.25936251420241135 0.47820069239689755 0.0439607913677509 0.04395925081693209
0 0.5617614892812876 0.6978495671198919 0.02173951955942007 0.021750523493840143
0 0.6927387530987079 0.9058520977313702 0.023535508375901442 0.0235748291015625
0 0.5871478594266452 0.28434309592613805 0.02590069404015174 0.026184632227971003
0 0.7317865811861478 0.3223411853496845 0.01964745154747596 0.01965508094200721
0 0.4028139114379883 0.3161658507127028 0.02483852093036358 0.02522622621976412
0 0.692230224609375 0.055130179111774154 0.032354501577524036 0.03238223149226262
0 0.6519361642690805 0.04737656850081224 0.023488851693960335 0.023561695447334878
0 0.2180344141446627 0.044586397134340726 0.05812652294452374 0.059006489240206204
0 0.5185439036442683 0.011037413890545186 0.01875444558950571 0.01817937080676739
0 0.22188065602229193 0.7747086745042068 0.033342985006479114 0.03333957378680889
0 0.5859792049114521 0.11978025619800274 0.02977297856257512 0.029329538345336914
0 0.46406973325289214 0.16755100396963266 0.08821575458233173 0.0875784892302293
0 0.3367934226989746 0.03474454467113201 0.03874345926138071 0.03828692894715529
0 0.6874025785006009 0.28160311625554013 0.022097660945012018 0.02241215339073768
0 0.22729022686298078 0.9643763028658353 0.06745144037099984 0.0682229262131911
0 0.5227937698364258 0.11524310478797326 0.03384216015155499 0.03420121853168194
0 0.47370312764094424 0.2881179956289438 0.025433687063363884 0.025309415963979866
0 0.2224866426908053 0.3113083839416504 0.03040034954364483 0.030323542081392728
0 0.6346953465388372 0.622283568749061 0.0259860112116887 0.02615957993727464
0 0.5833577376145583 0.15297991495866042 0.02300233107346755 0.02298122185927171
0 0.4729844606839694 0.022294805600092962 0.03117796090932993 0.030738142820504997
0 0.28304294439462513 0.32456302642822266 0.018281276409442607 0.018353095421424277
0 0.536235185769888 0.6798417018010066 0.020684535686786357 0.02077660193810096
0 0.719447502723107 0.6939251239483173 0.036959134615384616 0.03721339886005108
0 0.44771847358116734 0.6978613046499399 0.03228436983548678 0.032619476318359375
0 0.7031120887169471 0.1645195484161377 0.055843499990609974 0.05581180865948017
0 0.7316970825195312 0.5965813123262845 0.042319958026592545 0.04193276625413161
0 0.6155760104839618 0.3376910869891827 0.019543867844801683 0.019538145798903245
0 0.5996938852163461 0.09834616000835712 0.030576265775240384 0.03085921360896184
0 0.6892840312077448 0.829459337087778 0.032133836012620196 0.03218636145958534
0 0.7789368262657752 0.22590050330528846 0.018204322228064902 0.018255013685960036
0 0.712314825791579 0.5653602893535907 0.017545700073242188 0.01757225623497596
0 0.46224087935227615 0.6269804147573618 0.018934983473557692 0.018831986647385817
0 0.7366327139047476 0.11507219534653884 0.04622239332932692 0.04723024368286133
0 0.27678966522216797 0.5266136756310096 0.028578831599308893 0.02807162358210637
0 0.7929940590491662 0.4797723109905536 0.028013962965745192 0.027695362384502705
0 0.3888424726632925 0.1224731573691735 0.019749934856708232 0.020154586205115683
0 0.662559435917781 0.1153717224414532 0.01952538123497596 0.01979215328509991
0 0.3873929243821364 0.6879012768085186 0.03017278817983774 0.030115861159104567
0 0.7980044438288763 0.34165441072904146 0.024550364567683294 0.030881661635178786
0 0.38100536052997297 0.04371159810286302 0.021366706261268027 0.021479113743855402
0 0.40175445263202375 0.39191598158616286 0.03779117877666767 0.037967828603891224
0 0.5368930376493014 0.1762222326718844 0.018489324129544772 0.01839025203998272
0 0.6401603405292218 0.8236044370211087 0.04067523662860577 0.041158235990084134
0 0.4063559312086839 0.6697227037869967 0.031213760375976562 0.031029921311598558
0 0.786015143761268 0.9030143297635592 0.02129393357496995 0.021144866943359375
0 0.44946351418128383 0.5531199528620794 0.025071217463566706 0.025055811955378607
0 0.31376277483426607 0.5649220026456393 0.061586233285757214 0.06114468207726112
0 0.6370462270883414 0.6867620027982272 0.033582834097055286 0.03341058584359976
0 0.23807294552142805 0.8963857063880334 0.023125721858097956 0.023196000319260817
0 0.47410330405602086 0.4185960109417255 0.01729297637939453 0.01730684133676382
0 0.7294157468355619 0.13540909840510443 0.020896178025465745 0.021071654099684495
0 0.565608024597168 0.014867588877677917 0.041811576256385215 0.028399268021950357
0 0.2916236657362718 0.14905093266413763 0.02214651841383714 0.022048399998591497
0 0.22012662887573242 0.28600179232083833 0.017822779141939603 0.01761803260216346
0 0.21028907482440656 0.12102361825796273 0.02709674835205078 0.026936127589299128
0 0.5648354750413161 0.057205062646132246 0.04404801588792067 0.04457774529090294
0 0.21717089873093826 0.08293766241807204 0.022326175983135518 0.02220304195697491
0 0.7709999818068284 0.20713024872999924 0.026052181537334736 0.026183715233435996
0 0.41048482748178333 0.13112677060640776 0.11300490452693059 0.10811908428485577
0 0.7078561049241286 0.654661618746244 0.016127659724308893 0.016029944786658652
0 0.2708860177260179 0.8490209579467773 0.019294592050405648 0.019477404080904447
0 0.7551533625676081 0.7510179372934195 0.03613075843224159 0.036500784067007214
0 0.6070958651029147 0.6079331177931565 0.017064901498647835 0.016963665301983174
0 0.2632292967576247 0.35205078125 0.017830078418438252 0.017696527334359977
0 0.2596782170809232 0.32437493250920224 0.02071659381573017 0.020772493802584134
0 0.26435617300180286 0.8751269120436448 0.026415201333852913 0.026596656212439902
0 0.785336054288424 0.9194466517521784 0.01766072786771334 0.017528680654672477
0 0.7603673201340896 0.49187594193678635 0.016315313485952523 0.01619089566744291
0 0.6320397303654597 0.7417061145489032 0.016210115872896634 0.015975365271935098
0 0.6212802300086389 0.4808464050292969 0.01778268814086914 0.018035741952749398
0 0.25460193707392764 0.5416445732116699 0.018142003279465895 0.018469810485839844
0 0.23264569502610427 0.1361867097707895 0.016296826876126803 0.016357898712158203
0 0.6228969280536358 0.8635132129375751 0.015850397256704476 0.015705988957331732
0 0.31859537271352917 0.3758600675142728 0.01843679868257963 0.018427922175480768
0 0.6635555854210486 0.5898398619431716 0.08544921875 0.08702028714693509
0 0.35249035175030047 0.8437712742732122 0.0780181884765625 0.07887678879957932
0 0.7648602999173678 0.8881475008451022 0.014887296236478366 0.015248812161959134
0 0.6982649289644681 0.6370605322030874 0.03331067011906551 0.03268359257624699
0 0.5417788578913763 0.3937595807589017 0.022098394540640023 0.021791751568134014
0 0.41727275114793044 0.23874158125657302 0.07476960695706882 0.07412044818584736
0 0.687739005455604 0.7753847562349759 0.015221082247220553 0.015376897958608774
0 0.24451952714186448 0.25580604259784406 0.01590868142934946 0.01581683525672326
0 0.7404170403113732 0.8944627321683444 0.017002399151141826 0.017040252685546875
0 0.23438560045682466 0.16737760030306303 0.015573208148662861 0.015531466557429386
0 0.20681007091815656 0.5126402194683368 0.02898744436410757 0.028951644897460938
0 0.21443827335651106 0.6732860711904672 0.0440985973064716 0.05797151418832632
0 0.5099886013911321 0.08847444791060227 0.034659385681152344 0.03416725305410532
0 0.5266551237839919 0.832427244919997 0.02613243689903846 0.02570343017578125
0 0.6218328475952148 0.02726970727627094 0.025631097646859977 0.025752746141873874
0 0.6806659698486328 0.48663700543917143 0.01641508249136118 0.016613006591796875
0 0.7792557936448318 0.43218509967510516 0.04111774151141827 0.040852913489708535
0 0.5716484509981595 0.49421926645132214 0.031035790076622598 0.03130281888521635
0 0.26125409052922177 0.6759318571824294 0.017389370844914362 0.01752603971041166
0 0.6378228114201472 0.11182179817786583 0.024180485652043268 0.024149711315448467
0 0.5952752920297476 0.4753464918870192 0.022057606623722956 0.022315098689152643
0 0.532037404867319 0.9302189166729267 0.154510131249061 0.13772935133713943
0 0.6064327680147611 0.27397295144888073 0.023607254028320312 0.023531180161696214
0 0.7912591053889348 0.6327891716590295 0.017461776733398438 0.01731271010178786
0 0.7749573634221003 0.8151606046236478 0.0151824951171875 0.015160340529221755
0 0.6247388399564303 0.32158514169546276 0.023536828848031852 0.023444249079777643
0 0.7277669173020583 0.8064427008995643 0.015259375939002404 0.015084340022160457
0 0.20908293357262245 0.4670251699594351 0.01982743923480694 0.019526261549729567
0 0.24902921456557053 0.36067559168888974 0.01457680188692533 0.014778430645282451
0 0.5902532430795523 0.038129497032899126 0.02070030799278846 0.020642046745006856
0 0.655482658973107 0.16174905116741473 0.018613081711989183 0.018939861884483926
0 0.24820888959444487 0.5593252915602464 0.01916668965266301 0.01992064255934495
0 0.4552610103900616 0.1084281114431528 0.03560902522160457 0.034710205518282376
0 0.7386914766751803 0.29019689559936523 0.016497391920823317 0.016523324526273288
0 0.24647375253530648 0.6371096097506009 0.02466579583974985 0.024925818810096152
0 0.6931802309476413 0.6817477299616888 0.02604220463679387 0.025780604435847357
0 0.35457302973820615 0.9356346130371094 0.22175365227919358 0.1282967787522536
0 0.4630445700425368 0.30496105780968297 0.015513200026292067 0.015874495873084433
0 0.540707148038424 0.35892831362210786 0.021451876713679388 0.021392382108248197
0 0.7985321191641 0.4226117500892052 0.019317480233999398 0.019835838904747598
0 0.2361454963684082 0.39025270021878755 0.015418712909405049 0.016304162832406852
0 0.6673723367544321 0.3554359582754282 0.01497635474571815 0.014710499690129207
0 0.7571097153883714 0.16976030056293195 0.015166062575120192 0.015093253209040714
0 0.4601299579326923 0.789314710176908 0.01879427983210637 0.01857581505408654
0 0.652209575359638 0.3284213359539325 0.018552193274864785 0.018978192256047174
0 0.21233292726370004 0.5984027569110577 0.031569297497089095 0.03180606548602764
0 0.7937679290771484 0.18903387509859526 0.03497050358698918 0.0536952385535607
0 0.4178188764131986 0.2527488561776968 0.014497756958007812 0.01487427491408128
0 0.36806172590989333 0.6232779576228216 0.014950752258300781 0.014519618107722355
0 0.6316161522498498 0.10091616557194637 0.019872225247896634 0.019270841891948994
0 0.23290318709153396 0.5442835000845102 0.0175780516404372 0.01774112994854267
0 0.694676766028771 0.20821046829223633 0.02095824021559495 0.020663921649639424
0 0.7750828082744892 0.9671966846172626 0.06253932072566105 0.06030728266789363
0 0.6216311821570764 0.05626794008108286 0.01926392775315505 0.019323128920335036
0 0.41048394716702974 0.04381157343204205 0.03786043020395132 0.038047744677617
0 0.27229917966402495 0.37093272575965297 0.013717137850247897 0.013762107262244591
0 0.636442624605619 0.10863513212937576 0.028372544508713942 0.028351380274846003
0 0.3965590550349309 0.7623757582444411 0.05173198993389423 0.05158145611102764
0 0.42986693749061 0.13441148171058068 0.015469917884239784 0.015482884186964769
0 0.593293703519381 0.23382804943965033 0.01785410367525541 0.01703618122981145
0 0.6906700134277344 0.8077765244704026 0.014846508319561299 0.014690839327298678
0 0.6335141842181866 0.9041888897235577 0.022791495689978965 0.022933226365309495
0 0.6255401464609 0.8957271575927734 0.05657826937161959 0.05773162841796875
0 0.4717824642474835 0.2616749543410081 0.023093590369591348 0.023349468524639424
0 0.33648109436035156 0.4652477777921237 0.021699171799879808 0.021835767305814303
0 0.6337952980628381 0.5219877683199369 0.01908727792593149 0.019318800706129808
0 0.22322372289804313 0.4817339090200571 0.01845205747164213 0.018549699049729567
0 0.30672121047973633 0.3199673065772423 0.014393219581017127 0.01428846212533804
0 0.771453857421875 0.16709228662344125 0.016158617459810697 0.016298624185415413
0 0.7758109752948468 0.42653678013728213 0.03173608046311598 0.03375434875488281
0 0.23826496417705828 0.3893502675569974 0.018587846022385817 0.019657208369328424
0 0.2494209729708158 0.025686181508577786 0.018556741567758415 0.01881525035087879
0 0.25792354803818923 0.20597072748037484 0.014266747694749098 0.014892211327185998
0 0.7891861842228816 0.8745128925030048 0.018024738018329326 0.018162947434645433
0 0.4980458846459022 0.9681485983041617 0.014747399550217848 0.014949651864858774
0 0.7803498781644381 0.2578257964207576 0.01586121779221755 0.015576472649207482
0 0.7428797208345853 0.35631928077110875 0.018065966092623197 0.018611321082481973
0 0.23921475043663612 0.27266775644742525 0.01614064436692458 0.015830333416278545
0 0.46013601009662336 0.44300625874445987 0.017895991985614482 0.017719415517953727
0 0.5694551101097693 0.2367666501265306 0.028966536888709433 0.027541160583496094
0 0.5841498741736779 0.2350735480968769 0.061590928297776446 0.061461338630089395
0 0.25176404072688174 0.5581872646625226 0.026099718534029447 0.025678487924429085
0 0.3690965725825383 0.6270309594961313 0.016647705665001504 0.01723304161658654
0 0.2994415576641376 0.8498915158785306 0.03940288837139423 0.03982764024000902
0 0.5194829427278959 0.7755621396578275 0.015080745403583232 0.014999976524939904
0 0.4622929646418645 0.790932508615347 0.022996902465820312 0.02452688950758714
0 0.5105698292072003 0.19579177636366624 0.015570273766150841 0.015636774209829476
0 0.32498836517333984 0.5016694435706506 0.042533159255981445 0.042543191176194414
0 0.6468320993276743 0.2639988385714017 0.01660024202786959 0.01643481621375451
0 0.29736462006202113 0.565829350398137 0.014785509843092699 0.014306581937349759
0 0.34947842818040115 0.623746945307805 0.013374035175030049 0.01315762446476863
0 0.7494591933030349 0.43311771979698765 0.028293022742638223 0.02883771749643179
0 0.24549691493694598 0.38727320157564604 0.025729582859919622 0.025325481708233174
0 0.5989258105938251 0.8539520410391 0.03569925748384916 0.036310049203725964
