0 0.18358388313880333 0.27115359673133266 0.035232250507061295 0.03535189995398888
0 0.2540156841278076 0.34564069601205677 0.02984784199641301 0.02997735830453726
0 0.6051047765291654 0.08325427312117356 0.03343677520751953 0.033810633879441485
0 0.2087240219116211 0.16039215601407564 0.023203189556415264 0.02340104029728816
0 0.1888605264516977 0.7236709594726562 0.02769785660963792 0.02759552001953125
0 0.43069971524752104 0.5266053860004132 0.02136362515963041 0.021823956416203424
0 0.6396993490365835 0.22696977395277756 0.018988682673527643 0.019134007967435397
0 0.18454221578744742 0.684548964867225 0.021662271939791165 0.021679511437049277
0 0.4610567092895508 0.043176779380211465 0.020443036006047174 0.02003523936638465
0 0.219925018457266 0.12189305745638333 0.02007895249586839 0.020099970010610726
0 0.36468806633582485 0.5882135537954477 0.023452318631685697 0.023453932542067308
0 0.6214438218336839 0.5513496765723596 0.021907843076265775 0.0220186526958759
0 0.25104185251089245 0.012222847113242516 0.03043497525728666 0.023015994292039137
0 0.7302453701312726 0.29006059353168195 0.019310731154221755 0.01928556882418119
0 0.6866568051851712 0.16012149590712327 0.01941548860990084 0.019646607912503757
0 0.47573111607478213 0.34657991849459135 0.024580882145808294 0.02458014855018029
0 0.27518022977388823 0.6090396367586576 0.020969207470233623 0.02095904717078576
0 0.5396223801832932 0.41857800116905797 0.018701846782977764 0.018750704251802884
0 0.6015068934513972 0.11455490038945125 0.021106426532451924 0.02131542792687049
0 0.3061852821936974 0.4007679865910457 0.022144097548264723 0.02204161423903245
0 0.4389371871948242 0.38222004817082333 0.0197604252741887 0.019689486576960638
0 0.4301179005549504 0.4766460932218112 0.017006947444035456 0.017031522897573616
0 0.49649887818556565 0.2834757107954759 0.02018150916466346 0.020166873931884766
0 0.24493162448589617 0.20067625779371995 0.02376732459435096 0.024077342106745794
0 0.7739590864915115 0.15527934294480544 0.017153226412259616 0.0170745849609375
0 0.2889706171475924 0.8992449687077448 0.017703459813044622 0.017715894258939303
0 0.7108833606426532 0.9333195319542518 0.01726708045372596 0.017315497765174277
0 0.7719171964205228 0.35971934978778547 0.016416109525240384 0.016606257512019232
0 0.7955055236816406 0.38788380989661586 0.016747548029972956 0.016705733079176683
0 0.8077936906080979 0.29865650030282825 0.01730478726900541 0.017404923072228067
0 0.20221491960378793 0.24598029943612906 0.017275039966289815 0.01749266110933744
0 0.3852558869581956 0.42297664055457485 0.01686991178072416 0.01698479285606971
0 0.4493710444523738 0.49134485538189226 0.01728982191819411 0.017183523911696214
0 0.46106573251577526 0.4761320994450496 0.018862577585073616 0.018728989821213942
0 0.16122817993164062 0.02206045389175415 0.01693556858943059 0.016773167711037856
0 0.8010761554424579 0.73566040625939 0.016286116379957933 0.016336587759164665
0 0.5389292056743915 0.016842257518034715 0.021476158728966348 0.021946333921872653
0 0.20912977365347055 0.442015867966872 0.017077886141263522 0.017071357140174277
0 0.4378167665921725 0.4629204823420598 0.01657383258526142 0.01666391812838041
0 0.5605209057147686 0.3217026637150691 0.016298440786508415 0.01644721397986779
0 0.6129096838144156 0.2878015958345853 0.016503113966721755 0.016582635732797477
0 0.5634397359994742 0.7191442342904898 0.01775022653432993 0.017731299767127402
0 0.4843393839322604 0.43123604701115537 0.01719980973463792 0.016876954298753005
0 0.319033329303448 0.38196692099938023 0.01920795440673828 0.019020960881159857
0 0.14643498567434457 0.0905306522662823 0.015276358677790714 0.015614839700552134
0 0.16800467784588152 0.23525291222792405 0.016978887411264274 0.01676144966712365
0 0.33372923044057995 0.43399752103365385 0.015036803025465745 0.015067467322716346
0 0.4316127116863544 0.5920052895179162 0.01594880911020132 0.015947635357196514
0 0.3851930911724384 0.6289862119234525 0.015298843383789062 0.015423261202298678
0 0.2932261503659762 0.33573352373563325 0.017243642073411208 0.017332737262432393
0 0.634333243736854 0.03737610349288353 0.01567253699669471 0.01573448456250704
0 0.2798899320455698 0.31753708766056943 0.018496880164513223 0.018382952763484076
0 0.5280777857853816 0.45978546142578125 0.015973824721116286 0.016088338998647835
0 0.5449063594524677 0.3128688885615422 0.018991837134728067 0.0189517094538762
0 0.717001694899339 0.3892083534827599 0.01546184833233173 0.015517454880934495
0 0.5276721440828763 0.22818605716411883 0.016293158897986777 0.016205897698035605
0 0.5150419748746432 0.5148555315457858 0.01673999199500451 0.016635014460637018
0 0.132949554003202 0.08490343277270977 0.01555959994976337 0.015374385393582858
0 0.2863188890310434 0.2631297478309044 0.01581441439115084 0.015700560349684495
0 0.3685825788057767 0.5267251821664664 0.015396484961876502 0.015514960655799279
0 0.7639515216533954 0.4640378218430739 0.014827874990609976 0.015052501971905049
0 0.62164306640625 0.3359527587890625 0.015343335958627554 0.015281090369591346
0 0.9015433971698468 0.40891009110670823 0.01913305429311899 0.01888590592604417
0 0.4753709939809946 0.39365673065185547 0.01626895024226262 0.016176663912259616
0 0.1767599215874305 0.17307453889113206 0.01527859614445613 0.014850029578575721
0 0.6052517524132361 0.32163256865281326 0.015364280113807091 0.01563871823824369
0 0.6177695347712591 0.3630331846383902 0.01519947785597581 0.015381519611065205
0 0.2473154251392071 0.2991824150085449 0.014972613408015324 0.01528615217942458
0 0.1940774550804725 0.005891458346293523 0.01590560032771184 0.010931175488692064
0 0.5112237563500037 0.42447959459744966 0.015193865849421574 0.015183668870192308
0 0.5094196613018329 0.4105248818030724 0.015726382915790264 0.016436136685884915
0 0.4059140498821552 0.5058637398939866 0.014320300175593449 0.014426671541654147
0 0.4757385620704064 0.4853269870464618 0.020894344036395732 0.02104641841008113
0 0.475405399615948 0.45552554497352016 0.017436394324669473 0.01764363508958083
0 0.5567239981431228 0.29849507258488583 0.01502821995661809 0.015148382920485277
0 0.2484909571134127 0.634162976191594 0.015976759103628304 0.015781989464393027
0 0.4855100925152118 0.37477786724384016 0.015430597158578726 0.015305445744441105
0 0.42863603738638073 0.44271359076866734 0.014962122990534855 0.014830369215745192
0 0.8660461719219501 0.45924993661733776 0.013948587270883413 0.01409618671123798
0 0.2544132195986234 0.2375058394211989 0.014839979318472056 0.014861583709716797
0 0.3486973689152644 0.05274417767157921 0.015477400559645433 0.015659332275390625
0 0.8063576038067157 0.9942869039682242 0.016465260432316706 0.010085766132061299
0 0.5977829419649564 0.04669010639190674 0.014867342435396634 0.015052575331467848
0 0.8814047299898587 0.46120185118455154 0.014546907865084134 0.014486019427959736
0 0.22905278205871582 0.75390258202186 0.014385039989764873 0.01430526146521935
0 0.5144796004662147 0.29900281245891863 0.015158726618840145 0.01481940196110652
0 0.2873427684490497 0.22565368505624625 0.016299687899076022 0.01612098400409405
0 0.8833352602445163 0.38323219005878156 0.013882857102614183 0.013654415424053486
0 0.8377037781935471 0.6813680208646334 0.014864701491135817 0.01478107158954327
0 0.25955589000995344 0.3082697574908917 0.015391936668982873 0.015836422259990986
0 0.8197143261249249 0.8798983647273138 0.01436321551983173 0.014324775108924279
0 0.5793903424189641 0.05848778211153471 0.015733058636005107 0.015493640532860389
0 0.509336911714994 0.4865794548621544 0.014974740835336538 0.015057637141301082
0 0.6922180469219501 0.39956246889554536 0.014524606557992788 0.014362628643329326
0 0.2964643148275522 0.24256658554077148 0.016530733842116136 0.016314946688138522
0 0.5234565368065467 0.5036230087280273 0.0147096193753756 0.014975327711838942
0 0.4878322161160983 0.4701637854942909 0.014584981478177585 0.014489173889160156
0 0.7645627535306491 0.6593946310190054 0.014668684739332933 0.014572730431189904
0 0.3925854242764987 0.7889229701115534 0.014232562138484074 0.014182017399714543
0 0.36881204751821667 0.9008972461407001 0.014146951528695913 0.014230874868539663
0 0.44138193130493164 0.8471834476177509 0.015476666964017428 0.015410936795748197
0 0.8321904402512771 0.7288318047156701 0.013651627760667067 0.013954456035907451
0 0.08694722102238582 0.34608664879432094 0.013972209050105168 0.01574105482835036
0 0.15031034212846023 0.166900267967811 0.014560314325185923 0.0145111083984375
0 0.904684433570275 0.34189818455622745 0.013926285963792067 0.013988935030423678
0 0.25690348331744856 0.6245250701904297 0.014384783231295072 0.014229407677283654
0 0.524292175586407 0.008158344488877516 0.017115666316105768 0.014958535249416646
0 0.5766586156991812 0.3799092219426082 0.014426304743840145 0.014383022601787861
0 0.44281710111177885 0.05910999958331768 0.013495518611027645 0.013793761913592998
0 0.891807849590595 0.40447132404033953 0.013904424814077524 0.01393596942608173
0 0.3918391741239108 0.4657866404606746 0.013977490938626803 0.014118488018329326
0 0.2522740730872521 0.47734708052415115 0.014111518859863281 0.014194341806265024
0 0.50072875389686 0.44494174076960635 0.014803519615760216 0.015396851759690505
0 0.09804327671344464 0.1782561448904184 0.01415406740628756 0.014254129849947415
0 0.441162842970628 0.4086875915527344 0.015719780555138223 0.015720660869891826
0 0.24237966537475586 0.9219781435452975 0.013454107137826772 0.013493757981520433
0 0.7693613492525541 0.6713232627281775 0.01343228266789363 0.013547017024113582
0 0.3763933548560509 0.4601903328528771 0.013290111835186299 0.013253725492037259
0 0.4512130663945125 0.6570362677940955 0.01407161125769982 0.013973529522235576
0 0.5777428700373723 0.36138307131253755 0.015233259934645433 0.015109428992638221
0 0.9138906919039212 0.5424945904658391 0.011152120736929087 0.014742704538198618
0 0.26926055321326625 0.956545903132512 0.013972759246826172 0.013681851900540866
0 0.1275036334991455 0.3878796284015362 0.01488168422992413 0.015234800485464243
0 0.2236338762136606 0.19384239270136908 0.014513749342698317 0.014578672555776743
0 0.13927784332862267 0.24499133917001578 0.013205418219933143 0.013360977172851562
0 0.3172663175142728 0.36850701845609224 0.014460050142728366 0.014959188608022837
