0 0.670885966374324 0.656982421875 0.056525890643780045 0.05676973783052885
0 0.060474735039931074 0.019564816584953897 0.037658874805157 0.036347196652339056
0 0.16713729271521935 0.47679277566763073 0.04059901604285607 0.04053849440354567
0 0.8345311971811148 0.12277693014878494 0.033007254967322715 0.032907926119290866
0 0.9171459491436298 0.20371072108928973 0.025439042311448317 0.025207042694091797
0 0.6279630661010742 0.035540988812079795 0.022442010732797477 0.02290158088390644
0 0.7264102055476263 0.034527563131772555 0.019055733313927285 0.01901875092433049
0 0.5685433607835036 0.04569837221732506 0.024332780104417067 0.024330826906057503
0 0.48217080189631534 0.7303369962252103 0.02309072934664213 0.023324232835036058
0 0.8042859297532302 0.5534047346848708 0.02147674560546875 0.02132694537823017
0 0.10869954182551457 0.23581391114455003 0.021184517787053034 0.021192624018742487
0 0.34095346010648286 0.73302489060622 0.026596216055063102 0.026581690861628607
0 0.6310811409583459 0.9008937248816857 0.029945813692533053 0.030168680044320915
0 0.039385502155010514 0.05912389205052303 0.021203520206304696 0.02129944471212534
0 0.7471285599928635 0.7555042413564829 0.031762196467472956 0.03159963167630709
0 0.8493243730985202 0.47957633091853213 0.022557185246394232 0.022863388061523438
0 0.9744746868426983 0.04381937247056227 0.02365728525015024 0.029657675669743463
0 0.07389512887367836 0.09874927080594577 0.019570378156808708 0.019606626950777493
0 0.9779472351074219 0.8819315983698919 0.021605858435997598 0.0264285160945012
0 0.35475870279165417 0.6431275147658128 0.017794462350698616 0.017842512864332933
0 0.5708043758685772 0.09043346001551701 0.02351518777700571 0.023449475948627178
0 0.9747103177584134 0.6140576876126803 0.024256339439978965 0.025028815636268027
0 0.29284059084378755 0.7386892758882962 0.02629679899949294 0.026034135084885817
0 0.5931100111741286 0.16178149443406326 0.029889620267427884 0.029674520859351523
0 0.1873633311345027 0.17731114534231332 0.023184482867901143 0.023126602172851562
0 0.7175570267897385 0.2006199176494892 0.0190127446101262 0.019068204439603366
0 0.16126632690429688 0.37548035841721755 0.01770760462834285 0.0179598881648137
0 0.646048325758714 0.19252967834472656 0.02216192392202524 0.022180630610539362
0 0.8871493706336389 0.031993595453409046 0.022387577937199518 0.022600384858938363
0 0.2868797228886531 0.05532585657559908 0.029884191659780648 0.030213053409869853
0 0.3885318315946139 0.05412050852408776 0.030701417189378005 0.03057398245884822
0 0.9007127468402569 0.9874688662015475 0.019897607656625602 0.019156969510591947
0 0.3031462155855619 0.7580974285419171 0.026723421536959134 0.026812333327073317
0 0.8180712919968826 0.6617843187772311 0.037519601675180286 0.03761922396146334
0 0.59259766798753 0.5045882004957932 0.017322026766263522 0.017477035522460938
0 0.9191906268780048 0.9884475561288687 0.019177363469050482 0.017899293165940505
0 0.5657190542954665 0.26001882553100586 0.0207211421086238 0.020635678217961237
0 0.3795620844914363 0.5768398871788611 0.01623080326960637 0.016318541306715745
0 0.7541170853834885 0.590514403123122 0.025054931640625 0.025199449979341947
0 0.16945186028113732 0.1583417378939115 0.025241851806640625 0.025347562936636116
0 0.8088736900916467 0.9895197061391977 0.020995213435246393 0.018136244553786058
0 0.32613592881422776 0.6161358173076923 0.015920345599834736 0.01584287790151743
0 0.532819234407865 0.05521157154670128 0.016705879798302285 0.01671572831960825
0 0.4409152911259578 0.335786929497352 0.01715843494121845 0.017122782193697415
0 0.08910267169658954 0.537208997286283 0.019048048899723932 0.018694070669320915
0 0.2661696947537936 0.279911444737361 0.023944708017202523 0.024017847501314603
0 0.7218645535982572 0.24846131985004133 0.018225449782151442 0.018233005817119893
0 0.3666852070735051 0.6969155531663161 0.028510460486778848 0.02927266634427584
0 0.10875701904296875 0.14737793115469125 0.02089203321016752 0.02084688039926382
0 0.20215700222895697 0.9723146878756009 0.017267997448260967 0.017235389122596152
0 0.14152610301971436 0.12600042269780085 0.023949659787691556 0.02423713757441594
0 0.7731858766995944 0.8898291954627404 0.015915357149564303 0.015938978928786058
0 0.14172063424037054 0.04915351592577421 0.022363681059617262 0.022109425984896146
0 0.5458681766803448 0.13033581697023833 0.025477189284104567 0.025420097204355094
0 0.13332456808823806 0.1063986558180589 0.023374667534461387 0.023803527538592998
0 0.741030766413762 0.35849512540377104 0.018741754385141227 0.018804550170898438
0 0.8445279781634991 0.1910540507389949 0.031031095064603366 0.030050130990835335
0 0.38090328069833607 0.6217668973482572 0.015364646911621094 0.015565101916973408
0 0.10547416943770188 0.5436202562772311 0.01642430745638334 0.016438850989708535
0 0.5807411487285907 0.4621409636277419 0.01628729013296274 0.01626418187068059
0 0.836844224196214 0.4595128572904147 0.01667638925405649 0.016837927011343148
0 0.1611793224628155 0.6670687748835638 0.02115932794717642 0.021073414729191706
0 0.4190994409414438 0.017613668854420002 0.02454097454364483 0.024693473027302668
0 0.3533780024601863 0.6815131260798528 0.017377706674429085 0.017321073091947116
0 0.957152586716872 0.7326179651113657 0.018042344313401442 0.01782857454740084
0 0.22623969958378717 0.17100787162780762 0.020805872403658353 0.020526629227858324
0 0.46437832025381237 0.5535603303175706 0.016620562626765326 0.016614473783052884
0 0.7769346970778245 0.1855329733628493 0.01819786658653846 0.018260075495793268
0 0.10474832241351788 0.9319186577430139 0.01691854917086088 0.016728914701021634
0 0.9200480534480169 0.7534597837007962 0.02099154545710637 0.021045978252704326
0 0.10686330611889179 0.5752211717458872 0.015224365087655874 0.015206557053786058
0 0.9014404003436749 0.7633949426504282 0.01604432326096755 0.016005589411808893
0 0.05931392082801232 0.5722315861628606 0.017733243795541618 0.01792306166428786
0 0.7576034986055814 0.9808975366445688 0.015819256122295674 0.015734745905949518
0 0.6448666499211237 0.7931527357835036 0.01891781733586238 0.018674116868239183
0 0.3311632596529447 0.3471729572002704 0.01829367417555589 0.01825435344989483
0 0.8108587998610276 0.6301240921020508 0.017369196965144232 0.017310509314903848
0 0.07795519095200759 0.4643248778123122 0.02011654468683096 0.02023902306189904
0 0.2788301431215726 0.8974654857928936 0.023447550260103665 0.02359184852013221
0 0.35657402185293346 0.5687659336970403 0.015816395099346455 0.015884032616248496
0 0.3938011022714468 0.8079537611741286 0.015615756695087139 0.015735039344200723
0 0.046211609473595254 0.4593974993779109 0.016919500552690946 0.01675282991849459
0 0.5402501546419584 0.007349626376078679 0.018786063561072715 0.01402902603149414
0 0.30999396397517276 0.7191530374380258 0.01746052962083083 0.01774421105018029
0 0.5509218436021072 0.28770057971660906 0.015020370483398438 0.015119075775146484
0 0.19165702966543344 0.2609108227949876 0.020113798288198616 0.019596650050236628
0 0.8647127885084885 0.21525940528282753 0.018396817720853366 0.01840972900390625
0 0.25618520149817836 0.3276662092942458 0.025540571946364183 0.02599026606633113
0 0.6204927884615384 0.4143537374643179 0.023008053119365986 0.022628197303185098
0 0.5653101114126352 0.9552098787747897 0.015639231755183294 0.015584798959585337
0 0.54648835842426 0.4039446023794321 0.022162364079402044 0.02199891897348257
0 0.18175517595731294 0.6645262791560247 0.015380199138934795 0.015399639423076924
0 0.05335170947588407 0.5543472950275128 0.0164107084274292 0.016357788672814004
0 0.6381596051729642 0.4231142997741699 0.020180775569035456 0.020110643826998197
0 0.7915176978478065 0.06592952288114108 0.01803735586313101 0.018047827940720778
0 0.5625271430382361 0.23239634587214544 0.020973939162034255 0.02039337158203125
0 0.8512620192307693 0.1715699525979849 0.01790032019981971 0.017991322737473708
0 0.2717115328862117 0.15459471482496995 0.017996714665339544 0.017869325784536507
0 0.6530056733351487 0.8100343850942758 0.01978903550368089 0.019664177527794473
0 0.7730516286996695 0.5173360384427584 0.015216240516075721 0.015186016376201924
0 0.30715678288386417 0.32498433039738583 0.018990736741286058 0.018990296583909255
0 0.7633232703575721 0.7758077474740835 0.02680661128117488 0.026737506573016826
0 0.1101228824028602 0.17582233135516828 0.015031777895413913 0.014896539541391226
0 0.3939980726975661 0.6662505223200872 0.014954053438626803 0.015011127178485576
0 0.5123104682335486 0.514452860905574 0.014529154850886418 0.014472081111027645
0 0.048860788345336914 0.5426250237684983 0.019362357946542594 0.019350198599008415
0 0.19460681768564078 0.9551225808950571 0.019880294799804688 0.01986826383150541
0 0.622835819537823 0.8810865695659931 0.02173335735614483 0.02188873291015625
0 0.9073913280780499 0.13658124666947585 0.015021984393780049 0.015191976840679463
0 0.8038490001971905 0.02804239667378939 0.016863309420072116 0.01711033399288471
0 0.8945744587824895 0.739104491013747 0.018074622521033652 0.01832741957444411
0 0.9800103994516226 0.7776759221003606 0.017488773052509014 0.02123436560997596
0 0.6101420475886419 0.0786747932434082 0.038776544424203724 0.03888353934654823
0 0.4506029715904823 0.1742131893451397 0.018828171950120192 0.01874652275672326
0 0.6440885983980619 0.10470833228184627 0.01695412855881911 0.01685184698838454
0 0.4081876461322491 0.6880091153658353 0.015398098872258114 0.015615756695087139
0 0.6636100182166467 0.16662494952862078 0.017601453340970553 0.018224642826960638
0 0.5561520503117487 0.43165852473332333 0.014206739572378306 0.014125237098106971
0 0.1446721737201397 0.3638701072105995 0.01571937707754282 0.01580355717585637
0 0.16406587453988883 0.11644974121680626 0.02369242448073167 0.023849120506873496
0 0.11708996846125676 0.09789213767418495 0.01777538886437049 0.01774395429171049
0 0.7572898864746094 0.5670260649461013 0.018436725323016826 0.01833314162034255
0 0.0992445578941932 0.6126678173358624 0.017789437220646784 0.017586781428410456
0 0.5243647281940167 0.8803036029522235 0.014450660118689904 0.014400775615985576
0 0.8489704132080078 0.29419191067035383 0.015153298011192909 0.015215653639573317
0 0.45824351677527797 0.009187296032905579 0.014805867121769832 0.014822148359738864
0 0.5556200100825384 0.1556068750528189 0.02226704817551833 0.022439956665039062
0 0.39954654987041766 0.0328347384929657 0.016669200016902044 0.016546758321615365
0 0.3020904247577374 0.9844570159912109 0.022466219388521634 0.022648444542518027
0 0.5212396474984976 0.1283900921161358 0.015247491689828726 0.015060094686654897
0 0.5855003503652719 0.9271074441763071 0.017789840698242188 0.017672612116887018
0 0.7596668096689078 0.10811193172748272 0.026616903451772835 0.026759551121638372
0 0.22844155018146223 0.7512237842266376 0.01643987802358774 0.016399383544921875
0 0.7756814956665039 0.12086290579575759 0.022119522094726562 0.02246827345628005
0 0.3451232176560622 0.068347311936892 0.013863930335411659 0.013726243605980506
0 0.764162723834698 0.7899205868060772 0.01859738276554988 0.01895479055551382
0 0.33632975358229417 0.008606272248121409 0.015599617591271034 0.014946220012811514
0 0.6644436762883112 0.694612062894381 0.015535501333383413 0.015995905949519232
0 0.07609459528556237 0.44765787858229417 0.016968204424931452 0.01713107182429387
0 0.18299502592820388 0.13936891922583947 0.01596553509051983 0.016067926700298604
0 0.19649661504305327 0.8638098790095403 0.016717874086820163 0.016206888052133415
0 0.6925307787381686 0.11955000804020809 0.01655299846942608 0.01686261250422551
0 0.28167152404785156 0.16749033561119667 0.020328705127422627 0.019991214458759014
0 0.3786618892963116 0.08415487179389367 0.027720231276292067 0.02882273380572979
0 0.8029955350435697 0.6142954459557166 0.02266106238731971 0.023361352773813102
0 0.695492671086238 0.16469636330237755 0.014817457932692308 0.014823620135967549
0 0.7305112985464243 0.11720019120436448 0.014316558837890625 0.014401399172269382
0 0.8249043684739333 0.6417942780714768 0.024585430438701924 0.025086036095252402
0 0.35538981511042667 0.09044416134174053 0.014644035926231971 0.014712131940401517
0 0.7986445060143104 0.08202400574317345 0.020897645216721755 0.02197570067185622
0 0.6312129680926983 0.4493587934053861 0.015125568096454326 0.015232086181640625
0 0.42422059866098255 0.14325982790726882 0.014307608971228966 0.014251965742844801
0 0.665732163649339 0.22390116178072417 0.014359400822566105 0.01436160160945012
0 0.5389370918273926 0.9685746706449069 0.013851679288423978 0.013937730055588942
0 0.6727322064913236 0.4371944941007174 0.013907652634840745 0.013966193565955529
0 0.27518309079683745 0.5837169060340295 0.013905671926645132 0.014251415546123799
0 0.7098467900202825 0.9435785733736478 0.015562644371619591 0.015726529634915866
0 0.9060905163104718 0.5596062220059909 0.013943892258864183 0.01408085456261268
0 0.5374875435462365 0.02279342137850248 0.014124796940730168 0.013901068614079403
0 0.2346929953648494 0.19992830203129694 0.014499444227952223 0.014539791987492489
0 0.5241128481351413 0.3853619648860051 0.021319022545447715 0.02145253694974459
0 0.06948373867915227 0.4186132504389836 0.01657529977651743 0.01655409886286809
0 0.08915124489710881 0.7301527170034555 0.019457101821899414 0.019562207735501803
0 0.5871716279249924 0.9138280428372897 0.01774112994854267 0.017415560208834134
0 0.15051118227151725 0.5396421139056866 0.013422800944401668 0.013467348538912259
0 0.31357427743765026 0.7343280498798077 0.016570329666137695 0.017427591177133415
0 0.5773795201228216 0.14694737471066988 0.022819372323843148 0.021814438012930062
0 0.5596356025108924 0.12031171872065617 0.018288392287034255 0.01893014174241286
0 0.3354365275456355 0.12190119119790885 0.018305851862980768 0.018516925665048454
0 0.5696410399216872 0.5117517618032602 0.013922764704777645 0.013982772827148438
0 0.35393832280085635 0.7754752819354718 0.014090244586651143 0.014127291165865384
0 0.5625356160677396 0.23587738550626314 0.02549890371469351 0.026022067436805137
0 0.8138834146352915 0.15365794988778922 0.013638129601111779 0.013706060556265024
0 0.38043755751389724 0.07918126766498272 0.0205996586726262 0.020257069514347956
0 0.279423163487361 0.16425567406874436 0.026799935560960036 0.02579494623037485
0 0.06938380461472732 0.5458979973426232 0.01815484120295598 0.018084305983323317
0 0.5764657534085788 0.9924110265878531 0.013746701754056491 0.011976388784555288
0 0.4102343045748197 0.3280828916109525 0.015351222111628605 0.015289086561936598
0 0.07465191070850079 0.04728375948392428 0.023787278395432692 0.023974585991639357
0 0.7276483682485727 0.7877568465012771 0.014718129084660457 0.014410018920898438
0 0.9744937603290265 0.642396486722506 0.013930394099308895 0.014466799222506009
0 0.9243451631986178 0.09798950415391189 0.014869396503155049 0.015140881905188927
0 0.11111721625694862 0.04279342522987953 0.018673053154578574 0.018814912209144004
0 0.6356901755699744 0.7297211426955003 0.013395602886493389 0.013651481041541466
