0 0.4431429642897386 0.3536240871136005 0.06245349003718449 0.06209116715651292
0 0.6535822061391977 0.49971609849196214 0.044910430908203125 0.045182448167067304
0 0.6007533440223107 0.5442788784320538 0.04581187321589543 0.04576558333176833
0 0.6238595522367038 0.4351583994351901 0.03722788737370418 0.03726695134089543
0 0.556195332453801 0.539136006281926 0.05081748962402344 0.05075146601750301
0 0.7223048576941857 0.485316643348107 0.029993203970102165 0.029705634483924277
0 0.681780374967135 0.16526002150315505 0.026480601384089544 0.02648500295785757
0 0.602578383225661 0.15688166251549354 0.03106073232797476 0.030739628351651706
0 0.35227203369140625 0.8558972432063177 0.035956162672776446 0.03638604971078726
0 0.40862897726205677 0.4732179274925819 0.03538249089167668 0.03521948594313402
0 0.48760172036977917 0.32762380746694714 0.023795934823843148 0.02379292708176833
0 0.44084970767681414 0.4474605413583609 0.03365810100848858 0.033722950862004206
0 0.4389334458571214 0.13693340008075422 0.026645366962139424 0.02641450441800631
0 0.6293470676128681 0.2518928967989408 0.02194947462815505 0.02222141852745643
0 0.5741587418776292 0.06431734561920166 0.020342900202824518 0.02026964150942289
0 0.5822863945594201 0.4500151047339806 0.03562245002159706 0.0355220207801232
0 0.7048201927771935 0.09857200659238376 0.02324647169846755 0.023458297436053935
0 0.3814521936269907 0.4789419907789964 0.02841817415677584 0.028482877291165866
0 0.5801635522108811 0.011666420560616713 0.026926334087665264 0.021561762461295493
0 0.5376545465909518 0.4924910618708684 0.02736495091364934 0.027530450087327223
0 0.4911200450016902 0.4837628878079928 0.027125211862417366 0.02704649705153245
0 0.39355963927048904 0.298355010839609 0.018900651198167067 0.018772235283484824
0 0.5798209263728216 0.8006678361159104 0.03323584336500902 0.03286655132587139
0 0.390350708594689 0.9090650998629056 0.02222604017991286 0.022402836726262018
0 0.4527585323040302 0.5508699050316443 0.02154232905461238 0.021485402033879206
0 0.408969732431265 0.41881509927602917 0.03554828350360577 0.03650342501126803
0 0.43187482540424055 0.21124524336594802 0.020617925203763522 0.020688570462740384
0 0.4022483825683594 0.049614777931800254 0.019975662231445312 0.019978780012864333
0 0.5113424154428335 0.816248160142165 0.020658419682429388 0.02068050091083233
0 0.25721181355989897 0.8690886864295373 0.02568652079655574 0.025533089270958535
0 0.6139905636127179 0.3584888164813702 0.03243695772611178 0.032122098482572116
0 0.32917154752291167 0.48138757852407604 0.024728041428786058 0.02460655799278846
0 0.5316332303560697 0.3949612837571364 0.030664737407977764 0.0304718017578125
0 0.7371779221754807 0.28298348646897536 0.020873436560997598 0.02329870370718149
0 0.46105029032780576 0.10141254388369046 0.022407971895658053 0.02208861937889686
0 0.5365478809063251 0.17887170498187727 0.01764649611253005 0.017653685349684495
0 0.3955199901874249 0.5251937279334435 0.020904394296499398 0.020834702711838942
0 0.4943245374239408 0.24349495080801156 0.020706690274752103 0.020621006305401143
0 0.3931797467745267 0.5564638284536508 0.01794286874624399 0.01804835979755108
0 0.4836150316091684 0.07558571375333346 0.017081334040715143 0.01704120635986328
0 0.29891186494093674 0.8093158281766452 0.019646864670973558 0.019589057335486777
0 0.32595524421105015 0.40099477767944336 0.01813844534067007 0.0179746334369366
0 0.34485963674692005 0.4827129290654109 0.024390440720778245 0.02451463846059946
0 0.6767589862530048 0.8098892798790565 0.04764703603891226 0.047422555776742786
0 0.5556891147906964 0.44544410705566406 0.03709734403170072 0.03652169154240535
0 0.7050454066349909 0.38274247829730695 0.019094320443960335 0.01909659459040715
0 0.5961027145385742 0.7619141798753005 0.032898976252629206 0.033075919518103965
0 0.4199106509868915 0.9452609282273513 0.05975077702448918 0.06089034447303185
0 0.5873913764953613 0.8776654463547927 0.07898147289569561 0.07898477407602164
0 0.6695519227247971 0.20734974054189828 0.01957555917593149 0.01938313704270583
0 0.732078478886531 0.5396725581242487 0.018140792846679688 0.01821591303898738
0 0.33282004869901216 0.06813209790449876 0.018234619727501504 0.01785168280968299
0 0.5479794648977426 0.4075607519883376 0.022538258479191706 0.0224459721491887
0 0.3362913131713867 0.9235864052405725 0.017635638897235576 0.017713253314678486
0 0.3390810306255634 0.8331675162682166 0.024842335627629206 0.024889725905198317
0 0.27648810239938587 0.9368456326998197 0.018021253439096305 0.01800537109375
0 0.7112743671123798 0.13032953555767351 0.016598628117487982 0.016355184408334587
0 0.41655797224778396 0.1115798675096952 0.017303026639498197 0.017083076330331657
0 0.6438809908353366 0.3899825903085562 0.02593847421499399 0.02599818889911358
0 0.5358638763427734 0.01624402518455799 0.017441676213191107 0.017618997738911554
0 0.5836880390460675 0.17435748760516828 0.019381596491887018 0.019205313462477464
0 0.5995441583486704 0.17628187399644119 0.018755105825570915 0.01868016903217022
0 0.7267046708327073 0.8962694314809946 0.019189981313852165 0.018845484806941107
0 0.46123178188617414 0.21732055223905122 0.019190861628605768 0.018961392916165866
0 0.4031689717219426 0.8312432215763972 0.024328085092397835 0.024818273691030648
0 0.3824769166799692 0.8276844024658203 0.01888443873478816 0.018890967735877402
0 0.5173958264864408 0.2962121596703163 0.016417429997370794 0.016353093660794772
0 0.7151638177724985 0.5660902903630183 0.01848426231971154 0.01867954547588642
0 0.5930040799654447 0.9108907993023212 0.01650663522573618 0.016880035400390625
0 0.49645101107083833 0.3843849622286283 0.02251155559833233 0.022844681373009317
0 0.6808580985436072 0.31035144512469953 0.01566138634314904 0.015479436287513146
0 0.5842708807725173 0.8384158794696515 0.016746961153470553 0.016672574556790866
0 0.5616264343261719 0.5030664664048415 0.026505250197190505 0.026213425856370192
0 0.4289941420921913 0.4141138516939603 0.028073604290301982 0.027983445387620192
0 0.7291485713078425 0.9091858497032752 0.018412956824669473 0.018405033991887018
0 0.5086230498093826 0.2745389204758864 0.019476963923527643 0.019002914428710938
0 0.5663309830885667 0.8242042248065655 0.015568219698392428 0.015401693490835337
0 0.38688501944908726 0.22212993181668794 0.01908727792593149 0.01924419403076172
0 0.6405255977924054 0.16541600227355957 0.016003975501427285 0.016298514146071214
0 0.5593333611121545 0.23151648961580718 0.014862794142503005 0.014900500957782451
0 0.6784007732684796 0.3618662907527043 0.015073336087740384 0.01529693603515625
0 0.3566408157348633 0.3953099250793457 0.016532164353590745 0.01665210723876953
0 0.3087972127474271 0.9129390716552734 0.02431620084322416 0.024640303391676683
0 0.6159499241755559 0.3410500379709097 0.025417657998891976 0.025324454674353965
0 0.6823452436006986 0.5343602987436148 0.01512454106257512 0.01520083500788762
0 0.687518046452449 0.8820075988769531 0.02032808157113882 0.019840240478515625
0 0.521664179288424 0.5418836887066181 0.022429392887995794 0.022364249596228965
0 0.5910033446091872 0.3418570298414964 0.02181397951566256 0.021291659428523138
0 0.4628443351158729 0.39993656598604643 0.020313849815955527 0.020640226510854866
0 0.7380156883826623 0.9679533151479868 0.016275552602914665 0.016248262845552884
0 0.6282551105205829 0.46390063946063703 0.013814779428335337 0.013726307795597957
0 0.2662526277395395 0.8960116459773138 0.017176701472355768 0.01713107182429387
0 0.3386351512028621 0.12050282038175143 0.017704596886268027 0.017296204200157754
0 0.3165600850031926 0.9403888995830829 0.026697287192711465 0.026568192702073317
0 0.6265323345477765 0.01740634670624366 0.015868553748497598 0.015628314935244046
0 0.7068071365356445 0.87591185936561 0.014856485220102163 0.014616306011493389
0 0.6439159099872296 0.22047901153564453 0.01399700458233173 0.013884397653432993
0 0.5233235725989709 0.7725196251502404 0.02339803255521334 0.023405808668870192
0 0.41422491807204026 0.8962700917170598 0.025631537804236777 0.025531622079702523
0 0.47563993013822115 0.9959498185377854 0.036159662099984974 0.007826291597806491
0 0.5014977088341346 0.4011710607088529 0.01716745816744291 0.017763798053448018
0 0.3708062171936035 0.8115212367131159 0.01657383258526142 0.01658806434044471
0 0.5435744799100436 0.7873323880709134 0.01739047123835637 0.017141195443960335
0 0.28717512350815994 0.9651141533484826 0.02451749948354868 0.024771470289963942
0 0.5654797920813928 0.7759217482346755 0.01911295377291166 0.019264808067908652
0 0.7487455514761118 0.7698732522817758 0.02688730680025541 0.034268892728365384
0 0.48194239689753604 0.36989505474384016 0.021987474881685697 0.021550985483022835
0 0.711664786705604 0.20490092497605544 0.022046602689302884 0.02274146446814904
0 0.670987422649677 0.09382823797372672 0.017743770892803486 0.017745164724496696
0 0.26642784705528844 0.05112928610581618 0.017938907329852764 0.01835177494929387
0 0.5561330868647649 0.9582971426156851 0.0160367672259991 0.01584801307091346
0 0.6512448237492487 0.8819151658278245 0.01447604252741887 0.014550135685847355
0 0.5873778416560247 0.42331167367788464 0.016556226290189303 0.01654228797325721
0 0.43439406615037185 0.8609918447641226 0.03146076202392578 0.03142841045673077
0 0.6972378217256986 0.9375531123234675 0.014817017775315505 0.01497650146484375
0 0.5607413145212027 0.7299388005183294 0.0505072520329402 0.05089158278245192
0 0.6940794724684495 0.3390516134408804 0.015181614802433895 0.01537337669959435
0 0.6030976222111628 0.023779914929316595 0.01420439206636869 0.014599167383634128
0 0.3950245197002704 0.8688642795269306 0.017514889056865986 0.017599986149714544
0 0.40265637177687424 0.5839111254765437 0.016100003169133112 0.015608640817495493
0 0.3270149230957031 0.8588967690101037 0.015319237342247596 0.01551070580115685
0 0.7402908618633564 0.8766759725717398 0.013928046593299279 0.014175708477313701
0 0.5094009546133188 0.13243550520676833 0.02553411630483774 0.025661340126624473
0 0.3314221088702862 0.4342299241286058 0.018979292649489183 0.018543096689077523
0 0.6557247455303485 0.4546985626220703 0.013805242685171274 0.013828130868765024
0 0.31201964158278245 0.439851687504695 0.021562796372633714 0.02157137944148137
0 0.35351269061748797 0.7722315421471229 0.060793509850135215 0.05828652015099159
0 0.4614268449636606 0.892367436335637 0.01986232170691857 0.019937661977914665
0 0.6700464395376352 0.25006730739886945 0.015855055588942308 0.015659919151893027
0 0.37927689919104945 0.8405256271362305 0.016000747680664062 0.016080269446739785
