0 0.2842278480529785 0.7290461613581731 0.06780954507681039 0.06758058988131009
0 0.5304585236769456 0.6917953491210938 0.06372349078838642 0.06397129939152645
0 0.7042023585392878 0.7896417471078726 0.03668623704176683 0.037026625413161054
0 0.7544005467341497 0.2826988513653095 0.039588634784405045 0.03919535416823167
0 0.30667917545025164 0.6804440571711614 0.028644855205829326 0.028906602125901442
0 0.6551660391000601 0.6717191842886118 0.03437717144305889 0.03460150498610277
0 0.20985988470224234 0.7997210575984075 0.019398982708270732 0.019366044264573317
0 0.26340414927555966 0.8138275880080003 0.022005227895883415 0.02205203129695012
0 0.24170336356529823 0.912204962510329 0.01906923147348257 0.01910987267127404
0 0.8076099982628455 0.3606013518113356 0.023925194373497598 0.023751478928786058
0 0.22127617322481596 0.7849540710449219 0.019474102900578424 0.019190274752103366
0 0.5449626629169171 0.8539322339571439 0.0245669438288762 0.02454405564528245
0 0.2575577222383939 0.3829466379605807 0.019492662869966947 0.019584142244779147
0 0.46831703186035156 0.4568301714383639 0.020487565260667067 0.02055527613713191
0 0.29004021791311413 0.8935215289776142 0.017497832958514873 0.017550835242638223
0 0.31818477924053484 0.6471577424269456 0.016375908484825723 0.016302989079402044
0 0.20168099036583534 0.6482105255126953 0.015947415278508112 0.015967735877403848
0 0.6747222313514123 0.9881175848153921 0.028246072622445915 0.020585133479191706
0 0.20876249900230995 0.7740146930401142 0.016302035405085638 0.016375321608323317
0 0.6063530995295598 0.9630889158982497 0.12095025869516227 0.07239371079664964
0 0.20751744050246018 0.5777073273291955 0.01674021207369291 0.016661864060621995
0 0.6323680144089919 0.9208335876464844 0.040102445162259616 0.04027498685396635
0 0.1567197579603929 0.7819501436673678 0.01710198475764348 0.0169830322265625
0 0.21537687228276178 0.6123941128070538 0.01592456377469576 0.01589657710148738
0 0.2450119715470534 0.720672607421875 0.021024227142333984 0.021277794471153848
0 0.1748944612649771 0.5704263540414664 0.01761652873112605 0.017475128173828125
0 0.23224914990938628 0.8858416630671575 0.017860265878530648 0.017824613131009616
0 0.1774148024045504 0.6547307234544021 0.018362962282620944 0.01834722665640024
0 0.25978642243605393 0.9877837254450872 0.022090324988731973 0.019738417405348558
0 0.274564082805927 0.9409846525925857 0.016741385826697715 0.016836166381835938
0 0.7683376899132361 0.3919307268582858 0.025495382455679085 0.02542275648850661
0 0.5893597236046424 0.9857518122746394 0.027822347787710335 0.024611546443058893
0 0.2326810359954834 0.6664744157057542 0.017756865574763372 0.017652511596679688
0 0.6307566716120794 0.25326648125281703 0.01898340078500601 0.01882171630859375
0 0.7715159196120042 0.08177354702582726 0.0237734867976262 0.023886955701387845
0 0.24276300577016977 0.9660009971031775 0.015718900240384616 0.015621772179236779
0 0.7743542010967548 0.9558893350454477 0.035860501802884616 0.03547815176156851
0 0.24507999420166016 0.7769580254187951 0.019759178161621094 0.01983026357797476
0 0.3188069783724271 0.30869212517371547 0.017196508554311898 0.017233848571777344
0 0.4913760698758639 0.20485280110285833 0.04055448678823618 0.03999592707707332
0 0.3203441913311298 0.7964735764723557 0.01478107158954327 0.014727959266075721
0 0.13872535412128156 0.7888454290536734 0.017409801483154297 0.01725284869854267
0 0.24143692163320687 0.6302397067730243 0.01663670173058143 0.016882823063777044
0 0.24118372110220102 0.6609702477088342 0.026109915513258714 0.02567467322716346
0 0.847372788649339 0.3483544129591722 0.014864848210261418 0.014836531419020433
0 0.5695046644944411 0.9184796259953425 0.03894189687875601 0.038804274338942304
0 0.7929443212655874 0.8878255990835336 0.06438651451697716 0.06288645817683293
0 0.6299068744365985 0.8424330491286057 0.03555477582491361 0.035221099853515625
0 0.25609408892118013 0.794468512901893 0.018681122706486628 0.01918337895320012
0 0.5720616854154147 0.6902144505427434 0.07980581430288461 0.08015001737154447
0 0.5484862694373498 0.5088768738966721 0.020512947669396035 0.020789219782902643
0 0.20849000490628755 0.8651200808011569 0.017285713782677285 0.017940521240234375
0 0.24404441393338716 0.6592476184551532 0.02138662338256836 0.02156521723820613
0 0.1678351622361403 0.856475096482497 0.018115483797513522 0.018245697021484375
0 0.3068580444042499 0.36158143557035005 0.016539243551400993 0.01713708730844351
0 0.3368539810180664 0.9278451479398288 0.01456436744103065 0.014402829683743991
0 0.633905997643104 0.916023694551908 0.03380584716796875 0.03364122830904447
0 0.25617093306321365 0.05453931368314303 0.014346636258638822 0.014319548240074744
0 0.8290924659142127 0.6778928316556491 0.041025015024038464 0.040910574106069714
0 0.31219728176410383 0.35654181700486404 0.03183247492863582 0.03108699505145733
0 0.16243806252112755 0.8772436288686899 0.01879127209003155 0.01886719923753005
0 0.622214464040903 0.8223153627835788 0.15897838885967547 0.16310471754807693
0 0.23430864627544695 0.2952743310194749 0.015657865084134616 0.015729427337646484
0 0.18797514988825872 0.9511472261868991 0.015825858482947715 0.015980060283954326
0 0.7790954296405499 0.896089113675631 0.032744187575120196 0.03224901052621695
0 0.13507616519927979 0.8069279010479267 0.015610621525691105 0.018727816068209134
0 0.24542104280911958 0.8358681752131536 0.015092703012319712 0.014907543475811299
0 0.8548971322866586 0.46762657165527344 0.02609106210561899 0.03073574946476863
0 0.1824047015263484 0.55325592481173 0.017485398512620192 0.01786635472224309
0 0.18212633866530198 0.68671021094689 0.014284720787635216 0.014280025775615986
0 0.7101846841665415 0.6898637918325571 0.035171802227313705 0.035883389986478366
0 0.5501952538123498 0.18906450271606445 0.08188262352576622 0.08073128186739408
0 0.6045194772573618 0.729157961331881 0.015398318950946514 0.015153444730318509
