0 0.5604946063115046 0.17330576823307917 0.04241488530085637 0.04263920967395489
0 0.9376427577092097 0.6590673006497897 0.04367608290452223 0.04338337824894832
0 0.6248665589552659 0.49028613017155576 0.03524428147536058 0.035298640911395736
0 0.9038314819335938 0.1701958179473877 0.03122887244591346 0.0313573617201585
0 0.7173354075505183 0.36323110873882586 0.03466180654672476 0.03429288130540114
0 0.8150268701406626 0.7059849959153396 0.031038724459134616 0.030921349158653848
0 0.2507790418771597 0.8313809908353366 0.030054532564603366 0.030252603384164665
0 0.5440379289480356 0.7550871922419622 0.02093674586369441 0.020864046536959134
0 0.2450714478125939 0.5771568004901593 0.029074925642747145 0.029095576359675482
0 0.35060699169452375 0.5221383021428034 0.024241814246544473 0.024325444148137018
0 0.9774194864126352 0.7217250237098107 0.024146006657527044 0.024379143348106973
0 0.18173885345458984 0.9041901368361253 0.020476854764498197 0.02053348834698017
0 0.8168924771822416 0.2912251399113582 0.02019662123460036 0.020087829002967246
0 0.08316859832176796 0.5599980721106896 0.020514382765843317 0.020436947162334736
0 0.33730107087355393 0.45212045082679164 0.023783537057729866 0.02401249225323017
0 0.36008710127610427 0.045185744762420654 0.019177803626427285 0.01933733316568228
0 0.06374709422771747 0.5040247256939228 0.025677882708035983 0.025771361130934495
0 0.9424343109130859 0.24149645291841948 0.020768385667067308 0.020823552058293268
0 0.1575316832615779 0.8511797831608698 0.0231631719149076 0.023172525259164665
0 0.5538579500638522 0.6025824546813965 0.01992005568284255 0.01994624504676232
0 0.17508886410639837 0.25704240798950195 0.021449712606576774 0.021260738372802734
0 0.39532169928917515 0.9237257150503305 0.019141270564152643 0.019115154559795674
0 0.18567569439227766 0.500278692979079 0.01826587090125451 0.018422640286959134
0 0.39671934567964995 0.6471253908597506 0.022629664494441107 0.022833604079026442
0 0.7558948810283954 0.48461231818565953 0.020388383131760817 0.020478468674879808
0 0.2125864395728478 0.37435274857741135 0.019046710087702826 0.019228715163010817
0 0.28232721182016224 0.9622028057391827 0.019732328561636116 0.01976189246544471
0 0.23920943186833307 0.18828208629901594 0.017767686110276442 0.017473881061260518
0 0.13885090901301458 0.33705726036658656 0.01685175528893104 0.017052723811222956
0 0.41780229715200573 0.032390087842941284 0.017560518704927884 0.017586015737973727
0 0.07978050525371845 0.673382832453801 0.016915949491354134 0.017173180213341348
0 0.8505476438082181 0.6876505338228666 0.022641108586237982 0.022762005145733174
0 0.7171164292555589 0.23938688865074745 0.018101618840144232 0.018262533041147087
0 0.8190626731285682 0.07247803302911612 0.017059913048377402 0.01711536370790922
0 0.21419946963970476 0.7906294602614182 0.016753013317401592 0.016701331505408652
0 0.17728774364177996 0.07855567565331092 0.018023087428166315 0.017836790818434495
0 0.25096471493060774 0.7919480250431941 0.01682699643648588 0.016993889441856973
0 0.47751837510329026 0.48791012397179234 0.01935467353233924 0.019265248225285456
0 0.3483909827012282 0.6999652569110577 0.017115446237417366 0.016917008620042067
0 0.5596110637371356 0.6630530724158654 0.01784031207744892 0.017844273493840143
0 0.32242037699772763 0.8219874455378606 0.016829564021183893 0.016772050123948317
0 0.7889144604022686 0.0612297195654649 0.015203622671274038 0.015307453962472769
0 0.33595683024479794 0.8416712834284856 0.018767870389498197 0.018498053917518027
0 0.22344442514272836 0.6488641592172476 0.01635089287391076 0.01651587853064904
0 0.6630869645338792 0.745796643770658 0.1547723916860727 0.16031323946439302
0 0.7729960221510667 0.43030085930457485 0.016921410193810098 0.017199589655949518
0 0.32777573512150693 0.783844727736253 0.016704559326171875 0.0167391850398137
0 0.19101414313683143 0.5939111709594727 0.016472559708815355 0.01650105989896334
0 0.7405423384446365 0.23367900114793044 0.016519839947040264 0.01648734166071965
0 0.9536738762488732 0.03078499436378479 0.01625237098106971 0.016130076004908636
0 0.8611607184776893 0.651153564453125 0.015165915855994591 0.015356797438401442
0 0.7193663670466497 0.21006375092726487 0.015528165377103366 0.015376971318171574
0 0.25925790346585786 0.4989939836355356 0.017516209528996393 0.017371177673339844
0 0.28090568689199596 0.15479012636037973 0.015050667982835036 0.015130043029785156
0 0.3242198870732234 0.9660309278048002 0.0219420653123122 0.02151005084698017
0 0.5503165171696589 0.3518172044020433 0.01554092994103065 0.015512833228478065
0 0.7447294822105994 0.056648240639613226 0.015143321110652043 0.015244337228628306
0 0.15501277263347918 0.5961399078369141 0.016290627993070163 0.01645807119516226
0 0.6152208034808819 0.07038401640378512 0.01819023719200721 0.01815317227290227
0 0.41730767029982346 0.3734268041757437 0.016396229083721455 0.01621723175048828
0 0.3307370405930739 0.43460251734806943 0.015571520878718449 0.015376604520357572
0 0.8553435252262995 0.29310041207533616 0.015543424166165866 0.01563582053551307
0 0.534786737882174 0.16930360060471755 0.014880913954514723 0.014832129845252404
0 0.008685266169217916 0.5080771079430213 0.016132945051560037 0.016086651728703424
0 0.49043930493868315 0.7277679443359375 0.01599421867957482 0.016022462111253005
0 0.8844444568340595 0.5154195932241586 0.015317623431865986 0.015341685368464543
0 0.3613794766939603 0.9930496215820312 0.021095716036283053 0.012432685265174279
0 0.5407940424405612 0.07532805662888747 0.01616815420297476 0.016028752693763144
0 0.9356824434720553 0.8983406653771033 0.015846105722280648 0.015750591571514424
0 0.46699193807748646 0.293294044641348 0.01718565133901743 0.016928489391620342
0 0.38296002608079177 0.3131132125854492 0.017654272226186898 0.017494806876549356
0 0.7295856475830078 0.031767732821978055 0.014619093674879808 0.01456838846206665
0 0.8288627771230844 0.13972540085132307 0.015358411348783053 0.015381574630737305
0 0.20362193767841047 0.06944494522534884 0.015184109027569111 0.015250600301302396
0 0.39180161402775693 0.33237435267521787 0.014458656311035156 0.014459756704477163
0 0.3131570082444411 0.4443008349492 0.017926656282865085 0.017957540658804085
0 0.8922042846679688 0.42035748408390927 0.015094463641826924 0.014946864201472355
0 0.3309783201951247 0.47396318729107195 0.01723641615647536 0.01721954345703125
0 0.3900620387150691 0.6705171144925631 0.014718422522911659 0.014742631178635817
0 0.5542659759521484 0.8387658779437726 0.01619720458984375 0.015780522273137018
0 0.06470783398701595 0.18025673352755034 0.015433073043823242 0.015288279606745793
0 0.4521188002366286 0.3443436622619629 0.014404003436748799 0.014503699082594652
0 0.7938932272104117 0.1930853403531588 0.014357346754807692 0.014249874995304989
0 0.6062507262596717 0.7349965755756085 0.015449744004469652 0.015661239624023438
0 0.8994941711425781 0.1444366345038781 0.018955524151141826 0.01886906990638146
0 0.41322091909555286 0.2299516751216008 0.015046779926006611 0.015092042776254507
0 0.1938935059767503 0.8444588000957782 0.013998471773587741 0.014202704796424279
0 0.32259390904353213 0.6652399209829477 0.015703788170447715 0.01572447556715745
0 0.5190709921029898 0.46416216630202073 0.013998471773587741 0.014432173508864183
0 0.6458973517784705 0.006826728009260618 0.02317047119140625 0.01325610394661243
0 0.5733383618868314 0.38053398865919846 0.019737977247971755 0.019715015704815205
0 0.9461457179142878 0.4933474980867826 0.015007459200345553 0.015058664175180288
0 0.48214054107666016 0.3919724684495192 0.014721503624549279 0.014952439528245192
0 0.6908464431762695 0.053795965818258434 0.014227793766902043 0.014114599961500902
0 0.575622925391564 0.2485208511352539 0.015079938448392428 0.015060058006873498
0 0.3156775694627028 0.42409199934739333 0.015012007493239183 0.014909010667067308
0 0.33248395186204177 0.9314893575815054 0.014216202955979567 0.014615572415865384
0 0.3588415292593149 0.574191533602201 0.014762144822340745 0.015021397517277645
0 0.47690391540527344 0.9324301939744216 0.01438456315260667 0.0141603029691256
0 0.8776620718149039 0.8427543640136719 0.013987907996544471 0.014200357290414663
0 0.32416637127216047 0.5598590557391827 0.014169106116661659 0.01410968487079327
0 0.8531834528996394 0.7340327042799729 0.02005797166090745 0.020023639385516826
0 0.28040409088134766 0.5921421784621018 0.01433878678541917 0.01455395038311298
0 0.36655437029325044 0.4930714460519644 0.01457368410550631 0.014765519362229567
0 0.5150888883150541 0.942177259005033 0.014572510352501502 0.014668097862830529
0 0.1282356702364408 0.5090119288517878 0.01449133799626277 0.014647263746995192
0 0.23250568830049956 0.146115963275616 0.016103671147273138 0.016048468076265775
0 0.03920320364145132 0.01515144338974586 0.014706210448191715 0.014449225022242619
0 0.33461702786959135 0.3149772057166466 0.015946168165940505 0.015789197041438177
0 0.6193782366239108 0.11905220838693473 0.014101468599759616 0.014144420623779297
0 0.7783618340125451 0.052324735201322116 0.013985413771409255 0.013851074072030874
0 0.49281993279090297 0.3880759019118089 0.019034605759840745 0.018378551189716045
0 0.5505282328679011 0.28087925910949707 0.024294486412635215 0.024329772362342246
0 0.9076422177828275 0.1149516013952402 0.017139141376201924 0.01713109016418457
0 0.7887912163367639 0.31985869774451625 0.01444244384765625 0.014664870042067308
0 0.1486994853386512 0.6805187372060922 0.0144346677339994 0.014479417067307692
0 0.3132773912869967 0.9603292758648212 0.014493282024676982 0.014492475069486178
0 0.12314490171579215 0.12479255749629094 0.014692306518554688 0.014489393967848558
0 0.39174307309664214 0.9824318519005408 0.013929660503680889 0.01375873272235577
0 0.42705323145939755 0.4118468211247371 0.015402280367337741 0.015904059776893027
0 0.5195145973792443 0.12424880724686843 0.0630657489483173 0.0639336475959191
0 0.6496386894812951 0.8557030604435847 0.014828021709735576 0.014646970308743991
0 0.4063990299518292 0.38004446029663086 0.015299210181603065 0.015411376953125
0 0.011752497691374559 0.7767759469839243 0.014400677039073063 0.014655186579777645
0 0.43843647149892956 0.27202441142155576 0.03208013681265024 0.031815528869628906
0 0.48656001457801235 0.5201171728280874 0.01360929929293119 0.013505495511568509
0 0.7641723339374249 0.31827596517709583 0.01388256366436298 0.014076452988844652
0 0.6658876859224759 0.21823607958280122 0.014542212853064904 0.014316925635704627
0 0.78454956641564 0.023967846081807062 0.01390369121844952 0.014180137560917782
0 0.3160653847914476 0.7611085451566256 0.014968138474684495 0.014901087834284855
0 0.38205755673922026 0.9920890514667218 0.017720589270958535 0.013879335843599759
0 0.6004882225623498 0.049248236876267656 0.01465305915245643 0.014811277389526367
0 0.9678931603064904 0.3848093839792105 0.014432173508864183 0.01438280252309946
0 0.5242565595186673 0.713596930870643 0.015932816725510817 0.015531833355243389
0 0.15190726060133714 0.7330916478083684 0.014284830826979417 0.014342968280498799
0 0.87085327735314 0.13889809755178598 0.013281161968524639 0.013431622431828426
0 0.3917485017042894 0.49394710247333234 0.013482020451472355 0.013440865736741286
0 0.21261398608867937 0.9208127535306491 0.01328123532808744 0.01345062255859375
0 0.9576078561636118 0.49876880645751953 0.014687171349158654 0.014426891620342549
0 0.09318061975332406 0.5376457801231971 0.013953502361591045 0.013677010169396034
0 0.8382468590369592 0.11448475030752328 0.014843573937049279 0.01484830562884991
