0 0.6782056368314303 0.3789975826556866 0.0640261723445012 0.06433765704815204
0 0.7988510865431565 0.8372477751511794 0.07307272690993089 0.07290488023024339
0 0.6664754427396334 0.6502601916973407 0.05260731623722957 0.05287610567533053
0 0.19050115805405837 0.44414542271540713 0.04923105239868164 0.04895356985238882
0 0.7378323628352239 0.6555796403151292 0.04835921067457933 0.048372121957632214
0 0.7695198059082031 0.4836903718801645 0.04695686927208534 0.04696017045241136
0 0.7225067432110126 0.4376207131605882 0.08731651306152344 0.08806852193979117
0 0.3774213424095741 0.4857322619511531 0.05391707787146935 0.05471677046555739
0 0.4292237942035382 0.31902507635263294 0.033796530503493086 0.03381435687725361
0 0.012388084943477925 0.4483772424551157 0.02485861686559824 0.03302082648644081
0 0.8832686497614934 0.6622445033146784 0.025365242591271035 0.02535864023061899
0 0.8773979773888221 0.42998101161076474 0.04123394305889423 0.041193448580228366
0 0.4286320759699895 0.6734409332275391 0.03545291607196514 0.035574692946213946
0 0.9013920563917893 0.5414786338806152 0.04436507591834435 0.0446162590613732
0 0.08189694698040302 0.970546135535607 0.02714399191049429 0.027163578913762018
0 0.15275771801288313 0.6290077062753531 0.03185712374173678 0.03185580326960637
0 0.8307512723482572 0.41449763224675107 0.05909993098332332 0.05988370455228365
0 0.5728596173799955 0.8938175348135141 0.02241237346942608 0.022319646982046273
0 0.41772053791926456 0.5109188373272235 0.03159200228177584 0.03166360121506911
0 0.14771795272827148 0.9675224744356595 0.03313163610605093 0.03303747910719652
0 0.8075929054847131 0.7882096217228816 0.025916319627028245 0.026032081017127402
0 0.30547413459190953 0.5980117504413311 0.019460164583646335 0.019453048706054688
0 0.4214604451106145 0.5544721163236178 0.0268399165226863 0.0270077632023738
0 0.9887530253483698 0.20206407400277945 0.02211761474609375 0.027448030618520882
0 0.3516182532677284 0.2928915023803711 0.020388089693509616 0.020205314342792217
0 0.009068973935567416 0.9351586561936599 0.018160886489428006 0.022011390099158652
0 0.18351584214430589 0.28319599078251767 0.020575486696683444 0.020437277280367337
0 0.5820472057049091 0.6480404780461237 0.018334462092472956 0.01836395263671875
0 0.9046444526085486 0.22297286987304688 0.017839578481820915 0.017955559950608473
0 0.022150000700583823 0.8798769437349759 0.025176396736731894 0.02527457017164964
0 0.7128526247464694 0.9181889020479642 0.09555713947002704 0.09725321256197415
0 0.8616165748009315 0.9887777475210336 0.01824643061711238 0.017543792724609375
0 0.21772021513718826 0.6382212272057166 0.017456568204439603 0.0175173832820012
0 0.8992759264432467 0.6198364404531626 0.02013059762807993 0.020058265099158652
0 0.5959686866173377 0.46931963700514573 0.028523958646334134 0.028615951538085938
0 0.10587870157681979 0.4801502594581017 0.027566836430476263 0.027436549846942607
0 0.9605687948373648 0.6573464320256159 0.018070074228140023 0.018049093393179085
0 0.2790648020230807 0.3604136246901292 0.01777047377366286 0.017547607421875
0 0.03144228687653175 0.7360175206111028 0.018017195738278903 0.01790589552659255
0 0.6991516260000376 0.493406002338116 0.027014805720402643 0.027067918043870192
0 0.018765533199677102 0.39571483318622297 0.03766239835665776 0.09440891559307392
0 0.6597495445838342 0.4751879618718074 0.01691436767578125 0.01690365717961238
0 0.12221388633434589 0.2616267204284668 0.028240772394033577 0.02846042926494892
0 0.300777398622953 0.42223358154296875 0.03301561795748197 0.0333406741802509
0 0.6413685725285456 0.3196887236375075 0.01701941856971154 0.016651740440955527
0 0.052782063300792985 0.15438131185678336 0.018718169285700872 0.01877007117638221
0 0.9738242809589093 0.5507361338688777 0.03423778827373798 0.03431481581467848
0 0.9381700662466196 0.5145858617929312 0.030108085045447715 0.029907373281625602
0 0.9524395282451923 0.5757962373586801 0.030681610107421875 0.03035112527700571
0 0.12894230622511643 0.6317601570716271 0.016372203826904297 0.016594373262845553
0 0.9844260582557092 0.14110570687514085 0.018934103158804085 0.018995064955491286
0 0.9882924006535456 0.5269136795630822 0.023149930513822116 0.03850555419921875
0 0.9679889678955078 0.5881081361037034 0.032265002910907455 0.032489629892202526
0 0.040737422612997204 0.755406746497521 0.02038433001591609 0.020454993614783652
0 0.13270883376781756 0.45563393372755784 0.04413496530972994 0.04408968411959135
0 0.1444183588027954 0.06654069973872258 0.02130271838261531 0.021391006616445687
0 0.4564817135150616 0.309993340418889 0.018142260037935697 0.017933478722205527
0 0.24470156889695388 0.47704073098989636 0.017719122079702523 0.017699314997746393
0 0.877507576575646 0.3528923988342285 0.01942018362192007 0.01950836181640625
0 0.5008946932279147 0.1732817796560434 0.016552264873798076 0.01649159651536208
0 0.46653292729304385 0.3996593768780048 0.01662577115572416 0.017264292790339544
0 0.8385033240685096 0.3914505885197566 0.022968879112830527 0.02259239783653846
0 0.6613671229435847 0.5700708169203538 0.027985499455378607 0.02795754946195162
0 0.8126649856567383 0.4353651266831618 0.019190128032977764 0.019742525540865384
0 0.35444061572735125 0.4341126588674692 0.04421586256760817 0.04449330843411959
0 0.4054238979633038 0.4477398212139423 0.03011806194598858 0.03022149892953726
0 0.479248780470628 0.4790196785560021 0.025241998525766227 0.025373018704927884
0 0.2170531566326435 0.6057046009944036 0.016650933485764723 0.01670184502234826
0 0.550059648660513 0.6769159757173978 0.015530953040489784 0.015610034649188701
0 0.7699960561899039 0.7794562119704026 0.04944419860839844 0.05042002751277043
0 0.006045603981384864 0.27824190946725696 0.012042203774819007 0.0180207399221567
0 0.5373956973736103 0.8885251558743991 0.01687035193810096 0.01713385948768029
0 0.25304744793818545 0.35395050048828125 0.019411857311542217 0.019383943997896634
0 0.6575496380145733 0.49704669072077823 0.019434268657977764 0.019502933208759014
0 0.8110593649057242 0.4848955594576322 0.027217864990234375 0.027165926419771634
0 0.45139349423922026 0.37507152557373047 0.016082763671875 0.016312085665189303
0 0.8467041895939753 0.49834911639873797 0.039718334491436295 0.03986006516676683
0 0.5833423321063702 0.4382654336782602 0.0613550039438101 0.061499522282527044
0 0.4723066183236929 0.4117671526395358 0.049133667579064004 0.05001273522010216
0 0.925133044903095 0.2272186279296875 0.016520280104417067 0.016671034005972054
0 0.31303948622483474 0.6483664145836463 0.027042113817655124 0.02727669935960036
0 0.6304221520057092 0.30553322571974534 0.02006384042593149 0.020164856543907754
0 0.7442213205190805 0.3221901013300969 0.033582100501427285 0.03393906813401442
0 0.9116535186767578 0.4981269102830153 0.023706582876352165 0.023970750661996696
0 0.45449308248666614 0.1694779762854943 0.015522443331204928 0.01568009303166316
0 0.9823667086087741 0.2596608308645395 0.0160064697265625 0.016101286961482122
0 0.8950072068434495 0.37156317784236026 0.025538517878605768 0.025986744807316706
0 0.48432372166560245 0.5393508030818059 0.020197208111102764 0.020295069767878607
0 0.6003864728487455 0.7271892841045673 0.10915902944711539 0.11084541907677284
0 0.11353484483865592 0.4190200658944937 0.029865833429189827 0.02970299353966346
0 0.49147268442007214 0.3850826850304237 0.01506511981670673 0.015142440795898438
0 0.8788089018601638 0.8083835014930139 0.030267715454101562 0.030100602370042067
0 0.9275101881760818 0.25888593380267805 0.028996394230769232 0.029308612530048076
0 0.9605682079608624 0.5317781154926007 0.03138879629281851 0.03096947303185096
0 0.9556294954740084 0.17013865250807542 0.017085148737980768 0.01699939140906701
0 0.6191098873431866 0.34004493860098034 0.017865401047926683 0.017926582923302285
0 0.5167044859666091 0.39328802548922026 0.020844019376314603 0.020899112407977764
0 0.6297892790574294 0.43538214610173154 0.026314662053034857 0.026218927823580228
0 0.41150346169104945 0.2653546149914081 0.01625963357778696 0.01618510026198167
0 0.9484321887676532 0.8543713643000677 0.014974153958834134 0.01518704341008113
0 0.2788039720975436 0.8831939697265625 0.02308764824500451 0.023158733661358174
0 0.5303429823655349 0.590489387512207 0.02054882049560547 0.020856637221116286
0 0.9654086186335638 0.18026449130131647 0.016261467566856973 0.016194563645582933
0 0.03940490575937124 0.9458946814903846 0.015300551286110511 0.015524350679837741
0 0.8247919816237229 0.3763555380014273 0.017506819504957933 0.01752310532789964
0 0.22290923045231745 0.7880863776573768 0.01705301724947416 0.01701633746807392
0 0.8515322758601263 0.7557480151836689 0.015291360708383413 0.015615316537710337
0 0.3403025407057542 0.4863188083355243 0.017897825974684495 0.018088854276216947
0 0.5216782643244817 0.888043476985051 0.015191591702974759 0.015435145451472355
0 0.7869183466984675 0.3265579296992375 0.017667623666616585 0.01767620673546424
0 0.5473184585571289 0.8501784984882061 0.015041498037484976 0.015117058387169471
0 0.265932559967041 0.41555092884944034 0.014683870168832632 0.014755615821251502
0 0.2660361069899339 0.5600756131685697 0.016222366919884317 0.015970230102539062
0 0.44596187884990984 0.7158621274507962 0.024782694303072415 0.025289388803335335
0 0.2347223575298603 0.33387327194213867 0.014886782719538761 0.014906076284555288
0 0.4050174126258263 0.566387836749737 0.015952623807466947 0.016312232384314902
0 0.6168679457444411 0.29749433810894305 0.014122926271878757 0.014345645904541016
0 0.09451657992142898 0.3958447529719426 0.03484991880563589 0.03496140700120192
0 0.8801768376277044 0.7106217604417068 0.014567741980919471 0.014436281644381009
0 0.9660933567927434 0.5084349192105807 0.024550804725060098 0.024619102478027344
0 0.009352379120313205 0.5116935876699594 0.017124756024434015 0.01749596228966346
0 0.9779605865478516 0.47975488809438854 0.01689001230093149 0.017337652353140023
0 0.3916042401240422 0.32133278479942906 0.01751855703500601 0.017467205341045674
0 0.877886698796199 0.5767444463876578 0.017848821786733773 0.017903254582331732
0 0.7580370536217322 0.5257527278019831 0.01919408944936899 0.01950205289400541
0 0.7762435032771184 0.512354850769043 0.025536757249098558 0.025751260610727165
0 0.46836530245267427 0.6581555880033053 0.020580878624549277 0.020590562086838942
0 0.6652190135075495 0.16739245561453012 0.015059397770808293 0.01502055388230544
0 0.6501943148099459 0.5339580315809983 0.02194037804236779 0.021909567025991585
0 0.2408563907329853 0.8907620356633112 0.022187489729661208 0.022095900315504808
0 0.017461607089409463 0.501049701984112 0.016722472814413216 0.016709254338191107
0 0.412260495699369 0.29464325538048375 0.014052317692683293 0.013927459716796875
0 0.15948249743534967 0.5912261009216309 0.014136094313401442 0.01425633063683143
0 0.04670413640829233 0.4828798954303448 0.019885849494200487 0.020201389606182393
0 0.5853944558363694 0.009491340472148014 0.015006505526029147 0.014971017837524414
0 0.7754629575289212 0.4101407711322491 0.014131692739633413 0.014326829176682692
0 0.48883548149695766 0.44748662068293643 0.013837374173677884 0.013751763563889723
0 0.37207922568688023 0.3529449242811937 0.027635867779071514 0.028298231271597054
0 0.24505330966069147 0.4187919543339656 0.014971439655010518 0.014979802645169772
0 0.06041610240936279 0.4575195679297814 0.014295376264131986 0.014464891873873197
0 0.39704689612755406 0.372314636523907 0.019234437208909255 0.019132687495304987
0 0.025717808650090143 0.541729633624737 0.018898706023509685 0.019044876098632812
0 0.7894081702599158 0.5246686935424805 0.015273167536808895 0.015005405132587139
0 0.7285502507136419 0.3533803132864145 0.02190223106971154 0.022197943467360277
0 0.9969208057110126 0.184890105174138 0.00601049569936899 0.019085040459266074
0 0.5163913873525766 0.007469858687657576 0.01830137692964994 0.014163912488864018
0 0.2894932673527644 0.8678654890794021 0.015362739562988281 0.015415778526893029
0 0.32594915536733776 0.43399293606097883 0.024271158071664665 0.02517083974984976
0 0.6092257866492639 0.5781835409311148 0.016416549682617188 0.016578821035531852
0 0.5279726248521072 0.46722148014948917 0.01632206256573017 0.016028184157151442
0 0.3276668328505296 0.5299821266761193 0.013629619891826924 0.013754551227276143
0 0.07855595075167142 0.03444404785449688 0.014329217947446383 0.014419647363516001
0 0.8064500368558444 0.32466650009155273 0.020236382117638223 0.020224938025841348
0 0.26587427579439604 0.7103338241577148 0.05626076918381911 0.056389882014347956
0 0.07340390407122098 0.4176100217379056 0.019431783602787897 0.019164012028620794
0 0.5123571982750525 0.6135832713200495 0.015440280620868389 0.015512172992412861
0 0.8151832727285532 0.763885498046875 0.01549221919133113 0.0156097412109375
0 0.30999121299156773 0.5750692807711087 0.017218369704026442 0.01724419227013221
0 0.5348628851083609 0.4303741821875939 0.0719134990985577 0.0720676275400015
0 0.6247410407433143 0.5071362348703238 0.015715672419621393 0.01556711930495042
0 0.8360291994535006 0.362092348245474 0.026850480299729567 0.026047413165752705
0 0.6860936971811148 0.5709084730881911 0.016016740065354567 0.016071906456580527
0 0.9221872182992789 0.58726743551401 0.014693626990685096 0.014590850243201623
0 0.9632181754479041 0.7006517556997446 0.02010932335486779 0.020184736985426683
0 0.49465216123140776 0.43499003923856294 0.015765923720139723 0.015922693105844352
0 0.4840262853182279 0.01794323095908532 0.015482095571664663 0.01579152620755709
0 0.5379507725055401 0.37343524052546573 0.025539471552922174 0.025415567251352165
0 0.6551466721754807 0.9143732511080228 0.015214479886568509 0.015228564922626201
0 0.9512304159311148 0.4141833965594952 0.021830338698167067 0.02200742868276743
0 0.7865434793325571 0.7410551217886118 0.04165942852313702 0.041793529803936295
0 0.4411100974449745 0.8853765634390024 0.013563156127929688 0.013637249286358174
0 0.46611345731295073 0.32534525944636417 0.015995612511268027 0.015637911283052884
0 0.4443193949185885 0.3925938239464393 0.0190734129685622 0.019942063551682692
0 0.16053826992328352 0.7702523745023288 0.01677219684307392 0.01620762164776142
0 0.43006075345552885 0.3822042758648212 0.023545045119065505 0.023893356323242188
0 0.9527771289532001 0.2984864344963661 0.014979729285606971 0.015025762411264272
0 0.04659391825015728 0.8130862896259015 0.04962022487933819 0.04879496647761418
0 0.5546245574951172 0.10624502255366398 0.013750736530010518 0.013583183288574219
0 0.032068536831782415 0.5728045243483323 0.020551112981942985 0.020620346069335938
0 0.05053916344275841 0.8481330871582031 0.04182878824380728 0.03976880587064303
0 0.6511801939744216 0.5304041642409104 0.023939866286057692 0.024423745962289665
0 0.8263009144709661 0.5557216497567984 0.026212398822490986 0.026809545663686898
0 0.555641981271597 0.6588932917668269 0.018025324894831732 0.01809413616473858
0 0.772251716026893 0.6410705859844501 0.016465407151442308 0.016574712900015023
0 0.8239795978252704 0.7365124042217548 0.04435876699594351 0.04498026921198918
0 0.4512205123901367 0.6249708762535682 0.013617662283090444 0.013507989736703726
0 0.9185425685002253 0.18068706072293794 0.013718238243689904 0.013822995699368991
0 0.695065424992488 0.7950417445256159 0.01672495328463041 0.016681377704326924
0 0.34552255043616664 0.1403331756591797 0.01436321551983173 0.014379941500150241
0 0.46640535501333386 0.3284720274118277 0.017547607421875 0.01770356985238882
0 0.37109514383169323 0.33474217928372896 0.015403527479905348 0.0162356450007512
0 0.0834191028888409 0.44115719428429234 0.028959709864396315 0.028667743389423076
0 0.08873611230116624 0.8204287015474759 0.029771213348095234 0.029889620267427884
0 0.01107899730022137 0.9809907766488882 0.014331946006188026 0.014115260197566105
0 0.7222059690035306 0.7636444385235126 0.017859825721153848 0.017804365891676683
0 0.7634633137629583 0.6342474130483774 0.23174535311185396 0.22649438564593977
0 0.5732340445885291 0.5854844680199256 0.03192212031437801 0.03187003502478966
0 0.4551689074589656 0.6053528418907752 0.02071857452392578 0.020891336294320915
0 0.7114714842576247 0.3479601786686824 0.013911173893855168 0.013948367192195011
0 0.35995747492863583 0.7839070833646334 0.01430819584773137 0.014338126549353966
0 0.6521420845618615 0.425927602327787 0.020225965059720553 0.019724332369290866
0 0.5076631399301382 0.55364440037654 0.01881261972280649 0.018942612868088942
0 0.21331928326533392 0.972468742957482 0.022390475639930137 0.022661795982947715
0 0.2054424652686486 0.017407829944904033 0.016256038959209736 0.016406921239999626
0 0.5925426483154297 0.9878381582406851 0.020490719721867487 0.01930999755859375
0 0.9808034163254958 0.9329936687762921 0.014056572547325721 0.013845297006460337
0 0.06562388860262357 0.3797682248629056 0.027330673657930814 0.027698370126577523
0 0.575230965247521 0.1274634966483483 0.013753304114708534 0.013885186268733097
0 0.7183314103346604 0.5400626475994403 0.01663794884314904 0.01634979248046875
