0 0.4064624492938702 0.4401227144094614 0.05650799091045673 0.05641929919903095
0 0.4364781012901893 0.8557553658118615 0.0724780742938702 0.07227472158578727
0 0.6817877842829778 0.5655132440420297 0.04017727191631611 0.0404058603140024
0 0.5926024730388935 0.0924231639275184 0.05988597869873047 0.059667766094207764
0 0.40378225766695464 0.14168414702782264 0.04053717393141527 0.04048728942871094
0 0.6858174250676081 0.969509271474985 0.045843857985276446 0.04582815903883714
0 0.313690919142503 0.5698999258188101 0.030173741854154147 0.029909867506760817
0 0.4899768829345703 0.7642012376051682 0.020743883573091947 0.020614183866060697
0 0.7024832505446214 0.9374020649836614 0.034508778498722956 0.0367279052734375
0 0.32100743513840896 0.5477154071514423 0.01980429429274339 0.019797471853402946
0 0.6992538158710186 0.9005740239070013 0.03137529813326322 0.03118280264047476
0 0.644961797274076 0.6361369353074294 0.01962705758901743 0.019553551307091348
0 0.3119279421292819 0.04617328827197735 0.030474130923931416 0.0302675160077902
0 0.4865673872140738 0.3773380426260141 0.020081153282752402 0.020426823542668268
0 0.40876601292536807 0.6583220408512995 0.021939937884990986 0.02195460979755108
0 0.43013704740084135 0.714472403893104 0.02101590083195613 0.021047152005709134
0 0.30230008638822115 0.23456037961519682 0.01978279994084285 0.01957244139451247
0 0.6166965778057392 0.7678166902982272 0.019255968240591195 0.019437643197866585
0 0.35524654388427734 0.7832356232863206 0.02765934283916767 0.028572816115159255
0 0.5185864521906927 0.1222236156463623 0.024939463688777044 0.0250246341411884
0 0.37514180403489333 0.6140651702880859 0.01728028517503005 0.017230694110576924
0 0.6101448352520282 0.9630830471332257 0.018097363985501803 0.018117611224834736
0 0.28782437397883487 0.7961594508244441 0.02024232424222506 0.021459139310396634
0 0.33399119743934047 0.7791853684645432 0.024952228252704326 0.024757972130408652
0 0.6138043770423303 0.6697907081017127 0.017479089590219352 0.017115959754356973
0 0.42691700275127703 0.9669651618370643 0.019137749305138223 0.01912542489858774
0 0.41389201237605167 0.04026784346653865 0.01956653594970703 0.019342901614996102
0 0.3038662396944486 0.31276365426870495 0.01579592778132512 0.015623679527869591
0 0.6175439541156476 0.8732697413517878 0.016512503990760215 0.01658483651968149
0 0.580689393557035 0.3539280524620643 0.01725292205810547 0.017196141756497897
0 0.4548496833214393 0.6840220231276292 0.019953214205228366 0.019901569073016826
0 0.4374874555147611 0.008896508469031407 0.020065160898061898 0.01672721252991603
0 0.32939852201021635 0.7506710932804987 0.02014292203463041 0.02028656005859375
0 0.41191886021540713 0.35462012657752406 0.022102796114408053 0.022288029010479268
0 0.6849510486309345 0.8259763717651367 0.018026205209585335 0.01801138657789964
0 0.7083241389347956 0.6918295346773587 0.01939846919133113 0.019835545466496393
0 0.5619845390319824 0.12290048599243164 0.03171084477351262 0.03131327262291542
0 0.3673090934753418 0.39144075833834135 0.018642352177546576 0.018443180964543268
0 0.5840129852294922 0.7859020233154297 0.019198270944448616 0.019457450279822715
0 0.7051517046414889 0.592059062077449 0.02142333984375 0.021664986243614785
0 0.6923982180081881 0.4925325100238507 0.014832716721754808 0.014808067908653846
0 0.6030263900756836 0.5401075803316556 0.015687942504882812 0.015575188856858473
0 0.3960266846876878 0.26296910872826207 0.02031546372633714 0.020519586709829476
0 0.5797664568974421 0.2777046790489784 0.045993878291203424 0.04489355820875902
0 0.7102129275982196 0.6190002881563627 0.018609267014723558 0.020204837505634014
0 0.39211265857403094 0.9462221585787259 0.2171657268817608 0.10718272282527043
0 0.6325435638427734 0.04052834327404316 0.022293237539438102 0.02236041885155898
0 0.6657180786132812 0.7487990305973933 0.01882200974684495 0.018966234647310697
0 0.6483924572284405 0.06974700322517982 0.051431509164663464 0.05106800336104173
0 0.6956594173724835 0.025071098254277155 0.020235501802884616 0.02041853849704449
0 0.4429513124319223 0.06408582742397602 0.017558831434983473 0.01743630262521597
0 0.3369021415710449 0.04066931284390963 0.016549403850848857 0.01664537420639625
0 0.6129070061903733 0.12883859414320725 0.015709436856783353 0.015525139295137845
0 0.47132271986741286 0.22120149318988508 0.017921887911283053 0.01775704897367037
0 0.41573891272911656 0.30084551297701323 0.03217770503117488 0.03186996166522686
0 0.5721591069148138 0.976868409376878 0.018060977642352764 0.018125093900240384
0 0.4949845534104567 0.048296836706308216 0.014622028057391826 0.014525019205533542
0 0.6545503322894757 0.2012955225431002 0.014465625469501201 0.014585348275991587
0 0.4866038102370042 0.9148348294771634 0.023252193744365986 0.023117945744441107
0 0.5017553476186899 0.3677979249220628 0.016631346482496995 0.016367398775540866
0 0.3827053950383113 0.3890798275287335 0.015908167912409857 0.01623395773080679
0 0.39696744772104114 0.3545812460092398 0.014825527484600361 0.015176039475661058
0 0.31781768798828125 0.44732112150925857 0.01690057607797476 0.016964105459359977
0 0.2917819573329045 0.7055713947002704 0.015301814446082482 0.015318063589242788
0 0.28809386033278245 0.5850235865666316 0.01499623518723708 0.015648695138784554
0 0.4744710922241211 0.12590907170222357 0.04154410729041466 0.040910995923555814
0 0.5207698161785419 0.9818077087402344 0.04187495891864483 0.03603979257436899
0 0.7092004189124475 0.3814903405996469 0.013378730187049279 0.016182312598595254
0 0.3344538395221417 0.31850855167095476 0.02292911822979267 0.02327882326566256
0 0.34102909381573016 0.018573517982776348 0.014814670269305889 0.014629666621868428
0 0.5174414561345027 0.19409641852745643 0.01672187218299279 0.016297267033503607
0 0.3617576452401968 0.8709496718186599 0.0248870849609375 0.025615985576923076
0 0.4341692557701698 0.07604600833012508 0.015370735755333534 0.015238743561964769
0 0.7014512282151443 0.7631340026855469 0.021041283240685098 0.021091607900766227
0 0.6555041533250076 0.6107814495380108 0.02084776071401743 0.021636522733248197
0 0.5245216076190655 0.9141696049616888 0.038682790902944714 0.038736196664663464
0 0.6079084323002741 0.4373478889465332 0.014166318453275241 0.014455428490271935
0 0.40106091132530797 0.38150691986083984 0.022604868962214544 0.022789588341346152
0 0.7020658346322867 0.05111938256483812 0.026068614079402044 0.03430029062124399
0 0.30397914006159854 0.6524994923518255 0.014063394986666165 0.014283547034630409
0 0.5423297882080078 0.9417162675123948 0.01725314213679387 0.01746852581317608
0 0.6665681692270132 0.7334302755502554 0.024005009577824518 0.02346185537484976
0 0.6639056572547326 0.9923679645244892 0.024027897761418268 0.01430526146521935
0 0.4862985610961914 0.06591358551612267 0.0137327634371244 0.013819483610299917
0 0.49745412973257214 0.181241695697491 0.014844894409179688 0.014910037700946514
0 0.500880608191857 0.5270937039301946 0.062029471764197715 0.06216093210073618
0 0.6232529420119065 0.5544863847585825 0.02550477247971755 0.025207372812124398
0 0.36528374598576474 0.013979813227286706 0.014483965360201322 0.014552937104151798
0 0.6903106249295748 0.17502863590533918 0.04175362220177284 0.0426180179302509
0 0.5336249424861028 0.6834716796875 0.01563130892240084 0.01582967318021334
0 0.6172307087824895 0.11586732130784255 0.016222586998572715 0.016435843247633714
0 0.3413704358614408 0.8472080230712891 0.014081954956054688 0.014064788818359375
0 0.3781133798452524 0.1094983174250676 0.014478976909930889 0.014946937561035156
0 0.5719036689171424 0.057256767382988565 0.021362744844876803 0.020411042066720817
0 0.32065332852877104 0.4483952889075646 0.02135496873121995 0.020929263188288763
0 0.6630796285775992 0.14960822692284217 0.04599204430213341 0.04641111080463116
0 0.6140583478487455 0.8284222529484675 0.017742743858924277 0.017763577974759616
0 0.29208091589120716 0.014749452471733093 0.013963039104755107 0.017109543085098267
0 0.30101680755615234 0.334414005279541 0.036749106187086836 0.042148443368765026
0 0.5447827119093674 0.2999192201174222 0.017990699181189902 0.017906592442439154
0 0.6543400104229267 0.5457051717318021 0.017611870398888223 0.01807748354398287
