0 0.7446897946871244 0.24623463704035833 0.04376704876239483 0.043509263258713946
0 0.3899696056659405 0.9257915203387921 0.027447920579176683 0.02723840566781851
0 0.9453795506403997 0.9617896446814904 0.024760906512920674 0.024846883920522835
0 0.7476999576275165 0.5777405958909255 0.027945738572340745 0.028495201697716348
0 0.4952719028179462 0.05502594892795269 0.022469593928410456 0.022774540461026706
0 0.3952027834378756 0.7851302073552058 0.024303142841045674 0.024180779090294473
0 0.5663207861093374 0.16503069950984076 0.027215224045973558 0.02743071776169997
0 0.28534614122830904 0.32259530287522536 0.02053216787484976 0.020501356858473558
0 0.9842373774601862 0.6602054742666391 0.031171211829552285 0.04149436950683594
0 0.33372167440561146 0.7382510258601263 0.02158517103928786 0.02188843947190505
0 0.4943070411682129 0.5655962870671198 0.02436058337871845 0.02439425541804387
0 0.1487718545473539 0.4552211027878981 0.042656935178316556 0.042360745943509616
0 0.20030914820157564 0.41544650151179385 0.03429720951960637 0.03418731689453125
0 0.5351447325486404 0.6157001348642203 0.020269467280461237 0.020165223341721755
0 0.17797228006216195 0.43530537531926083 0.02344799041748047 0.023460241464468148
0 0.11687802351438083 0.4969426668607272 0.02100680424616887 0.021137530987079326
0 0.5813338206364558 0.6038073026216947 0.024236385638897236 0.0244442866398738
0 0.7446946364182693 0.9770936232346755 0.026141240046574518 0.0262451171875
0 0.009603013212864216 0.3095868917611929 0.018790410115168646 0.01949792641859788
0 0.5796010677631085 0.4748714887178861 0.02165853060208834 0.021523182208721455
0 0.3054206921504094 0.7556146474984976 0.017823072580190804 0.017836937537560098
0 0.14442094472738412 0.017781928181648254 0.022482816989605244 0.02265881345822261
0 0.301051690028264 0.3914379339951735 0.027399429908165567 0.02717289557823768
0 0.07012936702141395 0.12327208885779747 0.019056998766385592 0.018982887268066406
0 0.6724905600914588 0.03182480426935049 0.022490574763371393 0.02229918883397029
0 0.37521002842829776 0.3895165736858661 0.026627320509690505 0.026174618647648737
0 0.7184002216045673 0.11083373656639686 0.0175173832820012 0.017532532031719502
0 0.018187334904303916 0.7852102426382211 0.017945660994603083 0.018021803635817308
0 0.18314858583303598 0.9432194049541767 0.018397734715388372 0.018365859985351562
0 0.48262684161846453 0.4928508171668419 0.01642740689791166 0.01651932643010066
0 0.6015781255868765 0.2527877367459811 0.01622141324556791 0.015970303462101862
0 0.973553364093487 0.5808095198411208 0.02881035437950721 0.028859945443960335
0 0.349362666790302 0.3752421599168044 0.03259776188777043 0.032944752619816706
0 0.674215683570275 0.5202897511995755 0.016735370342548076 0.01692955310528095
0 0.7328563836904672 0.023370004617250882 0.019705845759465143 0.019625113560603216
0 0.35614490509033203 0.35555509420541614 0.03931749784029447 0.0391693115234375
0 0.8204753582294171 0.9086707188532903 0.016724513127253607 0.016962784987229567
0 0.5838777101956881 0.5464467268723708 0.017546873826246995 0.017609669612004206
0 0.6479293383084811 0.6277732849121094 0.01662166302020733 0.01648550767164964
0 0.24317035308251014 0.6467430408184345 0.016806529118464544 0.01679816612830529
0 0.08632936844458947 0.04643033559505756 0.018256444197434645 0.01831652567936824
0 0.683911396906926 0.6453749583317683 0.01635125967172476 0.01645352290226863
0 0.10270923834580642 0.11084211789644681 0.016438961029052734 0.01649757531973032
0 0.4713938786433293 0.3676623564500075 0.015577463003305288 0.01541885962853065
0 0.12148999250852145 0.6622467041015625 0.015994732196514424 0.016214517446664665
0 0.6479436434232272 0.1168683859018179 0.017153519850510817 0.017172813415527344
0 0.24835289441622221 0.10984709629645714 0.015480775099534255 0.01552893565251277
0 0.7429139063908503 0.10527202716240516 0.01579871544471154 0.01573483760540302
0 0.8092105572040265 0.5622547223017766 0.016118563138521634 0.016194710364708535
0 0.640510999239408 0.03254070648780236 0.020075431236853965 0.019758096108069785
0 0.17314810019273025 0.9025661028348483 0.01647630104651818 0.016557693481445312
0 0.5773321298452524 0.09556162357330322 0.018007938678448018 0.017864245634812575
0 0.8525734681349534 0.13536218496469352 0.015597123366135817 0.015425535348745493
0 0.49228312419011044 0.6322348668025091 0.01890263190636268 0.019086104172926683
0 0.9768167642446665 0.16485175719627967 0.01603537339430589 0.01564168930053711
0 0.08232670563917893 0.38508063096266526 0.016800678693331204 0.016937255859375
0 0.021046154774152316 0.19037949121915376 0.016207662912515495 0.01622882256141076
0 0.3955680407010592 0.6254750765286959 0.01646907512958233 0.01664880605844351
0 0.6316393338716947 0.8259388116689829 0.016117976262019232 0.01629770719088041
0 0.7996413891132061 0.9878672819871169 0.01582483144906851 0.015762182382436898
0 0.5932142551128681 0.40366077423095703 0.014862794142503005 0.01476757342998798
0 0.11718265826885517 0.2817302116980919 0.02028628496023325 0.020308494567871094
0 0.8077515088594877 0.17205045773432806 0.01562191889836238 0.015635233659010667
0 0.8431221888615534 0.6586212745079627 0.015793726994441107 0.015799889197716348
0 0.0329891901749831 0.3372097382178673 0.01553809642791748 0.015561103820800781
0 0.0838626348055326 0.6969265571007361 0.015043767598959116 0.014923682579627404
0 0.24169577085054839 0.9614188854510968 0.015146255493164062 0.015154618483323317
0 0.3340126184316782 0.39635460193340594 0.02121103726900541 0.020992572490985576
0 0.6955771079430213 0.6203984480637771 0.017721029428335335 0.018218077146089993
0 0.6541313758263221 0.1614213723402757 0.01482406029334435 0.015052281893216647
0 0.0314251918059129 0.10196245633638822 0.014946561593275804 0.015028146597055288
0 0.04133702699954693 0.2974851865034837 0.014713021425100474 0.014698065244234525
0 0.02775719532599816 0.3497784687922551 0.01525585467998798 0.015079498291015625
0 0.9759805385883038 0.5293876207791842 0.022713734553410456 0.022654313307542067
0 0.16556163934560922 0.010229284946735088 0.01906383954561674 0.01786342950967642
0 0.1746372259580172 0.752680778503418 0.0160067998445951 0.016187227689302884
0 0.2361284586099478 0.48117424891545224 0.014848048870380107 0.014644696162297176
0 0.43184720552884615 0.6484721257136419 0.01656796382023738 0.016857734093299277
0 0.34986393268291766 0.3121723761925331 0.016109759990985576 0.0165249751164363
0 0.47579413193922776 0.6333857316237229 0.014725465040940505 0.014925736647385817
0 0.4478198198171762 0.5929062183086689 0.014853990994966947 0.015017436100886418
0 0.9016892359806941 0.21373352637657753 0.014958455012394832 0.014824793888972355
0 0.6165193411020132 0.5499872794518104 0.015452164870042067 0.015273314255934495
0 0.5772390365600586 0.6516763246976413 0.013582816490760216 0.013791597806490384
0 0.6933758075420673 0.6703706888052133 0.014759650597205529 0.014882894662710337
0 0.6669844113863431 0.17378766720111555 0.01399700458233173 0.013734744145320011
0 0.607855906853309 0.5001146609966571 0.014127584604116587 0.01387786865234375
0 0.5181889900794396 0.6380873460036057 0.0146028078519381 0.01473236083984375
0 0.6831697317270132 0.6297604487492487 0.014399895301231971 0.01432022681603065
0 0.43216694318331206 0.35404058603140026 0.015374550452599159 0.015298990102914663
0 0.9707219050480769 0.5385590333205003 0.01692786583533654 0.016501353337214544
0 0.7620440263014573 0.07754059938284066 0.013904571533203125 0.013742905396681566
0 0.9759032909686749 0.8991151956411508 0.01402737544133113 0.014102348914513221
0 0.9312952481783353 0.9385075935950646 0.014163970947265625 0.014148418719951924
0 0.9456355755145733 0.08532307698176457 0.014212975135216346 0.014027265401986929
0 0.5986935542179987 0.26642682002140927 0.013924598693847656 0.014140936044546274
0 0.31206706854013294 0.36966877717238206 0.016758038447453424 0.017118233900803786
0 0.36911839705247146 0.451257192171537 0.013885938204251803 0.013685960036057692
0 0.1604303029867319 0.43133915387667143 0.029007728283221904 0.027212876539963942
0 0.9078397017258865 0.7371482849121094 0.014399014986478366 0.014615132258488582
0 0.1633130587064303 0.43254749591533953 0.03446328639984131 0.033879793607271634
0 0.9217891693115234 0.2718818554511437 0.014235863318810096 0.01433878678541917
0 0.04781112304100624 0.6201936281644381 0.014014702576857347 0.013824206132155199
0 0.6697160280667819 0.6100902557373047 0.014552776630108174 0.014878933246319111
0 0.9878494556133564 0.5460201043349046 0.018555274376502402 0.018744248610276442
0 0.3278375772329477 0.41388838107769305 0.017492367671086237 0.017562719491811898
0 0.3488485629741962 0.3243445616502028 0.014289269080528846 0.014538838313176082
0 0.8548965454101562 0.20299619894761306 0.014311276949368991 0.014373449178842397
0 0.25046873092651367 0.03864775254176213 0.014100294846754808 0.014054208993911743
0 0.2263028621673584 0.38773679733276367 0.013265059544489933 0.013303243196927585
0 0.030388563871383667 0.6691803565392127 0.013969916563767653 0.014171013465294471
0 0.30789756774902344 0.2953641231243427 0.013406019944411058 0.013592133155235877
0 0.008265824272082401 0.8669242858886719 0.01518167440707867 0.015329214242788462
0 0.1116950145134559 0.07736823192009559 0.013508209815392127 0.013253377034113957
0 0.9958488024198092 0.07104716851161076 0.008078355055588942 0.014165768256554237
0 0.6142058739295373 0.30487531882065994 0.013677303607647236 0.013765225043663612
0 0.60411680661715 0.5593703710115873 0.013996417705829326 0.013941398033728966
