0 0.8317711903498723 0.6181056682880108 0.058454073392427884 0.05898431631234976
0 0.3805082027728741 0.5000538459190955 0.03856336153470553 0.03847342271071214
0 0.6861032339242789 0.27408915299635667 0.04099596463716947 0.04097799154428335
0 0.898866213285006 0.33510963733379656 0.037921905517578125 0.03786409818209135
0 0.8249073028564453 0.41811451545128453 0.04000590397761418 0.039568534264197715
0 0.6423298762394831 0.23303835208599383 0.030346210186298076 0.030356553884652946
0 0.4351516870351938 0.9136404624352088 0.027669906616210938 0.02783995408278245
0 0.3885969015268179 0.5919209993802584 0.032151295588566706 0.03197156465970553
0 0.7234734755295974 0.04932888196064876 0.030946731567382812 0.030961972016554613
0 0.10746389168959397 0.2621939732478215 0.026964664459228516 0.0272824947650616
0 0.7657457498403696 0.014259757903906016 0.024807123037484977 0.024261570893801175
0 0.6323564969576322 0.8752461946927584 0.022659888634314902 0.022466512826772835
0 0.5588470972501315 0.2363888116983267 0.03907570472130409 0.03922290068406325
0 0.19320308245145357 0.28182446039639986 0.024050235748291016 0.023964551778940055
0 0.23917381580059344 0.7273691617525541 0.023339271545410156 0.0232546879695012
0 0.7957013937143179 0.39696627396803635 0.03060296865609976 0.03054670187143179
0 0.7943967672494742 0.5246266951927772 0.020293015700120192 0.020022465632512018
0 0.6626878151526818 0.029618561267852783 0.02195886465219351 0.022119412055382363
0 0.10340710786672738 0.48330145615797776 0.018481988173264723 0.01829352745643029
0 0.12208070204808162 0.32477598923903245 0.01879398639385517 0.018808951744666465
0 0.7745722257173978 0.4817658571096567 0.024662311260516826 0.024837787334735576
0 0.17140623239370492 0.15441777155949518 0.019576439490685098 0.019738234006441556
0 0.08147927430959848 0.3841102673457219 0.022481404818021335 0.022464458759014424
0 0.1121664780836839 0.6101972139798678 0.017726347996638372 0.017722643338716947
0 0.26647600760826695 0.9764612638033353 0.020884367135854866 0.020711605365459736
0 0.4376092323890099 0.4145535689133864 0.01899088346041166 0.0187224608201247
0 0.7003341087928185 0.41105138338529146 0.026314368614783652 0.02651346646822416
0 0.157165343944843 0.2097319456247183 0.018532835520230807 0.01865673065185547
0 0.07901644706726074 0.05327524130160992 0.020395957506619967 0.020365687517019417
0 0.17829058720515326 0.17901064799382135 0.022354786212627705 0.022328816927396335
0 0.8082655393160306 0.033190287076509915 0.017643121572641227 0.017819019464346077
0 0.8453878255990835 0.01320686936378479 0.01898809579702524 0.01895371308693519
0 0.2593671541947585 0.9051198225754958 0.019695538740891676 0.020094651442307692
0 0.6106063402616061 0.6758995789747971 0.01923971909743089 0.01904722360464243
0 0.6790982026320237 0.6003009355985202 0.01898824251615084 0.018858689528245192
0 0.6323160024789664 0.2755305216862605 0.023257328913762018 0.023288139930138223
0 0.22235785997830904 0.7013708261343149 0.019176263075608473 0.019414461576021634
0 0.808289307814378 0.24924377294687125 0.0176693842961238 0.01779945080096905
0 0.3862152833205003 0.9877582696767954 0.016817239614633415 0.016535392174353965
0 0.1289680004119873 0.04433939548639151 0.021834593552809495 0.02201188527620756
0 0.6180253395667443 0.97516602736253 0.022016525268554688 0.021926293006310098
0 0.5868624173677884 0.5558101213895358 0.018500401423527643 0.018500401423527643
0 0.8353373454167292 0.3377648133497972 0.021628159743088942 0.02156800490159255
0 0.2479074918306791 0.5716765477107122 0.02273405515230619 0.022569803091195915
0 0.8273806938758264 0.3888108180119441 0.03461456298828125 0.03452286353478065
0 0.7506587688739483 0.7348293891319861 0.01691290048452524 0.01708221435546875
0 0.2226109504699707 0.241959443459144 0.017877725454477165 0.017801724947415866
0 0.9289382054255559 0.3947876049922063 0.01696601280799279 0.01712380922757662
0 0.1859430166391226 0.9329989506648138 0.01842297040499174 0.01847692636343149
0 0.15549201231736404 0.10560065966386062 0.018462437849778395 0.01835012435913086
0 0.5174404657804049 0.1970222913301908 0.017650530888484076 0.017714280348557692
0 0.3881391378549429 0.8019275665283203 0.017278084388146035 0.017549954927884616
0 0.7043413749107947 0.17453846564659706 0.017209419837364785 0.01711834394014799
0 0.3007952616764949 0.9657173156738281 0.01943808335524339 0.019446299626277044
0 0.7845545548659104 0.8665701792790339 0.01716437706580529 0.01696615952711839
0 0.6139130592346191 0.04616794677881094 0.018416111285869893 0.018311087901775654
0 0.7152913900522085 0.4263436977679913 0.02130713829627404 0.021073121290940505
0 0.738072762122521 0.00802834675862239 0.018770951491135817 0.015166291823753944
0 0.5956373948317307 0.6391537006084735 0.016705879798302285 0.016869178185096152
0 0.527836066025954 0.39087750361515927 0.026041617760291465 0.025827334477351263
0 0.060085415840148926 0.05867016315460205 0.01657706040602464 0.016457667717566855
0 0.68889647263747 0.6842795151930589 0.020366962139423076 0.019999577448918268
0 0.2992160687079796 0.04578491357656626 0.0313726938687838 0.03214839788583609
0 0.6899163172795222 0.4891132941612831 0.017020592322716348 0.017186531653771035
0 0.8347713763897235 0.15914170558636004 0.017276470477764424 0.017351700709416315
0 0.3074311843285194 0.10436585316291222 0.018910921536959134 0.01852118051969088
0 0.7600727081298828 0.28738986528836763 0.017282926119290866 0.017366739419790413
0 0.7837421710674579 0.503911018371582 0.019753089317908652 0.019437643197866585
0 0.44809356102576625 0.25025195341843826 0.01746515127328726 0.01739391913780799
0 0.6157025557297927 0.35355828358576846 0.017548487736628607 0.01758729494535006
0 0.3875865202683669 0.40127167334923375 0.025840172400841348 0.025873184204101562
0 0.04601163130540114 0.9920560396634616 0.018455633750328652 0.014515216533954326
0 0.6798364932720478 0.3050237618959867 0.01907979525052584 0.019054082723764274
0 0.4827095178457407 0.6332623408390925 0.01876376225398137 0.019152421217698317
0 0.5949770487271823 0.0656199913758498 0.016592759352463942 0.016477383100069486
0 0.5944350315974309 0.6641033612764798 0.02014270195594201 0.02035698523888221
0 0.20855070994450495 0.12945611660297102 0.020699794475848857 0.0207366209763747
0 0.5720302141629733 0.3238642765925481 0.016132941612830527 0.016094794640174277
0 0.2274765784923847 0.8004914797269381 0.019023858583890475 0.019008783193734977
0 0.2523827919593224 0.13504556509164664 0.02395468491774339 0.024078002342810996
0 0.21248153539804313 0.9894627791184646 0.01648110609788161 0.015610621525691105
0 0.33099042452298677 0.25920941279484677 0.02767020005446214 0.02769895700307993
0 0.9410740778996394 0.97742432814378 0.03255462646484375 0.03153170072115385
0 0.04330127972822923 0.48102052395160383 0.018401515025358934 0.01882516420804537
0 0.7057222219613882 0.22062132908747747 0.016666999230018027 0.016571925236628607
0 0.3052543493417593 0.06539954588963436 0.02439425541804387 0.024655782259427585
0 0.8576509035550631 0.8449991666353666 0.018044691819411058 0.018194932204026442
0 0.9271394289456881 0.3065010767716628 0.024418170635516826 0.024265325986422025
0 0.628602174612192 0.027619261008042555 0.01800082280085637 0.018219004456813518
0 0.1750348714681772 0.30566974786611706 0.017001518836388223 0.017093511728140023
0 0.03909464065845196 0.7764952732966497 0.015546817045945387 0.01728233924278846
0 0.7972804583035983 0.47866021669827974 0.01570554879995493 0.015509972205528846
0 0.508708330301138 0.525205868941087 0.015892835763784554 0.015938832209660456
0 0.7038882328913763 0.7346499516413763 0.015262603759765625 0.015270820030799279
0 0.37449246186476487 0.3910736304063063 0.02537367894099309 0.02509733346792368
0 0.6367458930382361 0.4522782839261569 0.01508624737079327 0.01530625269963191
0 0.052285584119650036 0.9645997560941256 0.016257515320411094 0.016163459190955527
0 0.5771251091590295 0.6551337608924279 0.01578037555401142 0.015756753774789665
0 0.8603675548846905 0.42498779296875 0.017507406381460335 0.01726561326246995
0 0.4315029291006235 0.28021504328801083 0.01632536374605619 0.016390873835637018
0 0.1191928294988779 0.9766135582557092 0.015648860197800856 0.015942206749549277
0 0.18264920894916242 0.7913340055025541 0.015525597792405348 0.01564964881310096
0 0.884952765244704 0.9637769552377554 0.01669942415677584 0.016510009765625
0 0.5571046975942758 0.1958755346444937 0.017150292029747598 0.01743800823505108
0 0.22871314562284029 0.11723446846008301 0.0176543455857497 0.017686220315786507
0 0.5444815709040716 0.737893324631911 0.017468379094050482 0.017546433668870192
0 0.7621552393986628 0.6094127068152795 0.015153738168569712 0.015192618736853966
0 0.36534859583928037 0.07557519582601693 0.017331783588115986 0.017371196013230544
0 0.12239601061894344 0.40636722858135516 0.016466837662916917 0.016296973595252402
0 0.7484981096707858 0.29662174444932204 0.01581910940317007 0.01566006587101863
0 0.5406676805936373 0.36003662989689755 0.018454258258526143 0.018361311692457933
0 0.6369034693791316 0.2530664664048415 0.0181881831242488 0.01807381556584285
0 0.6439123153686523 0.2989579164064847 0.01819581251878005 0.01860358164860652
0 0.9385974590594952 0.2347838695232685 0.016463646521935098 0.016635381258451022
0 0.6401034868680514 0.5109082735501803 0.014997482299804688 0.015034748957707332
0 0.5008781139667218 0.25143216206477237 0.015917264498197116 0.015892432286189154
0 0.578767703129695 0.3567491678091196 0.01681034381573017 0.016939456646259014
0 0.7289729485144982 0.02688912244943472 0.016730675330528848 0.016573070333554193
0 0.7931810525747446 0.7615403395432693 0.016966746403620794 0.0168148921086238
0 0.07397099641653207 0.8688565767728366 0.015195681498600887 0.015169877272385817
0 0.7840621654803936 0.8114830897404597 0.015058664175180288 0.014944810133713942
0 0.05979643418238713 0.6730453784649189 0.0165710816016564 0.016504581157977764
0 0.8158245086669922 0.8104595037607046 0.015119552612304688 0.015271993783804087
0 0.6644472709068885 0.1936525564927321 0.02511288569523738 0.02458964861356295
0 0.5504828966580905 0.9130331186147836 0.016957796536959134 0.016854506272536058
0 0.03930871761762179 0.4143601931058444 0.012542156072763296 0.015758367685171273
0 0.9235771619356595 0.9646847064678485 0.020984649658203125 0.020751953125
0 0.2894797691932091 0.029705503812203042 0.02640665494478666 0.02683755526175866
0 0.22472983140211839 0.05290665993323693 0.015582561492919922 0.015478280874399038
0 0.3148043339069073 0.8106040954589844 0.01564642099233774 0.015620891864483174
0 0.7772435408372146 0.908752808204064 0.01750799325796274 0.0177456782414363
0 0.04006008918468769 0.7067202788132888 0.014605047611089854 0.016039628248948317
0 0.2719425971691425 0.46582361368032604 0.015484112959641676 0.015318797184870793
0 0.6391556813166692 0.6378032977764423 0.016866390521709736 0.01676001915564904
0 0.24090631191547102 0.7003269195556641 0.015310727632962741 0.015202742356520433
0 0.559540345118596 0.8583159813514123 0.015531099759615384 0.015662560096153848
0 0.13051232924828163 0.6328885005070612 0.014817531292255107 0.014860886793870192
0 0.5244732269873986 0.5716739801260141 0.01643973130446214 0.01662474412184495
0 0.9096941581139197 0.9271989969106821 0.02122336167555589 0.02107385488656851
0 0.7574746792133038 0.20466096584613508 0.015130263108473558 0.01526179680457482
0 0.5311822157639724 0.3200078377356896 0.016185246981107272 0.016182606036846455
0 0.7787636976975661 0.0790021144426786 0.01625794630784255 0.016161093345055215
0 0.47205389462984526 0.44376160548283505 0.016215397761418268 0.016911139855018027
0 0.16963586440453163 0.9404393709622897 0.016272214742807243 0.01633424025315505
0 0.04064551225075355 0.6878833770751953 0.014347525743337778 0.015383353600135216
0 0.08904645993159367 0.4352548672602727 0.015216680673452524 0.015345353346604567
0 0.36608431889460635 0.8297713353083684 0.014814523550180288 0.015096224271334134
0 0.8416002713716947 0.23818780825688288 0.015041351318359375 0.015070108266977163
0 0.6868093197162335 0.3242849570054274 0.01572286165677584 0.015837449293870192
0 0.5083197813767654 0.9545595462505634 0.014986625084510216 0.014835651104266826
0 0.8004459967980018 0.646611580481896 0.018654896662785456 0.018623938927283652
0 0.17998262552114633 0.0692365628022414 0.014773845672607422 0.01462863041804387
0 0.2177247817699726 0.2057960583613469 0.015450000762939453 0.015560370225172777
0 0.6520250760591947 0.15910880382244402 0.01725035447340745 0.017275186685415413
0 0.3624318563021146 0.3793479479276217 0.019946465125450723 0.01970085730919471
0 0.525752801161546 0.4560702397273137 0.015013914841871995 0.01521609379695012
0 0.7089010385366586 0.339234132033128 0.019031231219951924 0.018936817462627705
0 0.21560197610121506 0.3776338283832257 0.01520222883958083 0.015076490548940806
0 0.9130918796245868 0.9088055537297175 0.019930179302509014 0.020290374755859375
0 0.7702638185941256 0.8492367084209735 0.02547601553109976 0.02530494103064904
0 0.05302658447852501 0.21269281093890852 0.015395769706139198 0.015135251558743991
0 0.5999159812927246 0.2883903430058406 0.021907586317795973 0.021748799544114333
0 0.7001408797044021 0.45857693598820615 0.016509569608248197 0.016934908353365384
0 0.6868340418888972 0.3807721504798302 0.01414196307842548 0.014102935791015625
0 0.6912461794339694 0.905922009394719 0.015230032113882212 0.015386434701772837
0 0.5853279553926908 0.8090284054095929 0.015533080467810998 0.015392156747671274
0 0.49889124356783354 0.49866217833298904 0.015510852520282451 0.015781696026141826
0 0.8397943056546725 0.35964411955613357 0.025737762451171875 0.025925489572378304
0 0.6702762016883264 0.11160920216487004 0.014396374042217549 0.014411742870624248
0 0.6978932160597581 0.9339595207801232 0.015213599571814904 0.014873504638671875
0 0.551567004277156 0.34597352834848255 0.015549292931189904 0.015593602107121395
0 0.804261354299692 0.35721184657170224 0.014551896315354567 0.014547421382023739
0 0.41114495350764346 0.00881381963308041 0.03052102602445162 0.016937289100426894
0 0.8948396536020132 0.47597408294677734 0.01500701904296875 0.0152436769925631
0 0.9351249107947717 0.879149657029372 0.015440427339993991 0.015500582181490384
0 0.687329365656926 0.4565089299128606 0.014952439528245192 0.015241109407865085
0 0.5182349131657527 0.6741379224337064 0.017020445603590745 0.017171126145582933
0 0.6231117248535156 0.6401173518254206 0.014330350435697116 0.014494382418118991
0 0.44373035430908203 0.4741978278526893 0.020473480224609375 0.02041515937218299
0 0.5236438604501578 0.6295040570772611 0.02761187920203576 0.0274050785945012
0 0.6326923370361328 0.14819320348592904 0.014632885272686299 0.014674168366652269
0 0.4445994817293607 0.789126469538762 0.014565174396221455 0.014639634352463942
0 0.5694505251370944 0.11512581201700064 0.014281419607309194 0.014183612970205454
0 0.46688021146334135 0.3128196642949031 0.019511883075420674 0.019316673278808594
0 0.3966503143310547 0.7508289630596454 0.01442263676570012 0.014416768000676082
0 0.2904326365544246 0.11653604874244103 0.01761905963604267 0.017954056079571065
0 0.48456705533541167 0.9392408957848182 0.014269755436823918 0.014574784498948317
0 0.13884872656602126 0.8688903221717248 0.014520351703350361 0.014703897329477163
0 0.48882792546198917 0.23499026665320763 0.01543118403508113 0.015674077547513522
0 0.7663006415733924 0.6512184143066406 0.018875268789438102 0.018401219294621393
0 0.5333747130173904 0.2045746950002817 0.017515916090745192 0.01771413362943209
0 0.8100483967707708 0.9794406890869141 0.015413431020883413 0.01548473651592548
0 0.7949374272273138 0.137620210647583 0.014335338885967549 0.014564184042123647
0 0.16442647347083458 0.7588183329655573 0.014681155865009014 0.014798677884615384
0 0.36209964752197266 0.4231610664954552 0.014488953810471755 0.014352798461914062
0 0.37582698235144985 0.7080139013437124 0.017165990976186898 0.017161736121544473
0 0.5206803175119253 0.6267068569476788 0.023901059077336237 0.024918042696439303
0 0.39104586381178635 0.6924558786245493 0.014738963200495793 0.014636993408203125
0 0.12843001805819 0.4187593460083008 0.014942535987267127 0.014945250291090745
0 0.6739315619835486 0.8978900909423828 0.015194526085486779 0.015448643611027645
0 0.9260123326228216 0.6054587730994592 0.015643486609825723 0.015499555147611178
0 0.8431260769183819 0.691183457007775 0.013921884390024038 0.013941251314603366
0 0.8503996775700495 0.18528989645150992 0.014138881976787861 0.014316412118765024
0 0.4574300692631648 0.5056007091815655 0.01564451364370493 0.015175305880033053
0 0.09174418449401855 0.024424662956824668 0.015887883993295524 0.016135544731066778
0 0.534631949204665 0.6130932661203238 0.01361846923828125 0.013472557067871094
0 0.8141987873957708 0.01577899891596574 0.014977968656099759 0.01544540891280541
0 0.793093754695012 0.44941880152775693 0.014806894155649038 0.015077444223257212
0 0.4726350490863507 0.3321685791015625 0.015258348905123197 0.015437492957481971
0 0.6183698360736554 0.0704093208679786 0.014381115253155049 0.014577618012061486
0 0.6191874284010667 0.2196320387033316 0.014814376831054688 0.014565394474909855
0 0.2677007638491117 0.07307634903834416 0.013734890864445614 0.013567851139948918
0 0.4008921843308669 0.41744239513690656 0.015236341036283053 0.015613262469951924
0 0.06527457328943106 0.33228676135723406 0.014190912246704102 0.014037645780123197
0 0.8032268377450796 0.08057679579808162 0.013510337242713341 0.013791212668785682
0 0.7034165309025691 0.7825577075664814 0.014055398794320913 0.014411045954777645
0 0.9362766559307392 0.9458116384652945 0.01598945030799279 0.016868738027719352
0 0.28471686289860654 0.6359339493971604 0.01402891599214994 0.013979398287259616
0 0.4567052401029147 0.4945964079636794 0.016866097083458535 0.017250794630784255
0 0.1086415510911208 0.06131299642416147 0.01530599594116211 0.015592666772695689
0 0.6713073437030499 0.19470886083749625 0.017064901498647835 0.01736281468318059
0 0.6437284029447116 0.053847973163311295 0.014647557185246395 0.01468816170325646
0 0.11355058046487662 0.09341995532696064 0.014122302715594951 0.013961535233717699
0 0.4128764225886418 0.3469385000375601 0.014035885150615986 0.013759466317983774
0 0.6967338415292593 0.06593568508441632 0.01444229712853065 0.014093123949491061
0 0.8951587677001953 0.9496280963604267 0.016133528489332933 0.016446040226862982
0 0.6331236912653997 0.09286156067481408 0.014181723961463341 0.014438299032358022
0 0.8762253981370193 0.3339681258568397 0.013634901780348558 0.013930174020620493
0 0.8676345531757061 0.9128451714148889 0.013825049767127404 0.013752570519080529
0 0.24059134263258714 0.007695967188248267 0.016696856572077826 0.013617776907407321
0 0.7931016775277945 0.10650819998521072 0.01427929217998798 0.014229517716627855
0 0.323698117182805 0.831537833580604 0.014255010164701022 0.014047182523287259
0 0.8643721066988431 0.7463704622708834 0.015608860896183895 0.015600204467773438
0 0.2661122908959022 0.5493772946871244 0.014342968280498799 0.014260218693659855
0 0.36649175790640026 0.23459786635178786 0.01435536604661208 0.014400408818171574
0 0.5395505611713116 0.9579599820650541 0.013590152447040264 0.013737898606520433
0 0.8280082115760217 0.9921600635235126 0.014499957744891826 0.012979067288912259
0 0.30446628423837513 0.12849855422973633 0.026291627150315505 0.027116133616520807
0 0.8648989750788763 0.25616849385775053 0.01569982675405649 0.01564990557157076
0 0.7582200857309195 0.8879264684823843 0.016110933743990384 0.016080416165865384
0 0.8661526166475736 0.4692657177264874 0.01307370112492488 0.013377996591421274
0 0.7684356982891376 0.314389522259052 0.01694459181565505 0.017011514076819785
0 0.8025864821213943 0.6931456785935622 0.016613300030048076 0.016590118408203125
0 0.7214411955613357 0.22674285448514497 0.014273863572340745 0.014227206890399639
0 0.7582932252150315 0.777396715604342 0.01637136019193209 0.016495631291316107
0 0.6282093341533954 0.21013742226820725 0.014377447275015024 0.013878455528846154
0 0.6615428190964919 0.3035175616924579 0.015343152559720553 0.0151216066800631
0 0.4215087523827186 0.3158066456134503 0.016973128685584433 0.016771830045259915
0 0.9047984343308669 0.2648283518277682 0.014055545513446514 0.01436930436354417
0 0.12066936492919922 0.6542893189650315 0.014004377218393179 0.013943305382361779
0 0.07096386872805081 0.7806528531588041 0.014506395046527568 0.014597819401667668
0 0.5519112807053786 0.3883666258591872 0.015072895930363582 0.015145962054912861
0 0.5927672019371619 0.16565275192260742 0.014037352341871995 0.014133710127610426
0 0.7684417137732873 0.5235728483933669 0.013211470383864183 0.013395016009990986
0 0.9478642390324519 0.5574319912837102 0.013850578894981971 0.013901123633751502
0 0.38598203659057617 0.5445430462176983 0.013326204740084134 0.013417757474459134
0 0.32797784071702224 0.31299888170682466 0.014057746300330529 0.014144237224872295
0 0.07963953568385197 0.8286819458007812 0.014134553762582632 0.014266380896935096
0 0.3521580329308143 0.8915276160606971 0.015607833862304688 0.015602992131159855
0 0.6363151256854718 0.5277889691866361 0.014792515681340145 0.014983250544621395
0 0.9273354456974909 0.5889939161447378 0.0144195556640625 0.014830589294433594
0 0.19594883918762207 0.7124735758854792 0.014314064612755409 0.014450513399564303
0 0.669093865614671 0.1943491789010855 0.021283809955303486 0.02096242171067458
0 0.3175084040715144 0.7609380575326773 0.014596205491286058 0.0146636962890625
0 0.19948926338782677 0.30832873857938325 0.014030970059908353 0.013763941251314603
0 0.7379170931302584 0.26581839414743275 0.01477813720703125 0.014567998739389272
0 0.2794713790600116 0.8973219211284931 0.013882123506986178 0.013979545006385216
