0 0.43857845893272984 0.8595591325026292 0.1200549785907452 0.12225121718186599
0 0.7395983475905198 0.7658299666184646 0.07448225754957932 0.07494853093073918
0 0.09466281303992638 0.5103444686302772 0.06014453447782076 0.06007986802321214
0 0.191132692190317 0.5966992745032678 0.029070267310509317 0.029124700106107272
0 0.3898485990671011 0.4268629734332745 0.057375467740572415 0.0568853525015024
0 0.5602868153498723 0.23946050497201773 0.15221272982083833 0.15171359135554388
0 0.7942326619074895 0.7896366119384766 0.02103761526254507 0.020866980919471152
0 0.20643100371727577 0.6900074298565204 0.07300497935368465 0.07260689368614784
0 0.6016567670381986 0.2917788578913762 0.042321425217848554 0.04246198214017428
0 0.15372228622436523 0.0536163357587961 0.02949663308950571 0.02971329138829158
0 0.8871573668259841 0.0961444744696984 0.022905496450570915 0.022912869086632363
0 0.6582522759070764 0.4206320322476901 0.031122941237229567 0.030983998225285456
0 0.7869914128230169 0.8840233729435847 0.03239881075345553 0.032457791841947116
0 0.11136792256281926 0.3804798126220703 0.02108929707453801 0.02081474891075721
0 0.9098287729116586 0.14284619918236366 0.0177157475398137 0.017677673926720254
0 0.690487788273738 0.7839534466083233 0.03848677415114183 0.03864141610952524
0 0.14874660051785982 0.5234958208524264 0.017155904036301833 0.01742869157057542
0 0.5082582327035757 0.5490330182589017 0.021851612971379206 0.021922771747295674
0 0.18801788183359 0.027796220320921678 0.028950617863581732 0.028604447841644287
0 0.7652655381422776 0.40822359231802136 0.029234959528996393 0.02947411170372596
0 0.24440959783700797 0.5823377462533804 0.04191868121807392 0.04175156813401442
0 0.8554023595956656 0.4805601560152494 0.028401741614708535 0.028373571542593148
0 0.28290556027339053 0.6344635303203876 0.03598246207604042 0.035921536959134616
0 0.1744249417231633 0.2418383084810697 0.07977499411656307 0.0796344463641827
0 0.6205541170560397 0.06992294238163875 0.021434527177077074 0.02167824598459097
0 0.2574009528526893 0.25788222826444185 0.028761790348933294 0.028676546536959134
0 0.5781582318819486 0.30274805655846226 0.015564258282001201 0.015761962303748496
0 0.36949634552001953 0.7100720038780799 0.03736246549166166 0.0370330810546875
0 0.9298537327693059 0.5726129091702975 0.017431112436147835 0.01973900428185096
0 0.5905972994290866 0.4621708943293645 0.022617046649639424 0.02284856942983774
0 0.9306420546311599 0.7214813232421875 0.016707787146935098 0.018589019775390625
0 0.44049798525296724 0.5616223628704364 0.01669913071852464 0.01698750715989333
0 0.17228992168719953 0.5684052980863131 0.030848869910606973 0.030996322631835938
0 0.465305915245643 0.9154444474440354 0.05592419550969051 0.05427228487454928
0 0.2806234359741211 0.6995428525484525 0.027841714712289665 0.027959676889272835
0 0.09487579419062687 0.6257892021766076 0.05476201497591459 0.05521954022921049
0 0.11357364287743202 0.34215398935171276 0.04352635603684645 0.04345776484562801
0 0.28739006702716535 0.23759995974027193 0.052218180436354414 0.05188487126277043
0 0.07272430108143733 0.746319844172551 0.023099578343904935 0.030320387620192308
0 0.8954008542574369 0.7103774730975811 0.021582383375901442 0.021533379187950723
0 0.6982521644005408 0.8562327164870042 0.02056268545297476 0.020376939039963942
0 0.7936644187340369 0.9078311186570388 0.029631688044621393 0.029479100153996393
0 0.3261566162109375 0.6340713500976562 0.0498503171480619 0.050838617178109974
0 0.748618639432467 0.5883449407724234 0.016086284930889424 0.016038014338566706
0 0.31119856467613805 0.6028874837435209 0.037588266225961536 0.037835121154785156
0 0.8296574812669021 0.08789098262786865 0.01782989501953125 0.017952607228205755
0 0.9277653327355018 0.28028605534480167 0.017099673931415264 0.017351150512695312
0 0.15707063674926758 0.5902550770686223 0.01851092852078951 0.018648294302133415
0 0.27054298841036284 0.09424266448387733 0.031208588526799128 0.031163637454693135
0 0.1376046584202693 0.2099489432114821 0.08638458985548753 0.0867776137131911
0 0.8316623981182392 0.8117888523982122 0.015963627741887018 0.01633277306189904
0 0.3670949935913086 0.5633108065678523 0.02581478999211238 0.025828141432542067
0 0.08713509486271785 0.8601294297438401 0.023509323596954346 0.02345114487868089
0 0.6519579520592322 0.3288242266728328 0.031139520498422477 0.031305753267728366
0 0.4756787006671612 0.9338350296020508 0.03666400909423828 0.03724890488844652
0 0.6266585129957932 0.631792948796199 0.026214452890249398 0.026370415320763223
0 0.12280071698702298 0.0260503337933467 0.01742406991811899 0.01774412737442897
0 0.19836587172288161 0.15066324747525728 0.02056994804969201 0.020678300123948317
0 0.4110222596388597 0.3680593417241023 0.039284045879657455 0.03886699676513672
0 0.79742981837346 0.6042429850651667 0.06771116990309495 0.06621316763070914
0 0.25087162164541393 0.7633772629957932 0.033278245192307696 0.03290704580453726
0 0.6400383435762845 0.5064036662761981 0.037050687349759616 0.0372626231266902
0 0.06758036980262169 0.7751673184908353 0.012681264143723708 0.018770951491135817
0 0.21013302069443923 0.3151242182804988 0.037859366490290716 0.03745986865117
0 0.22768655190101036 0.9309978485107422 0.015277935908390926 0.015097984900841346
0 0.17838393724881685 0.2885856628417969 0.03607874650221605 0.03595440204326923
0 0.22417053809532753 0.749754392183744 0.03422971872182993 0.03492414034329928
0 0.8589549431434045 0.6006518877469577 0.020043593186598558 0.01988836435171274
0 0.6087061075063852 0.08681460527273324 0.024731856126051683 0.024611065020928018
0 0.14145363294161284 0.5035480352548453 0.015621258662297176 0.015447176419771634
0 0.8304096368642954 0.8518218994140625 0.019802680382361777 0.019737683809720553
0 0.9180972759540265 0.5278256856478177 0.02168582035945012 0.02160050318791316
0 0.1313931391789363 0.45043574846707857 0.031958506657527044 0.03237218123215895
0 0.8258295059204102 0.9360735966609075 0.08440355154184195 0.08542486337515023
0 0.6513067392202524 0.13690053499661958 0.027966719407301683 0.027488341698279746
0 0.8008616520808294 0.9352783056405874 0.016951634333683893 0.016633987426757812
0 0.6804665785569411 0.6770794941828802 0.04846675579364483 0.04765246464655949
0 0.2686279003436749 0.9532995223999023 0.0156552241398738 0.01574428264911358
0 0.8386074212881235 0.3008697032928467 0.01959404578575721 0.019648295182448167
0 0.6822886833777795 0.7397462404691256 0.03561063913198618 0.03460825406588041
0 0.4490867027869591 0.5981834118182843 0.039212667025052585 0.03973740797776442
0 0.25206734583928037 0.6228832831749549 0.04076114067664513 0.040223341721754804
0 0.14502985660846418 0.09607821244459885 0.0158233642578125 0.015634830181415264
0 0.8114842634934646 0.3207910977877103 0.036876678466796875 0.03647210047795223
0 0.2801278554476224 0.32519736656775844 0.03354336665226863 0.033312430748572715
0 0.22701775110684907 0.35096993813147914 0.025915842789870042 0.026154591487004206
0 0.07638733203594501 0.914205917945275 0.03464821668771597 0.04686443622295673
0 0.86933656839224 0.05997719214512752 0.016649246215820312 0.016649392934945915
0 0.18010904238774225 0.6767591329721304 0.04144595219538762 0.041405017559344955
0 0.2631666293511024 0.40266183706430286 0.03057861328125 0.030934994037334736
0 0.5306900464571439 0.725013439471905 0.026360731858473558 0.025983076829176683
0 0.08514175048241249 0.03988560804953942 0.014441196735088643 0.014444213647108812
0 0.8530742938701923 0.6080600298368014 0.04578194251427284 0.046395375178410456
0 0.38614643537081206 0.9910048704880935 0.014532896188589243 0.014040433443509616
0 0.6350609705998347 0.4470504614023062 0.027078775259164665 0.027587303748497598
0 0.3179478278526893 0.7010434957650992 0.031824387036837064 0.03157542302058293
0 0.5537462968092698 0.8214549284714919 0.0919176248403696 0.09076778705303486
0 0.33123199756328875 0.5513396263122559 0.016386765700120192 0.01658028822678786
0 0.2208557862501878 0.6044197082519531 0.029050827026367188 0.029137097872220553
0 0.8805446624755859 0.039986807566422686 0.022803379939152643 0.0227735317670382
0 0.4980308826153095 0.1736922264099121 0.054739732008713946 0.05569579051091121
0 0.6456868098332331 0.7354225745567908 0.01726664029634916 0.017201350285456732
0 0.10532644161811242 0.29883872545682466 0.0887138109940749 0.09687563089224008
0 0.2558632997366098 0.6926469802856445 0.026122093200683594 0.026596949650691107
0 0.6416281920212966 0.21110758414635292 0.013759466317983774 0.013678257281963643
0 0.6797583653376653 0.016365233522195082 0.017325181227463942 0.017511947796894953
0 0.4142442849966196 0.20449308248666617 0.043208929208608776 0.04291593111478365
0 0.2479982742896447 0.2140375284048227 0.028997274545522835 0.029299002427321214
0 0.9164010561429538 0.045166694200955905 0.041542346660907455 0.061114687186021074
0 0.4561299544114333 0.6956535486074594 0.05740539844219501 0.05842898442195012
0 0.35161157754751354 0.16456890106201172 0.015096737788273739 0.014846214881310096
0 0.6205814801729642 0.2568608063917894 0.02607301565317007 0.026109585395226113
0 0.6820583343505859 0.7352115924541767 0.043046804574819714 0.044150132399338946
0 0.2055210700401893 0.2812607471759503 0.016008303715632513 0.01590750767634465
0 0.095398316016564 0.1834071416121263 0.06465141131327702 0.07405783579899715
0 0.13449830275315505 0.5544104209313025 0.015267372131347656 0.015092996450570913
