0 0.4584541320800781 0.5571309969975398 0.21439699026254508 0.217864623436561
0 0.9245721376859225 0.8928808799156775 0.089080810546875 0.08837098341721755
0 0.6179344470684345 0.9130417750431941 0.12376642227172852 0.1233676030085637
0 0.6831257159893329 0.8792409163254958 0.09795643733097957 0.09754063532902645
0 0.30659809479346645 0.20781575716458833 0.3018943713261531 0.29087528815636265
0 0.9254996959979718 0.26465489314152646 0.051959991455078125 0.05216763569758488
0 0.13071107864379883 0.8435612458449143 0.08369159698486328 0.08368741548978366
0 0.5388948733990009 0.7889036765465369 0.046772003173828125 0.04698591965895433
0 0.49010122739351714 0.3759177648104154 0.05472300602839543 0.05456212850717398
0 0.971809827364408 0.0836938894712008 0.04784378638634315 0.05617379683714647
0 0.08565111343677227 0.19944036923922026 0.03397941589355469 0.0339966553908128
0 0.9064557002140925 0.16643012486971343 0.06686195960411659 0.06608170729417068
0 0.706699958214393 0.8151815854586087 0.033051710862379804 0.03291027362530048
0 0.3571807787968562 0.6239524254432092 0.038850050706129804 0.03840901301457332
0 0.23642928783710188 0.9429820134089544 0.19847319676325872 0.11280441284179688
0 0.32111307290884167 0.693201651939979 0.03218575624319223 0.032201326810396634
0 0.7393644773043119 0.9664475367619441 0.0384222177358774 0.03928844745342548
0 0.6155519485473633 0.5788550743689904 0.10379556509164664 0.10334190955528846
0 0.5779659564678485 0.5265399492703952 0.03548768850473257 0.03578347426194411
0 0.9255675535935622 0.5347130848811223 0.021861443152794473 0.02219992417555589
0 0.8520566500150241 0.9703414623553936 0.02184119591346154 0.0220034672663762
0 0.33422913918128383 0.741968741783729 0.024116369394155648 0.024240640493539665
0 0.07327691408304068 0.7994610713078425 0.07079205146202674 0.069854736328125
0 0.28030773309560925 0.867637927715595 0.02588506845327524 0.0261380122258113
0 0.6771929814265325 0.7340627817007211 0.05680348322941707 0.056153517503004804
0 0.3512121347280649 0.5729048802302434 0.057375541100135215 0.05758945758526142
0 0.5549323375408466 0.8258069845346304 0.027364584115835335 0.027790363018329326
0 0.30544567108154297 0.7819992945744441 0.02066634251521184 0.02066201430100661
0 0.9419706784761869 0.8146882423987756 0.059806530292217545 0.06015102679912861
0 0.5405934773958646 0.893572733952449 0.021174137408916768 0.02121587900015024
0 0.5340470167306753 0.8460882627047025 0.0392297598031851 0.03947536761944111
0 0.9766674775343674 0.5206327438354492 0.03431481581467848 0.035567943866436295
0 0.7866727388822116 0.8596830368041992 0.02711633535531851 0.02723268362192007
0 0.7194089889526367 0.3297257056603065 0.033625235924353965 0.033888596754807696
0 0.5165197665874774 0.6796737084021935 0.027712015005258415 0.027698370126577523
0 0.7176852593055139 0.9825600844163161 0.06322948749248798 0.03345694908728966
0 0.02902597876695486 0.7345711634709284 0.053455659976372354 0.08326075627253605
0 0.6176148928128756 0.4696835004366361 0.03010709469134991 0.030193035419170674
0 0.3544047429011418 0.8499185121976413 0.01919709719144381 0.019167239849384014
0 0.04261983816440289 0.8515563377967248 0.03621813884148231 0.03606003981370192
0 0.16332336572500375 0.6340007781982422 0.022380617948678825 0.022275484525240384
0 0.9546504387488732 0.43684864044189453 0.025326655461237982 0.025390625
0 0.610696425804725 0.970153074998122 0.03436998220590445 0.03418438251201923
0 0.29649664805485654 0.8418785975529597 0.024073013892540567 0.02402349618765024
0 0.9191634104802058 0.5049018493065467 0.0189663813664363 0.01916335179255559
0 0.9436714465801532 0.6313361387986404 0.09201284555288461 0.09149169921875
0 0.24858461893521822 0.7856072645920974 0.026198643904465895 0.026331241314227764
0 0.8814873328575721 0.5367638514592097 0.016918769249549277 0.01692346426156851
0 0.5149773084200345 0.42090687384972203 0.017905748807466947 0.017968397874098558
0 0.21632069807786208 0.7076888451209435 0.0238803350008451 0.023821904109074518
0 0.37895686809833234 0.75520082620474 0.018305118267352764 0.01807242173414964
0 0.6457973626943735 0.9781443522526667 0.04073627178485577 0.03950016315166767
0 0.9471480296208308 0.22146899883563703 0.06447498614971454 0.06483936309814453
0 0.877542128929725 0.39083954004141 0.03888364938589243 0.03926504575289213
0 0.7659744115976187 0.7870724751399114 0.03396195631760817 0.03386365450345553
0 0.9000204526461087 0.5160832771888146 0.021998772254356973 0.02222471970778245
0 0.7291165865384616 0.3902915807870718 0.023479461669921875 0.023375291090745192
0 0.8214208162747897 0.8361056401179388 0.02101281973031851 0.021021622877854567
0 0.8937276693490835 0.7559374295748197 0.020776015061598558 0.020762810340294473
0 0.8293745334331806 0.2985407755925105 0.030598567082331732 0.031105408301720254
0 0.9220027923583984 0.4827874990609976 0.02076545128455529 0.02116570105919471
0 0.37048794673039365 0.9739990967970628 0.06438915546123798 0.04682643596942608
0 0.5882893342238206 0.4688806167015663 0.027113841130183294 0.027005635775052585
0 0.27352452278137207 0.7808275956373948 0.021950758420504056 0.021848531869741585
0 0.8005468661968524 0.5643633328951322 0.03790429922250601 0.03769991948054387
0 0.7448328458345853 0.6868975712702825 0.03303821270282452 0.03307489248422476
0 0.5158387697660006 0.13641207951765794 0.023508512056790866 0.023558506598839395
0 0.9726125277005709 0.48273710104135364 0.03640409616323618 0.0363615476168119
0 0.8533826974722055 0.5616034727830154 0.02533545860877404 0.02528205284705529
0 0.7019709807175857 0.30148704235370344 0.03132350628192608 0.031452032235952526
0 0.9535969954270583 0.37646267964289737 0.055274669940655045 0.056036215562086836
0 0.5394319020784818 0.1790930674626277 0.02185792189378005 0.021614441504845254
0 0.9131022966825045 0.9728510929987981 0.02089206988994892 0.021332667424128607
0 0.38206074788020206 0.3273225197425255 0.022373126103327826 0.022510381845327523
0 0.2960355098430927 0.7132192758413461 0.021619503314678486 0.0222775385929988
0 0.27629745923555815 0.7368199275090144 0.02700020716740535 0.02728418203500601
0 0.06893304678109977 0.8664408463698167 0.047773507925180286 0.047204237717848554
0 0.11319778515742375 0.9135004190298227 0.021198749542236328 0.02141541701096755
0 0.6070443666898288 0.6608693049504206 0.05086825444148137 0.05053168076735277
0 0.5628039286686823 0.26842482273395246 0.021088820237379808 0.021096082834097054
0 0.7576795724722055 0.3341017503004808 0.049286182110126205 0.04902780972994291
0 0.7721314063439002 0.8908315805288461 0.025124476506159857 0.025127117450420674
0 0.4951815971961388 0.8294018965501052 0.016747401310847357 0.016460125262920674
0 0.7411905435415415 0.4851516576913687 0.05850073007436899 0.05792537102332482
0 0.9783473381629357 0.7778439154991736 0.03216860844538762 0.04548087486853966
0 0.624520521897536 0.6362083141620343 0.05497022775503305 0.05568753756009615
0 0.6977658638587365 0.848461811359112 0.05237300579364483 0.05243550814115084
0 0.6486624937791091 0.3273803637577937 0.11559647780198318 0.1202854743370643
0 0.2153934698838454 0.8479143289419321 0.036007074209359974 0.03583878737229567
0 0.7544538057767428 0.880531017596905 0.015295175405649038 0.015214186448317308
0 0.9227944887601413 0.21692983920757586 0.015720954308143027 0.015790572533240683
0 0.5709066390991211 0.40347950275127703 0.11336414630596454 0.11635310833270733
0 0.8388539827786959 0.5121788611778846 0.017321073091947116 0.01734616206242488
0 0.915339103111854 0.8564045245830829 0.03055572509765625 0.029956524188701924
0 0.762184583223783 0.7098946204552283 0.023579524113581732 0.023651709923377402
0 0.1147064153964703 0.5460268167349008 0.018552835171039287 0.01846900353064904
0 0.9665367419903095 0.6357394731961764 0.05404809805063101 0.06668780400202824
0 0.7459552471454327 0.9335129811213567 0.021073561448317308 0.021509317251352165
0 0.6853633293738732 0.3767514228820801 0.028703836294320915 0.028879899245042067
0 0.08499835087702824 0.5845466760488657 0.02276079012797429 0.022749827458308294
0 0.5171414888822116 0.8823812924898587 0.02625164618858924 0.026759221003605768
0 0.6749908740703876 0.9626835309542142 0.020061492919921875 0.02009919973520132
0 0.7056633142324594 0.4393777113694411 0.07822799682617188 0.08027384831355168
0 0.768250978910006 0.9119622157170222 0.023777594933143027 0.024437537560096152
0 0.7793589371901292 0.3895408923809345 0.028233748215895433 0.028422722449669473
0 0.28294588969304013 0.6880947993351862 0.03212796724759615 0.031860645000751205
0 0.6766573098989633 0.6835513481727014 0.026620131272536058 0.02682979290301983
0 0.45868503130399263 0.6834004475520208 0.028733326838566706 0.028155400202824518
0 0.7824946183424729 0.24678540229797363 0.02039924034705529 0.02044501671424279
0 0.2019685965317946 0.7552884908822867 0.02540452663715069 0.025731893686147835
0 0.9248237609863281 0.6374571873591497 0.014415447528545674 0.014910624577448918
0 0.6945409041184646 0.48549710787259615 0.03498546893780048 0.0352015862098107
0 0.7759358332707331 0.9283015911395733 0.03200061504657452 0.03222436171311598
0 0.5927860186650202 0.7178637431218073 0.0451055673452524 0.04475182753342848
0 0.27184326832111066 0.6189636083749624 0.020119997171255257 0.019959376408503607
0 0.8330355424147385 0.41980380278367263 0.014978555532602163 0.015181248004619893
0 0.8537624065692608 0.4665321936974159 0.014897860013521634 0.014830515934870793
0 0.10720193386077881 0.4610142341026893 0.025711664786705606 0.02586848919208233
0 0.8570495018592248 0.9009148524357722 0.09151326693021335 0.08972402719350961
0 0.5459403258103591 0.9728141931387094 0.11734522306002103 0.05029487609863281
0 0.6680887662447416 0.9913244247436523 0.04389396080603966 0.016598041240985576
0 0.8675321432260367 0.8015548999492939 0.014986184927133413 0.014937034020057091
0 0.48393898743849534 0.6971334310678335 0.03978780599740835 0.040413196270282455
0 0.5358666640061599 0.6454478043776292 0.015776707575871393 0.015637030968299277
0 0.6792662693903997 0.274947111423199 0.022151066706730768 0.022102539355938252
0 0.07574103428767277 0.6547740055964544 0.04403512294475849 0.04499728863055889
0 0.5676245322594275 0.7134642234215369 0.021033066969651442 0.021158365102914665
0 0.7985741541935847 0.8020569727971003 0.03492179283728966 0.035024202786959134
0 0.07217315527109 0.9367465972900391 0.13999399772057167 0.12438788780799279
0 0.8168458205003005 0.5164006306574895 0.017994513878455527 0.01806948735163762
0 0.49985562838040865 0.8458225543682392 0.016363143920898438 0.016551091120793268
0 0.7142831362210788 0.5538931993337778 0.09251609215369591 0.09964766869178185
0 0.634181022644043 0.7434297708364633 0.020429611206054688 0.020258536705603965
0 0.6586371935330905 0.37676180326021635 0.023581284743088942 0.023829533503605768
0 0.5814599257249099 0.4077240503751315 0.01646122565636268 0.016366225022536058
0 0.6926658336932843 0.35672840705284703 0.024995950552133415 0.025362161489633415
0 0.31619046284602237 0.7265823070819561 0.020827366755558893 0.020815629225510817
0 0.21703221247746393 0.7774532024676983 0.04337186079758864 0.04361636822040264
0 0.723932853111854 0.7807394174429086 0.047579251802884616 0.046764373779296875
0 0.713897705078125 0.28888702392578125 0.04457708505483774 0.04609548128568209
0 0.7740392684936523 0.590821229494535 0.03672658480130709 0.03686853555532602
0 0.0774387946495643 0.5982473813570462 0.01855894235464243 0.018345759465144232
0 0.10030048627119797 0.5584047757662259 0.017059527910672702 0.016489322368915264
0 0.7519826155442458 0.8496350508469802 0.015409909761868991 0.015611795278695913
0 0.5074070416964017 0.8222364278940054 0.016525782071627103 0.01649621816781851
0 0.06165762131030743 0.2984940272111159 0.04025009962228628 0.040491654322697565
0 0.3877516526442308 0.6597191737248347 0.058068422170785755 0.059145413912259616
0 0.1383053339444674 0.9282485521756686 0.04992070564856896 0.05020596430851863
0 0.19187575120192307 0.7928966375497671 0.05048649127666767 0.04939754192645733
0 0.2300377625685472 0.959922350369967 0.015388415409968449 0.015450404240534855
0 0.9671567770150992 0.2805349826812744 0.014287508451021634 0.014404370234562801
0 0.7387917591975286 0.9119164393498347 0.030086517333984375 0.03071315471942608
0 0.8375888237586389 0.9233612647423377 0.014781951904296875 0.014738229604867788
0 0.8146554506742038 0.7713854129497821 0.06929544302133414 0.07048988342285156
0 0.665984373826247 0.32860605533306414 0.13958421120276818 0.13390519068791315
0 0.6548036428598257 0.9362063774695764 0.04177504319411058 0.04123834463266226
0 0.8645125902616061 0.43086103292611927 0.028161268967848558 0.02789306640625
0 0.8999145214374249 0.48787553493793195 0.014521965613731971 0.014641394981971154
0 0.7376215274517353 0.8567099938025842 0.01933890122633714 0.020288614126352165
0 0.09863022657541129 0.5368284812340369 0.01896465741671049 0.019553991464468148
