0 0.8315985752986028 0.8303700227003831 0.09771875234750602 0.09890438960148738
0 0.5396676797133225 0.9375259692852314 0.12577379666841948 0.12154094989483173
0 0.4258684745201698 0.23956759159381574 0.07254893963153546 0.07233175864586464
0 0.15644939129169172 0.0434264769920936 0.08367288112640381 0.08266324263352615
0 0.29410314559936523 0.9123469132643479 0.11146794832669772 0.11182198157677284
0 0.17507059757526106 0.8706085498516376 0.04995569816002479 0.050235895010141224
0 0.6064266058114859 0.03331728852712191 0.052682142991286054 0.05310908189186683
0 0.30584423358623797 0.5551300415625939 0.05907176091120793 0.058887628408578724
0 0.5863006665156438 0.44489361689640927 0.035103211036095254 0.035083624032827526
0 0.24231824508080116 0.6133817159212552 0.03608105732844426 0.036075665400578424
0 0.5368887827946589 0.4559406867394081 0.019893426161545973 0.019806788517878607
0 0.8631751720721905 0.5037925426776593 0.03200266911433293 0.03199415940504808
0 0.8664448811457708 0.29596354411198544 0.0511479010948768 0.05162481161264273
0 0.5406844065739558 0.7950261922983023 0.023397445678710938 0.02333802443284255
0 0.08300528159508339 0.9852774693415716 0.03292990189332228 0.025068283081054688
0 0.10046166640061599 0.6963118039644681 0.03099977053128756 0.03092193603515625
0 0.2122813921708327 0.2509779930114746 0.026061241443340596 0.02579784393310547
0 0.23833428896390474 0.41733723420363206 0.018236380357008714 0.018099051255446214
0 0.13872205294095552 0.5319095758291391 0.01940004642193134 0.0194241450383113
0 0.6732554068932166 0.3286534822904147 0.04912860576923077 0.04901607219989483
0 0.42360621232252854 0.45950830899752104 0.02242425771859976 0.022494389460637018
0 0.580817332634559 0.35839465948251575 0.04459997323843149 0.04502993363600511
0 0.8763454143817608 0.8932259632990911 0.062034313495342545 0.06161000178410457
0 0.18563065162071815 0.9483415163480319 0.028687330392690804 0.028653071476862982
0 0.6279586645273062 0.3863984254690317 0.041815684391902044 0.04201661623441256
0 0.1509569608248197 0.9892865694486178 0.022450006925142728 0.017442849966195915
0 0.598321217757005 0.39678250826322115 0.035406919626089245 0.03538205073429988
0 0.46912310673640323 0.5153675079345703 0.01978448721078726 0.019850657536433294
0 0.33728782947246844 0.31407657036414516 0.0178682620708759 0.01790134723369892
0 0.5331748082087591 0.0249059246136592 0.06526506864107572 0.04884405319507305
0 0.25758877167334926 0.24992825434758112 0.035986716930682845 0.03618137653057392
0 0.767884034376878 0.452703989469088 0.02063135000375601 0.020847907433143027
0 0.23957415727468637 0.5420809525709885 0.01752336208636944 0.01749845651479868
0 0.10929380930387057 0.5035881629356971 0.01976666083702674 0.019743919372558594
0 0.3446790255033053 0.5427491848285382 0.022330650916466348 0.022046896127554085
0 0.49988453204815203 0.3958906026986929 0.027551797720102165 0.027979117173414964
0 0.5034893476046048 0.4521810458256648 0.016524828397310697 0.016850911653958835
0 0.6599881098820612 0.3921975355881911 0.017551715557391826 0.017494054941030648
0 0.21417980927687424 0.06849812544309176 0.03308409910935622 0.03313093919020433
0 0.23064046639662522 0.09438842993516189 0.0324866221501277 0.032138714423546426
0 0.10202231773963341 0.942467029278095 0.01630722559415377 0.01669135460486779
0 0.21786143229557917 0.4085546273451585 0.018439109508807842 0.018730970529409554
0 0.6046474163348858 0.9249459780179538 0.017507553100585938 0.017493321345402643
0 0.6838951110839844 0.3020069415752704 0.016620929424579326 0.01693380795992338
0 0.5265983434823843 0.19515107228205755 0.027297826913686898 0.027254911569448616
0 0.4837700036855844 0.21627026337843674 0.02153917459341196 0.02158010922945463
0 0.5045097791231595 0.15131449699401855 0.01836087153508113 0.018254463489239033
0 0.4365393565251277 0.03740308147210341 0.08384198408860427 0.07217649771617009
0 0.4060401916503906 0.33126401901245117 0.01925351069523738 0.0191500003521259
0 0.2310053568619948 0.39872140150803786 0.015514520498422476 0.015458473792442909
0 0.7074562953068659 0.07767696564014141 0.04911481417142428 0.04919582146864671
0 0.4104782984806941 0.14078259468078613 0.0233303950383113 0.023252413823054388
0 0.5650286674499512 0.803801389840933 0.18831817920391375 0.18828582763671875
0 0.6823676182673528 0.17217089579655573 0.017575484055739183 0.018009039071890023
0 0.07630652647752029 0.050674452231480524 0.038781936352069564 0.05894656364734356
0 0.9236200772798978 0.20771226516136757 0.030370272122896634 0.049537328573373646
0 0.06938525346609262 0.927026968735915 0.015874550892756537 0.020868741548978366
0 0.5303253393906814 0.7212503873384916 0.03942298889160156 0.03901525644155649
0 0.16979270714979905 0.9866600036621094 0.016032585730919473 0.01621862558218149
0 0.385038265815148 0.24239299847529486 0.020317517794095553 0.020321369171142578
0 0.6274665685800406 0.24394675401540902 0.07345082209660457 0.07137441635131836
0 0.8898296356201172 0.4940684391902043 0.022162804236778848 0.02204278799203726
0 0.6898821317232572 0.4055461883544922 0.02057809096116286 0.020335270808293268
0 0.10690290194291335 0.9179593599759616 0.015427992894099308 0.015519949106069712
0 0.6321785266582782 0.06629581176317655 0.029423053448016826 0.029393260295574482
0 0.11978474947122428 0.6289391150841346 0.02688127297621507 0.02721995573777419
0 0.8033343095045823 0.9794506659874549 0.039005279541015625 0.036886361929086536
0 0.34680238136878383 0.4102519108698918 0.015943307142991286 0.01613895709698017
0 0.1755649493290828 0.2360077637892503 0.01571956047644982 0.01569681901198167
0 0.20612720342782828 0.18457423723660982 0.02495112785926232 0.024680724510779746
0 0.06627666033231296 0.4386337353633 0.0152741028712346 0.01955553201528696
0 0.06522663740011361 0.19835171332726112 0.012866937197171725 0.01806358190683218
0 0.6661735681387094 0.1578958401313195 0.021140025212214544 0.021335491767296426
0 0.12612561079171988 0.7007230611947867 0.01732837236844576 0.017297011155348558
0 0.29128287388728213 0.03443289720095121 0.03236103057861328 0.03195801148047814
0 0.7425880432128906 0.059335025457235485 0.03732035710261418 0.037309930874751165
0 0.2840430553142841 0.1388777861228356 0.08542493673471305 0.0902564158806434
0 0.9212166712834284 0.4303704775296725 0.03424541766826923 0.039263358482947715
0 0.6783095139723557 0.4658656487098107 0.02005283649151142 0.01988638364351713
0 0.14516831361330473 0.550571661729079 0.01936510893014761 0.019427666297325723
0 0.8414015403160682 0.5418024796705979 0.015644220205453727 0.01581881596491887
0 0.49424193455622745 0.5233881656940167 0.02442007798414964 0.024200952970064603
0 0.6366366606492263 0.16178492399362418 0.04344089214618389 0.04396134156447191
0 0.7088678800142728 0.40967537806584287 0.01659246591421274 0.016528496375450723
0 0.7840997255765475 0.21341866713303786 0.017326941856971152 0.017540711622971755
0 0.7512902479905349 0.7662315368652344 0.023316310002253607 0.023541377140925482
0 0.8270681821382962 0.34519415635329026 0.022218850942758415 0.02249321570763221
0 0.2773157816666823 0.05372685194015503 0.036136773916391224 0.03608418427980863
0 0.32483530044555664 0.09312494901510385 0.03344271733210637 0.03360585065988394
0 0.25208363166222203 0.38678954197810245 0.014658047602726864 0.014741163987379808
0 0.7675085801344651 0.3755181019122784 0.014867929311899038 0.01475818340594952
0 0.8387567079984225 0.43014416327843297 0.06697816115159255 0.0678571554330679
0 0.37933114858774036 0.14564562760866606 0.024801987868088942 0.024697578870333158
0 0.2683911690345177 0.309021913088285 0.0143126341012808 0.014507587139423076
0 0.10650491714477539 0.10123174007122333 0.03270912170410156 0.03309972469623272
0 0.5185331197885367 0.8137537149282602 0.015575408935546875 0.015364426832932692
0 0.22178239088792068 0.5063628416794997 0.015694031348595254 0.015938685490534857
0 0.7624851373525766 0.2245913285475511 0.015891148493840143 0.016115628756009616
0 0.2652767804952768 0.596837043762207 0.03599889461810772 0.036932725172776446
0 0.23385818188007063 0.2555903654832106 0.017716114337627705 0.01852695758526142
0 0.7202906975379357 0.451020937699538 0.01674476036658654 0.01660787142240084
0 0.8387429897601788 0.3595735109769381 0.02638097909780649 0.026479427631084736
0 0.09579637417426476 0.5940128473135141 0.018872737884521484 0.01867807828463041
0 0.46916950665987456 0.47728076347937953 0.02389658414400541 0.024189875676081732
0 0.5533277805034931 0.6331612513615534 0.031374417818509616 0.031350942758413464
0 0.1846192066486065 0.8176407447228065 0.0219573241013747 0.021938617412860576
0 0.5229554909926194 0.39431183154766375 0.02005452376145583 0.0207366943359375
0 0.4710227526151217 0.4763473364023062 0.020070589505709134 0.019898341252253607
0 0.7232421728280874 0.4217950747563289 0.0199734614445613 0.02014952439528245
0 0.07822537422180176 0.0921337421123798 0.029140582451453574 0.02908948751596304
0 0.12393040840442364 0.3782499019916241 0.018793454537024863 0.01895273648775541
0 0.4818146045391376 0.3163398595956656 0.02630270444429838 0.026344812833345853
0 0.7231813577505258 0.2717399597167969 0.018327713012695312 0.017998255216158353
0 0.2441717661344088 0.12200267498309796 0.018638977637657754 0.018770658052884616
0 0.4513530364403358 0.15461776806758 0.025698441725510817 0.025768023270827074
0 0.7351559125460111 0.7493946368877704 0.03326753469613882 0.033224252554086536
0 0.7264703603891226 0.43344996525691104 0.017549808208759014 0.018005517812875602
0 0.12416762572068435 0.30222113315875715 0.022972620450533353 0.023822454305795524
0 0.7224575923039362 0.4056093509380634 0.025884628295898438 0.026289866520808294
0 0.09677699896005484 0.5610799055833083 0.017577318044809196 0.017472193791316107
0 0.3758186927208534 0.1305222878089318 0.02071967491736779 0.020571488600510817
0 0.8364178584172175 0.44042829366830677 0.016033466045673076 0.016090979942908652
0 0.4659934410682091 0.4799217077401968 0.028866107647235576 0.02939635056715745
0 0.8935015018169696 0.0522308533008282 0.04936071542593149 0.05023844425494854
0 0.742366203894982 0.29384418634267956 0.03213236882136418 0.0325775146484375
0 0.13823551398057204 0.9463388736431415 0.01450358904325045 0.014461077176607572
0 0.5097640844491812 0.4094062951894907 0.02043489309457632 0.02051573533278245
0 0.5693441904508151 0.0729384972498967 0.01550153585580679 0.015268270785991963
0 0.9213250967172476 0.08035212296705979 0.03374407841609074 0.03481351412259615
0 0.5078302163344163 0.4125879727877103 0.022074332604041465 0.02343119107759916
0 0.5041495103102464 0.41892323127159703 0.018997999338003304 0.018587405865009014
0 0.30802356279813325 0.21510696411132812 0.017122855553260215 0.017518887153038613
0 0.45861101150512695 0.4242713267986591 0.03683779789851262 0.03787092062143179
0 0.18231960443349984 0.549609477703388 0.014617259685809795 0.014682182898888221
0 0.23426391528202936 0.5564132103553185 0.01444413111760066 0.014353238619290866
0 0.6940427926870493 0.1666843340947078 0.021741280188927285 0.02090608156644381
0 0.36425040318415713 0.055295742475069486 0.04537054208608774 0.04463104101327749
0 0.24064966348501352 0.31273552087637096 0.015813020559457634 0.01593362368070162
0 0.31151338723989636 0.3022993527925931 0.015622634154099684 0.015762475820688102
0 0.38658831669734073 0.41301822662353516 0.01743918198805589 0.01747615520770733
0 0.36449806506817156 0.06818544864654541 0.06392897092379056 0.06392196508554313
0 0.2892735187823956 0.3700452951284555 0.018513899583082933 0.018465335552509014
0 0.07400244015913743 0.8656567793626052 0.01552279178912823 0.015338897705078125
0 0.4279918303856483 0.05254596930283766 0.03400069016676683 0.033843978093220636
0 0.6941830561711237 0.5714393762441782 0.05381628183218149 0.053313842186560996
0 0.7741307478684646 0.40963451678936297 0.015499408428485576 0.01571992727426382
0 0.3609794836777907 0.05420108024890606 0.036138094388521634 0.036210986284109264
0 0.37000326009897083 0.5630190189068134 0.015258348905123197 0.015182054959810697
0 0.06786226767760056 0.5734700423020583 0.01858838704916147 0.03338006826547476
0 0.47368959280160755 0.9859030063335712 0.04097762474646935 0.025556270892803486
0 0.7361111274132361 0.21855908173781174 0.014717982365534855 0.014803446256197415
0 0.8286922161395733 0.08551398607400748 0.03542591975285457 0.035501681841336764
0 0.13840403923621544 0.14664758168734038 0.023688499744121846 0.023646464714637168
0 0.2894900762117826 0.21739094073955828 0.02173299055833083 0.02371699993426983
0 0.7133566049429086 0.4649390440720778 0.038141690767728366 0.03758562528170072
0 0.6747326484093299 0.7628443791316106 0.014367323655348558 0.014521965613731971
0 0.7028352297269381 0.4274494464580829 0.016720404991736777 0.01728204580453726
0 0.6714305877685547 0.7378474015455979 0.04498613797701322 0.04518215472881611
0 0.289063967191256 0.21264149592472956 0.01949005860548753 0.018854728111853965
0 0.3470125931959886 0.4871956751896785 0.013826957115760216 0.01383664057804988
0 0.4320228283221905 0.44070955423208386 0.029835921067457933 0.029036448552058294
0 0.6425794454721304 0.29746037263136643 0.049852811373197116 0.04986117436335637
0 0.18470217631413385 0.9919059459979718 0.018944446857158955 0.013831211970402645
0 0.5371349041278546 0.8128582881047175 0.014594444861778846 0.014212975135216346
0 0.19484050457294172 0.308654234959529 0.014346489539513221 0.014326975895808293
0 0.8266378549429086 0.12372572605426495 0.0170437739445613 0.01712967799260066
0 0.40491735018216646 0.07232446395433866 0.023020157447228067 0.023089069586533766
0 0.11571403650137094 0.4028157454270583 0.017565323756291315 0.017993046687199518
0 0.4656480642465445 0.5003483112041767 0.014850616455078125 0.014583587646484375
0 0.5776583231412448 0.9715784513033353 0.01888143099271334 0.019112513615534857
0 0.6035103431114783 0.7127491877629206 0.01580473092886118 0.015595362736628605
0 0.2375921102670523 0.20140900978675255 0.024842555706317607 0.025249334482046273
0 0.29314950796274036 0.5737162369948167 0.03960235302264874 0.039470672607421875
0 0.2899858034574069 0.22196212181678185 0.01759613477266752 0.017333397498497598
0 0.6823872786301833 0.20956068772536057 0.03323863102839543 0.03300666809082031
0 0.38088725163386417 0.48061561584472656 0.02193612318772536 0.022673826951246995
0 0.8186817169189453 0.22436218995314378 0.015547825739933895 0.015610071328970103
0 0.3259311089148888 0.8340833370502179 0.027456210209773138 0.027341695932241585
0 0.4492436922513522 0.4261166499211238 0.017208246084359977 0.017192327059232272
0 0.251070682819073 0.07150111748622014 0.029230888073260967 0.02922201156616211
