0 0.044031697970170244 0.6440745133620042 0.07597434520721436 0.0809327639066256
0 0.4154915442833534 0.6924463418813852 0.0668943845308744 0.0675515394944411
0 0.09887185463538536 0.8288170741154597 0.0252074461716872 0.025023827185997598
0 0.1617414034329928 0.9265391276432917 0.025534666501558743 0.025606888991135817
0 0.888308598445012 0.20079278945922852 0.024706033559945915 0.02473875192495493
0 0.7221324627216046 0.9885990436260517 0.019912279569185697 0.018926620483398438
0 0.6693619214571439 0.6117918674762433 0.01902932387131911 0.01896381378173828
0 0.05080088285299448 0.7759387676532452 0.02051991682786208 0.020519109872671273
0 0.5834200932429388 0.9854040879469651 0.02246680626502404 0.022038386418269232
0 0.29870079113886905 0.9632602104773889 0.023020560924823467 0.022983257587139424
0 0.8126888275146484 0.5389389258164626 0.018921485314002402 0.01893483675443209
0 0.51652009670551 0.8442825904259315 0.019265468303973857 0.019182938795823317
0 0.08511158136221078 0.5397029289832482 0.01791722499407255 0.01791719289926382
0 0.9667134651770959 0.801098896906926 0.01930515582744892 0.019295912522536058
0 0.9783694927509015 0.4873841359065129 0.025258577786959134 0.029054788442758415
0 0.6838241723867563 0.22560391059288612 0.017429205087515023 0.017237223111666165
0 0.5295370175288274 0.40167786524846005 0.0172270994919997 0.017261505126953125
0 0.45774298447829026 0.1352851757636437 0.016370333158052884 0.01632246604332557
0 0.7284258328951322 0.5772205499502329 0.018195665799654447 0.01830262404221755
0 0.8056943599994366 0.13211422700148362 0.016749161940354567 0.016577518903292142
0 0.26688124583317685 0.5939945807823768 0.0176846797649677 0.01765896723820613
0 0.9145052249615009 0.6853589278001052 0.017065928532527044 0.01723304161658654
0 0.8763429201566256 0.46767579592191255 0.017474541297325723 0.01733999985914964
0 0.9598268362192007 0.5473472155057467 0.01648257328913762 0.0165860102726863
0 0.4462464405940129 0.09575421993549053 0.018436285165640023 0.01849985122680664
0 0.4191464277414175 0.14321336379418007 0.015304345350999098 0.015290590432974009
0 0.3759786899273212 0.8099550100473257 0.015650529127854567 0.015650529127854567
0 0.7956011845515325 0.07245376476874718 0.015277569110576924 0.015044194001417894
0 0.8389068016639123 0.3153239396902231 0.015797835129957933 0.015874275794396035
0 0.3790759306687575 0.024396226956294134 0.01653319138746995 0.016149116250184867
0 0.44792945568378156 0.08141130667466384 0.016850985013521634 0.016750665811391976
0 0.7294232295109675 0.1625964458172138 0.015127622164212741 0.015140863565298228
0 0.9619479546180139 0.4449627949641301 0.016385591947115384 0.016642643855168268
0 0.799151347233699 0.31440151654756987 0.015000563401442308 0.01516114748441256
0 0.9631828161386343 0.9894448793851413 0.01549060528094952 0.015085073617788462
0 0.4619573446420523 0.8127020322359525 0.014822739821213942 0.014973126924954928
0 0.09566673865685096 0.2237394406245305 0.014452017270601712 0.014588282658503605
0 0.6457491654616135 0.8670459894033579 0.014300126295823317 0.014331817626953125
0 0.14165003483112043 0.04105103015899658 0.01678617183978741 0.016808878916960496
0 0.10837728243607742 0.27309784522423375 0.014084192422720103 0.013919316805326022
0 0.9131982509906476 0.2289402301494892 0.014641101543719951 0.014630977924053486
0 0.098678680566641 0.3636989960303673 0.014064715458796574 0.01408841059758113
0 0.499360598050631 0.5962933026827298 0.014055252075195312 0.013812578641451322
0 0.30945345071645886 0.1286693811416626 0.01396954976595365 0.014048484655526968
0 0.13659048997438872 0.8100016667292669 0.014831634668203501 0.014867929311899038
0 0.7769820873553936 0.9071753575251653 0.014435401329627404 0.014528421255258413
0 0.2558734233562763 0.10457261709066537 0.01587196496816782 0.015538674134474535
0 0.5447934224055364 0.3838366728562575 0.013934942392202524 0.013936409583458534
0 0.8599068568303034 0.44457021126380336 0.014676460852989784 0.014750480651855469
0 0.7528198682344877 0.1728027233710656 0.013978811410757212 0.013917299417349009
0 0.5233040222754846 0.34145333216740537 0.013943672180175781 0.014153260451096755
0 0.9368229645949143 0.4749333675091083 0.013647666344275841 0.013767389150766226
0 0.9768173511211689 0.3745138461773212 0.014785179725060096 0.014791562007023739
0 0.8359146118164062 0.22179682438190168 0.0355377197265625 0.035438941075251654
0 0.6479376279390775 0.5077120340787448 0.013854393592247596 0.013833559476412259
0 0.6814657358022836 0.2569453532879169 0.014835504385141226 0.014962269709660457
0 0.8620935586782602 0.8599957686204177 0.015466836782602163 0.015714645385742188
0 0.37320181039663464 0.014482646034314083 0.013828644385704627 0.013658988934296828
0 0.6557985452505258 0.020832589039435752 0.014512282151442308 0.014366313815116882
