0 0.9639990879939153 0.36788705679086536 0.03925191439115084 0.03915251218355619
0 0.8820394369272085 0.25640064019423264 0.035920950082632214 0.03602875196016752
0 0.7533079294057993 0.9876830761249249 0.020395719088040866 0.019718757042518027
0 0.5946642802311823 0.5795615269587591 0.029233492337740384 0.029332674466646634
0 0.9131422776442307 0.49112723423884463 0.023327754094050482 0.02330809373121995
0 0.8487071990966797 0.7949496049147385 0.02077660193810096 0.0206753657414363
0 0.5525085009061373 0.9621200561523438 0.02254060598520132 0.022535177377554085
0 0.7552324441763071 0.523771909567026 0.0184786869929387 0.018524536719689004
0 0.2750296959510216 0.4202269040621244 0.025228353647085335 0.025267380934495192
0 0.23191147584181565 0.24731115194467398 0.02144967592679537 0.021483091207650993
0 0.49592153842632586 0.7830239809476413 0.017206338735727165 0.017336038442758415
0 0.981503413273738 0.9702972998985877 0.018515953650841348 0.02187186021071214
0 0.9624528151292068 0.6154934809758112 0.018541922936072715 0.01857302739070012
0 0.5497213510366586 0.8849592942457932 0.02039924034705529 0.0204159663273738
0 0.3526755846463717 0.973785400390625 0.023019790649414062 0.02300541217510517
0 0.3351166064922626 0.1999519421504094 0.01774465120755709 0.017676353454589844
0 0.7308061306293194 0.26320351087130034 0.023525238037109375 0.023310001079852764
0 0.3265867233276367 0.5507767750666692 0.016975989708533652 0.016988754272460938
0 0.6939452244685247 0.45971444936899036 0.016903217022235576 0.016837193415715143
0 0.2697274868304913 0.5173865098219651 0.01892507993257963 0.019014798677884616
0 0.535124265230619 0.63226134960468 0.01619104238656851 0.016123111431415264
0 0.8602620638333834 0.9365301132202148 0.015797835129957933 0.015918438251201924
0 0.5833244323730469 0.9801051800067608 0.016280687772310697 0.016428433931790866
0 0.4626930676973783 0.10830647211808425 0.01635595468374399 0.016336826177743766
0 0.8338871002197266 0.3243828553419847 0.018098831176757812 0.017949471106896035
0 0.013199047400401188 0.9231958389282227 0.015047366802509014 0.01928887000450721
0 0.11468327962435208 0.5191596838144156 0.01723938721876878 0.01720149700458233
0 0.37946356259859526 0.8676570012019231 0.01767576657808744 0.017552889310396634
0 0.3729132138765775 0.5312377122732309 0.01739663344163161 0.016982298630934495
0 0.6950046832744892 0.8141862429105319 0.015018609853891226 0.015140240009014424
0 0.5399937996497521 0.813563713660607 0.01565390366774339 0.015706869272085335
0 0.7206190549410306 0.8000731101402869 0.015499114990234375 0.015475199772761418
0 0.7088213700514573 0.9342208275428185 0.015251746544471154 0.015134077805739183
0 0.1968534542964055 0.7203003810002253 0.015775680541992188 0.015608567457932692
0 0.08087955988370456 0.9545399592472956 0.015357310955341045 0.015344326312725361
0 0.5928622025709885 0.8085215641902044 0.015870167658879206 0.015822190504807692
0 0.746364006629357 0.819619398850661 0.015149630033052884 0.014946277324969951
0 0.12497454423170823 0.3719158172607422 0.015526624826284556 0.015512319711538462
0 0.32012106822087216 0.8608600909893329 0.0160067631648137 0.016123551588792067
0 0.48267001372117263 0.8811247898982122 0.01591939192551833 0.016253838172325723
0 0.6236694776094877 0.828341190631573 0.014963443462665264 0.014792222243088942
0 0.11780897470620963 0.6062728441678561 0.015427791155301608 0.015392010028545674
0 0.5827385829045222 0.21938811815701997 0.015484443077674279 0.01555307094867413
0 0.8146564777080829 0.39367250295785755 0.014852083646334134 0.014730600210336538
0 0.5506047835716834 0.10551078502948467 0.015462361849271335 0.015566459068885216
0 0.5858898896437424 0.7918338042039138 0.021345798785869893 0.021677017211914062
0 0.28110955311701846 0.030970181410129253 0.01622354067288912 0.01612182305409358
0 0.03700325580743643 0.8004443828876202 0.015291534937345065 0.015352542583759014
0 0.6399579414954553 0.625458497267503 0.015626027033879206 0.015866206242487982
0 0.7757440713735727 0.29196746532733625 0.014852377084585337 0.014768086946927585
0 0.5651283264160156 0.5006411625788763 0.014324628389798678 0.01440737797663762
0 0.30779600143432617 0.7099189758300781 0.014478976909930889 0.014507293701171875
0 0.9566957033597506 0.4667365000798152 0.015086834247295674 0.015097398024338942
0 0.9217725900503305 0.30792566446157604 0.0143888913668119 0.014211654663085938
0 0.20138835906982422 0.34623417487511265 0.01431428469144381 0.014155901395357572
0 0.8095114781306341 0.34200316209059495 0.014368203970102163 0.01450956784761869
0 0.3189183748685397 0.4898226811335637 0.014513529264009915 0.01462261493389423
0 0.20401420960059533 0.6523805765005258 0.014594151423527645 0.01462554931640625
0 0.4995147998516376 0.8656962468073919 0.014809755178598257 0.01488201434795673
0 0.6661190619835486 0.3331142572256235 0.014552483191856971 0.014679688673753005
0 0.5555281272301307 0.6428590921255258 0.01414020244891827 0.013966927161583534
0 0.5689829679635855 0.7988342138437124 0.013979031489445614 0.014103962824894832
0 0.8992464358990009 0.5478432361896222 0.0147248781644381 0.014677341167743389
0 0.107672590475816 0.7651846959040716 0.015226529194758488 0.01529400165264423
0 0.6933454366830679 0.653504885160006 0.013631673959585337 0.01355273907001202
0 0.9834136962890625 0.49950034801776594 0.01183612530048077 0.016529376690204326
0 0.019439204381062433 0.18435087570777306 0.0174329555951632 0.017791197850153997
0 0.022635432390066292 0.6210236916175256 0.015678963982141934 0.01575191204364483
0 0.6016316780677209 0.9549223826481745 0.014064788818359375 0.014155021080603966
0 0.5487702443049505 0.4953812085665189 0.013761813823993389 0.013785875760591947
0 0.01530142930837778 0.9396977057823768 0.01403882411810068 0.014581680297851562
0 0.6955104241004357 0.5973692673903245 0.014076819786658654 0.014025541452261118
0 0.5314873181856595 0.443444692171537 0.013735110943134014 0.013635635375976562
0 0.8190729434673603 0.9632527278019831 0.014158395620492788 0.014105870173527645
0 0.9682245988112229 0.5063095826369065 0.014438188993013822 0.014760677631084736
0 0.5797712252690241 0.7123349996713492 0.013529630807729868 0.013599689190204326
0 0.02196794977554908 0.363399285536546 0.014571616282829871 0.01440899188701923
0 0.7546352973351111 0.30612841019263637 0.013971768892728366 0.013754661266620342
0 0.3685556191664476 0.8001439021183894 0.014093545766977163 0.01422412578876202
0 0.2231153158041147 0.7671194810133714 0.014268911801851712 0.014489100529597355
0 0.7858004936805139 0.8908034104567307 0.013793064997746395 0.013763134296123799
0 0.2834989841167743 0.9219134404109075 0.013825489924504207 0.013721906221829928
0 0.3766965132493239 0.03933339852553148 0.013857034536508413 0.0137022825387808
