0 0.16365871062645546 0.10087161797743577 0.08809372094961312 0.09012524898235615
0 0.3011758510883038 0.6399990962101862 0.033106510455791764 0.03318992027869591
0 0.090713592676016 0.49378453768216646 0.020326504340538613 0.020382074209359977
0 0.1399232974419227 0.336151856642503 0.024358621010413535 0.02449373098520132
0 0.18314636670626128 0.7335632030780499 0.028414432819073018 0.028540684626652643
0 0.3487548828125 0.9238318663377029 0.02546992668738732 0.025764318612905648
0 0.2557460344754733 0.1889635966374324 0.018628927377554085 0.018675877497746393
0 0.38599010614248425 0.1676770723783053 0.01706856947678786 0.017121425041785605
0 0.3364590864915114 0.4118212186373197 0.018661058866060697 0.01854529747596154
0 0.18050377185528094 0.6768435698289138 0.027469488290640023 0.027436183049128607
0 0.38993127529437727 0.8936141087458684 0.02006992926964393 0.020287733811598558
0 0.8467022822453425 0.10461790745074932 0.017087202805739183 0.017224935384897087
0 0.49464871333195615 0.7956266403198242 0.017467205341045674 0.016885757446289062
0 0.4084070645845853 0.8411988478440505 0.023849927462064303 0.02401586679311899
0 0.47635797353891224 0.28210973739624023 0.01658938481257512 0.016727154071514424
0 0.20766705733079177 0.7406943394587591 0.027382850646972656 0.027604029728816107
0 0.7501153212327224 0.11776137351989746 0.021823589618389424 0.021995361034686748
0 0.5147928091195914 0.8355709956242487 0.021766222440279447 0.021743921133188102
0 0.6228876847487229 0.7138580909142127 0.01854676466721755 0.018574934739332933
0 0.36826401490431565 0.894713988670936 0.01773372063269982 0.018210484431340143
0 0.7139649024376502 0.046043726114126354 0.017972799447866585 0.017754655617934007
0 0.929168701171875 0.4439535874586839 0.017204871544471152 0.017104295583871696
0 0.3816432219285231 0.5869285876934345 0.024475684532752402 0.024690921490009014
0 0.22813705297616813 0.7222098570603591 0.023701044229360726 0.023910962618314303
0 0.47014302473801833 0.7529832399808444 0.026554694542518027 0.02672547560471755
0 0.04190741594021137 0.750239739051232 0.018282532691955566 0.018298515906700723
0 0.6346973272470328 0.01443358682669126 0.023737393892728366 0.023640786225979146
0 0.5374536881080041 0.6365841352022611 0.01807425572321965 0.017954312838040866
0 0.523415051973783 0.4114530636714055 0.016671400803786058 0.01662892561692458
0 0.36369943618774414 0.6007944620572604 0.018733464754544772 0.01857420114370493
0 0.963444709777832 0.6004810333251953 0.024832505446213942 0.02511449960561899
0 0.11962786087623009 0.8726544013390174 0.01492764399601863 0.014914879432091346
0 0.528439815227802 0.1021276804117056 0.016275846041165866 0.016198121584378757
0 0.8012536855844351 0.03071315013445341 0.01594396737905649 0.015858916135934684
0 0.44407947246844953 0.8237292949969952 0.021349099966195915 0.021077082707331732
0 0.3467412361731896 0.6635230137751653 0.03706858708308293 0.03721780043381911
0 0.3859571310190054 0.8290641491229718 0.023204803466796875 0.023259676419771634
0 0.41785218165471005 0.8590975541334885 0.0173187255859375 0.01767760056715745
0 0.8870760844304011 0.9506389911358173 0.014665016761192909 0.014651078444260817
0 0.27351940595186675 0.8820659930889423 0.014913338881272536 0.01499645526592548
0 0.07621926527756911 0.4359462811396672 0.01576990347642165 0.015955704909104567
0 0.4158268708449144 0.513991539294903 0.021251385028545674 0.02121896010178786
0 0.742186399606558 0.10092646342057449 0.022209754356971152 0.022247717930720404
0 0.05096938976874718 0.9512775861299955 0.016071154521061823 0.016003975501427285
0 0.876765984755296 0.6251647655780499 0.015005698570838341 0.015249105600210337
0 0.4191959821260892 0.5844764709472656 0.015641139103816107 0.01590868142934946
0 0.6133299974294809 0.9932109392606295 0.016700377831092246 0.011496763962965745
0 0.8762785104604868 0.139944654244643 0.015245877779447116 0.01537478887117826
0 0.6136129819429837 0.7367062201866736 0.019954534677358773 0.020172999455378607
0 0.3489514864408053 0.9041288816011869 0.019141637361966647 0.01935401329627404
0 0.06938210817483756 0.473852671109713 0.014214644065270057 0.014342381403996395
0 0.5777571751521184 0.16427340874305138 0.014975914588341346 0.014917813814603366
0 0.5732479095458984 0.9098606109619141 0.022674120389498197 0.022870283860426683
0 0.35822193439190203 0.8708862157968374 0.03140676938570463 0.031125728900615986
0 0.030149883948839627 0.44338101607102615 0.01856764004780696 0.021228716923640326
0 0.37001272348257214 0.9699363708496094 0.015328113849346455 0.015409322885366587
0 0.9670213552621695 0.7509529407207782 0.015515840970552884 0.015523763803335337
0 0.36330479841965896 0.8538932800292969 0.02560116694523738 0.025131812462439902
0 0.35632955110990083 0.8341409243070163 0.017249620877779447 0.017051109900841348
0 0.7061886420616736 0.33601900247427136 0.020660400390625 0.020952371450570915
0 0.3858642578125 0.8507227530846229 0.021291145911583535 0.021213384775015023
0 0.3816385269165039 0.8788108825683594 0.0154875241793119 0.015745016244741585
0 0.7389386984018179 0.07927533296438363 0.020774254432091348 0.022104377929980937
0 0.8049557025615985 0.20182385811438927 0.014345315786508413 0.014395200289212741
0 0.46875858306884766 0.9308587587796725 0.020131991459773138 0.02044090857872596
0 0.4676791704618014 0.4987908876859225 0.01424114520733173 0.014376493600698618
0 0.3186029287484976 0.22948395288907564 0.014490787799541768 0.014574674459604116
0 0.45937134669377255 0.8104883340688852 0.019370445838341348 0.01934667733999399
0 0.7378467413095328 0.07437932032805222 0.018171016986553486 0.017493165456331693
0 0.7641438704270583 0.4568313451913687 0.015352249145507812 0.015438006474421574
0 0.6085760776813214 0.2663411727318397 0.014330423795259915 0.014479123629056491
0 0.18924337167006272 0.036940657175504245 0.013592389913705679 0.013945937156677246
0 0.11253750324249268 0.7750714375422552 0.015109062194824219 0.015034748957707332
0 0.8329298312847431 0.2475444720341609 0.014607796302208534 0.014809975257286659
0 0.5080548799954928 0.05856660696176382 0.014957574697641226 0.01502385506263146
0 0.18901672730079064 0.5369152655968299 0.019311868227445163 0.01937690147986779
0 0.12688970565795898 0.39776827738835263 0.014969715705284705 0.015397732074444111
0 0.6005895321185772 0.3308055584247296 0.0138395749605619 0.014066696166992188
0 0.3632202882033128 0.8501138687133789 0.022185839139498197 0.02195563683143029
0 0.3171093280498798 0.5503872357881986 0.014097507183368389 0.014212534977839543
0 0.7954700176532452 0.01740752848295065 0.01421062762920673 0.014136523008346558
0 0.7445099903987005 0.38972077002892125 0.014689812293419471 0.014697001530573918
0 0.7402808116032527 0.08281920506403996 0.019543867844801683 0.019606260152963493
0 0.5494063450739934 0.2642841155712421 0.014725171602689303 0.014863967895507812
0 0.023848292919305656 0.01941088758982145 0.011164834866156945 0.014420963250673734
0 0.3497662911048302 0.5204474375798152 0.014100001408503605 0.014129932110126201
0 0.5573024016160232 0.2985982161301833 0.01561751732459435 0.015714205228365384
0 0.5744645778949444 0.9908703290499173 0.01440899188701923 0.014064788818359375
