0 0.8726564554067758 0.1339815488228431 0.19079443124624398 0.2475778322953444
0 0.8229853556706355 0.4149635755098783 0.08242401709923378 0.08370824960561898
0 0.14422780733842117 0.39686243350689226 0.10649305123549241 0.1067958244910607
0 0.2876247259286734 0.8796018453744742 0.17217364678016076 0.17345545842097357
0 0.23947088535015398 0.2929129417125995 0.10620557344876803 0.10817458079411434
0 0.24314458553607649 0.37701027209942156 0.1286320319542518 0.12808799743652344
0 0.5538985179020808 0.17496325419499323 0.07294999636136569 0.07331795875842755
0 0.9224884326641376 0.8708051534799429 0.0816342280461238 0.08824905982384315
0 0.29242702630849987 0.07899702512300931 0.143494019141564 0.14267851756169245
0 0.6272878646850586 0.4030490288367638 0.05587460444523738 0.055710205665001504
0 0.614051525409405 0.6885866752037635 0.06802529555100661 0.06697243910569411
0 0.5467795958885779 0.9603058741642878 0.05945264376126803 0.05945440439077524
0 0.4412350287804237 0.8247058574969952 0.05234439556415264 0.052425384521484375
0 0.5950155624976525 0.03840523958206177 0.1329666284414438 0.07404669431539682
0 0.18631625175476074 0.16820771877582258 0.09253527567936824 0.09367498984703651
0 0.4966019116915189 0.6917495727539062 0.09159924433781551 0.09149492703951322
0 0.45044891650860125 0.9143571120042068 0.06766128540039062 0.06664862999549279
0 0.8891250903789814 0.9227201755230243 0.030245854304387018 0.029958431537334736
0 0.43331425006573016 0.1031477818122277 0.13720974555382362 0.13915036274836615
0 0.7309758846576397 0.7928490271935096 0.05133496798001803 0.05169985844538762
0 0.5709762573242188 0.24481650499197152 0.07345082209660457 0.07297449845534104
0 0.7668273632342999 0.9427757996779221 0.034033555250901446 0.034068914560171276
0 0.18117275604834923 0.969931382399339 0.08467270777775691 0.05465023334209736
0 0.38596659440260667 0.19808464783888596 0.22855525750380296 0.2325893548818735
0 0.656472792992225 0.9343398167536809 0.030120702890249398 0.030276078444260817
0 0.3341830693758451 0.6399676983173077 0.04384825779841496 0.04444797222430889
0 0.2397174835205078 0.7382827905508188 0.0488274647639348 0.048720139723557696
0 0.5655562327458308 0.40082087883582485 0.031893216646634616 0.03181860997126652
0 0.7116328019362229 0.17275058306180513 0.03531030508188101 0.03524013666006235
0 0.24939713111290565 0.45259886521559495 0.08014400188739483 0.08056713984562801
0 0.6061234840979943 0.14016465957348162 0.05868618304912861 0.058686164709237904
0 0.5253665630634015 0.13504886627197266 0.059230951162484974 0.05964444233820988
0 0.788902576153095 0.7715838505671575 0.0463409423828125 0.046428533700796276
0 0.15610863612248346 0.6414517622727615 0.08023673754472 0.08168205848106971
0 0.38531824258657604 0.6149744987487793 0.0715180910550631 0.071593871483436
0 0.42792012141301083 0.32736891966599685 0.03687594487116887 0.03689435812143179
0 0.5944356918334961 0.35102161994347203 0.03610449570875902 0.0363463621873122
0 0.6860536428598257 0.5851628230168269 0.0408483651968149 0.041118768545297474
0 0.7770262498121995 0.15575568492595965 0.027933560884915866 0.028071843660794772
0 0.9428038230309119 0.0862117180457482 0.030358094435471755 0.030265519252190225
0 0.5987772574791541 0.9799575805664062 0.0218201417189378 0.022005521334134616
0 0.6676729642427884 0.8243554922250601 0.032358022836538464 0.03251075744628906
0 0.18502411475548378 0.053168847010685846 0.04401969909667969 0.044345938242398776
0 0.7933714939997747 0.36760403559758115 0.024887671837439902 0.024893540602463942
0 0.30569711098304164 0.6852182241586539 0.0643769044142503 0.06446632972130409
0 0.5245824226966271 0.3503495729886569 0.02062394068791316 0.02067991403432993
0 0.06860545048346886 0.5731971447284405 0.0681310617006742 0.08405670752892128
0 0.08051105645986703 0.05256551504135132 0.03778490194907555 0.03763359326582689
0 0.5012553655184232 0.3497928105867826 0.023577396686260518 0.02369352487417368
0 0.5269042895390437 0.5141339668860803 0.02473867856539213 0.024974676278921273
0 0.9541780031644381 0.5404186982374924 0.019237811748798076 0.01971274155836839
0 0.8284238668588492 0.7599239349365234 0.0263217045710637 0.0267336918757512
0 0.06933480501174927 0.3831706413855919 0.032101952112638034 0.031830127422626205
0 0.7514654306265024 0.25815285169161284 0.036487726064828724 0.036520811227651745
0 0.10344954637380746 0.2509446144104004 0.06380064670856182 0.06456727247971755
0 0.25718852189870983 0.6106931246243991 0.03441040332500751 0.03456863990196815
0 0.728062996497521 0.3865207525400015 0.029338543231670674 0.029773492079514723
0 0.5611480932969314 0.7023317630474384 0.02820132328913762 0.028444290161132812
0 0.9506894625150241 0.9781080392690805 0.02463384775015024 0.025595444899338942
0 0.052918933905087985 0.05429449448218712 0.02406917168543889 0.023963084587684043
0 0.6689488337590144 0.6930565467247596 0.04583329420823317 0.04525903555063101
0 0.446995368370643 0.5297519977276142 0.02663142864520733 0.026930882380558893
0 0.6359164164616511 0.8442855248084435 0.06354508033165565 0.06396777813251202
0 0.29059382585378796 0.7579536437988281 0.06447509618905875 0.06549952580378605
0 0.4486526342538687 0.7741826864389273 0.05081954369178185 0.05000627957857572
0 0.6023812660804162 0.6026663413414588 0.043458205003004804 0.042931776780348554
0 0.049915588819063626 0.41456369253305286 0.029215021775319025 0.030060841487004206
0 0.11150516913487361 0.5364960156954252 0.04140708996699406 0.04100887592022236
0 0.5913105377784142 0.5275703943692721 0.03381435687725361 0.034107061532827526
0 0.4743316723750188 0.7649573546189529 0.022535250737116888 0.022456535926231973
0 0.7157170222355769 0.4639672866234413 0.021832979642427884 0.021921231196476862
0 0.6326456803541917 0.8826989393967849 0.0202334477351262 0.02005767822265625
0 0.4259309768676758 0.46319939539982724 0.04863049433781551 0.04878807067871094
0 0.22406477194565994 0.21935272216796875 0.1175077511714055 0.12186050415039062
0 0.8352520282451923 0.7827655352078952 0.025533529428335335 0.025768426748422477
0 0.9018296461838943 0.6473804620596079 0.02136964064378005 0.021134303166316107
0 0.7132941025954026 0.7176565757164588 0.024338795588566706 0.02453437218299279
0 0.741462780879094 0.8521873033963717 0.020003245427058294 0.019788301908052884
0 0.18830119646512544 0.5867126905001127 0.03351526993971605 0.03336246197040264
0 0.45892759469839245 0.4900668951181265 0.06040815206674429 0.05953348599947416
0 0.6003243006192721 0.30363258948692906 0.026104266826923076 0.026169263399564303
0 0.3389112399174617 0.5629049814664401 0.016214444087101862 0.01634531754713792
0 0.7135732357318585 0.5095659769498385 0.02380796579214243 0.02379886920635517
0 0.5502676597008338 0.3696583967942458 0.018089147714468148 0.01793802701509916
0 0.37164867841280425 0.8013379757220929 0.04004375751201923 0.040322523850661054
0 0.6643943786621094 0.791720463679387 0.040023510272686295 0.039243844839242786
0 0.541909437913161 0.8571053284865159 0.017878605769230768 0.01770195594200721
0 0.1398623906649076 0.11158163730914776 0.02374406961294321 0.02378236330472506
0 0.8956620143010066 0.6230743848360502 0.016514998215895433 0.016399383544921875
0 0.9011958195612981 0.5424258158757136 0.01587339547964243 0.01614805368276743
0 0.5301545216487005 0.2996474779569186 0.017852929922250602 0.01790002676156851
0 0.15381831389207107 0.49669273083026594 0.04000938855684721 0.039640059837928183
0 0.14922742660229021 0.5203538674574631 0.026046954668485202 0.026283410879281852
0 0.7709090893085186 0.740264892578125 0.025983663705679085 0.02558135986328125
0 0.9417642446664664 0.4935382329500638 0.01905206533578726 0.019150367149939902
0 0.9436496587900015 0.9397916793823242 0.017717361450195312 0.01766630319448618
0 0.25324806800255406 0.5842875700730544 0.02812539614163912 0.02812326871431791
0 0.7044482597937951 0.9493205730731671 0.0433955559363732 0.043550344613882214
0 0.6495946737436148 0.35294727178720325 0.057965792142427884 0.05793564136211689
0 0.6324966137225811 0.7942054455096905 0.01884636512169471 0.018940265362079326
0 0.8843527573805589 0.6534244097196139 0.0196225092961238 0.019881175114558294
0 0.78845948439378 0.29033305094792294 0.018588139460637018 0.018700379591721755
0 0.38550512607281023 0.02673510633982145 0.05831168248103215 0.052024442415971026
0 0.7632378798264724 0.2090116830972525 0.07814612755408654 0.07784223556518555
0 0.5420347360464243 0.33954613025371844 0.02308786832369291 0.02294437701885517
0 0.8055669344388522 0.7106968806340144 0.026745135967548076 0.026972550612229567
0 0.3133081289438101 0.349765630868765 0.01738900404710036 0.017449158888596755
0 0.180768948334914 0.7656373244065505 0.07495355606079102 0.07531063373272236
0 0.6037848912752591 0.20487084755530724 0.025996061471792366 0.02576611592219426
0 0.07709558193500225 0.30702425883366513 0.023418825406294603 0.02342840341421274
0 0.05369500930492695 0.6449993573702298 0.02286384655879094 0.02307466360238882
0 0.664563252375676 0.7678165435791016 0.02548833993765024 0.02549567589393029
0 0.9442622844989483 0.6948782113882211 0.03575046245868389 0.03609906710111178
0 0.49433605487530047 0.7351683103121244 0.03497446500338041 0.03499515240009014
0 0.7571307695828952 0.09937209349412185 0.03310467646672176 0.03250547555776743
0 0.05902654849565946 0.3540983566871056 0.017713280824514534 0.01749119391808143
0 0.2889628777137169 0.23572162481454703 0.01802382102379432 0.018013880803034857
0 0.38692004864032453 0.8417072296142578 0.02047127943772536 0.020442082331730768
0 0.5024862289428711 0.2908484752361591 0.01631443317119892 0.016019234290489785
0 0.4412629787738507 0.6590505746694711 0.0419153066781851 0.04254355797400841
0 0.4089363538301908 0.7036057985745944 0.04104819664588341 0.040191356952373795
0 0.9022014324481671 0.16427942422720102 0.01809545663686899 0.0183103267963116
0 0.947044665996845 0.314272220318134 0.036124889667217545 0.042003704951359674
0 0.15409359565147987 0.2596421241760254 0.056766280761131875 0.057035666245680586
0 0.4551924191988431 0.4063980762775128 0.14460123502291167 0.14262881645789513
0 0.673200093782865 0.6341314315795898 0.03517649723933293 0.03556530292217548
0 0.5841170090895432 0.3803853988647461 0.02272825974684495 0.022996242229755107
0 0.5130261274484488 0.570958871107835 0.07076388138991135 0.06966062692495492
0 0.4943901208730844 0.2672349489652194 0.03404786036564754 0.03397031930776743
0 0.4509380047137921 0.34010204902062047 0.021476012009840745 0.02147219731257512
0 0.7429713469285232 0.560401623065655 0.021859095646784857 0.021972216092623197
0 0.5274665172283466 0.4348180844233586 0.01627034407395583 0.016377008878267728
0 0.7662994678203876 0.8935642976027268 0.0437322763296274 0.04447467510516827
0 0.4921110593355619 0.3660417703481821 0.017041133000300482 0.01642637986403245
0 0.3662446095393254 0.5327475254352276 0.017662781935471755 0.0176238280076247
0 0.06563443403977615 0.51064054782574 0.062123628763052136 0.08081854306734525
0 0.554778685936561 0.6142599399273212 0.050069368802584134 0.04962789095365084
0 0.6372608038095328 0.5713441555316632 0.041764332697941706 0.0409239989060622
0 0.6819956119243915 0.4791143857515775 0.018575521615835335 0.018861037034254808
0 0.5489001274108887 0.8179063063401443 0.03397699502798227 0.0340265127328726
0 0.6268598116361178 0.29427194595336914 0.015820136437049277 0.016439511225773737
0 0.802328476539025 0.47695137904240537 0.016689300537109375 0.01653597905085637
0 0.8087297586294321 0.23705104681161734 0.014721210186298076 0.014950092022235576
0 0.4941590382502629 0.8321175208458533 0.015984755295973558 0.015902592585637018
0 0.935828869159405 0.5153425656832181 0.015445122352013221 0.015205089862530049
0 0.31074307515070987 0.5288183505718524 0.04225481473482572 0.0409083733191857
0 0.3753071198096642 0.7675596383901743 0.05864532177264874 0.05705833435058594
0 0.6458130616408128 0.43727911435640776 0.021518853994516227 0.021304203913762018
0 0.8526517427884616 0.9427826221172626 0.015002764188326322 0.014880547156700721
0 0.7332462897667518 0.9306581937349759 0.01579871544471154 0.01569513174203726
0 0.18733560121976411 0.4932509935819186 0.015078397897573618 0.01496579096867488
0 0.9128109858586237 0.7863955864539514 0.027101956881009616 0.027025222778320312
0 0.2945646872887245 0.6544202657846304 0.02716511946458083 0.02667852548452524
0 0.6965370911818284 0.36247887978186977 0.021532058715820312 0.021117430466871995
0 0.1654668954702524 0.800783817584698 0.018257287832406852 0.018374516413762018
0 0.41196228907658505 0.7239302121675931 0.020178868220402643 0.02010477506197416
0 0.26528459328871506 0.49158345735990083 0.0391240119934082 0.038957962623009317
0 0.691920647254357 0.7125390859750601 0.018692163320688102 0.018944960374098558
0 0.8746013641357422 0.32715848776010364 0.03765663733849159 0.03792014488807091
0 0.7919276310847356 0.452364628131573 0.02604059072641226 0.02582124563363882
0 0.7852237407977765 0.5079685357900766 0.026694077711838942 0.026089594914362982
0 0.34948371006892276 0.7460247920109675 0.015207877525916466 0.015084486741286058
0 0.6316427084115835 0.7232575049767127 0.016493577223557692 0.01621246337890625
0 0.055198609828948975 0.8655893619243915 0.0170748233795166 0.01727896470289964
0 0.7142141782320462 0.8406127049372747 0.0253292964054988 0.025429945725661058
0 0.2969813897059514 0.9648981827955979 0.016504507798414964 0.016437237079326924
0 0.9550747504601111 0.18154721993666428 0.020626948429987982 0.021602337176983174
0 0.16216080005352312 0.542428236741286 0.01561905787541316 0.015703934889573317
0 0.7637757521409255 0.8059896322397085 0.04169933612530048 0.04336342444786659
0 0.38742927404550404 0.8664732712965745 0.027429727407602165 0.027063516470102165
0 0.7211958811833308 0.6675668129554162 0.025348663330078125 0.025211040790264424
0 0.41049927931565505 0.6550313509427584 0.024756798377403848 0.02478937002328726
0 0.27158172313983625 0.14121174812316895 0.03706059089073768 0.03695205541757437
0 0.5016272251422589 0.21663491542522723 0.018694364107572116 0.018806604238656852
0 0.7703577188345102 0.9699569115271935 0.017020005446213942 0.017125643216646634
0 0.7035211416391226 0.23750455562884992 0.05879680926983173 0.05887680787306566
0 0.6798882117638221 0.8566639239971454 0.020709111140324518 0.020653798029972956
0 0.8423109788161057 0.7344490197988657 0.024328965407151442 0.02486727787898137
0 0.6848068237304688 0.6106526301457331 0.01622155996469351 0.016334680410531852
0 0.06299101389371432 0.6160582762498122 0.018264348690326396 0.018280909611628607
0 0.08720340178563045 0.6166547628549429 0.06977479274456318 0.07024827370276818
0 0.21159135378324068 0.07622153942401592 0.02482014435988206 0.024608373641967773
0 0.5524680431072528 0.4341436532827524 0.014328296367938701 0.014393146221454326
0 0.3548897963303786 0.4915899863609901 0.026091942420372598 0.025945443373460036
0 0.7214324657733624 0.8836627373328576 0.039598905123197116 0.03951542194073017
0 0.6200783802912786 0.7541000659649189 0.015525377713716947 0.015328187208909255
0 0.5053699199969952 0.9612409885113056 0.030243946955754206 0.030477523803710938
0 0.8232517242431641 0.9932842254638672 0.037596482496995196 0.013030712421123799
0 0.37302472041203427 0.7200453831599309 0.03463437007023738 0.034994272085336536
0 0.5058948810283954 0.23578691482543945 0.037073575533353366 0.03613369281475361
0 0.6471060972947341 0.6583487437321589 0.027948379516601562 0.029193731454702523
0 0.6899229196401743 0.6621734178983248 0.021907219519981973 0.02151797367976262
0 0.8506447718693659 0.2359748253455529 0.021043043870192308 0.02127691415640024
0 0.8037983087392954 0.7379633096548227 0.03837159963754507 0.038054246168870196
0 0.08834598614619328 0.4648256301879883 0.10819248052743766 0.12540450462928185
0 0.8958898691030649 0.4128362215482272 0.033269295325646035 0.03349626981295072
0 0.936261250422551 0.7518933369563177 0.03647672213040865 0.03652279193584736
0 0.6827180568988507 0.8780406071589544 0.015552080594576322 0.015550613403320312
0 0.8320789337158203 0.5331244468688965 0.043100210336538464 0.04357154552753155
0 0.8531614450307993 0.37746832920954776 0.016977456899789665 0.017006800724909857
0 0.5270886788001428 0.217639134480403 0.026656664334810697 0.02665123572716346
0 0.3655544427724985 0.47533548795259917 0.015951229975773737 0.016326537499060996
0 0.8273720374474158 0.7180626208965595 0.020543025090144232 0.02093373812161959
0 0.2757124900817871 0.9909905653733474 0.017650384169358473 0.015827765831580527
0 0.8852682847243089 0.25345285122211164 0.017215728759765625 0.017243238595815804
0 0.7710391558133639 0.7932481032151443 0.024890752939077523 0.02469488290640024
0 0.5320970828716571 0.8379105788010818 0.015546065110426683 0.01568940969613882
0 0.43336692223182094 0.5756595318134015 0.052668057955228366 0.05299289409930889
0 0.29752806516794056 0.5809648953951322 0.024674378908597507 0.02412077096792368
0 0.5623669257530799 0.47455809666560245 0.014525340153620793 0.0144500732421875
0 0.45406026106614333 0.6070461273193359 0.022590050330528848 0.02271754925067608
0 0.8500199684729943 0.4597877355722281 0.021547317504882812 0.022147985605093148
0 0.5457545793973483 0.8998263432429388 0.015076270470252404 0.014824207012469951
0 0.7807608384352464 0.5605045465322641 0.0459283682016226 0.04638187701885517
0 0.7961877676156851 0.8561829787034255 0.032510610727163464 0.032376802884615384
0 0.671662110548753 0.384336178119366 0.027446453387920674 0.02747374314528245
0 0.4971443322988657 0.16064143180847168 0.021317261915940505 0.02136080081646259
0 0.2464420245243953 0.5416892858651968 0.020960147564227764 0.020819884080153245
0 0.7422158167912409 0.7356474949763372 0.0361787355863131 0.035753690279447116
0 0.42137571481557995 0.5278084828303411 0.047106376061072715 0.04984899667593149
0 0.1965785393348107 0.6365077678973858 0.016379576462965745 0.01683191152719351
0 0.6440748068002554 0.5464300375718337 0.022525493915264424 0.02212869204007662
0 0.5179753670325646 0.3725431148822491 0.020067214965820312 0.019782579862154447
0 0.9207593477689303 0.14172018491304839 0.014418675349308895 0.014391202193040114
0 0.27417410337007964 0.5261427805973933 0.02144167973445012 0.021974710317758415
0 0.6203036675086389 0.5421291498037485 0.021802205305833083 0.021849558903620794
0 0.7706304696890024 0.49661981142484224 0.01634832528921274 0.016080856323242188
0 0.4628766133235051 0.3211078643798828 0.03425884246826172 0.034347259081327
0 0.4156320645258977 0.3711276421180138 0.06790432563194862 0.06832196162297176
0 0.09493420674250676 0.4327555436354417 0.05976019914333637 0.06063681382399339
0 0.7546703632061298 0.7639830662653997 0.022865882286658652 0.022830963134765625
0 0.4685811262864333 0.6317242108858548 0.04052866422213041 0.04127913254957933
0 0.8000574845534104 0.5236927179189829 0.02068328857421875 0.020148350642277643
0 0.552986218379094 0.7487922815176157 0.02710239703838642 0.026757313654972956
0 0.5669038845942571 0.8489836179293119 0.05690838740422176 0.05736336341271034
0 0.25882886006281924 0.51575073829064 0.017380567697378304 0.017014576838566706
0 0.25942479647122896 0.6459973408625677 0.030268265650822565 0.028899559607872598
0 0.9112198169414814 0.32473289049588716 0.04145138080303486 0.04188963083120493
0 0.6008790823129507 0.5549414708064153 0.029926300048828125 0.029744808490459736
0 0.9384419367863581 0.8269784633929913 0.021935096153846152 0.02175624553973858
0 0.5467535532437838 0.6773184262789212 0.02331066131591797 0.023732405442457933
0 0.7315028997567984 0.41977328520554763 0.013373888455904447 0.013263115516075721
0 0.3193877660311185 0.5774879455566406 0.017817203815166768 0.017957027141864482
0 0.19255590438842773 0.6848960289588342 0.024487422062800482 0.024432842548076924
0 0.19008244000948393 0.5624763782207782 0.014787820669320913 0.014940848717322716
0 0.17233991622924805 0.5571568195636456 0.01954372112567608 0.019535211416391227
0 0.7329372992882361 0.3284447743342473 0.017757709209735576 0.01783605722280649
0 0.29864685352032 0.26928171744713414 0.025397740877591647 0.02681137965275691
0 0.8391766914954553 0.6584073580228366 0.013715744018554688 0.013831652127779447
0 0.8901361318734976 0.7085149471576397 0.017154400165264424 0.016994769756610576
0 0.40754252213698167 0.9835071563720703 0.048833406888521634 0.03038963904747596
0 0.6998277810903696 0.6474804511437049 0.016301668607271634 0.015980353722205527
0 0.7150050676785983 0.9865855437058669 0.02123084435096154 0.021112588735727165
0 0.20970773696899414 0.07823552535130428 0.030626737154447116 0.03010137264545147
0 0.25640401473412144 0.6463764630831205 0.021657870366023138 0.021482027493990384
0 0.925477541410006 0.664397459763747 0.043796539306640625 0.043015700120192304
0 0.8598440610445462 0.5948391327491174 0.014821566068209134 0.01520237555870643
0 0.5854428364680364 0.7522178063025842 0.022892878605769232 0.023027860201322116
0 0.4738019796518179 0.8435776783869817 0.014859566321739784 0.015055436354417067
0 0.4854938800518329 0.4556573721078726 0.03520804185133714 0.035431201641376205
0 0.6711769104003906 0.5577110143808218 0.02159573481633113 0.021886605482835036
0 0.44536707951472354 0.7288951873779297 0.05352519108698918 0.05431659405048077
0 0.23637815622182992 0.6726307502159705 0.0408471914438101 0.04041965191180889
0 0.23330114437983587 0.9388722639817458 0.06490604694073017 0.06444593576284555
0 0.749276381272536 0.3282767809354342 0.013609372652493991 0.013855787423940806
0 0.43260897122896635 0.6071651898897611 0.018421466533954326 0.018525050236628607
0 0.7056454144991361 0.9729037651648889 0.015111042903019832 0.015243823711688701
0 0.4239495350764348 0.9359884995680589 0.02710562485914964 0.027199965256911058
0 0.8764503185565655 0.6005341456486628 0.016095381516676683 0.01585725637582632
0 0.6927083822397085 0.6340559445894681 0.06587542020357572 0.06366461973923904
0 0.7101873251108023 0.614686709183913 0.024195744441105768 0.02332650698148287
0 0.8472243088942307 0.639574931218074 0.013999058650090145 0.013709141657902645
0 0.5755596160888672 0.5606872485234187 0.021262388962965745 0.02172367389385517
0 0.3069375478304349 0.45891629732572115 0.0570831298828125 0.05756583580603966
0 0.36406451005202073 0.6319971084594727 0.019838626568134014 0.02052160409780649
0 0.2925909482515775 0.5407414436340332 0.015047806959885817 0.015353642977201022
0 0.44943376687856823 0.8893943199744592 0.015029467069185697 0.014996161827674279
0 0.8417509519136869 0.25156582318819487 0.014431586632361779 0.014202117919921875
0 0.7324032416710486 0.8228362156794622 0.017923795259915866 0.018444354717548076
0 0.8710641127366286 0.46041576678936297 0.02281775841346154 0.022710360013521634
0 0.5231097294734075 0.5462608704200158 0.03372001647949219 0.034168243408203125
0 0.5222996931809646 0.45550742516150844 0.016336734478290264 0.01641999758206881
0 0.4725002875694862 0.8900730426494892 0.017834883469801683 0.017777516291691706
0 0.8664380587064303 0.9765353569617639 0.017791748046875 0.018387574415940505
0 0.5552407778226413 0.49369980738713193 0.05662199167104868 0.056321364182692304
0 0.8332070570725661 0.9810433754554162 0.01521594707782452 0.015393917377178486
0 0.5998967977670523 0.09780561006986178 0.03261287395770733 0.03228132541363056
0 0.6664175620445838 0.8847073775071365 0.017261358407827523 0.01728336627666767
0 0.3809764568622296 0.7412496713491586 0.044653819157527044 0.04482327974759615
0 0.7331724900465745 0.5998889482938327 0.020843505859375 0.020268073448768027
0 0.6951998197115384 0.3419687564556415 0.021494938777043268 0.02191925048828125
0 0.9160023469191331 0.4925949756915753 0.02625098595252404 0.026067073528583232
0 0.8665657043457031 0.738954103910006 0.019661536583533652 0.019718170166015625
