0 0.4575459040128268 0.9166798958411584 0.2304547383235051 0.16268040583683893
0 0.42222342124352086 0.18144886310283953 0.14173104212834284 0.14418380994063157
0 0.615479616018442 0.616029299222506 0.0637804178091196 0.06461202181302585
0 0.34648491786076474 0.891348985525278 0.060345943157489486 0.060753162090594955
0 0.3531206204341008 0.164538548542903 0.023639972393329326 0.023913163405198317
0 0.6085086235633264 0.7599467497605544 0.02478614220252404 0.02483705373910757
0 0.6249728569617639 0.4231056800255409 0.04802905596219576 0.04781400240384615
0 0.5709900856018066 0.3447733659010667 0.03238355196439303 0.03248889629657452
0 0.30586891907912034 0.05504951568750235 0.03022905496450571 0.03011771348806528
0 0.6796247042142428 0.44236472936776966 0.0401763916015625 0.040500787588266224
0 0.46551018494826096 0.030727899991548978 0.023521863497220553 0.023726224899291992
0 0.6330226017878606 0.3034916107471173 0.04460701575646034 0.04459942304171049
0 0.5937405366163987 0.9132345639742337 0.057701404278094955 0.05751331035907452
0 0.6498212080735427 0.10637496067927434 0.04727246211125301 0.04750820306631235
0 0.5542470491849459 0.6028057611905612 0.04973103449894832 0.0487213868361253
0 0.6460164877084585 0.8272937627939078 0.03853695209209736 0.038346363947941706
0 0.70610838669997 0.3680565173809345 0.029111715463491585 0.029046132014347956
0 0.3420250232403095 0.7185558905968299 0.023183235755333535 0.02327698927659255
0 0.6503286361694336 0.16203988515413725 0.04939842224121094 0.04982075324425331
0 0.4419010602510892 0.894356214083158 0.029554367065429688 0.029880523681640625
0 0.7737302780151367 0.30248337525587815 0.016728914701021634 0.016962198110727165
0 0.659663567176232 0.7078490624060998 0.01636534470778245 0.016347151536207933
0 0.26506383602435774 0.36432625697209287 0.018522189213679388 0.01849086468036358
0 0.4128101055438702 0.8103066224318284 0.030558292682354268 0.030317013080303486
0 0.36287784576416016 0.6920865865854117 0.017360833974984977 0.017627716064453125
0 0.5686690990741436 0.5122577227078952 0.05064729543832632 0.05003929138183594
0 0.7530347383939303 0.35726635272686297 0.02021055955153245 0.020305853623610277
0 0.5264787307152381 0.26405099722055286 0.024594527024489183 0.02475118637084961
0 0.45238285798292893 0.34565096635084885 0.022745132446289062 0.022606629591721755
0 0.6617549749521109 0.7384347915649414 0.023564265324519232 0.023510859562800482
0 0.40645005152775693 0.2955774160531851 0.016147760244516227 0.016144165625939004
0 0.5084186333876389 0.33234229454627406 0.02501964569091797 0.02522424551156851
0 0.3440972108107347 0.13354308788593 0.019612825833834134 0.019529305971585788
0 0.6722151682927058 0.08056800182049091 0.03525117727426382 0.03471049895653358
0 0.5734557738670936 0.8745923409095178 0.0345606437096229 0.034714918870192304
0 0.5185846915611854 0.36519754849947417 0.021622731135441706 0.021792485163762018
0 0.357422425196721 0.5162991743821365 0.020584986760066107 0.0212555665236253
0 0.5260386833777795 0.292815611912654 0.051690908578725964 0.05114298600416917
0 0.7690853705772986 0.9876622420090896 0.017647963303786058 0.017681121826171875
0 0.6763010025024414 0.6672129997840295 0.029775619506835938 0.030352959266075723
0 0.4023376244765062 0.8409028420081506 0.016871892488919772 0.01686551020695613
0 0.30645132064819336 0.005930251226975367 0.018955083993765023 0.011604798527864309
0 0.43862709632286656 0.4481674341055063 0.11507034301757812 0.11384289081280048
0 0.7196223185612605 0.8242859473595252 0.06820884117713341 0.07003476069523738
0 0.40642540271465594 0.6052271036001352 0.01679376455453726 0.01667477534367488
0 0.7722993263831506 0.9213112317598783 0.015998106736403245 0.016030238224909857
0 0.3820504041818472 0.25189652809729945 0.023122200599083535 0.023566502791184645
0 0.664704836331881 0.5820214931781476 0.04866996178260216 0.04897499084472656
0 0.48679718604454625 0.7127417784470779 0.015390249399038462 0.015074363121619591
0 0.4052909704355093 0.335660274212177 0.03203179286076473 0.03155048076923077
0 0.3334770936232347 0.435365236722506 0.01519012451171875 0.015147722684420072
0 0.7190182759211614 0.2600537446828989 0.028139114379882812 0.02756353525015024
0 0.351011533003587 0.060560446519118086 0.036019545335036054 0.03608954869783842
0 0.21433160855219915 0.011378502616515527 0.01892992166372446 0.018372959815538846
0 0.74335450392503 0.3283362021813026 0.11654398991511418 0.12471299905043381
0 0.6320105332594651 0.46411635325505185 0.04244815386258639 0.04346818190354567
0 0.5523941333477314 0.5219538762019231 0.02770842038668119 0.02760461660531851
0 0.6281133798452524 0.9622463813194861 0.0884861579308143 0.0695202167217548
0 0.6939886533297025 0.41139877759493315 0.01714779780461238 0.017173400292029746
0 0.25081795912522536 0.12922358512878418 0.014011786534236027 0.0141600095308744
0 0.440098028916579 0.3605559789217435 0.017739075880784255 0.017775975740872897
0 0.7183231940636268 0.549866089454064 0.07322311401367188 0.07229775648850661
0 0.4811289127056415 0.27837408505953276 0.014346636258638822 0.01458908961369441
0 0.3655867576599121 0.7630996704101562 0.018100738525390625 0.018146221454326924
0 0.7895958240215595 0.7321904989389273 0.014057452862079326 0.014516830444335938
0 0.40357362307035005 0.7324923001802884 0.017261505126953125 0.017359220064603366
0 0.49096463276789737 0.29268136391272914 0.021817427415114183 0.02124896416297326
0 0.7325237714327298 0.7300353417029748 0.01989907484788161 0.019620748666616585
0 0.3120405123783992 0.10863344485943134 0.0204928471491887 0.02066949697641226
0 0.34203676077035755 0.4014303134037898 0.037463995126577526 0.03704349811260517
0 0.6708027766301081 0.30550320331866926 0.01898340078500601 0.018921301915095404
0 0.5810646644005408 0.19069269987253043 0.09011356647198017 0.08792609434861404
0 0.3668380884023813 0.26337379675645095 0.02384603940523588 0.024023129389836237
0 0.4652561041025015 0.43191917125995344 0.018520942101111777 0.018841083233173076
0 0.22603966639592096 0.8033668811504657 0.028294196495643027 0.028551248403695915
0 0.729820544903095 0.7260894775390625 0.08705652677095853 0.08921520526592548
0 0.5917786818284255 0.8055733900803786 0.013924231896033654 0.014030163104717549
0 0.5052329576932467 0.41150701962984526 0.044775816110464245 0.044426257793719955
0 0.6275791755089393 0.3866220987760104 0.022165445181039665 0.022401956411508415
0 0.354281132037823 0.6007425968463604 0.018411929790790264 0.018194198608398438
0 0.3138116689828726 0.9127082091111404 0.018093329209547777 0.01799612778883714
