0 0.5324358573326697 0.9138983212984525 0.040997871985802285 0.04091702974759615
0 0.7418909806471604 0.08668285149794358 0.04984283447265625 0.049651581507462725
0 0.22771072387695312 0.26055310322688174 0.06908864241379958 0.06846868074857272
0 0.4269413581261268 0.8853337214543269 0.03638810377854567 0.03656446016751803
0 0.1756288088285006 0.3809058116032527 0.05719866202427791 0.05733064504770132
0 0.9797839384812576 0.31323410914494443 0.03534771845890926 0.03581091073843149
0 0.06384053597083458 0.788546635554387 0.02634008114154522 0.0265194819523738
0 0.07012119201513436 0.2481521092928373 0.04536050099592943 0.04497249309833233
0 0.012836309579702524 0.6355038422804612 0.025881400475135215 0.02704796424278846
0 0.24996763009291428 0.9731072645920974 0.022048766796405498 0.022322728083683893
0 0.09909671086531419 0.9056377410888672 0.022847689115084134 0.022902415348933294
0 0.8918201739971454 0.4119717524601863 0.023631462684044473 0.023539616511418268
0 0.14440398949843186 0.328609246474046 0.028722432943490837 0.028896038348858174
0 0.044522844828092135 0.5994212077214167 0.025290949986531183 0.02498039832481971
0 0.8818661616398737 0.2672268243936392 0.03369918236365685 0.03382415037888747
0 0.2961584054506742 0.2963547706604004 0.04689190937922551 0.04689568739670973
0 0.9828665806696966 0.2573736080756554 0.03182777991661659 0.03201011510995718
0 0.025580960970658522 0.833121813260592 0.0512011693074153 0.07096598698542668
0 0.861172969524677 0.8282879315889798 0.018899184006911058 0.018813353318434495
0 0.04673270995800312 0.5742517984830416 0.02603281232026907 0.025879786564753607
0 0.35534176459679234 0.21971506338853103 0.025214708768404447 0.025277981391319863
0 0.0435371628174415 0.9654030433067908 0.023744473090538613 0.023838043212890625
0 0.9541474855863131 0.28016156416672927 0.030100015493539665 0.03025957254263071
0 0.1900351230914776 0.42441617525540865 0.060787127568171576 0.06151742201585036
0 0.34080299964317906 0.9516162138718826 0.017499116750863884 0.017740836510291465
0 0.017115735090695895 0.2877961672269381 0.033821509434626654 0.036121221689077526
0 0.5998863807091346 0.1567850479712853 0.02409979013296274 0.024162063231835
0 0.8666795583871695 0.6224367435161884 0.016835139347956732 0.016799486600435697
0 0.28538681910588193 0.3786516556373009 0.05921114408052885 0.05856616680438702
0 0.08036406223590557 0.47484933412992036 0.03659736651640672 0.03681520315317007
0 0.08809924125671387 0.6054112361027644 0.026053520349355843 0.026072135338416465
0 0.7086978325477014 0.14236552898700422 0.017083094670222357 0.01724844712477464
0 0.6989000760591947 0.6127685400155874 0.01776739267202524 0.017715894258939303
0 0.14987266980684721 0.9308435733501728 0.016663184532752402 0.016766474797175482
0 0.1604600869692289 0.2851360027606671 0.02733777119563176 0.027725366445688102
0 0.7207751640906701 0.04889025137974666 0.016620049109825723 0.016683413432194635
0 0.42729942615215594 0.21985937998845026 0.021442926847017728 0.021815006549541768
0 0.6163834791917068 0.5353790796720065 0.026615399580735426 0.026419346149151143
0 0.8672913037813627 0.33694674418522763 0.018115850595327523 0.017910517179048978
0 0.5741050426776593 0.5193909865159255 0.016619022075946514 0.01667330815241887
0 0.0115013626905588 0.5453772178063025 0.019650945296654336 0.019540053147536058
0 0.33719106820913464 0.44291327549861026 0.11648390843318059 0.11483405186579777
0 0.7813758850097656 0.8091235527625451 0.023533747746394232 0.023708050067608174
0 0.011824119549531203 0.8511698796198919 0.015425700407761794 0.015833047720102165
0 0.5090735508845403 0.658692139845628 0.016310471754807692 0.01632529038649339
0 0.11176177171560434 0.8755032466008112 0.016721175267146185 0.01673272939828726
0 0.9253911972045898 0.15408077606788048 0.015489578247070312 0.015587880061222957
0 0.5881708585298978 0.6653561958899865 0.015872661884014424 0.015925040611853965
0 0.4557618728050819 0.7741499680739182 0.015934503995455228 0.015875596266526442
0 0.19929434702946588 0.5306494786189153 0.03338124201847957 0.0335691892183744
0 0.38163148439847505 0.6425008040208083 0.016043442946213942 0.016233297494741585
0 0.9931400005634015 0.8807419263399564 0.013482020451472355 0.02429477985088642
0 0.4211266224200909 0.09257130439464863 0.1705166009756235 0.16550531754126915
0 0.09762244041149433 0.8125337453988882 0.019814821390005257 0.019834371713491585
0 0.12739454782926118 0.5046885563777044 0.03125572204589844 0.03139481177696815
0 0.5260189496553861 0.5331131861760066 0.016178131103515625 0.016148200401893027
0 0.23296150794396034 0.6874060997596154 0.05478668212890625 0.054895254281850964
0 0.415037411909837 0.23535977877103365 0.062482980581430286 0.06104322580190805
0 0.49118940646831805 0.6649949000431941 0.017664615924541768 0.018059950608473558
0 0.2782610746530386 0.01491538263284243 0.0243224730858436 0.024712363114723794
0 0.16128209921029898 0.5545286031869742 0.042044868836036094 0.04231673020582933
0 0.013002377289992113 0.48604286634005034 0.0236280239545382 0.02364033919114333
0 0.025080231519845817 0.9208412170410156 0.01984887856703538 0.019887484036959134
0 0.0037439499910061178 0.2017984757056603 0.007440032867284922 0.02826074453500601
0 0.20449322920579177 0.098496492092426 0.038831857534555286 0.03817341877863957
0 0.6707291969886193 0.016265893211731546 0.03181897676908053 0.030427902936935425
0 0.678920892568735 0.7471898885873648 0.01604329622708834 0.01612677940955529
0 0.03408020047041086 0.3654140325692984 0.045581464584057145 0.04399409660926232
0 0.23521546217111441 0.0346215688265287 0.044757953056922324 0.044914878331697904
0 0.07105018542363094 0.16685009002685547 0.020334683931790866 0.02053987062894381
0 0.01553127857354971 0.3457676080557016 0.030911830755380485 0.06893165294940655
0 0.10910615554222694 0.2095626867734469 0.07543675716106708 0.0764013803922213
0 0.19894928198594314 0.022041609654059775 0.03235145715566782 0.03246893332554744
0 0.23764538764953613 0.4437053386981671 0.02406160648052509 0.024551978478064902
0 0.4612249227670523 0.9255655728853666 0.015776560856745794 0.015910955575796273
0 0.1615931254166823 0.8167621905987079 0.024199522458589993 0.024887671837439902
0 0.41449275383582485 0.2803181318136362 0.0262454106257512 0.026442197652963493
0 0.33678458287165713 0.34864293611966646 0.036940354567307696 0.036589402418870196
0 0.9042832301213191 0.2772989456470196 0.014909890981820913 0.015007349161001353
0 0.49211920224703276 0.8048638563889724 0.02298457805926983 0.023083026592548076
0 0.8100672501784104 0.9191890129676232 0.031126902653620794 0.03132834801307091
0 0.2951626777648926 0.8977862871610202 0.015548265897310697 0.01567561809833233
0 0.11822832547701322 0.4805101247934195 0.021944302778977614 0.021611580481896035
0 0.40332603454589844 0.37454931552593523 0.0606084970327524 0.06085425156813402
0 0.4617764399601863 0.2989962284381573 0.016772930438701924 0.01684262202336238
0 0.5186120179983286 0.2591940989861122 0.02058579371525691 0.020535982572115384
0 0.8109541672926682 0.443823190835806 0.014350157517653245 0.01432052025428185
0 0.57159240429218 0.49948941744290865 0.014446405264047476 0.014701109666090745
0 0.24202948350172776 0.34813565474290115 0.03804940443772536 0.03779381972092848
0 0.23207968931931716 0.1523713882152851 0.02443383290217473 0.024332706744854268
0 0.584185526921199 0.21822520402761605 0.014307462252103366 0.014228233924278846
0 0.8347665346585788 0.7265153298011193 0.015544597919170674 0.015863712017352764
0 0.34211224776047927 0.2732978050525372 0.017339412982647236 0.017579115354097806
0 0.9925953791691706 0.28949601833636945 0.014337392953725962 0.015550870161790114
0 0.30322903853196365 0.3398444102360652 0.02422017317551833 0.024461672856257513
0 0.9796868837796725 0.35482465303861177 0.017245659461388223 0.01750630598801833
0 0.04994931129308847 0.37909779181847203 0.03975251087775597 0.03898063072791466
0 0.9648639972393329 0.4411759009728065 0.014789287860576924 0.01465914799616887
0 0.19220891365638146 0.4547293002788837 0.036950111389160156 0.037347059983473554
0 0.20292111543508676 0.981078367966872 0.02612730172964243 0.026676471416766826
0 0.3154156024639423 0.2656267056098351 0.025448358975923978 0.025821942549485426
0 0.20064731744619516 0.9867302821232722 0.019791089571439303 0.018596942608173076
0 0.03453959868504451 0.2543431795560397 0.030951270690331094 0.031009747431828424
0 0.8695132915790265 0.6874080071082482 0.014537224402794471 0.014721210186298076
0 0.8236908545860877 0.27831517733060396 0.013912494365985576 0.014010429382324219
0 0.3939366340637207 0.3181469257061298 0.019379909221942607 0.01954203385573167
0 0.3238839369553786 0.499658071077787 0.04790997505187988 0.04807413541353666
0 0.07149768792665921 0.2976879339951735 0.022605309119591348 0.022558212280273438
0 0.24701723685631385 0.370303043952355 0.016066771287184495 0.016089219313401442
0 0.12441199559431809 0.5480447182288537 0.02229914298424354 0.022269322321965143
0 0.488859616793119 0.7903395432692307 0.014411192673903245 0.014744831965519832
0 0.16959821260892427 0.8008335553682767 0.02613375737116887 0.026105587299053486
0 0.18832654219407302 0.3147580807025616 0.05217896975003756 0.05069088935852051
0 0.014395554478351887 0.9278485958392804 0.020758589872947104 0.02109072758601262
0 0.47033397967998797 0.2698998267834003 0.018566351670485277 0.018516027010404147
0 0.5313133826622596 0.3412211491511418 0.013749636136568509 0.013561395498422476
0 0.2056243786445031 0.5611286896925706 0.04001074570875902 0.03984539325420673
0 0.6106403790987455 0.8256430992713342 0.016818706805889424 0.016920823317307692
0 0.25963704402630144 0.45537317716158354 0.025282896482027493 0.025511521559495192
0 0.06141957869896522 0.20279829318706805 0.029508498998788688 0.029386006868802585
0 0.17337567989642805 0.4290648607107309 0.02544410412128155 0.025713333716759317
0 0.14101152236645037 0.0347321812923138 0.08101897973280686 0.06813909457280086
0 0.923988048846905 0.22028028048001802 0.020722609299879808 0.020874977111816406
0 0.0032362215794049776 0.4481172561645508 0.006366846653131338 0.01825376657339243
0 0.11416216080005352 0.13724941473740798 0.017582214795626126 0.017223028036264274
0 0.3753181971036471 0.7792447897104117 0.02091818589430589 0.021015754112830527
0 0.022379380006056566 0.9224760348980243 0.0234297880759606 0.023864012498121995
0 0.9141440758338342 0.2618567576775184 0.022085189819335938 0.021525236276479866
0 0.14355114790109488 0.672589375422551 0.03065208288339468 0.03063231248121995
0 0.4159848139836238 0.19005225254939154 0.01747263394869291 0.017631017244779147
0 0.20507337496830866 0.1622296846829928 0.05727999026958759 0.05742784646841196
0 0.9388744647686298 0.5626831788283128 0.01641229482797476 0.01630064157339243
0 0.0882643461227417 0.7288048083965595 0.03065043229323167 0.030762892503004808
0 0.620047715994028 0.7507969049307016 0.014003166785606971 0.014024881216195913
0 0.07774190719311054 0.38270169038038987 0.0217593083014855 0.022240198575533353
0 0.9740318151620718 0.3984233049245981 0.05162517841045673 0.06892328995924729
0 0.07067126494187576 0.9438772935133714 0.014667180868295522 0.014700962946965145
0 0.07590036208813007 0.5878495803246131 0.014458491252018856 0.01442579122690054
0 0.4372222973750188 0.964984233562763 0.014042927668644832 0.014261832604041466
0 0.0029970075075442973 0.941340813269982 0.005823293557533851 0.030124077430138223
0 0.5406191899226263 0.4014720183152419 0.013444020197941707 0.013433749859149639
0 0.60795835348276 0.9394673567551833 0.013915942265437199 0.013999352088341346
0 0.9314484963050256 0.0778806026165302 0.014272102942833534 0.015001810514009915
