0 0.7143186422494742 0.21634595210735613 0.046668712909405045 0.04642633291391226
0 0.5943027643057016 0.35182490715613735 0.06966209411621094 0.06971285893366887
0 0.6758780846228967 0.6372507535494291 0.05677091158353365 0.056731627537654
0 0.617680916419396 0.9286977327786959 0.044370174407958984 0.044290982759915866
0 0.4111020014836238 0.47165731283334583 0.1244974869948167 0.1233673095703125
0 0.7099538949819711 0.5376210946303147 0.0267483637883113 0.026930735661433294
0 0.6286329122690054 0.6209659576416016 0.017774435190054085 0.017834883469801683
0 0.31439377711369443 0.6507321871243991 0.032223206300001875 0.031853015606219955
0 0.3184519180884728 0.8992705711951623 0.027378669151893027 0.027343163123497598
0 0.75555236522968 0.8934295360858624 0.029086186335637018 0.028683882493239183
0 0.5308182789729192 0.21246968782865083 0.03125550196721004 0.03160381317138672
0 0.7474425389216497 0.7663131126990685 0.022678962120643027 0.022628050584059495
0 0.3216565939096304 0.7493088061992939 0.01918484614445613 0.019090799184945915
0 0.7454470120943509 0.5681208830613357 0.01691260704627404 0.016995796790489785
0 0.5833030847402719 0.21706427060640776 0.017603947566105768 0.0176693842961238
0 0.6384704296405499 0.3154007104726938 0.020506932185246393 0.020769412700946514
0 0.5408367010263296 0.04440095332952646 0.02212377694936899 0.02198901543250451
0 0.6065256779010479 0.0954896486722506 0.019776197580190804 0.01996126541724572
0 0.2396122675675612 0.8278339092548077 0.02331198178804838 0.024220393254206732
0 0.5245282833392804 0.5318553631122296 0.026297495915339544 0.026423087486853965
0 0.6633801093468299 0.06449242738577035 0.018012120173527643 0.0180056095123291
0 0.7161447818462665 0.6572888447688177 0.017182130080003005 0.01729921194223257
0 0.5414047974806565 0.6376737447885367 0.019332518944373496 0.019425612229567308
0 0.3466210732093224 0.3407254952650804 0.01690248342660757 0.016786795396071214
0 0.6655948345477765 0.6899047264685998 0.019843468299278848 0.019702617938701924
0 0.2997735096858098 0.6949754861684946 0.019429133488581732 0.01934814453125
0 0.5649338502150315 0.12476603801433857 0.02052908677321214 0.02066148244417631
0 0.6760413096501277 0.33562315427339995 0.019867090078500602 0.02002708728496845
0 0.3919489933894231 0.6592369079589844 0.016372020427997295 0.01647332998422476
0 0.7553999974177434 0.45529064765343297 0.02767328115609976 0.029232025146484375
0 0.6849509019118089 0.3167725709768442 0.017597785362830527 0.017815369826096755
0 0.29035238119272083 0.7664414919339694 0.01753990466778095 0.01754907461313101
0 0.31911567541269154 0.5695392168485202 0.01609318072979267 0.01598050044133113
0 0.34463860438420224 0.37658508007343 0.015944260817307692 0.015858576847956732
0 0.3531771439772386 0.9685621995192307 0.026407828697791465 0.02609399648813101
0 0.7042792393611028 0.9601603287916917 0.03250796978290264 0.03247759892390324
0 0.5083969923166128 0.9947327833909255 0.034517655005821817 0.01040355975811298
0 0.664527599628155 0.6015907434316782 0.01912659865159255 0.019446739783653848
0 0.2660093674292931 0.2944461749150203 0.01827350029578576 0.01794587648831881
0 0.39725465040940505 0.1668419471153846 0.015485763549804688 0.015384894150954027
0 0.48829445472130406 0.13151992284334624 0.017268841083233174 0.016706393315241888
0 0.6002434950608474 0.23006516236525315 0.014646603510929989 0.01473529522235577
0 0.30564834521367 0.7971553802490234 0.01539285366351788 0.015416952279897837
0 0.6228859241192157 0.19229665169349083 0.01565243647648738 0.015856486100416917
0 0.6589634235088642 0.18180106236384466 0.014371431790865384 0.014530181884765625
0 0.5221880399263822 0.6368469825157752 0.016028771033653848 0.01598974374624399
0 0.5467173136197604 0.3548902364877554 0.03887125161977915 0.038536365215594955
0 0.3418921690720778 0.8624748816856971 0.014225592980018029 0.014657827524038462
0 0.48521753457876354 0.3387615130497859 0.17133712768554688 0.17216653090256911
0 0.6688119448148288 0.2828936760242169 0.01941504845252404 0.01954331764808068
0 0.3444549853985126 0.6488321010883038 0.016317074115459736 0.016150841346153848
0 0.3721056351294884 0.6876288927518405 0.014890964214618389 0.014772121722881611
0 0.5002985000610352 0.4964317175058218 0.07932391533484826 0.07960568941556491
0 0.7247453836294321 0.7577966543344351 0.049476330096905045 0.048108614408052884
0 0.5157400644742526 0.9693308610182542 0.014997042142427884 0.015105027418870192
0 0.55559752537654 0.7252336648794321 0.014960655799278846 0.015204502986027645
0 0.6215372085571289 0.30528970865102917 0.015286812415489784 0.015311241149902344
0 0.7058637325580304 0.16666533396794245 0.013718971839317909 0.013722419738769531
0 0.48782957517183745 0.9874674723698542 0.034287599416879505 0.025096012995793268
0 0.6752482927762545 0.38567344958965594 0.04272035452035757 0.04330165569598858
0 0.7188646609966571 0.48352736693162185 0.025925709651066706 0.02603802314171424
0 0.4766331452589769 0.16789410664485052 0.014541919414813701 0.014420876136192909
0 0.3019083279829759 0.7512474060058594 0.017453377063457783 0.017676720252403848
0 0.6493094517634466 0.42082911271315354 0.015883812537560098 0.015975291912372295
0 0.5703832919781024 0.07879051795372596 0.014795009906475361 0.014908318336193379
0 0.7544146317702073 0.0361119073170882 0.01627320509690505 0.016606289606827956
0 0.694947389455942 0.3396644592285156 0.018891407893254206 0.019094173724834736
0 0.6563395720261794 0.300089377623338 0.02862724891075721 0.028018988095797025
0 0.6341213079599234 0.1107933888068566 0.017123589148888223 0.017141287143413838
0 0.2780587856586163 0.349025873037485 0.025125870337853067 0.02434261028583233
0 0.7114821213942307 0.40653470846322864 0.019183819110576924 0.019152127779447116
0 0.7644227834848257 0.5870227080125076 0.012610508845402645 0.015120873084435096
0 0.6526655050424429 0.5070425913884089 0.01833167442908654 0.01832433847280649
0 0.5797819357651931 0.6500411400428185 0.014368057250976562 0.014262712918795072
0 0.6430657460139348 0.9853024849524865 0.031364147479717545 0.028899706326998197
0 0.524513317988469 0.6893744835486779 0.035622670100285456 0.03582851703350361
0 0.277345033792349 0.3554261280940129 0.016632593595064603 0.01644310584435096
0 0.43024118130023664 0.8544120788574219 0.04258089799147386 0.041878040020282455
0 0.6682255084698017 0.9617356520432693 0.01730170616736779 0.01779350867638221
0 0.5780932719890888 0.5238622518686148 0.01867360335129958 0.018792152404785156
0 0.6709886697622446 0.9510964613694411 0.03567695617675781 0.03654039823091947
0 0.65380492577186 0.5316093518183782 0.018758040208082933 0.018660985506497897
0 0.6409377318162185 0.726197756253756 0.015111629779522236 0.015478427593524639
0 0.48787960639366734 0.450135010939378 0.01929649939903846 0.01918822068434495
0 0.27803842837993914 0.5069181002103366 0.01694004352276142 0.017071063701923076
0 0.39675334783700794 0.9451425992525541 0.014847388634314904 0.014983837421123799
0 0.35092955369215745 0.6127675129817083 0.014697881845327524 0.014814816988431491
0 0.29462871184715855 0.9372912920438327 0.016929039588341348 0.01680447505070613
0 0.6343822479248047 0.5088614317087027 0.019031671377328727 0.018794719989483174
0 0.5549309803889348 0.4520619832552396 0.026305418748121995 0.02651698772723858
0 0.497652163872352 0.24860195013192984 0.07480393923245944 0.075134827540471
0 0.61706909766564 0.5088052016038161 0.015401253333458534 0.015717579768254206
0 0.43107098799485427 0.553979543539194 0.030636420616736777 0.030373279864971455
0 0.6681679945725661 0.9135618943434495 0.02180657019981971 0.021821242112379808
0 0.4632863631615272 0.6717614393967849 0.013896648700420674 0.013843242938701924
