0 0.7601379981407752 0.3250126105088454 0.09223644550030048 0.09268005077655499
0 0.24296149840721717 0.8864603042602539 0.06434139838585487 0.06465750474196214
0 0.21143421759972206 0.11958701793964092 0.04580365694486178 0.045614004135131836
0 0.3274591886080228 0.9683076418363131 0.06594480001009427 0.05453990055964543
0 0.54126343360314 0.11968170679532565 0.05781716566819411 0.057936595036433294
0 0.38545557168813854 0.14027569844172552 0.042125701904296875 0.042272017552302435
0 0.4317593574523926 0.9764894338754507 0.04578216259296124 0.03748614971454327
0 0.39245400061974156 0.3501110810499925 0.06721672644981971 0.06680136460524339
0 0.24783136294438288 0.9761929145226111 0.05342395489032452 0.04255764301006611
0 0.25584617027869594 0.3903711759127103 0.07729611029991737 0.07682484846848708
0 0.5066160788902869 0.9366238667414739 0.03945372654841496 0.039554595947265625
0 0.6686654457679162 0.8360174619234525 0.08933081993689904 0.08926685039813702
0 0.3499007225036621 0.8352634723369892 0.05170359978309044 0.05110432551457332
0 0.7587268535907452 0.4308222257173978 0.03815137423001803 0.0382231198824369
0 0.16314458847045898 0.03612970618101267 0.03565970750955435 0.036553690066704385
0 0.6815556746262771 0.2090455568753756 0.020777482252854567 0.02084974142221304
0 0.462337273817796 0.6566505432128906 0.023703355055588942 0.024042276235727165
0 0.2927982256962703 0.2312152202312763 0.02802738776573768 0.02783049069918119
0 0.7493470998910757 0.16138663658728966 0.02516775864821214 0.025189803196833685
0 0.1647368577810434 0.19541632212125337 0.026323749468876764 0.025886132166935846
0 0.5147931759174054 0.3294792175292969 0.03254010127140926 0.03267390911395733
0 0.3475518593421349 0.27713608741760254 0.021570205688476562 0.022129535675048828
0 0.2563694440401517 0.6493713672344501 0.03188037872314453 0.031940606924203724
0 0.2814032664665809 0.10723029650174655 0.02264881134033203 0.022960956280048076
0 0.657340563260592 0.27603604243351865 0.029032193697415866 0.028984509981595553
0 0.5069993092463567 0.06100576657515306 0.019718170166015625 0.019493992512042705
0 0.16535713122441217 0.22159767150878906 0.02303292201115535 0.022940855759840745
0 0.6471567887526292 0.04634120372625498 0.06452061579777645 0.0659096882893489
0 0.18535619515639085 0.46275872450608474 0.023546548990102913 0.023772019606370192
0 0.6381833736713116 0.8835409604586087 0.06356121943547176 0.06421338594876803
0 0.2135763901930589 0.5622276159433218 0.02776938218336839 0.027789776141826924
0 0.8135367907010592 0.1193548899430495 0.024370927077073317 0.024348038893479567
0 0.7655527408306415 0.6719803443321815 0.03473986112154447 0.034635103665865384
0 0.3071196996248685 0.9284867506760818 0.04481095534104567 0.044496976412259616
0 0.8408594865065354 0.21726182790902945 0.017795856182391826 0.018036548907940205
0 0.19688896032480094 0.35542502770057094 0.01753550309401292 0.017876551701472357
0 0.6471161475548377 0.9427796877347506 0.024013519287109375 0.0238802983210637
0 0.5401893028846154 0.011051802681042599 0.022928384634164665 0.020821527792857245
0 0.42463287940392125 0.09929849551274227 0.029230411236102764 0.02909697019136869
0 0.5871160947359525 0.08274616644932674 0.019430820758526143 0.019562922991239108
0 0.7631599719707782 0.5516110200148362 0.07541773869441105 0.0760502448448768
0 0.45636411813589245 0.10570401411790115 0.020573836106520433 0.020708010746882513
0 0.22382492285508376 0.19928730451143706 0.0204314451951247 0.020255382244403545
0 0.18278066928570086 0.9867547108576848 0.02726290776179387 0.024650720449594352
0 0.3574058092557467 0.5380023075984075 0.031419020432692304 0.031470225407527044
0 0.3206968307495117 0.42702454787034255 0.04420073215778057 0.04493170518141527
0 0.362429325397198 0.6735465709979718 0.028283412639911357 0.028624607966496393
0 0.6782142932598407 0.45850130227895886 0.01641112107496995 0.016280247614933893
0 0.1851026828472431 0.7748947143554688 0.021773264958308294 0.021610553448016826
0 0.3610090109018179 0.5962390166062576 0.055941068209134616 0.054976243239182696
0 0.6674751868614783 0.9196319580078125 0.018766256479116585 0.01878210214468149
0 0.3479148424588717 0.35793495178222656 0.02288928398719201 0.02259665269118089
0 0.5616563650277945 0.30255937576293945 0.03045654296875 0.030563868009127103
0 0.532046391413762 0.23398854182316706 0.020984062781700723 0.020760609553410456
0 0.3907434390141414 0.1643651815561148 0.02784567612868089 0.0281982055077186
0 0.3604305707491361 0.49248247880202073 0.021305964543269232 0.021271778987004206
0 0.40970849990844727 0.18982489292438215 0.024395209092360277 0.024132618537315957
0 0.6587294065035306 0.8096009767972506 0.023308387169471152 0.022821866548978366
0 0.29010897416334885 0.5979159061725323 0.016004342299241286 0.01592276646540715
0 0.37745182330791766 0.9679844196026142 0.045375970693734974 0.04546796358548678
0 0.1633154979118934 0.45332952646108776 0.027321265294001654 0.038248575650728665
0 0.3439783683189979 0.3383054733276367 0.022892291729266826 0.023113544170673076
0 0.42405399909386265 0.430481323829064 0.020622400137094352 0.020633844228891227
0 0.7783869229830228 0.9012006612924429 0.06308893057016227 0.06286122248722957
0 0.26275264299832857 0.7022798244769757 0.02104839911827674 0.02119299081655649
0 0.6121600958017203 0.6772948778592623 0.03005849398099459 0.02991793705866887
0 0.5828604331383338 0.48703457758976865 0.03029155731201172 0.03023807819073017
0 0.604294593517597 0.5258624370281513 0.021431629474346455 0.021374629094050482
0 0.31095123291015625 0.04571671669299786 0.024744033813476562 0.025368876182115994
0 0.2960191873403696 0.8345969273493841 0.04933430598332332 0.04897865882286659
0 0.5882431543790377 0.2895331382751465 0.01949148911696214 0.01954207053551307
0 0.7006323154156024 0.32569478108332706 0.01748789273775541 0.01765023745023287
0 0.24559688568115234 0.027886003255844116 0.027314039377065804 0.027115019468160775
0 0.4156208771925706 0.025810901935283955 0.02288818359375 0.02260761994581956
0 0.6151606119596041 0.1645216208237868 0.015386214623084435 0.01544952392578125
0 0.5417576569777268 0.5414220369779147 0.02995447012094351 0.02991067446195162
0 0.35924713428203875 0.29598599213820237 0.020584693321814902 0.02101296644944411
0 0.3082718482384315 0.7541787807758038 0.020287513732910156 0.019804000854492188
0 0.7394013771644006 0.2516926985520583 0.028568561260516826 0.028678527245154746
0 0.4677337866563063 0.8737289722149189 0.03891490055964543 0.03880662184495192
0 0.3256018345172589 0.13241915519420916 0.017428178053635817 0.017063654386080228
0 0.4263224968543419 0.47672110337477464 0.01900614224947416 0.019072459294245794
0 0.467738518348107 0.3808026680579552 0.016187080970177285 0.016123258150540866
0 0.31522446412306565 0.15151616243215707 0.021851026094876803 0.0216829593365009
0 0.5479011535644531 0.3841958779555101 0.018164414625901442 0.018464968754695013
0 0.4212662623478816 0.9478123004619892 0.01672524672288161 0.016561361459585335
0 0.32827542378352237 0.16511172514695388 0.018196839552659255 0.018363365760216348
0 0.41645306807297927 0.5274953108567458 0.025285720825195312 0.025298925546499398
0 0.4517822265625 0.9386229881873498 0.04450211158165565 0.04358878502478966
0 0.5171559773958646 0.21927674000079816 0.016647999103252705 0.01628560286301833
0 0.219040375489455 0.5155092386099008 0.016082176795372598 0.016039628248948317
0 0.32027648045466495 0.3819789152878981 0.032544649564302884 0.03196364182692308
0 0.43124866485595703 0.13999645526592547 0.019129533034104567 0.018690989567683294
0 0.40230435591477615 0.8391195443960336 0.0422515869140625 0.041989839993990384
0 0.4609991220327524 0.23537998933058518 0.021789404062124398 0.022789148183969352
0 0.33817452650803786 0.17821308282705453 0.022252009465144232 0.022631058326134317
0 0.35344839096069336 0.640717653127817 0.042638265169583835 0.04052646343524639
0 0.44514788114107573 0.04030842047471266 0.02022405771108774 0.020332462512529813
0 0.4931281896737906 0.9047506772554837 0.038654180673452526 0.038793123685396634
0 0.39337873458862305 0.6412421006422776 0.023006219130295973 0.02314142080453726
0 0.18849871708796576 0.37536037885225737 0.016650933485764723 0.01642909416785607
0 0.20678655917827898 0.6820755004882812 0.017925849327674277 0.018004490778996393
0 0.3718892977787898 0.41508593926062953 0.016689153817983773 0.01731711167555589
0 0.5638228929959811 0.3277415862450233 0.03150154994084285 0.03240842085618239
0 0.2339477172264686 0.2500952390524057 0.03860070155217098 0.038541096907395586
0 0.7110366821289062 0.30222414090083194 0.015751178448016826 0.01583264424250676
0 0.41977449563833386 0.056035289397606484 0.015730784489558294 0.015710051243121807
0 0.7776878063495343 0.7880607751699594 0.017611283522385817 0.017425096951998197
0 0.23219603758591872 0.16108485368581918 0.018277461712176982 0.018018098977895882
0 0.41443736736591047 0.6551378690279447 0.01737800011268029 0.01748789273775541
0 0.40280789595383865 0.4135244076068585 0.01816104008601262 0.01821107130784255
0 0.5901840283320501 0.6078992990347055 0.0374749990609976 0.03775479243351863
0 0.6461454538198618 0.8756633905264047 0.0206143305851863 0.021474104661207933
0 0.7879741375262921 0.6177321947537936 0.027019500732421875 0.02677741417518029
0 0.36588008587176984 0.5712156295776367 0.04596365415132963 0.04578406994159405
0 0.4333695631760817 0.2970581604884221 0.03781274648813101 0.03787777974055363
0 0.29973316192626953 0.7369406039898212 0.015544634598952074 0.01547534649188702
0 0.5123686423668494 0.05029599024699284 0.11136128352238582 0.0967172384262085
0 0.37274954869196963 0.27809917009793794 0.014957134540264424 0.014940555279071514
0 0.3454295305105356 0.12157022036038913 0.028298084552471455 0.02826859400822566
0 0.5395983916062576 0.36527244861309344 0.02001799069918119 0.020301231971153848
0 0.5327522204472468 0.16657469822810247 0.02023139366736779 0.020006069770226113
0 0.2805836017315204 0.008995818977172557 0.02429345937875601 0.017146953023397006
0 0.4189865038945125 0.15050451572124773 0.01688274970421424 0.017083168029785156
0 0.82495483985314 0.09850635895362267 0.021023970383864183 0.021192073822021484
0 0.19922775488633376 0.2597189499781682 0.03264544560359074 0.032982862912691556
0 0.1666884605701153 0.7290587792029748 0.01966116978571965 0.021085298978365384
0 0.3819269033578726 0.9124550452599158 0.03241186875563402 0.03205666175255409
0 0.3217780039860652 0.013702475107633151 0.016500473022460938 0.016402638875521146
0 0.41984668144812953 0.8331169715294471 0.06501461909367488 0.06381489680363582
0 0.16959997323843148 0.6804914474487305 0.0262450438279372 0.028012495774489183
0 0.5565610298743615 0.5198501440194937 0.022686518155611478 0.022584181565504808
0 0.5576281180748572 0.3490936205937312 0.02825619624211238 0.028984583341158353
0 0.8155442751370944 0.037179103264441855 0.07921365591195914 0.06995932872478779
0 0.28227527324969953 0.43030804854172927 0.01707033010629507 0.0171811030461238
0 0.3442866252018855 0.1377650132546058 0.017214408287635215 0.017006782385019157
0 0.34344889567448544 0.12458117191608135 0.022394253657414362 0.022287772252009466
0 0.319122314453125 0.31862735748291016 0.014422196608323317 0.014478390033428486
0 0.3344935637253981 0.08747318157782921 0.025186832134540264 0.025212856439443734
0 0.7953573373647836 0.9268701993502103 0.014852963961087741 0.01499176025390625
0 0.5105183674738958 0.9105763068565955 0.2291724865253155 0.16954803466796875
0 0.18371251913217398 0.23339946453387922 0.019562281095064603 0.019118382380558893
0 0.35592790750356823 0.6362923842210036 0.034860464242788464 0.032909393310546875
0 0.34459301141592175 0.3006887986109807 0.01501171405498798 0.015201091766357422
0 0.26799909885113055 0.15901972697331354 0.022846148564265326 0.023826012244591348
0 0.6780312611506536 0.08998673695784348 0.028998301579402044 0.028631228667039137
0 0.16985515447763297 0.27990986750676083 0.01613649955162635 0.016248629643366888
0 0.7607101293710562 0.0903014953319843 0.015235020564152645 0.015358924865722656
0 0.8389505239633414 0.1382302687718318 0.01438126197228065 0.014296531677246094
0 0.5528023793147161 0.48318026616023135 0.01667030041034405 0.01671116168682392
0 0.423245723430927 0.9014175121600811 0.021480853740985576 0.02095662630521334
0 0.34558839064378005 0.16554621549753043 0.01836057809682993 0.018339230464054987
0 0.7767404409555289 0.8289674612192007 0.08493672884427585 0.08411642221304086
0 0.4200364626370944 0.15172943702110878 0.02044545687161959 0.020464713756854717
0 0.6361880669227014 0.4806226583627554 0.03831746028019832 0.037999666654146634
0 0.17927144123957708 0.213120698928833 0.017310289236215446 0.017348839686467096
0 0.40261518038236177 0.49425796362069935 0.014685997596153846 0.01491245856651893
0 0.23187965613145095 0.22011426778940055 0.016495594611534707 0.016564405881441556
0 0.3592830071082482 0.41586934603177583 0.016768235426682692 0.017123589148888223
0 0.8225896541888897 0.04616701602935791 0.018901971670297477 0.01915124746469351
0 0.2876148223876953 0.6432652106651893 0.017486572265625 0.017314910888671875
0 0.7959037193885217 0.8804410787729117 0.015901712270883415 0.016004415658804085
0 0.360686522263747 0.1363305953832773 0.015291874225323018 0.015265483122605544
0 0.3483998225285457 0.6500395261324369 0.03647481478177584 0.038294278658353366
0 0.21539031542264497 0.36281270247239333 0.027850591219388522 0.028826053325946514
0 0.8418904818021334 0.23940748434800369 0.020811814528245192 0.027686889354999248
0 0.8269038567176232 0.09441656332749587 0.025015904353215143 0.025593996047973633
0 0.7096300858717698 0.10539495027982272 0.03148357684795673 0.03120106917161208
0 0.1788923556988056 0.23593761370732233 0.016258753263033353 0.01650399428147536
0 0.8078457758976862 0.31947638438298154 0.014089731069711538 0.014171526982234074
0 0.3791265854468712 0.9112487206092248 0.026658278245192308 0.026974604679987982
0 0.7401233086219201 0.07635689698732816 0.018413543701171875 0.018779479540311374
0 0.7303231312678411 0.43502869972815883 0.018706101637620192 0.01862635979285607
