0 0.3487701049217811 0.8393930288461539 0.07298660278320312 0.07353049058180589
0 0.40918658329890323 0.805750480064979 0.03648068354679988 0.03614455003004808
0 0.7440286783071665 0.0374794602394104 0.028902347271259014 0.02888500690460205
0 0.4037941785959097 0.14792153468498817 0.02692560049203726 0.027379457767193135
0 0.7321485372690054 0.568486580481896 0.024852752685546875 0.024886057927058294
0 0.6060469700739934 0.8264132279616135 0.02833072955791767 0.02829771775465745
0 0.25772465192354643 0.6139481984652005 0.02569726797250601 0.02575793633094201
0 0.2545004624586839 0.7623130358182467 0.02928477067213792 0.029412342951847956
0 0.5878462791442871 0.9675875443678635 0.03087953420785757 0.030842707707331732
0 0.3629743502690242 0.9064750671386719 0.030057100149301384 0.029793225801908053
0 0.5344139245840219 0.6915679344764123 0.02202129364013672 0.022105583777794473
0 0.772883048424354 0.8720366404606745 0.0312504401573768 0.031041365403395433
0 0.7052822113037109 0.2976248814509465 0.02381163377028245 0.023979553809532754
0 0.6895191486065204 0.6405487794142503 0.02668923598069411 0.026958465576171875
0 0.3938502531785231 0.6597281969510592 0.020931243896484375 0.0208437992976262
0 0.7356724372276893 0.37668492243840146 0.021047445443960335 0.02106651893028846
0 0.6642855130709134 0.03667809413029598 0.021988795353816107 0.0220486384171706
0 0.7343690578754132 0.013814275081341084 0.021347192617563102 0.02113013084118183
0 0.35275965470534104 0.9866955830500677 0.03430938720703125 0.026252599862905648
0 0.4572855509244479 0.7666229834923377 0.023031088022085335 0.023171204787034255
0 0.3935702397273137 0.4486095721905048 0.022559679471529447 0.02249453617976262
0 0.34598423884465146 0.5337407038762019 0.021753604595477764 0.021544823279747598
0 0.25669008034926194 0.9366996471698468 0.01916056412916917 0.01927977341871995
0 0.5530999990609976 0.9867653479942908 0.02060083242563101 0.020712925837590143
0 0.4556735112116887 0.6709621136005108 0.019309263962965745 0.019439697265625
0 0.26780275198129505 0.8733445681058444 0.048852040217472956 0.04748623187725361
0 0.4478650459876427 0.5040191870469314 0.022423817561222956 0.022518157958984375
0 0.42498573890099156 0.5862201543954703 0.019394507774939902 0.019283881554236777
0 0.7630100983839768 0.7568747447087214 0.037480867826021634 0.038084763746995196
0 0.6925797095665565 0.3585193340594952 0.019994588998647835 0.020032882690429688
0 0.41129126915564906 0.49950427275437576 0.01851477989783654 0.018504949716421273
0 0.5098345096294696 0.4376374024611253 0.022653579711914062 0.022582567655123197
0 0.7757563957801232 0.11782057468707745 0.018903585580679085 0.019309153923621543
0 0.6480844937838041 0.3310204285841722 0.021458258995643027 0.02127530024601863
0 0.5727624159592849 0.43007612228393555 0.03175442035381611 0.03180019672100361
0 0.29086952943068284 0.5176040209256686 0.018690035893366888 0.01865541017972506
0 0.36260619530311 0.671242934006911 0.02547117379995493 0.02554922837477464
0 0.34031116045438325 0.6153569588294396 0.018589166494516227 0.018733831552358773
0 0.5383492616506723 0.8751371823824369 0.027576373173640326 0.027400383582481973
0 0.5194677939781775 0.3828114729661208 0.021855574387770433 0.022017992459810697
0 0.6129478674668533 0.9068511082575872 0.024833165682279147 0.025132399338942308
0 0.6905074486365685 0.8625769248375525 0.017759176400991585 0.017585607675405648
0 0.35876805965717024 0.5941148904653696 0.016968213594876803 0.017180956326998197
0 0.5706080656785232 0.07563305818117581 0.022345762986403245 0.02234194828913762
0 0.3145575156578651 0.636670185969426 0.021067399245042067 0.021113028893103965
0 0.28059974083533656 0.6924095153808594 0.018048946674053486 0.01810455322265625
0 0.31632251005906326 0.18810758223900428 0.029473598186786357 0.029515193058894232
0 0.7093102381779597 0.7363357543945312 0.015814561110276442 0.015867966871995192
0 0.4474214040316068 0.12584471702575684 0.015854468712439902 0.01600804695716271
0 0.2956915268531212 0.37329688439002406 0.02227012927715595 0.021883744459885817
0 0.3785327397860013 0.7070826016939603 0.027549596933218148 0.027601095346304085
0 0.4531880158644456 0.876036130464994 0.016577794001652643 0.01648565439077524
0 0.4869996584378756 0.370021233191857 0.01841310354379507 0.018623498769906852
0 0.25055307608384353 0.3105693230262169 0.054382654336782604 0.05484434274526743
0 0.5112186578603891 0.4748839598435622 0.016495484572190505 0.01661990239070012
0 0.6916686571561373 0.01999699152432955 0.02289126469538762 0.022980497433589056
0 0.42771273392897385 0.655386704664964 0.019862981942983773 0.019868117112379808
0 0.5527289830721341 0.7294921875 0.016951560974121094 0.017002399151141826
0 0.5784499828632061 0.05726212721604567 0.017692199120154746 0.018070165927593525
0 0.25630712509155273 0.36835083594689 0.024257513192983773 0.023999727689302884
0 0.35170819209172177 0.5047749005831205 0.01576078855074369 0.015871121333195612
0 0.7394564701960638 0.4953291966364934 0.018619537353515625 0.018369161165677585
0 0.5633978843688965 0.57616270505465 0.01585843012883113 0.01594206003042368
0 0.5722938684316782 0.8268117171067458 0.02484409625713642 0.024799640362079326
0 0.26496395697960484 0.8334104097806491 0.01780553964468149 0.017537043644831732
0 0.7754606100229117 0.4861558767465445 0.016251490666316107 0.016242027282714844
0 0.2831985033475436 0.8359870177048904 0.023413804861215446 0.02387398939866286
0 0.5731763106126052 0.3970838693472055 0.016500032865084134 0.016352286705603965
0 0.5060779864971454 0.33664446610670823 0.017812435443584736 0.01780399909386268
0 0.319429324223445 0.45333136045015776 0.01834561274601863 0.01824951171875
0 0.5602977459247296 0.02110251784324646 0.021640630868765023 0.021624908997462347
0 0.3020896911621094 0.7258387345534104 0.016878201411320612 0.016582782451923076
0 0.7157804048978366 0.7690434822669396 0.0165252685546875 0.016570311326246995
0 0.3419797603900616 0.6909490732046274 0.01748231741098257 0.017712519719050482
0 0.7440864856426532 0.9364315913273737 0.016393514779897835 0.01617284921499399
0 0.7667107215294471 0.3305305334237906 0.016453376183143027 0.01636475783128005
0 0.5358123779296875 0.06124224112584041 0.019384090717022236 0.019225230583777793
0 0.4645429024329552 0.8023379399226263 0.016703238854041465 0.016766474797175482
0 0.44074018184955305 0.08480002329899715 0.015615903414212741 0.015455319331242489
0 0.6308656839224008 0.07420414227705735 0.01569190392127404 0.015580965922429012
0 0.5784247104938214 0.6707628690279447 0.015441307654747596 0.015794020432692308
0 0.5026198167067307 0.25400524872999924 0.016631053044245794 0.016599361713115986
0 0.39284350321843076 0.2481877987201397 0.01728974855863131 0.017243678753192607
0 0.5186394177950345 0.6035156616797814 0.014875411987304688 0.01483748509333684
0 0.49715673006497896 0.847925773033729 0.017793802114633415 0.017907069279597357
0 0.41640798862163836 0.6125689286452073 0.017773554875300482 0.01736318148099459
0 0.7707724204430213 0.02293674762432392 0.01616698044996995 0.016071814757127028
0 0.3380534832294171 0.5868617571317233 0.016792737520658053 0.016504581157977764
0 0.25348538618821365 0.965146358196552 0.015146402212289663 0.015120726365309495
0 0.2621146348806528 0.2844594625326303 0.0248567874615009 0.02479127737192007
0 0.498103508582482 0.42000425778902495 0.020019677969125602 0.019997816819411058
0 0.6566389524019681 0.8232096158541166 0.01616639357346755 0.016262934758112982
0 0.7808416806734525 0.7139211801382211 0.015768784743088942 0.01574868422288161
0 0.23739055486825797 0.12501830321091872 0.01864312245295598 0.018741827744704027
0 0.6150607329148513 0.09216899138230544 0.0195767329289363 0.019235739341148965
0 0.31744678203876203 0.07244958785864022 0.015801649827223558 0.015500096174386831
0 0.7530863835261419 0.5033321380615234 0.014791048490084134 0.014949358426607572
0 0.24916940469008225 0.9893735005305364 0.015961757073035605 0.015561323899489183
0 0.27086723767794096 0.20636342122004583 0.042457910684438854 0.04231944450965294
0 0.414422658773569 0.6420072408822867 0.016607944781963643 0.01675238976111779
0 0.7719855675330529 0.2003171260540302 0.015505570631760817 0.015471311715932993
0 0.7258771016047552 0.12684180186345026 0.015296202439528245 0.015161697681133565
0 0.7136878967285156 0.8074380434476413 0.023465376633864183 0.0235287592961238
0 0.633180178128756 0.9384884467491736 0.015495006854717549 0.015596536489633413
0 0.5605900837824895 0.9487105149489182 0.014479417067307692 0.014467092660757212
0 0.31069051302396333 0.4840247814471905 0.015086852587186374 0.015146842369666466
0 0.5261805607722356 0.021310315682337835 0.015868700467623197 0.015531682051145114
0 0.7013249030480018 0.34227605966421276 0.014493502103365384 0.01434619610126202
0 0.7553223830003005 0.8743157019981971 0.013810671292818509 0.01462848369891827
0 0.7707121922419622 0.6159267425537109 0.015045459453876201 0.014956987821138822
0 0.23963209298940805 0.6428907834566556 0.01584654587965745 0.016110933743990384
0 0.3753073032085712 0.5359187126159668 0.01454456035907452 0.014714607825646034
0 0.6978899148794321 0.036309501299491294 0.01425640399639423 0.01403882411810068
0 0.4798579949599046 0.7806412623478816 0.01511683830848107 0.015102679912860576
0 0.5815098102276142 0.22812828650841346 0.015917411217322715 0.01586158459003155
0 0.6261407412015475 0.16709357041579026 0.016261761005108174 0.016219542576716497
0 0.43090343475341797 0.2615836950448843 0.023251166710486777 0.023323719318096455
0 0.6303983835073618 0.425935671879695 0.05794675533588116 0.05848371065579928
0 0.6626143088707557 0.7628840666550857 0.014812762920673076 0.014898153451772837
0 0.23866404019869292 0.4172991239107572 0.015163421630859375 0.015082579392653245
0 0.37796189234806943 0.007340919512968797 0.018123920147235576 0.013700439379765438
0 0.4326193149273212 0.23660999078017014 0.017204137948843148 0.01689324012169471
0 0.7279905172494742 0.43234935173621547 0.014462691086989183 0.014386763939490685
0 0.5165774272038386 0.9820062930767353 0.014522259051983174 0.014413100022536058
0 0.7857085741483248 0.9105482835036057 0.012570747962364784 0.016690474290114183
0 0.21806753598726714 0.8329945344191331 0.016832901881291315 0.016865950364332933
0 0.3455246411837064 0.14591101499704215 0.0145417726956881 0.014578452477088341
0 0.22319742349477914 0.8476833930382361 0.0156097045311561 0.015549586369441105
0 0.25039782890906703 0.16063747039208046 0.0156252934382512 0.015621295342078576
0 0.6476931938758264 0.3634324073791504 0.014065375694861779 0.01407469235933744
0 0.511212789095365 0.7385674990140475 0.016273351816030648 0.01650238037109375
0 0.59187074807974 0.2983245482811561 0.04727627680851863 0.04744397676908053
0 0.6704951799832858 0.8665825770451472 0.014481030977689303 0.0142669677734375
0 0.7238702040452224 0.8799356313852164 0.014305995060847355 0.014201531043419471
0 0.6075261189387395 0.8679320995624249 0.022770808293269232 0.02291136521559495
0 0.6459867037259616 0.696385750403771 0.015664027287409857 0.015857109656700723
0 0.2298744641817533 0.8209495544433594 0.014539865347055288 0.014529595008263221
0 0.7200323251577524 0.7924561133751502 0.021130781907301683 0.0206448481633113
0 0.548583617577186 0.2601009148817796 0.016982885507436898 0.017238726982703574
0 0.47663043095515323 0.40541953306931716 0.02082399221567007 0.02082692659818209
0 0.7343375132634089 0.7856426239013672 0.040215565608097956 0.040383559006911054
0 0.7230688975407527 0.49147880994356596 0.014516830444335938 0.014489027170034556
0 0.5889039406409631 0.02318409773019644 0.015256588275615986 0.01550284601174868
0 0.4225868078378531 0.9685778251061072 0.019011424137995794 0.019175309401292067
0 0.6441169151893029 0.9963204310490534 0.015613262469951924 0.007052201491135817
0 0.5221817310039814 0.4610681167015663 0.015869874220628005 0.015788738544170674
0 0.40392310802753156 0.622357441828801 0.014327122614933895 0.013895181509164663
0 0.46132267438448393 0.4513243895310622 0.01639666924109826 0.016405252309945915
0 0.6227153631357046 0.6362935579740084 0.01585212120643029 0.01568456796499399
0 0.7739357581505408 0.2014781144949106 0.015823951134314902 0.016152308537409857
0 0.6906176346998948 0.993342032799354 0.0151519775390625 0.012614030104417067
0 0.570158811715933 0.632641865656926 0.014975767869215745 0.015283731313852163
0 0.2501724683321439 0.24488630661597618 0.028809474064753607 0.02947081052339994
0 0.7654703580416166 0.3918857207665077 0.014239678016075721 0.014390211838942308
0 0.7090633832491361 0.44472081844623274 0.014411192673903245 0.014355732844426082
0 0.4968724617591271 0.38738566178541917 0.016766914954552285 0.016626944908728965
0 0.5660157570472131 0.2702149978050819 0.01886118375338041 0.01925549140343299
0 0.730345212496244 0.6305441489586463 0.014299832857572116 0.014343555157001201
0 0.7778332050030048 0.20560602041391227 0.016042562631460335 0.01725039115318885
0 0.26346529447115385 0.49037808638352615 0.014257210951585036 0.014155021080603966
0 0.5988709743206317 0.9353614953848032 0.013782281142014723 0.013808763944185697
0 0.6483388313880334 0.7532587784987229 0.016321769127478965 0.016461299015925482
0 0.6449587895320013 0.872366685133714 0.013696817251352163 0.013952695406400241
0 0.5896589205815241 0.887229112478403 0.02739693568303035 0.02761253943810096
0 0.7446744625384991 0.09408318996429443 0.015042818509615384 0.015634610102726862
0 0.5309837414668157 0.9551036541278546 0.017741863544170674 0.017886822040264424
0 0.6519275812002329 0.38036049329317534 0.014815550584059495 0.014880913954514723
0 0.30019063215989333 0.6499227377084585 0.014118561377892127 0.013946826641376201
0 0.287200744335468 0.7260759793795072 0.014721356905423678 0.014674846942608174
0 0.7340129705575796 0.45090436935424805 0.014852963961087741 0.014690839327298678
0 0.6735624166635367 0.6945549157949594 0.030041327843299277 0.029906199528620794
0 0.7759651770958533 0.9043425046480619 0.014378767747145433 0.014051143939678486
0 0.6740566400381235 0.3964887032142052 0.01919071490948017 0.019154181847205527
0 0.7764613811786358 0.8027104597825271 0.013802161583533654 0.013808030348557692
0 0.22318807015052208 0.25731255457951474 0.01984537564791166 0.026205943180964544
0 0.33594964100764346 0.7805453080397385 0.01560042454646184 0.015590961162860576
0 0.5140907581035907 0.9315868524404672 0.013977344219501201 0.014062147874098558
0 0.31740375665517956 0.1423797607421875 0.014366223261906551 0.01469876216008113
0 0.39737818791316104 0.30402607184190017 0.023775834303635817 0.02343915059016301
