0 0.5122862228980432 0.3043284782996544 0.07673578995924729 0.076783326955942
0 0.7034836549025315 0.4268187009371244 0.12409004798302284 0.1254091996413011
0 0.22336688408484826 0.39714695857121396 0.049309950608473554 0.04898819556603065
0 0.4999769650972806 0.752956903897799 0.03764035151554988 0.03797076298640324
0 0.7584375234750601 0.9551161252535306 0.031333629901592545 0.03136854905348558
0 0.21120482224684495 0.07349507166789128 0.031161748445951022 0.031473132280203014
0 0.1898332008948693 0.7492364736703726 0.03801147754375751 0.037661038912259616
0 0.788705092210036 0.8829457943256085 0.02537081791804387 0.025273836576021634
0 0.6067754672123835 0.1849973385150616 0.02793099330021785 0.0278015870314378
0 0.5209311338571402 0.42183751326340896 0.02693770481989934 0.026845198411207933
0 0.6316808553842398 0.9344588793241061 0.019913159883939303 0.019821020273061898
0 0.22994230343745306 0.5619332973773663 0.025741026951716497 0.025743631216195915
0 0.7368327654325045 0.7689225123478816 0.026513026310847357 0.026439813467172477
0 0.44162827271681565 0.2534048373882587 0.03067933596097506 0.03038941896878756
0 0.8548151162954477 0.7745761871337891 0.023096818190354567 0.023042825552133415
0 0.5162667127755972 0.8893568332378681 0.034288919889009915 0.03438274676983173
0 0.11442249554854172 0.5338000150827261 0.03393376790560209 0.03380533365102915
0 0.2546364894280067 0.7443806574894831 0.02938362268301157 0.029514606182391826
0 0.6983945553119366 0.7917374830979568 0.026682633620042067 0.026628640981820915
0 0.7556842657235953 0.8612503638634315 0.022342975323016826 0.022216796875
0 0.04393830207677988 0.6150228427006648 0.01879734259385329 0.018860376798189603
0 0.07566243868607742 0.7948248936579778 0.021540238307072565 0.02128747793344351
0 0.19988489151000977 0.7976818818312424 0.020917525658240683 0.02072481008676382
0 0.30756513889019305 0.5349256075345553 0.025737982529860277 0.025597498967097357
0 0.7555536123422476 0.7204895753126878 0.01975103525015024 0.019950279822716348
0 0.20978729541485125 0.10231935060941257 0.02217710935152494 0.02192860383253831
0 0.21672934752244216 0.8308432652400091 0.02441868415245643 0.024524982158954326
0 0.40637922286987305 0.21419602174025315 0.021557074326735277 0.021650240971491888
0 0.6276589907132663 0.041769444942474365 0.01779791025015024 0.017688852090101976
0 0.6977971883920523 0.34084268716665417 0.020233741173377402 0.020374591533954326
0 0.3076497958256648 0.08036350286923923 0.01964994577261118 0.01951463405902569
0 0.7746695004976712 0.7849831947913537 0.024437537560096152 0.024282455444335938
0 0.13446358534005973 0.23092046150794396 0.025139992053692158 0.024985240055964544
0 0.14670868103320783 0.5359361355121319 0.025312405366163988 0.02508229475754958
0 0.22452215047983023 0.6230967595027044 0.01966546132014348 0.020276583158052884
0 0.3228900249187763 0.29596761556772083 0.021306478060208835 0.021181840163010817
0 0.4157210863553561 0.7352880331186148 0.021224828866811898 0.021251971905048076
0 0.7938434894268329 0.04242415611560528 0.01962104210486779 0.019740913922970112
0 0.42676206735464245 0.6755016033466046 0.02490689204289363 0.02512638385479267
0 0.13017991872934195 0.44207037412203276 0.04207875178410457 0.04278637812687801
0 0.43955652530376726 0.9878903168898362 0.018109688392052285 0.017367729773888223
0 0.31398751185490537 0.40858818934513974 0.031018697298490085 0.030952893770658053
0 0.5342295353229229 0.8355464935302734 0.016700231111966647 0.01684115483210637
0 0.40021756979135364 0.42045952723576474 0.021299362182617188 0.021251825185922477
0 0.8865409264197717 0.8246275094839243 0.01749449509840745 0.017238910381610576
0 0.4285138203547551 0.2763131581819974 0.022896693303034857 0.022699796236478366
0 0.37790555220383865 0.9570133502666767 0.016681817861703727 0.016579554631159857
0 0.11910708133990948 0.2406337444598858 0.024458811833308294 0.024270020998441257
0 0.49327997060922474 0.8003401389488807 0.023569327134352464 0.023749718299278848
0 0.38593292236328125 0.20127588052016038 0.018544563880333535 0.018639014317439154
0 0.6947953884418194 0.9550786385169396 0.016459098229041465 0.016501793494591348
0 0.10800858644338754 0.7227805210993841 0.017121333342332106 0.01711405240572416
0 0.27705612549415004 0.7102990517249475 0.017746668595534105 0.017746998713566706
0 0.7452137286846454 0.8215955587533804 0.016652914193960335 0.016279954176682692
0 0.5333414811354417 0.7226296938382663 0.01695845677302434 0.017264439509465143
0 0.8120869123018705 0.5136064015902005 0.01821165818434495 0.018438119154710036
0 0.1944106908944937 0.5409340491661658 0.01704538785494291 0.01709908705491286
0 0.07182649465707633 0.24001026153564453 0.01887657092167781 0.018885685847355768
0 0.4408274430495042 0.3554052939781776 0.029336049006535456 0.029034174405611478
0 0.15550551047691932 0.40018624525803786 0.021959442358750563 0.022031343900240384
0 0.5676731696495643 0.7840359761164739 0.01834840040940505 0.01843437781700721
0 0.6811232200035682 0.5278950471144456 0.01785909212552584 0.017868775587815505
0 0.36129870781531703 0.502093241764949 0.02972544156588041 0.029560675987830527
0 0.3395824432373047 0.7239485520582932 0.017339266263521634 0.017697260929987982
0 0.29865264892578125 0.36608160459078276 0.02610008533184345 0.026371002197265625
0 0.10832359240605281 0.43550469325138974 0.026966278369610127 0.027189108041616585
0 0.6972624705387995 0.8323604877178485 0.021274566650390625 0.021297161395733174
0 0.040148258209228516 0.4133468774648813 0.01557777478144719 0.021431996272160456
0 0.5455112457275391 0.7526613382192758 0.01677542466383714 0.016924638014573317
0 0.07938122749328613 0.7063983770517203 0.0156745589696444 0.015593602107121395
0 0.9633501493013822 0.9388892100407527 0.011471381554236779 0.018210924588716947
0 0.5467348098754883 0.3706497779259315 0.019109139075646035 0.018976945143479567
0 0.393249144920936 0.7144380716177133 0.03238824697641226 0.032169342041015625
0 0.14399211223308855 0.46835466531606823 0.025324381314791165 0.02550022418682392
0 0.801789063673753 0.7459705059344952 0.016376495361328125 0.016287583571213942
0 0.7668148921086237 0.39105785810030425 0.020710871769831732 0.02098692380464994
0 0.5872805668757513 0.4741055415226863 0.020723489614633415 0.02059026864858774
0 0.712185052724985 0.7273671810443585 0.015825711763822116 0.01588571988619291
0 0.603455323439378 0.28989072946401745 0.015743108896108773 0.01563101548414964
0 0.19890480775099534 0.12183684569138747 0.01683785365178035 0.0166018192584698
0 0.24741928394024187 0.7079120782705454 0.016316560598520134 0.016544488760141227
0 0.0856859225493211 0.3766867197476901 0.018246045479407676 0.01829073979304387
0 0.5839639810415415 0.8275563900287335 0.01698002448448768 0.017380494337815505
0 0.6561957139235276 0.6176245762751653 0.021872593806340143 0.021954903235802285
0 0.7034419133112981 0.8605506603534405 0.015462728647085337 0.015750298133263223
0 0.6718585674579327 0.2923969855675331 0.038813077486478366 0.038295892568734974
0 0.05092692833680373 0.8692685640775241 0.01870715618133545 0.018479567307692308
0 0.6730233705960788 0.6820432222806491 0.015650529127854567 0.0158694340632512
0 0.5254859190720779 0.741787103506235 0.017343887915978067 0.01752471923828125
0 0.7471047914945163 0.8439196073091947 0.016017913818359375 0.015911982609675482
0 0.8811087975135217 0.8365996434138372 0.01754614023061899 0.017419961782602165
0 0.3964784328754132 0.46643895369309646 0.02263362591083233 0.022502312293419473
0 0.6654733511117789 0.8664461282583383 0.025225419264573317 0.024817540095402643
0 0.7848984644963191 0.8649202493520883 0.014428212092472957 0.014468853290264424
0 0.24872578107393706 0.5578444554255559 0.01442403059739333 0.015001737154447116
0 0.6084064336923453 0.055514202668116644 0.014264180110051082 0.014337943150446964
0 0.4846830368041992 0.9246057363656851 0.058795928955078125 0.059041536771334134
0 0.3256651804997371 0.430728949033297 0.01667448190542368 0.01682428213266226
0 0.2680216935964731 0.5054440865149865 0.014792809119591346 0.014954053438626803
0 0.12823612873370832 0.7014201237605169 0.014990476461557241 0.014974594116210938
0 0.04193672308555016 0.23459724279550406 0.014473621661846455 0.015080635364239033
0 0.41474144275371844 0.9421443205613357 0.015336843637319712 0.01527712895320012
0 0.3604737428518442 0.9179851825420673 0.014785693241999699 0.014739109919621395
0 0.44473875485933745 0.17728273685161883 0.019666378314678486 0.019693264594444863
0 0.559757452744704 0.3805367396428035 0.0157012205857497 0.015648768498347357
0 0.5456228989821214 0.7343917259803185 0.017268987802358773 0.0170291020320012
0 0.381537180680495 0.6622418623704177 0.02549010056715745 0.025468973013070915
0 0.5412378311157227 0.45781362973726714 0.02218202444223257 0.02318881108210637
0 0.7782141612126277 0.49765432797945464 0.014475602370042067 0.014200944166917067
0 0.8593171926645132 0.35241559835580677 0.022713294396033652 0.022410246042104866
0 0.8588079305795523 0.17287995265080378 0.019704818725585938 0.019951233497032754
0 0.7725850618802584 0.0746537446975708 0.01620336679311899 0.016434504435612604
0 0.7131661635178786 0.6427832383375901 0.01576056847205529 0.015814854548527643
0 0.698407246516301 0.35810250502366286 0.016472889826847956 0.016309591440054085
0 0.6154460906982422 0.9400601020226111 0.014708739060621995 0.014637286846454326
0 0.1480542696439303 0.8178923680232122 0.06445737985464242 0.06478412334735577
0 0.3954043755164513 0.7346480442927434 0.01976167238675631 0.02015964801494892
0 0.23023025806133562 0.5204918201153095 0.018595035259540264 0.018726862393892728
0 0.9449867835411658 0.8108804409320538 0.016586890587439902 0.016582489013671875
0 0.3731544567988469 0.9287956677950345 0.015830406775841348 0.016270857590895433
0 0.21335482597351074 0.36319706990168643 0.01656994452843299 0.01682259486271785
0 0.15545201301574707 0.3678759794968825 0.02043713056124174 0.02088135939378005
0 0.6052139722383939 0.12176317435044509 0.016305043147160456 0.016355587885929987
0 0.9495097673856295 0.10460809560922477 0.014241291926457332 0.014455043352567233
0 0.26115861305823695 0.561343266413762 0.015040250924917368 0.015529485849233774
0 0.7926942385160006 0.8476621187650241 0.0158688471867488 0.01609186025766226
0 0.3780845495370718 0.07871902905977689 0.014537517841045674 0.014669633828676663
0 0.28524048511798566 0.404940311725323 0.019425172072190505 0.019450040963979866
0 0.4991764655480018 0.6660035940317007 0.015619864830603966 0.01568603515625
0 0.6156361653254583 0.813625849210299 0.015005258413461538 0.015324812669020433
0 0.9151455805851862 0.7937160638662485 0.01758575439453125 0.01778749319223257
0 0.1891650419968825 0.8797715994027945 0.016445159912109375 0.01658146197979267
0 0.6562527143038236 0.9015944554255559 0.014255670400766226 0.014315385084885817
0 0.609952266399677 0.2085255476144644 0.014191260704627404 0.014270342313326322
0 0.08575235880338229 0.9767206632173978 0.04600322705048781 0.04195345365084135
0 0.0763692122239333 0.2287149796119103 0.014834715769841121 0.014788627624511719
0 0.8829263540414664 0.6247160984919622 0.017773554875300482 0.017951085017277643
0 0.5531067848205566 0.934233885544997 0.014138588538536659 0.014109097994290866
0 0.664218022273137 0.2928652213169978 0.024802281306340143 0.024647639347956732
0 0.25017998768733096 0.24817463067861703 0.017217489389272835 0.01757020216721755
0 0.23470310064462516 0.7016244301429162 0.014365196228027344 0.014207693246694712
0 0.9283902094914362 0.8081830831674429 0.015268179086538462 0.015053382286658654
0 0.4968319306006798 0.1739636384523832 0.014434154217059795 0.014308342566856971
0 0.501537983234112 0.6742779658390925 0.021466768704927884 0.021924825815054085
0 0.5018147688645583 0.6775039526132437 0.01897283700796274 0.0182192875788762
0 0.16398244637709397 0.1323080979860746 0.016827216515174277 0.016842181865985576
0 0.27781138053307164 0.3444335644061749 0.019649725693922777 0.01977671109713041
0 0.617005128126878 0.8564024705153245 0.0694734133206881 0.07051761333759014
0 0.5411246373103216 0.45465630751389724 0.02060097914475661 0.019930619459885817
0 0.469942019535945 0.013303944697746864 0.02705104534442608 0.02476902649952815
0 0.17268655850337103 0.31630266629732573 0.048833296849177435 0.048031165049626276
0 0.062175677372859076 0.5781887494600736 0.014551309438852163 0.014616746168870192
0 0.1419610702074491 0.3317866325378418 0.015587825041550856 0.015473732581505409
0 0.11122558667109562 0.41887433712299055 0.0174411260164701 0.016388819767878607
0 0.07464250234457162 0.7550265238835261 0.06389553730304424 0.06296935448279747
0 0.2719575808598445 0.7253274184006911 0.014011969933143029 0.014123769906850962
0 0.8221183189978967 0.26572407208956206 0.02487769493689904 0.024850075061504658
0 0.7582290355975811 0.054005104761857256 0.037988516000600964 0.038041105637183555
0 0.4045610794654259 0.6910948386559119 0.017999942486102764 0.017743624173677884
0 0.6881783558772161 0.4137865213247446 0.014563780564528245 0.014616306011493389
0 0.34473235790546125 0.28669247260460484 0.019334793090820312 0.019057493943434495
0 0.5845408072838416 0.1469746186183049 0.014889130225548377 0.014713103954608623
