0 0.1751868908221905 0.07687696585288414 0.04328295817741981 0.04327367819272555
0 0.5151238441467285 0.13866878472841704 0.09325687701885517 0.09406773860637958
0 0.18079115794255182 0.3263980792118953 0.04911173306978666 0.04883289337158203
0 0.6017869802621695 0.9777907591599685 0.040196785560021035 0.039516595693734974
0 0.5640687208909255 0.13607930220090425 0.0409855475792518 0.040936488371628985
0 0.5826446826641376 0.35997827236468977 0.054433969350961536 0.054890999427208535
0 0.7251732165996845 0.6219054735623873 0.03625972454364483 0.03601000859187199
0 0.5064166142390325 0.8360469524676983 0.05324987264779898 0.05272351778470553
0 0.6448342249943659 0.506782971895658 0.030894646277794473 0.030777417696439303
0 0.7307227941659781 0.6579391772930439 0.03144234877366286 0.031959240253155045
0 0.6395298884465144 0.5969729790320764 0.036301832932692304 0.03638883737417368
0 0.810711934016301 0.953027945298415 0.02937492957481971 0.029130202073317308
0 0.4056451137249286 0.19455515421353853 0.025052510775052585 0.025052364055926982
0 0.7780066270094651 0.5163766420804538 0.04579368004432091 0.045847525963416465
0 0.38083446942842925 0.6792469024658203 0.019806861877441406 0.019633953387920674
0 0.7326739384577825 0.9264576985285833 0.024222447321965143 0.024283335759089544
0 0.7040557861328125 0.9853578714224008 0.03028722909780649 0.025430826040414665
0 0.7600206228402945 0.814549079308143 0.02223968505859375 0.02260002723106971
0 0.33440032372107875 0.5913970653827374 0.0240628902728741 0.024043156550480768
0 0.5739616247323843 0.6683902740478516 0.02060097914475661 0.02011284461388221
0 0.5934227796701285 0.6281198354867789 0.028301752530611478 0.02846376712505634
0 0.4277943464425894 0.2709064483642578 0.05008264688345102 0.049678875849797174
0 0.2963916521805983 0.5043460405789889 0.021854510674109824 0.021866504962627705
0 0.7868818136361929 0.06349013860409077 0.05253806480994591 0.05165596191699688
0 0.7057034419133112 0.16156996213472807 0.07492534930889423 0.07395554505861722
0 0.3800962154681866 0.4733098837045523 0.023083906907301683 0.02309285677396334
0 0.5017259304340069 0.20270092670734113 0.03679671654334435 0.037436411930964544
0 0.37383138216458833 0.30418190589317906 0.04242897033691406 0.042362066415640026
0 0.35360072209284854 0.013293637679173397 0.03100732656625601 0.025116347349607028
0 0.7977347007164588 0.5425756161029522 0.025818751408503607 0.02568993201622596
0 0.7654229677640475 0.22795955951397234 0.0338903573843149 0.0337062248816857
0 0.8459967099703275 0.4592438477736253 0.033902681790865384 0.03301664499136118
0 0.14633094347440279 0.23046370653005746 0.03018056429349459 0.03053896243755634
0 0.34551202333890474 0.2473905086517334 0.03122887244591346 0.031064803783710185
0 0.4819174546461839 0.7905754676231971 0.020388383131760817 0.020543905404897835
0 0.21535334220299354 0.4959602355957031 0.017113318810096152 0.01725592980018029
0 0.8452755854679987 0.15880419657780573 0.02220300527719351 0.022331833839416504
0 0.48654647973867565 0.49764589162973255 0.029175978440504808 0.029003363389235277
0 0.21957232401921198 0.4465532669654259 0.03834225581242488 0.038164799030010514
0 0.3014077590062068 0.2846503991347093 0.02019636447613056 0.02058572035569411
0 0.3529212291424091 0.6526803970336914 0.031292108389047474 0.03145393958458534
0 0.5290419505192683 0.1805455868060772 0.03340273637038011 0.03354366009051983
0 0.42968438221858096 0.8052173027625451 0.01920010493351863 0.019613119272085335
0 0.4013945506169246 0.950044558598445 0.017600132868840143 0.017562132615309495
0 0.46652863575862 0.5797393505389874 0.032717264615572415 0.032600696270282455
0 0.8175703929020808 0.6855696164644681 0.017876845139723558 0.01751855703500601
0 0.5584754210252029 0.671160257779635 0.026580076951246995 0.02620726365309495
0 0.7101295177753155 0.9342270631056565 0.018301743727463942 0.01865254915677584
0 0.7494176717904898 0.7045812606811523 0.019484299879807692 0.019548416137695312
0 0.13742443231435922 0.9816334064190204 0.022794760190523587 0.023866800161508415
0 0.7062091827392578 0.6542786818284255 0.017680828387920674 0.01787596482496995
0 0.5669366396390475 0.22041918681218073 0.033977655264047474 0.03377217512864333
0 0.6929267736581656 0.07728654604691726 0.028245925903320312 0.028077070529644307
0 0.8466430077185998 0.943794323847844 0.046546642596905045 0.048937430748572715
0 0.6203677104069636 0.5059143213125376 0.017974266639122598 0.018173364492563102
0 0.5780585362361028 0.708340571476863 0.02044340280386118 0.020526005671574518
0 0.433657169342041 0.14334048674656794 0.024921197157639723 0.024801199252788838
0 0.26534645374004656 0.8265121166522686 0.01732525458702674 0.017289381760817308
0 0.8162796313946064 0.5271070553706243 0.021504915677584134 0.021604024446927585
0 0.8409047493567834 0.4827090043288011 0.02052131065955529 0.020332189706655648
0 0.40814949915959287 0.22754416098961464 0.017261431767390326 0.01704557125384991
0 0.8048850573026217 0.4702363381019005 0.020455287053034857 0.020441348736102764
0 0.15861008717463568 0.6128832743718073 0.056461297548734225 0.05704454275277945
0 0.802708992591271 0.7699217429527869 0.020489619328425482 0.020453232985276442
0 0.3269813977755033 0.747196417588454 0.031005712655874398 0.03126848660982572
0 0.5980184628413274 0.4050080959613507 0.03971048501821665 0.040607599111703724
0 0.2264591913956862 0.7153288034292368 0.024286783658541165 0.024535399216871995
0 0.19364591745229867 0.6782773091242864 0.022758117088904746 0.02309579115647536
0 0.7761598733755258 0.9040663792536809 0.018022977388822116 0.01799744826096755
0 0.7367938115046575 0.2566355375143198 0.04314422607421875 0.042490555689885065
0 0.757351801945613 0.6796914614163913 0.018714317908653848 0.01869788536658654
0 0.6959940103384165 0.3844797427837665 0.017304347111628607 0.017428031334510215
0 0.3835148444542518 0.35680829561673677 0.03825701200045072 0.03871286832369291
0 0.547647109398475 0.2006994577554556 0.030555871816781852 0.03001847633948693
0 0.38190298814039964 0.039608075068547174 0.02246225797213041 0.022720997150127705
0 0.14851235426389253 0.9466791886549729 0.0280612248640794 0.0282895014836238
0 0.831936029287485 0.748333637530987 0.01777047377366286 0.01740573002741887
0 0.3755339842576247 0.19478471462543195 0.017517236562875602 0.017473660982572116
0 0.3469385000375601 0.07150726134960468 0.02509960761437049 0.025297036537757285
0 0.2710268680865948 0.4835624694824219 0.029621344346266527 0.029906786405123197
0 0.28844712330744815 0.8625546968900241 0.018805650564340446 0.01868468064528245
0 0.21693013264582708 0.46880083817702073 0.028918119577261116 0.02880125779371995
0 0.6745057472815881 0.4781961441040039 0.026778001051682692 0.027181185208834134
0 0.5922933358412522 0.025940782748735867 0.027946985684908353 0.02783276943060068
0 0.3843094018789438 0.6028579565194937 0.021498900193434495 0.021669681255634014
0 0.4110014255230243 0.07328730363112229 0.02753316439115084 0.027584020908062275
0 0.3488462154681866 0.5033977215106671 0.023995619553786058 0.024018214299128607
0 0.5941000718336839 0.847165034367488 0.01648095937875601 0.016545222355769232
0 0.3022965651292067 0.3620292223416842 0.019054706280048076 0.01902609605055589
0 0.27677730413583607 0.7144122490516076 0.015858796926645134 0.01576086191030649
0 0.34084077981802136 0.4067380611713116 0.01573944091796875 0.015588320218599759
0 0.2445354461669922 0.36940761712881237 0.025185878460223857 0.02578904078556941
0 0.4592415736271785 0.5444827446570764 0.035394521859975964 0.03510328439565805
0 0.24823827009934646 0.3029555357419528 0.027675922100360576 0.027694885547344502
0 0.15077240650470441 0.7394042381873498 0.029946510608379658 0.030017559344951924
0 0.2581460109123817 0.9720671727107122 0.02325586172250601 0.02317076462965745
0 0.751346074617826 0.34586451603816104 0.023258796105018027 0.023334796612079326
0 0.7522798684927133 0.7901727236234225 0.015344913189227764 0.015352102426382212
0 0.6955565672654372 0.6819572448730469 0.015916090745192308 0.01589819101186899
0 0.663888197678786 0.5695568231435922 0.044707078200120196 0.04345483046311598
0 0.2961704914386456 0.042481147325955905 0.0244448735163762 0.02461831386272724
0 0.2490674532376803 0.39241897142850435 0.024096268873948317 0.024264775789701022
0 0.3065631573016827 0.7807460931631235 0.022122529836801384 0.022556304931640625
0 0.19331924731914812 0.6342072120079627 0.0310055659367488 0.030931912935697116
0 0.8268488370455228 0.8115633451021634 0.035253084622896634 0.03596760676457332
0 0.1919252872467041 0.36832354618952823 0.017144496624286357 0.016983619103064902
0 0.22844604345468375 0.813812255859375 0.016889058626615085 0.01663970947265625
0 0.27587050658005935 0.01244497299194336 0.03075687701885517 0.02348478023822491
0 0.6602883705726037 0.4454059600830078 0.02425810006948618 0.02396840315598708
0 0.5057740578284631 0.9175552955040565 0.020642500657301683 0.02078848618727464
0 0.6245863987849309 0.41300527866070086 0.03180855971116286 0.03167152404785156
0 0.4660285802987906 0.644077154306265 0.03303689223069411 0.032503568209134616
0 0.6825946661142203 0.7743992438683143 0.015479748065655049 0.01563864487868089
0 0.3217589304997371 0.353423522068904 0.025772681603064902 0.026356917161207933
0 0.6832500604482797 0.5068958355830266 0.018364832951472357 0.018296315119816706
0 0.38337157322810245 0.39217615127563477 0.022010363065279447 0.02204594245323768
0 0.7268246137178861 0.976082288301908 0.021321663489708535 0.021456204927884616
0 0.6851015090942383 0.9076812450702374 0.025986891526442308 0.026308646568885215
0 0.4218884247999925 0.11667730258061336 0.04830177013690655 0.0483556894155649
0 0.4698176383972168 0.614869631253756 0.03471829341008113 0.035334073580228366
0 0.3148623980008639 0.018228609974567708 0.04394430380601149 0.034715237525793224
0 0.13861580995412973 0.3700596736027644 0.016530568783099834 0.024648519662710335
0 0.14361850114969107 0.29711228150587815 0.02269269869877742 0.02327552208533654
0 0.8333028646615835 0.6133403778076172 0.03044920701246995 0.029716051541841947
0 0.23523807525634766 0.9866432043222281 0.03838751866267277 0.025195488562950723
0 0.7479569361760066 0.19138833192678598 0.018715491661658652 0.01874828338623047
0 0.36620279458852917 0.3825085713313176 0.019452901986929085 0.01976944850041316
0 0.29186158913832444 0.8822994965773362 0.015296679276686449 0.015428836529071514
0 0.3827670170710637 0.8116493225097656 0.03791192861703726 0.037409268892728366
0 0.4126435059767503 0.007434885089214032 0.018047919640174277 0.014086271707828227
0 0.841341678912823 0.35458139272836536 0.02608651381272536 0.02552193861741286
0 0.23068868196927583 0.04666711275394146 0.015589420612041768 0.015554033792935885
0 0.1872239112854004 0.7359111492450421 0.018567452063927285 0.018676170935997598
0 0.2511542026813214 0.6741311733539288 0.020865367009089544 0.02096733680138221
0 0.80474486717811 0.2565150260925293 0.022296905517578125 0.02209758758544922
0 0.6201394888070914 0.14722290405860314 0.020304203033447266 0.020402211409348708
0 0.667384147644043 0.7241294567401593 0.026692023644080527 0.026848426231971152
0 0.35041225873506987 0.13129964241614708 0.052371905400202826 0.052752054654634915
0 0.7445724193866436 0.367062862102802 0.022432914147010215 0.022542513333834134
0 0.6378609583928034 0.1909024165226863 0.058797249427208535 0.05979295877309946
0 0.39785289764404297 0.8378839492797852 0.029092935415414665 0.029233345618614785
0 0.6079690639789288 0.92523926955003 0.026439079871544473 0.026604872483473558
0 0.7109308976393479 0.4712406305166391 0.018336662879356973 0.018610807565542366
0 0.4860931176405687 0.23588191545926607 0.022919874924879808 0.022832283606896035
0 0.22261461844811073 0.6582614458524264 0.01878499984741211 0.0186007573054387
0 0.28645887741675746 0.46260562309852016 0.01925006279578576 0.019469774686373197
0 0.1830292114844689 0.532305277310885 0.018939971923828125 0.019103857187124398
0 0.8343485318697416 0.3937119704026442 0.01917120126577524 0.01931924086350661
0 0.8000686352069561 0.6419693139883188 0.018506563626802884 0.018703167255108174
0 0.4370283346909743 0.014127455078638516 0.02174230722280649 0.021493501388109647
0 0.323941891009991 0.901091795701247 0.02570313673753005 0.02620697021484375
0 0.7274423012366662 0.8627604704636794 0.01604799123910757 0.016408333411583535
0 0.7253823647132287 0.43747623150165266 0.024070886465219352 0.024185767540564902
0 0.3575224509605995 0.22764737789447492 0.019431701073279746 0.019015092116135817
0 0.7845312265249399 0.6775850149301382 0.016636188213641826 0.016627678504356973
0 0.3412201954768254 0.3698717264028696 0.030400716341458835 0.03088554969200721
0 0.6767899439885066 0.6371087294358474 0.018703754131610576 0.018709622896634616
0 0.30506106523367077 0.48131157801701474 0.026383363283597507 0.02706425006573017
0 0.4015358411348783 0.04895283625676082 0.018984574538010817 0.019196418615487907
0 0.7679371467003455 0.1490908035865197 0.016552264873798076 0.01678609848022461
0 0.6044729306147649 0.1769867310157189 0.027095868037297174 0.02755421858567458
0 0.45887301518366885 0.7758680490347055 0.0232239503126878 0.023495600773737982
0 0.34361703579242414 0.5417077724750226 0.022497030404897835 0.022544273963341348
0 0.5295824637779822 0.2194972771864671 0.027108265803410456 0.02693961216853215
0 0.7737794289222131 0.6566031529353216 0.030633192795973558 0.03100307171161358
0 0.5545476399935209 0.07411837577819824 0.017700855548565205 0.017799560840313252
0 0.27407360076904297 0.8802573864276593 0.016724659846379206 0.01668416536771334
0 0.6495497776911809 0.5379860951350286 0.02685825641338642 0.026416705204890326
0 0.7342964319082407 0.46221072857196516 0.01811350308931791 0.018100591806265023
0 0.5491134936992939 0.6885618063119742 0.016598041240985576 0.016651740440955527
0 0.23430547347435585 0.14147374263176551 0.02029903118426983 0.020554615901066706
0 0.7368351862980769 0.10049171631152813 0.052253429706280045 0.05161243218642015
0 0.2872884273529053 0.2701828663165753 0.014665566957913913 0.01477986115675706
0 0.37532681685227615 0.639107557443472 0.018146368173452523 0.017900907076322116
0 0.2762100329765907 0.18183632997366098 0.018853517679067757 0.01877483954796424
0 0.7682828169602615 0.36333502255953276 0.02058557363656851 0.02099462655874399
0 0.8377169829148513 0.8384662041297326 0.02916849576509916 0.0292510986328125
0 0.6940320821908804 0.9479832282433143 0.03492472721980168 0.03447165855994591
0 0.3048752454610971 0.09414102480961727 0.019640005551851712 0.01944875717163086
0 0.6810348217303936 0.6000465246347281 0.01775389451246995 0.018042711111215446
0 0.8517632117638221 0.1886460964496319 0.029188889723557692 0.04875725966233473
0 0.30167176173283505 0.2550014532529391 0.019038860614483174 0.01930662301870493
0 0.15309665753291204 0.5695520547720102 0.01814611141498272 0.01817043011005108
0 0.23760480147141677 0.10432116801922138 0.024135662959172174 0.02452843005840595
0 0.5397652479318472 0.6252547777616061 0.020056944627028245 0.019789475661057692
0 0.27401350094721866 0.2717291575211745 0.032423789684589095 0.03322333555955153
0 0.6811348108144907 0.9904691256009616 0.0173953129695012 0.015474172738882212
0 0.8189181547898513 0.03645015221375685 0.03498356158916767 0.035198560127845176
0 0.3513108766995944 0.27276875422551083 0.026034721961388223 0.026170730590820312
0 0.2968217409574069 0.7198616908146784 0.019110826345590446 0.019176189716045674
0 0.28460018451397234 0.7777363703801081 0.02368611555833083 0.023457893958458535
0 0.22246197553781363 0.41899505028357875 0.025406287266657904 0.025986451369065505
0 0.8573097082284781 0.7619772690993089 0.016176517193134014 0.01616492638221154
0 0.22766788189227766 0.16278635538541353 0.016636078174297627 0.016600682185246393
0 0.24388634241544282 0.4927827028127817 0.014550502483661357 0.014869323143592248
0 0.7753232809213492 0.6062985933743991 0.014769920935997596 0.014838732205904447
0 0.517460089463454 0.48326800419734073 0.029193951533390924 0.029148982121394232
0 0.8229249807504507 0.4743602459247296 0.019102830153245192 0.0192258541400616
0 0.26502169095552885 0.3754850167494554 0.019351959228515625 0.019344329833984375
0 0.22634238463181716 0.5568033365102915 0.033473968505859375 0.033513509310208835
0 0.3953128961416391 0.697240609389085 0.02532819601205679 0.02550844045785757
0 0.6458066793588492 0.4285063376793495 0.018780634953425482 0.018680865948016826
0 0.2608675223130446 0.5028536136333759 0.021289238562950723 0.02118051969088041
0 0.7178156192486103 0.882080444922814 0.02950140146108774 0.028883713942307692
0 0.8428353529710036 0.916412720313439 0.01571024381197416 0.01596406789926382
0 0.2091184396010179 0.698883790236253 0.02587465139535757 0.026115857637845553
0 0.3021054267883301 0.6354041466346154 0.015943453862116888 0.01633614760178786
0 0.3777130200312688 0.35163248502291167 0.015900905315692607 0.015922399667593148
0 0.414127936730018 0.9197352482722356 0.01897283700796274 0.018790318415715143
0 0.23694166770348182 0.8354433499849759 0.02075804196871244 0.020871969369741585
0 0.7391742559579703 0.8451976776123047 0.026121139526367188 0.02588037344125601
0 0.20022194202129656 0.2988313344808725 0.020086068373460036 0.01997826649592473
0 0.2608809471130371 0.2426720399122972 0.029604104849008415 0.03000633533184345
0 0.28694891929626465 0.35530933967003453 0.016477328080397386 0.016381483811598558
0 0.1461650958428016 0.5549053779015174 0.01484067623431866 0.014971513014573317
0 0.8526793259840745 0.03192305564880371 0.023917271540715143 0.025345600568331204
0 0.4530918047978328 0.9135925586407001 0.05168430621807392 0.05054943378155048
0 0.39483455511239857 0.3163914313683143 0.017817937410794772 0.0181426268357497
0 0.7882583324725811 0.20029086333054763 0.03352091862605168 0.03353184920090895
0 0.30277211849506086 0.9873357919546274 0.022592471196101263 0.021106426532451924
0 0.26286998161902797 0.6101918587317834 0.02847708188570463 0.028306227463942308
0 0.8009128570556641 0.6774661724384015 0.019924163818359375 0.020371363713191107
0 0.31983393889207107 0.5053293154789851 0.030467913700984076 0.031072689936711237
0 0.801083491398738 0.09300186083867 0.020359039306640625 0.02051393802349384
0 0.41719913482666016 0.1592726157261775 0.015437492957481971 0.015248445364145132
0 0.3650949184711163 0.4894264294550969 0.024280401376577523 0.02449659200815054
0 0.5299797058105469 0.5148379252507136 0.019876773540790264 0.019751475407527044
0 0.5939285204960749 0.08988519815298227 0.01796120863694411 0.018101215362548828
0 0.7414266879741962 0.20677790274986854 0.01774435776930589 0.017867088317871094
0 0.3403071623582106 0.47695504702054536 0.028212767380934495 0.027879861684945915
0 0.17661505479079026 0.4731086584237906 0.014762071462777944 0.014757303091195913
0 0.7856534077570989 0.17604479422936073 0.02628326416015625 0.026466809786283053
0 0.7915321496816782 0.2031989831190843 0.03073296180138221 0.0311585206251878
0 0.524595884176401 0.40715599060058594 0.01756572723388672 0.01751283498910757
0 0.7559980979332557 0.3311294408944937 0.018534440260667067 0.018425574669471152
0 0.5404225862943209 0.4876136046189528 0.02066773634690505 0.02098567669208233
0 0.6939450777493991 0.46066728005042445 0.01672510000375601 0.0166928217961238
0 0.5222047659067007 0.9060434928307166 0.023553848266601562 0.023310734675480768
0 0.4273702914898212 0.837145731999324 0.024890606219951924 0.0242919921875
0 0.356845708993765 0.22392846987797663 0.024062376755934495 0.024795678945688102
0 0.33646172743577224 0.3320111128000113 0.017411011915940505 0.017700635469876803
0 0.46509427290696365 0.9636730780968299 0.019072752732496995 0.01922607421875
0 0.23353972801795372 0.2939950136037973 0.02132558822631836 0.021474434779240534
0 0.2750303011674147 0.9883847603431115 0.03171675021831806 0.02147953326885517
0 0.6936030754676232 0.47667485017042893 0.019357974712665264 0.01952252021202674
0 0.44900813469519985 0.8455984409038837 0.017670411330003005 0.017752574040339544
0 0.36859020820030797 0.838167117192195 0.027429727407602165 0.027535511897160456
0 0.7543734036959134 0.6139562680171087 0.019923870380108174 0.020187744727501504
0 0.8196857158954327 0.6361431708702674 0.024027017446664665 0.024034646841195915
0 0.49534929715670073 0.5704129659212552 0.030435488774226263 0.0315096194927509
0 0.2894785954402043 0.7041336206289438 0.0166164911710299 0.01735863318810096
0 0.578470413501446 0.42455731905423677 0.015057710500863882 0.015456273005558895
0 0.49190301161545974 0.9009073697603666 0.026395504291240986 0.026755553025465745
0 0.38444130237285906 0.66058349609375 0.022640081552358773 0.022964330819936898
0 0.2335623044234056 0.6792300297663763 0.015500875619741587 0.015372056227463942
0 0.46376675825852615 0.6853033946110652 0.014922508826622596 0.015020370483398438
0 0.5323706406813401 0.8848812396709735 0.027131007267878607 0.026684394249549277
0 0.27556081918569714 0.2998198179098276 0.016297340393066406 0.016190785628098708
0 0.19795971650343674 0.6614608764648438 0.014784592848557692 0.015048980712890625
0 0.1665064921745887 0.7040187395535983 0.04628427212054913 0.046455676739032455
0 0.6033124923706055 0.5012826919555664 0.017027781559870794 0.017061820397010215
0 0.2822995919447679 0.9706106185913086 0.02701084430401142 0.026655930739182692
0 0.4119729262131911 0.3045486486875094 0.022278859065129206 0.0227048213665302
0 0.4841923346886268 0.5494901950542743 0.016687980064978965 0.016898962167593148
0 0.567625485933744 0.49869265923133266 0.02308023892916166 0.023432364830603965
0 0.7180073077862079 0.4564601458035983 0.015624413123497596 0.016279954176682692
0 0.4016600755544809 0.7163832737849309 0.021349099966195915 0.02198644784780649
0 0.2995140185722938 0.9570221534142127 0.014183521270751953 0.014129345233623799
0 0.4976371618417593 0.5342200352595403 0.020360139700082634 0.020685342641977165
0 0.745582653925969 0.41882654336782604 0.027212142944335938 0.02796173095703125
0 0.8077501150277945 0.11644519292391263 0.017580179067758415 0.017464087559626654
0 0.32993279970609224 0.42701783547034633 0.02058249253493089 0.020105508657602165
0 0.26964789170485276 0.7414303559523362 0.014013217045710636 0.013887111957256611
0 0.342197271493765 0.4388742446899414 0.02467999091515174 0.02408174368051382
0 0.24634078832773063 0.20790980412409857 0.0161897952740009 0.01610902639535757
0 0.22653684249291053 0.3935182277972882 0.01886294438288762 0.019134521484375
0 0.47426088039691633 0.40360575455885667 0.016311792226938102 0.016235718360314004
0 0.2768109945150522 0.2674997953268198 0.03996970103337215 0.04325745655940129
0 0.5534248718848596 0.5176499440119817 0.025080460768479567 0.024979371290940505
0 0.5835437041062576 0.19804829817551833 0.027184119591346152 0.02712359795203576
0 0.47245091658372146 0.3510894775390625 0.027526268592247598 0.02797845693734976
0 0.7608115856464093 0.3154206642737755 0.02202606201171875 0.021439203849205606
0 0.28644598447359526 0.7723203805776743 0.03060282193697416 0.031280517578125
0 0.5104084014892578 0.5071068176856408 0.01832411839411809 0.018652035639836237
0 0.6930409944974459 0.5189169737008902 0.01594396737905649 0.01581148000863882
0 0.8161669511061448 0.6672262778648963 0.015543424166165866 0.016071319580078125
0 0.44121676224928635 0.29752883544334996 0.027666238638070915 0.02766737571129432
0 0.3546903316791241 0.12164977880624625 0.019951013418344352 0.02094268798828125
0 0.7525771214411809 0.6303440974308894 0.019266862135667067 0.01895904541015625
0 0.20285551364605242 0.5828223962050217 0.028795205629788913 0.028563646169809196
0 0.3052505713242751 0.9080018263596755 0.014436061565692607 0.014563633845402645
0 0.2763817493732159 0.1139835394345797 0.019289016723632812 0.01933743403508113
0 0.23618045220008263 0.34735815341656023 0.016060242286095254 0.016211289625901442
0 0.23378152113694411 0.5374053808359 0.031079879173865683 0.030460651104266826
0 0.7273553701547476 0.5637191992539626 0.0159457280085637 0.015899071326622598
0 0.3154103939349835 0.6783030583308294 0.017270473333505485 0.017376092764047477
0 0.34653069422795224 0.3899875787588266 0.02334117889404297 0.021763067979079027
0 0.7265180441049429 0.29848659955538237 0.03271278968224159 0.033086336576021634
0 0.4946621381319486 0.9848297559298002 0.015275074885441707 0.015387755173903245
0 0.8346379353449895 0.7345239932720478 0.01903812701885517 0.018511258638822116
0 0.7780372913067157 0.3452656085674579 0.02281775841346154 0.022856785700871393
0 0.20431822996873122 0.5342871592595027 0.02422178708589994 0.02467522254356971
0 0.17065704785860503 0.9718573643611028 0.028887235201322116 0.029255793644831732
0 0.14151356770442083 0.9160249416644757 0.024213900932898887 0.024338648869441107
0 0.1416529233639057 0.5822643866905799 0.01532431749197153 0.0151519775390625
0 0.38223655407245344 0.013859770618952237 0.027221019451434795 0.02492031455039978
0 0.14154052734375 0.9207104903001052 0.026296725639930137 0.02860846886268029
0 0.8553375831017127 0.5389434374295748 0.014650198129507212 0.014584908118614784
0 0.46897748800424427 0.1243908038506141 0.013907212477463942 0.014158285581148587
0 0.2242286755488469 0.4103832978468675 0.019489288330078125 0.018659371596116286
0 0.3190352733318622 0.6988388941838191 0.02092918982872596 0.021342350886418268
0 0.7803972684420072 0.4657138677743765 0.018164561345027044 0.018681746262770433
0 0.16281971564659706 0.9171642890343299 0.02129334669846755 0.021482027493990384
0 0.316499269925631 0.3154707688551683 0.013589125413161058 0.013696670532226562
0 0.14278913461245024 0.06301181591474093 0.02360114684471717 0.03101052687718318
0 0.15208465319413406 0.18920054802527794 0.024058800477247972 0.024592252878042366
0 0.794760850759653 0.36790939477773815 0.01723817678598257 0.017200690049391527
0 0.7820466114924505 0.43018161333524263 0.017075171837439902 0.017305300785945013
0 0.6311492919921875 0.9804810010469877 0.016405399029071514 0.015980353722205527
0 0.780242553124061 0.13867630408360407 0.020128396841195915 0.020522392713106595
0 0.18364739418029785 0.5988006591796875 0.022434161259577826 0.023660953228290264
0 0.798245356633113 0.4369654288658729 0.01800537109375 0.018242029043344352
0 0.13647768130669227 0.16339839421785796 0.011623584307157077 0.015774250030517578
0 0.7242978902963492 0.3611649733323317 0.01396648700420673 0.013547237102801982
0 0.6146749349740835 0.843412839449369 0.03258353013258714 0.03230564410869892
0 0.7231955895057092 0.09249527637775128 0.026534594022310697 0.02693489881662222
0 0.17429216091449445 0.6656925494854267 0.021129718193641074 0.022116734431340143
0 0.49126749772291917 0.29435033064622146 0.02715301513671875 0.028157821068396933
0 0.31612447591928333 0.23866835007300743 0.021675238242516152 0.021318472348726712
0 0.5197670643146222 0.48720147059513974 0.02331403585580679 0.022834411034217246
0 0.7885183921227088 0.3996719947228065 0.01971714313213642 0.019894526554987982
0 0.4520423595721905 0.8305928156926081 0.014124063345102163 0.014336512638972355
0 0.7796503213735727 0.44395134999201846 0.01798835167518029 0.018143360431377705
0 0.7921252617469201 0.48726833783663237 0.02515132610614483 0.025043267470139723
0 0.3325340564434345 0.8755545982947717 0.018742928138146035 0.018793252798227165
0 0.7807417649489182 0.46364725553072417 0.02206846383901743 0.022252889779897835
0 0.7400410725520208 0.839840815617488 0.031859177809495196 0.03282370934119591
0 0.7851553696852464 0.19824068362896258 0.027962904710036058 0.028369316687950723
0 0.7919213221623347 0.30250908778263974 0.016907618596003607 0.017142222477839544
0 0.7977010286771334 0.6178420140193059 0.023691764244666465 0.023664034329927884
0 0.663385978111854 0.5236469048720139 0.01731080275315505 0.017234142010028545
0 0.2571956744560829 0.8778700461754432 0.016888948587270882 0.016620342548076924
0 0.2716069221496582 0.8141842622023362 0.013752570519080529 0.013976317185621995
0 0.3476529854994554 0.3526291113633376 0.023806425241323616 0.02340082021859976
0 0.3455147376427284 0.955844732431265 0.01711860069861779 0.017060499924879808
0 0.15836385580209586 0.5945466848520132 0.030777775324307956 0.031137393071101263
0 0.5652527442345252 0.0835117560166579 0.024259273822490986 0.0245361144726093
0 0.15313588655911958 0.6546556032620944 0.024560158069317158 0.02492347130408654
0 0.3310885796180138 0.2221988164461576 0.02111053466796875 0.020480229304387018
0 0.6878107511080228 0.6209420424241286 0.015888800987830527 0.015886306762695312
0 0.3818041728093074 0.27753624549278844 0.014510521521935096 0.014147685124323918
0 0.3996463922353891 0.9829912919264573 0.014330497154822716 0.01420123760516827
0 0.5216561830960788 0.9339354588435247 0.016604203444260817 0.01665320763221154
0 0.7349260770357572 0.22662036235515887 0.024586897629957933 0.0245663936321552
0 0.3459761692927434 0.9087400436401367 0.021040989802433893 0.021056688748873197
0 0.6445902310884916 0.988320937523475 0.021049646230844352 0.019048397357647236
0 0.7843063794649564 0.7195918009831355 0.022748653705303486 0.023118092463566706
