0 0.7972630720872146 0.8481727013221154 0.03931162907527043 0.039017897385817304
0 0.896450189443735 0.6518921485314002 0.03984920795147236 0.03979961688701923
0 0.2089847051180326 0.466002867772029 0.036896925706129804 0.036981362562913164
0 0.7134287907527044 0.3554500433114859 0.03426801241361178 0.034277108999399036
0 0.34488428556002104 0.8565510236299955 0.034900518564077526 0.03498004033015324
0 0.48896371401273286 0.32909371302678037 0.03901995145357572 0.038701424231896035
0 0.21941511447613055 0.3733944526085487 0.03499463888315054 0.03513526916503906
0 0.31670093536376953 0.7319614703838642 0.03035444479722243 0.030346797062800482
0 0.4175894077007587 0.8963328141432542 0.0288998530461238 0.029146341177133415
0 0.7167613689716046 0.6661170079157903 0.03798895615797777 0.03809679471529447
0 0.6365011655367337 0.8813404670128455 0.02428861764761118 0.024264115553635817
0 0.20655074486365685 0.8351948077862079 0.022014031043419473 0.022126271174504206
0 0.02329716544884902 0.25571392132685733 0.021688841856442966 0.021709368779109076
0 0.03319200185629038 0.7908263573279748 0.026494466341458835 0.026215479924128607
0 0.41471580358651966 0.701204960162823 0.02739854959341196 0.02765200688288762
0 0.269834958589994 0.7592138143686148 0.01973419923048753 0.019854618952824518
0 0.47212358621450573 0.7267756828894982 0.023334796612079326 0.023287259615384616
0 0.1974017069889949 0.8829018519474909 0.029404823596660908 0.029208550086388223
0 0.5438167131864108 0.7201444919292743 0.01891605670635517 0.01904927767240084
0 0.41745277551504284 0.8680248260498047 0.02340536851149339 0.023571307842548076
0 0.5533819932204026 0.6363707322340745 0.017742450420673076 0.01745781531700721
0 0.6875032278207632 0.8165133549616888 0.02702155480018029 0.027178250826322116
0 0.8467747614933894 0.15850197351895845 0.020253694974459134 0.020177584428053636
0 0.48561917818509615 0.8328500160804162 0.016997557419996995 0.017081480759840745
0 0.8694088275615985 0.011091954433001004 0.02187376755934495 0.02064363773052509
0 0.22323186580951399 0.572595266195444 0.018925593449519232 0.01919218210073618
0 0.9619597655076247 0.491453610933744 0.034257742074819714 0.035155076246995196
0 0.7212474529559796 0.219514956841102 0.019835545466496393 0.019845118889441855
0 0.9538461245023288 0.277126092177171 0.02269157996544471 0.02287153097299429
0 0.35345015159020055 0.903172859778771 0.021080750685471755 0.020952664888822116
0 0.8965917733999399 0.030506234902601976 0.021306844858022835 0.021596138293926533
0 0.8551565317007211 0.40776700239915115 0.018933516282301683 0.018576548649714544
0 0.015343217895581173 0.14838165503281814 0.018668575928761408 0.023812550764817458
0 0.25961819061866176 0.7207461870633639 0.01833171110886794 0.01819185110238882
0 0.9077094151423528 0.1739349365234375 0.018418238713191107 0.018395240490253154
0 0.6367121476393479 0.43316136873685396 0.018064498901367188 0.018195519080528848
0 0.06694206366172203 0.18516734930185172 0.017940640449523926 0.01772469740647536
0 0.3865368916438176 0.32108468275803786 0.035341116098257214 0.03592483813946064
0 0.9793064410869892 0.6987894498384916 0.018390068641075723 0.018585205078125
0 0.9057142551128681 0.4522361755371094 0.019147579486553486 0.019266128540039062
0 0.25388200466449445 0.037679266471129194 0.018907987154447116 0.018873255986433763
0 0.2815607511080228 0.7998764331524189 0.017392488626333382 0.017285567063551683
0 0.5141608531658466 0.7697029113769531 0.016153922447791465 0.016393514779897835
0 0.06175498779003437 0.5842211063091571 0.02582997542161208 0.025782218346228965
0 0.7457052377554086 0.4213462242713341 0.016726127037635215 0.016624083885779746
0 0.7568200184748723 0.48868568126971906 0.019306476299579326 0.019153668330265924
0 0.547181826371413 0.7731149380023663 0.018212391779972956 0.018275627723106973
0 0.25288049991314226 0.20006436568040115 0.017823219299316406 0.017871930049015924
0 0.9025019132173978 0.7726502051720252 0.027655381422776442 0.027893946721003607
0 0.6218226506159856 0.8634016330425556 0.016698837280273438 0.016765007605919473
0 0.9847460526686448 0.11012058991652268 0.016852452204777643 0.02319642213674692
0 0.7845707673292893 0.44002371567946214 0.016688420222355768 0.016733976510854866
0 0.8238248091477615 0.5406320645258977 0.017516356248121995 0.017409764803372897
0 0.9633827209472656 0.061354756355285645 0.022059220534104567 0.02201360922593337
0 0.04463063753568209 0.3985328674316406 0.01887688499230605 0.01883829556978666
0 0.27170691123375523 0.5578584304222693 0.016111227182241585 0.0165102298443134
0 0.674887437086839 0.9312653174767127 0.01641053419846755 0.01654845017653245
0 0.5666116567758414 0.5612790034367487 0.03782580449030949 0.038159883939302884
0 0.9176291685837966 0.4804705106295072 0.016300788292518027 0.016544048602764424
0 0.9762865213247446 0.8324593764085036 0.0249941899226262 0.025126237135667067
0 0.4575778521024264 0.9413409599891076 0.017674372746394232 0.017514742337740384
0 0.8500694861778846 0.8304620889516977 0.018130669227013223 0.018291766826923076
0 0.859955934377817 0.7121560023381159 0.015710830688476562 0.0159912109375
0 0.46945894681490385 0.3085779043344351 0.029851913452148438 0.029673668054433968
0 0.2132251262664795 0.9123369363638071 0.020735960740309495 0.020815629225510817
0 0.3939200914823092 0.37407566950871396 0.01990479689378005 0.020029434790978067
0 0.9467590038592999 0.5990281838637131 0.016444279597355768 0.01665643545297476
0 0.710322013268104 0.6933796222393329 0.015438226553109976 0.015592134915865384
0 0.8262958526611328 0.43516804621769833 0.017505645751953125 0.01760380084698017
0 0.30272311430711013 0.036222022313338056 0.023159907414362982 0.023500213256249063
0 0.3767818304208609 0.5981627611013559 0.018328740046574518 0.018253546494704027
0 0.33688677274263823 0.6812116182767428 0.017690438490647536 0.017562719491811898
0 0.5255712362436148 0.8226275810828576 0.015628888056828424 0.015508798452524038
0 0.9582303854135367 0.46529483795166016 0.015372496384840745 0.015656691331129808
0 0.7698092827430139 0.27401267565213716 0.028871976412259616 0.029069973872258112
0 0.48647565108079177 0.661517436687763 0.019900175241323616 0.019985492412860576
0 0.621987929710975 0.950100091787485 0.015579957228440505 0.015564405001126803
0 0.8019679142878606 0.25872181012080264 0.017617445725661058 0.01785758825448843
0 0.6379696772648737 0.2518778030688946 0.04325675964355469 0.04243549933800331
0 0.5030053945688101 0.9009663508488581 0.01878503652719351 0.018917083740234375
0 0.18037957411545974 0.38827962141770583 0.01875470234797551 0.018703313974233773
0 0.17152665211604193 0.028127654240681574 0.016672721275916465 0.016963711151709922
0 0.9157463954045222 0.7207286541278546 0.016289344200721152 0.016277313232421875
0 0.37224762256328875 0.33769116034874547 0.0221254642193134 0.02208430950458233
0 0.49423635922945464 0.36108721219576323 0.035260567298302285 0.03570864750788762
0 0.8284222529484675 0.90722472851093 0.019988573514498197 0.01984566908616286
0 0.3450791285588191 0.7137782757098858 0.016039334810697116 0.016140864445612982
0 0.2480329183431772 0.62567138671875 0.017766549037053034 0.017806419959435098
0 0.36165178739107573 0.7797646155724158 0.01546492943396935 0.015347700852614183
0 0.8719216860257663 0.5695307071392353 0.015536968524639424 0.01532451923076923
0 0.9507597409761869 0.47851404776939976 0.021170689509465143 0.020576917208158053
0 0.7291170266958383 0.965670658991887 0.015307206373948317 0.015448643611027645
0 0.9090854938213642 0.007882135991866771 0.018771831805889424 0.014862932837926425
0 0.6558099893423227 0.2733252231891339 0.015980940598707933 0.016184660104604866
0 0.9166938341580905 0.43506805713360125 0.018991470336914062 0.018750704251802884
0 0.7415182407085712 0.22327386415921724 0.09955787658691406 0.09827804565429688
0 0.9795984121469351 0.5139606549189641 0.020175640399639424 0.020059805649977464
0 0.4294097606952374 0.7575795100285456 0.020816656259390023 0.021074441763070915
0 0.4593477982741136 0.6738869593693659 0.015671950120192308 0.015688969538762018
0 0.40186456533578724 0.7319708604079026 0.016815772423377402 0.016663184532752402
0 0.7827604733980619 0.8175133925217849 0.015931349534254808 0.015900245079627402
0 0.9167533287635217 0.25820359816918004 0.016277900108924277 0.016151978419377253
0 0.8583880204420823 0.4373886768634503 0.0204620361328125 0.020272548382098857
0 0.8015925334050105 0.6580668229323167 0.014406497661884014 0.014639487633338341
0 0.921663210942195 0.6172279944786658 0.016333506657527044 0.016617371485783503
0 0.36983123192420375 0.4832142683175894 0.01770782470703125 0.018034054682804987
0 0.8481652186467097 0.9522216503436749 0.016399090106670674 0.016435769888070915
0 0.47024858914888823 0.4653472166794997 0.01522064208984375 0.015360612135667067
0 0.012613647259198703 0.5777121323805589 0.0159609684577355 0.01775389451246995
0 0.7910072620098407 0.5651659598717322 0.017298331627478965 0.01738739013671875
0 0.41800403594970703 0.7634610396165115 0.019590231088491585 0.019833197960486777
0 0.10839145000164326 0.5419150865994967 0.018199883974515475 0.018378771268404447
0 0.5414866667527419 0.33487429985633266 0.01817468496469351 0.018425134512094352
0 0.27991588299091047 0.6673658811129056 0.015002910907451924 0.015371175912710337
0 0.6569932790902945 0.4029479760390062 0.016516465407151442 0.016610145568847656
0 0.0911319714326125 0.3524764867929312 0.015280851951012244 0.015381739689753605
0 0.9261545034555289 0.21545551373408392 0.01564788818359375 0.015998106736403245
0 0.32512690470768857 0.5737728705772986 0.015790425814115085 0.015587880061222957
0 0.8818079141470102 0.10858744841355544 0.015076857346754808 0.015120909764216496
0 0.5048432716956506 0.5450624319223257 0.017210006713867188 0.017313223618727464
0 0.02911486992469201 0.7329786740816556 0.016272517351003792 0.016257652869591348
0 0.8110537895789514 0.07145131551302396 0.015879410963792067 0.015901657251211312
0 0.8306058736947867 0.22279035128079927 0.025320786696213942 0.025515629695012018
0 0.9856855685894306 0.6047678727370042 0.018826998197115384 0.021932308490459736
0 0.3393552486713116 0.30302610764136684 0.014901527991661659 0.014758000007042518
0 0.887276869553786 0.5942106613746057 0.01744226308969351 0.0176239747267503
0 0.6779431563157302 0.48734657581035906 0.049933213454026446 0.04983813946063702
0 0.19347486129173866 0.254501434472891 0.08751817849966195 0.0878448119530311
0 0.9813800224891076 0.6205464143019456 0.022689672616811898 0.022645216721754808
0 0.19851424143864557 0.9740151625413161 0.015105614295372596 0.015205089862530049
0 0.7165797306941106 0.03804251551628113 0.017272068903996393 0.017465440126565788
0 0.5978843248807467 0.4341314755953275 0.015009806706355168 0.015048833993765024
0 0.9538200084979718 0.817312974196214 0.0212100102351262 0.021352034348707933
0 0.30544009575477016 0.8462311671330378 0.017916752741887018 0.018047186044546273
0 0.5390282410841721 0.6912105266864483 0.014594004704402043 0.014661055344801683
0 0.14276598050044134 0.8790941971998948 0.017821752108060397 0.017620380108173076
0 0.1650846554682805 0.9582013350266677 0.018161847041203424 0.018130962665264424
0 0.708239481999324 0.8118070455697867 0.014566421508789062 0.014230581430288462
0 0.6087448413555439 0.346071536724384 0.01539142315204327 0.015546578627366286
0 0.9394236344557542 0.9420079451340896 0.01510326678936298 0.014986478365384616
0 0.9288765100332407 0.6052779050973746 0.015103560227614183 0.015223503112792969
0 0.9361887711745042 0.28471818337073695 0.01602319570688101 0.01565870871910682
0 0.7824516296386719 0.7266783347496619 0.015727409949669473 0.01563864487868089
0 0.20521754484910232 0.3408047602726863 0.021380057701697715 0.021693889911358174
0 0.28708593661968523 0.5592001401461087 0.01904759040245643 0.019239278940054085
0 0.867798585158128 0.6903856717623197 0.014559672429011418 0.014575371375450721
0 0.6601046048677884 0.6456875434288611 0.016208061805138223 0.016281714806189902
0 0.6202488679152268 0.782906385568472 0.01450054462139423 0.0144499265230619
0 0.9834741445688101 0.07561618548173171 0.015115591195913462 0.015401033254770132
0 0.5246874735905573 0.7176471123328576 0.015430597158578726 0.015795194185697116
0 0.027984417401827298 0.6195680911724384 0.015969725755544808 0.015980647160456732
0 0.09040759159968449 0.937219839829665 0.11822568453275241 0.11534617497370793
0 0.020594849036290094 0.9543847304124099 0.022308143285604622 0.02231597900390625
0 0.5118229205791767 0.6196026435265174 0.01645660400390625 0.016528826493483324
0 0.8629154792198768 0.7673511505126953 0.014673086313100962 0.014929111187274639
0 0.3278357799236591 0.422270261324369 0.014538838313176082 0.014487486619215745
0 0.5642613264230582 0.3951414548433744 0.014871817368727464 0.015008339515099159
0 0.5122896707974948 0.9350342383751502 0.016857000497671273 0.016994769756610576
0 0.8994329892672025 0.9012520129864032 0.016289931077223558 0.016384418194110576
0 0.12223610511192909 0.8675488692063552 0.028397156642033503 0.028660994309645433
0 0.12346916932326096 0.29290351500877965 0.03339939851027269 0.03385774905865009
0 0.38263599689190203 0.9543279501108023 0.01564311981201172 0.01565067584698017
0 0.03579007433010982 0.8935419229360727 0.022755664128523607 0.023009373591496393
0 0.5431757706862229 0.17224678626427284 0.01932554978590745 0.019391573392427884
0 0.988311033982497 0.931119992182805 0.014800438514122596 0.02012472886305589
0 0.9374732971191406 0.7892344548152044 0.015752352201021634 0.015662266657902643
0 0.9822747157170222 0.6168476985051081 0.0232388423039363 0.027014805720402643
0 0.5145028554476224 0.021616273201428927 0.014696047856257511 0.01463017096886268
0 0.2693207814143254 0.7088325940645658 0.014666997469388522 0.014599433312049279
0 0.1286543424312885 0.5272397994995117 0.016144422384408805 0.016050192025991585
0 0.7907648820143479 0.40444242037259615 0.013973236083984375 0.014017398540790264
0 0.7975491743821365 0.30922229473407453 0.01541900634765625 0.01534740741436298
0 0.5877472804142878 0.314911622267503 0.014274303729717549 0.014121128962590145
0 0.9328133509709284 0.5095539093017578 0.01927361121544471 0.01951423058143029
0 0.6060799818772536 0.5648522010216346 0.014592830951397236 0.014866021963266226
0 0.6662955650916467 0.10962258852445163 0.06597284170297477 0.06586353595440204
0 0.892443583561824 0.4415077062753531 0.01700621384840745 0.017197242149939902
0 0.19022141970120943 0.8676600823035607 0.013829451340895433 0.014113206129807692
0 0.8968673119178185 0.9478041575505183 0.019116915189302884 0.019467867337740384
0 0.03301684443767254 0.38863669908963716 0.015423265787271353 0.015598223759577824
0 0.9320129981407752 0.5120380108173077 0.01634069589468149 0.01578375009390024
0 0.6083289293142465 0.829185045682467 0.027907518240121696 0.02785638662484976
0 0.1570922044607309 0.8036931844858023 0.01446673503288856 0.014677487886868991
0 0.5347815293532151 0.9893107047447791 0.017573209909292366 0.016428727370042067
0 0.9526453751784104 0.6438095386211689 0.013970888577974759 0.014165731576772837
0 0.38024792304405797 0.49709741885845476 0.013504615196814904 0.01358949221097506
0 0.9779048332801232 0.8741364112267127 0.031789926382211536 0.03459255511944111
0 0.8980220647958609 0.5834735356844388 0.02159250699556791 0.021008931673490085
0 0.5128475702725924 0.37119263869065505 0.016551751356858473 0.017154546884390023
0 0.7350525489220252 0.5777344703674316 0.013680091271033654 0.013569244971642127
0 0.4714560875525841 0.2542937168708214 0.10952347975510818 0.11485418906578651
0 0.12383615053617038 0.863363999586839 0.022029803349421576 0.02174230722280649
0 0.6921806335449219 0.49336007925180286 0.036492567795973554 0.036667236915001504
0 0.23395402614886945 0.794520378112793 0.016066844646747295 0.01638515178973858
0 0.026617279419532187 0.025957978688753568 0.024544312403752253 0.02438462697542631
0 0.370846858391395 0.7946904255793645 0.02009897965651292 0.020601566021259014
0 0.5518025985130897 0.8221768599290115 0.014310836791992188 0.014442150409405049
0 0.8948049545288086 0.43982454446645886 0.021452683668870192 0.021895188551682692
0 0.9293399957510141 0.19825544724097618 0.015644073486328125 0.01598072052001953
0 0.9051909813514123 0.6195173997145432 0.014929257906400241 0.015162504636324368
