0 0.12599675471966082 0.2828147044548622 0.09352306219247672 0.09406071442824143
0 0.6754654370821439 0.7668308111337515 0.022736622737004206 0.022783719576322116
0 0.4407503788287823 0.46775062267596906 0.036890543424166165 0.03690264775202824
0 0.6301564436692458 0.6733226776123047 0.02787193885216346 0.027902749868539665
0 0.828326518719013 0.10789998678060678 0.030556165255033053 0.03056054848891038
0 0.7859529348520132 0.13146448135375977 0.03633440457857572 0.03643109248234676
0 0.05570706037374643 0.3804158797630897 0.061835747498732344 0.06226150806133564
0 0.5948930887075571 0.9826737917386569 0.021679071279672477 0.021928933950570915
0 0.45603352326613206 0.9437137750478891 0.02749002896822416 0.027496778048001803
0 0.23361347271845892 0.8640443361722506 0.03560190934401292 0.035263354961688705
0 0.6028938293457031 0.857606447660006 0.020377085759089544 0.020459395188551683
0 0.8876376518836389 0.41610167576716495 0.0279843257023738 0.0277249262883113
0 0.8908177889310397 0.8755234938401443 0.03349450918344351 0.033767993633563705
0 0.42723729060246396 0.9875048857468826 0.02603574899526743 0.019381009615384616
0 0.04355912025158222 0.5066397740290716 0.04603708707369291 0.05598090245173527
0 0.9267124762901893 0.588116352374737 0.01999033414400541 0.01981969980093149
0 0.5595857913677509 0.6387512500469501 0.01867837172288161 0.018700379591721755
0 0.7040864504300631 0.8684871380145733 0.01956969041090745 0.019631312443659857
0 0.9664325714111328 0.10543058468745305 0.020556229811448317 0.023279520181509163
0 0.6553440093994141 0.8091165102445163 0.020084967980018027 0.02010932335486779
0 0.13206515862391546 0.13490077165456918 0.01748229907109187 0.01757676784808819
0 0.6197264744685247 0.2373673915863037 0.023851834810697116 0.023966605846698467
0 0.9714390681340144 0.6925491919884315 0.017823292658879206 0.0257571293757512
0 0.47327415759746844 0.9762241656963642 0.02561158400315505 0.02544579139122596
0 0.5503567915696365 0.7125181784996619 0.01699242225060096 0.017145890455979567
0 0.9547935632558969 0.061769540493304916 0.014729133019080529 0.014787545570960412
0 0.7723746666541467 0.5832328062791091 0.015172958374023438 0.015244704026442308
0 0.7848894412700946 0.597165401165302 0.10044156588040866 0.10234348590557392
0 0.0931102129129263 0.8044140889094427 0.017323053800142728 0.017093511728140023
0 0.13384540264423078 0.23110389709472656 0.015562167534461388 0.01583715585561899
0 0.7788485013521634 0.8298416137695312 0.027640122633713942 0.027781266432542067
0 0.8297284933236929 0.6387086281409631 0.021950648381159857 0.02210719768817608
0 0.41907750643216646 0.5198839627779447 0.03230762481689453 0.03218438075138973
0 0.6633915534386268 0.7901711097130408 0.016915541428786058 0.017273682814378005
0 0.568178653717041 0.8712527935321515 0.016206961411696214 0.016449561485877402
0 0.6435064169076773 0.6377419691819411 0.03087278512807993 0.03085503211388221
0 0.5971522698035607 0.9625634413499099 0.03609451880821815 0.03669327955979567
0 0.896793952355018 0.9002753771268405 0.02042975792518029 0.020485657912034255
0 0.4492313311650203 0.6676979064941406 0.015549659729003906 0.01591667762169471
0 0.6084844515873835 0.21307587623596191 0.022614772503192607 0.022479937626765326
0 0.5453089200533353 0.8277953221247747 0.01593355032113882 0.01597741933969351
0 0.4984732407789964 0.4200461827791654 0.016831691448505107 0.01635434077336238
0 0.1707425851088304 0.10491609573364258 0.019469407888559196 0.019629185016338643
0 0.5254070208622859 0.6643664286686823 0.014783419095552884 0.014761264507587139
0 0.16472821969252366 0.08972690655634953 0.04799919862013597 0.04855187122638409
0 0.7772083282470703 0.06754642724990845 0.015414604773888221 0.015454264787527231
0 0.5078899676983173 0.614903816810021 0.01818084716796875 0.018331527709960938
0 0.5172026340778058 0.39962244033813477 0.015828792865459736 0.015898704528808594
0 0.6356632526104267 0.3452151371882512 0.03778076171875 0.03787921025202824
0 0.49247228182279146 0.9598196469820462 0.021188075725848857 0.021092928372896634
0 0.627479626582219 0.12192396934215839 0.050273748544546276 0.05200857382554274
0 0.5185823440551758 0.1265927002980159 0.018792372483473558 0.018528846594003532
0 0.49141623423649716 0.8491384066068209 0.01567363739013672 0.015753525954026442
0 0.21045926901010367 0.17211239154522234 0.09990167617797852 0.09945166110992432
0 0.46995078600369966 0.7885664426363431 0.01896205315223107 0.018930435180664062
0 0.8304150654719427 0.2006359100341797 0.13458912189190203 0.1388005568430974
0 0.8830111576960638 0.10361400017371544 0.07660763080303486 0.0769809209383451
0 0.46742938115046573 0.9064784416785607 0.016004268939678486 0.01604491013746995
0 0.7423050220196064 0.23901724815368652 0.035248976487379804 0.03586035508375902
0 0.4967900056105394 0.9885717538686899 0.023499195392315205 0.018666487473707933
0 0.8403781010554388 0.30348291763892543 0.2573811457707332 0.2475729355445275
0 0.3917840810922476 0.5725093254676232 0.01708852327786959 0.01693109365609976
0 0.7734335385836087 0.3775132986215445 0.014747179471529447 0.014631858238807091
0 0.9541188753568209 0.7663765687208909 0.052316518930288464 0.05457878112792969
0 0.6737984877366286 0.6193451514610877 0.014054811917818509 0.014077406663161058
0 0.8018980759840745 0.5465322641225961 0.020351996788611777 0.02048668494591346
0 0.35401160900409406 0.43888180072490984 0.017212354219876803 0.017464564396784857
0 0.5169210433959961 0.5348697075477014 0.052476149338942304 0.05163368811974159
0 0.9725416623629056 0.7327651977539062 0.016276726355919473 0.01805907029371995
0 0.46834997030404896 0.9288162818321815 0.017326795137845553 0.01744695810171274
0 0.8087653380173904 0.8081241020789514 0.11956596374511719 0.12026390662560096
0 0.8956116896409255 0.65044982616718 0.017096886268028848 0.017124469463641826
0 0.24428187883817232 0.27430129051208496 0.07079836038442758 0.0712585816016564
0 0.4461090381328876 0.7095501239483173 0.015031080979567308 0.014521965613731971
0 0.545249498807467 0.39406336270845854 0.017272509061373197 0.01782813439002404
0 0.7141067064725436 0.4314581064077524 0.014207106370192308 0.014140789325420674
