0 0.2475863786844107 0.11654806137084961 0.057623716501089245 0.0580595823434683
0 0.6888636075533353 0.3678891842181866 0.021051847017728366 0.021170836228590745
0 0.2649960701282208 0.0488584958589994 0.060109395247239336 0.05988322771512545
0 0.7800420614389273 0.02668228974709144 0.03072386521559495 0.03217760416177603
0 0.43120230161226714 0.9865091764009916 0.028526746309720553 0.023069234994741585
0 0.7326613206129807 0.11635064161740817 0.020779536320612982 0.020745167365440957
0 0.5681701073279748 0.9834663684551532 0.03981208801269531 0.029606158916766826
0 0.4526034135084886 0.13927882451277512 0.022087243887094352 0.022081613540649414
0 0.4702599232013409 0.08085393905639648 0.0214691895705003 0.0213278577877925
0 0.612180049602802 0.9375806955190805 0.022467393141526442 0.02236146193284255
0 0.21386274924645057 0.8912869966947116 0.02096876731285682 0.020831181452824518
0 0.6889444497915415 0.45565513464120716 0.02067389855018029 0.020609929011418268
0 0.3793707260718712 0.5944329041701096 0.018323971674992487 0.0182797358586238
0 0.22185283440809983 0.2155450124007005 0.017214848445012018 0.017356689159686748
0 0.4370902134821965 0.6139745712280273 0.03104738088754507 0.03109315725473257
0 0.29372607744657075 0.37347712883582485 0.04574130131648137 0.04635942899263822
0 0.3332062134375939 0.7422240330622747 0.0604554689847506 0.06162173931415264
0 0.5000840700589694 0.37237071990966797 0.02273427523099459 0.022866175724909857
0 0.24756475595327523 0.6857755367572491 0.01606611105111929 0.016068531916691706
0 0.5507048826951247 0.030297290820341844 0.054415336022010215 0.053335148554581865
0 0.47794008255004883 0.498445620903602 0.023465449993426982 0.02362801478459285
0 0.45401617196890026 0.9180752680851862 0.01761025648850661 0.017630943885216348
0 0.6099896797767053 0.4117235770592323 0.02650143549992488 0.026648888221153848
0 0.3883620042067308 0.24898600578308105 0.03651985755333534 0.035577040452223554
0 0.3006573273585393 0.8513450622558594 0.029830749218280498 0.029385493351862982
0 0.22618576196523812 0.6264286041259766 0.01674307309664213 0.016671107365534857
0 0.7499503355759841 0.06209123134613037 0.017594557542067308 0.01758133448087252
0 0.2563341214106633 0.8772219144381009 0.03313365349402794 0.03270457341120793
0 0.3115428044245793 0.5369246923006498 0.016504727877103366 0.01644787421593299
0 0.5815579707805927 0.192523351082435 0.03098289783184345 0.03120591090275691
0 0.3494683779202975 0.855866945706881 0.03290220407339243 0.03248918973482572
0 0.22429262674771822 0.9884027334359976 0.016464746915377103 0.015962600708007812
0 0.27187857261070836 0.8618178000816932 0.03397420736459585 0.03342848557692308
0 0.4687608572152945 0.6186937185434195 0.027369866004356973 0.027288290170522835
0 0.371547112098107 0.2520126562852126 0.16953367453355056 0.17314837529109076
0 0.35735012934758115 0.28679811037503755 0.01532745361328125 0.015388708848219652
0 0.3658904295701247 0.05233328159038837 0.018916203425480768 0.018732107602632962
0 0.31659118945782 0.8743877410888672 0.04212630712068998 0.04242266141451322
0 0.34177156595083386 0.09636521339416504 0.01827665475698618 0.018237939247718223
0 0.645455580491286 0.32798029826237607 0.015240889329176683 0.015362372765174279
0 0.4806222182053786 0.8839605771578275 0.01679259080153245 0.01687005849984976
0 0.26118133618281436 0.20795554381150466 0.02202188051663912 0.022123116713303786
0 0.21747103104224572 0.35137088482196516 0.02930769553551307 0.033384469839242786
0 0.5053267112145057 0.19245995008028471 0.017506966224083535 0.017648623539851263
0 0.707705571101262 0.6676370180570163 0.015772306002103366 0.015834955068734977
0 0.2706180719228891 0.1640955668229323 0.024397886716402493 0.024577214167668268
0 0.2500210175147423 0.5035238999586839 0.015578269958496094 0.015759761516864482
0 0.48665428161621094 0.5900761530949519 0.015572401193472056 0.015589200533353366
0 0.5478376241830679 0.4876546126145583 0.019768788264347956 0.019936781663161058
0 0.24719749964200532 0.5988015394944411 0.014627346625694862 0.014386323782113882
0 0.6118916731614333 0.3286582506619967 0.014947010920597957 0.014778870802659255
0 0.789668449988732 0.21402390186603254 0.012116945706881009 0.017808217268723708
0 0.2615995773902306 0.3507432204026442 0.01492929458618164 0.014920894916240986
0 0.32324724930983323 0.4537527377788837 0.015872368445763223 0.01565096928523137
0 0.4138034673837515 0.6877001248873197 0.01885810265174279 0.01928887000450721
0 0.4093867815457858 0.08978827183063214 0.018176739032451924 0.018468086536114033
0 0.4633909738980807 0.7305085108830378 0.022700163034292366 0.022551609919621393
0 0.4301950748150165 0.1436061400633592 0.022262719961313102 0.022420351321880635
0 0.40626126069288987 0.9576024275559646 0.03333612588735727 0.03378149179311899
0 0.23800020951491135 0.2320562509390024 0.01624276087834285 0.016281714806189902
0 0.3379928515507625 0.042734930148491494 0.04789953965407152 0.04819162992330698
0 0.7477636337280273 0.20215850609999436 0.025426717904897835 0.02571557118342473
0 0.4194327134352464 0.38711093022273135 0.015170610868013822 0.015069374671349159
0 0.4397698182326097 0.16686760462247407 0.01760409428523137 0.01788010964026818
0 0.3422982142521785 0.7142975146953876 0.015844198373647835 0.015721834622896634
0 0.5947126975426307 0.3936439294081468 0.016582782451923076 0.016564295842097357
0 0.3522436802203839 0.4096365708571214 0.014060240525465745 0.014223538912259616
0 0.21268167862525353 0.5068372579721304 0.014507660498985877 0.014954053438626803
0 0.2609243943141057 0.319210015810453 0.0409700320317195 0.04091343512901893
0 0.6840186485877404 0.23012362993680513 0.051115769606370196 0.05071060474102314
0 0.47850528130164516 0.008703387700594388 0.031498102041391224 0.016238272190093994
0 0.4800738187936636 0.4848507367647611 0.014165364778958835 0.013956950261042668
0 0.2398491639357347 0.5873988224909856 0.017104699061467096 0.01684291546161358
0 0.39727335709791917 0.4774304903470553 0.015550686762883114 0.01555178715632512
0 0.30797030375554013 0.7789422548734225 0.04335183363694411 0.04295041010929988
0 0.7072799389178936 0.03880907022036039 0.018281203049879808 0.018199994013859674
0 0.25173216599684495 0.3461057956402118 0.04137853475717398 0.0410310305081881
0 0.4985669209406926 0.7233210343580979 0.025693893432617188 0.0260623051570012
0 0.3408929384671725 0.8954336459820087 0.029085232661320612 0.029061097365159255
0 0.23244278247539812 0.7050316150371845 0.02445529057429387 0.02443519005408654
0 0.3903163029597356 0.22089510697584885 0.016423738919771634 0.016446333665114183
0 0.2415457322047307 0.3758208201481746 0.022660145392784707 0.02222471970778245
0 0.46992276265070987 0.7701573005089393 0.014725831838754507 0.014840052678034855
0 0.5944634951077975 0.34169270442082333 0.015612088716947116 0.015705402080829326
0 0.6564074296217698 0.2019040034367488 0.07785914494441105 0.0794828855074369
0 0.6170227344219501 0.7081024463360126 0.06569202129657452 0.06344105647160457
0 0.2506944216214694 0.6671350919283353 0.02958514140202449 0.029128441443810098
0 0.2202465534210205 0.30246587900015026 0.033783509181096 0.039142535283015326
0 0.7424207834097055 0.4015504030080942 0.014830369215745192 0.01477498274583083
0 0.5476060280433068 0.8826819199782151 0.014011969933143029 0.01394183819110577
0 0.43355993124154896 0.8455247145432693 0.1786196782038762 0.17904222928560698
0 0.7086679018460788 0.2564934767209567 0.014987652118389424 0.015195956596961388
0 0.7336664933424729 0.6227033321674054 0.07417649489182693 0.07403931250939003
0 0.6049412947434646 0.12597205088688776 0.024253698495718148 0.024646483934842624
0 0.28595533737769496 0.6624216666588416 0.05236277213463417 0.052890777587890625
0 0.6146174944364108 0.44009978954608625 0.017972652728740986 0.018308199368990384
0 0.5108075508704553 0.7818616720346304 0.0370935293344351 0.03721457261305589
0 0.5874522282527044 0.04023119119497446 0.023676505455603965 0.023425361284842856
0 0.6777529349693885 0.6923393836388221 0.02820279048039363 0.028455440814678486
0 0.7611257112943209 0.26492960636432356 0.02011871337890625 0.020510049966665413
0 0.31446346869835484 0.9104408117441031 0.021617027429433968 0.02158693166879507
0 0.35187963338998646 0.9791430693406326 0.052385183481069714 0.037778414212740384
0 0.4622012651883639 0.641358155470628 0.02930450439453125 0.028662461500901442
