0 0.48366458599384016 0.11449567171243522 0.1470796878521259 0.1484232865847074
0 0.175644929592426 0.8833936544565054 0.12439449016864483 0.12568517831655648
0 0.4700489044189453 0.6437160051785983 0.07472845224233773 0.0752877455491286
0 0.35123135493351865 0.10207053331228402 0.10084130213810848 0.10230913529029259
0 0.2536471807039701 0.7400131225585938 0.0470421864436223 0.047149951641376205
0 0.23690990301278922 0.9562350053053635 0.07032152322622445 0.07031015249399039
0 0.28752893667954665 0.29054715083195615 0.09787775919987605 0.09808745751014122
0 0.38293853172889125 0.20907196631798378 0.06977550800030048 0.07002940544715294
0 0.7282570325411283 0.7409883645864633 0.05175854609562801 0.05167183509239784
0 0.10005493347461407 0.12243236028231107 0.04619165567251352 0.06552875958956204
0 0.31297661707951474 0.20946429325984076 0.05948024529677171 0.060225486755371094
0 0.5485794727618878 0.9515367654653696 0.07557920309213492 0.07535846416766827
0 0.3468667177053598 0.38840491955096906 0.11819846813495342 0.1169894291804387
0 0.67412963280311 0.059134712586036094 0.054849477914663464 0.0554351256443904
0 0.5584807762732873 0.6432231022761419 0.05112310556265024 0.05304248516376202
0 0.20294813009408805 0.49616644932673526 0.09004556215726413 0.09135891841008113
0 0.2496349077958327 0.1067811709183913 0.05272861627432016 0.05274504881638747
0 0.6854808513934796 0.26415245349590594 0.07207342294546273 0.071441650390625
0 0.6744210169865534 0.19434996751638559 0.07318584735576923 0.07332170926607572
0 0.4294598652766301 0.374392216022198 0.023595663217397835 0.02350953909067007
0 0.37767465297992414 0.941946763258714 0.03299023554875301 0.03295986468975361
0 0.5863976111778846 0.06150042093717135 0.02973043001615084 0.02982477041391226
0 0.4245592997624324 0.3344366733844464 0.07659178513746995 0.07608333000769982
0 0.2558097289158748 0.3540030992948092 0.07892891076894906 0.07886666517991286
0 0.7958306532639724 0.8923577528733474 0.06006886408879207 0.06083473792442909
0 0.522547355064979 0.4673013687133789 0.05349951524000902 0.05324290348933293
0 0.30756356165959287 0.709049444932204 0.02493601578932542 0.024562835693359375
0 0.13493094077477089 0.39935056979839617 0.024166363936204176 0.02407550811767578
0 0.5276957291823167 0.6942905279306265 0.07258914067195012 0.07206887465256911
0 0.8413539299598107 0.11872562995323768 0.04138858501727764 0.04191303253173828
0 0.5293141878568209 0.5644507774939904 0.029926593487079326 0.029754491952749398
0 0.6505028651310847 0.5937717877901517 0.03155106764573317 0.031280811016376205
0 0.8533840179443359 0.8983931908240685 0.056317842923677884 0.05567374596228966
0 0.6590445591853216 0.2924031844505897 0.038458604079026446 0.03851795196533203
0 0.6315813798170823 0.4753728279700646 0.029911921574519232 0.03017601600060096
0 0.5847487449645996 0.6868796715369592 0.019393187302809495 0.019202599158653848
0 0.15316277283888596 0.13729076202099139 0.04594626793494591 0.046107787352341875
0 0.8773009960467999 0.47513866424560547 0.08950453538161057 0.16161977327786958
0 0.8411048008845403 0.6521179492657001 0.0679779052734375 0.06745969332181491
0 0.2821458669809195 0.9437115009014423 0.0411989505474384 0.040676116943359375
0 0.16370124083298904 0.8003456409160907 0.033546117635873646 0.03327472393329327
0 0.5795783996582031 0.40216959439791167 0.0482488778921274 0.04899024963378906
0 0.8941796376154973 0.04770994186401367 0.018442887526292067 0.018372040528517503
0 0.520044546860915 0.34329964564396787 0.04010787376990685 0.04002563770000751
0 0.49703810765193057 0.48156052369337815 0.017062260554387018 0.01737822019136869
0 0.1375492627804096 0.6853348658635066 0.03060803046593299 0.030627324030949518
0 0.6610524104191706 0.33748799103956956 0.017560225266676683 0.017445857708270732
0 0.8597640991210938 0.3334952867948092 0.034273734459510215 0.03404940091646635
0 0.826171141404372 0.7254102413470929 0.058771720299353965 0.059134409977839544
0 0.117141631933359 0.1718446108011099 0.03710123208852915 0.037486993349515475
0 0.35034916951106143 0.7263466761662409 0.08977794647216797 0.08619895348182091
0 0.43260794419508714 0.7837923490084134 0.01841104947603666 0.018311133751502402
0 0.705482189471905 0.7748081500713642 0.037499647874098554 0.03705508892352764
0 0.36005489642803484 0.49921233837421125 0.0323949960561899 0.03266503260685848
0 0.6660560461191031 0.6374860176673303 0.024966019850510817 0.025020305926983174
0 0.32980764829195464 0.7085816310002253 0.016901309673602764 0.016921116755558893
0 0.11004227858323318 0.6653621380145733 0.03588542571434608 0.03674727219801683
0 0.28601285127493054 0.5951180091271033 0.03792715072631836 0.03717114375187801
0 0.7941228426419772 0.631823833172138 0.03271807157076322 0.03274462773249699
0 0.385346192580003 0.3837468440716083 0.05297308701735277 0.05270701188307542
0 0.4699759850135216 0.9018132136418269 0.02939121539776142 0.029568892258864183
0 0.8737140068641076 0.1273123209293072 0.02394280066856971 0.02388418637789213
0 0.8916835784912109 0.7529195638803335 0.05884111844576322 0.08617577185997596
0 0.6157084244948167 0.4138066218449519 0.0321813363295335 0.03263356135441707
0 0.7104715200570914 0.6062373381394607 0.025126237135667067 0.025229820838341348
0 0.16382925327007586 0.6445438678448017 0.04560246834388146 0.04602197500375601
0 0.6336463781503531 0.542395701775184 0.03278277470515324 0.03311619391808143
0 0.6724464709942157 0.8025343968318059 0.06458223783052884 0.06527944711538461
0 0.4268229924715482 0.6030616026658279 0.03735821063701923 0.037841503436748795
0 0.49046831864577073 0.9725956550011268 0.06397658128004807 0.0491790771484375
0 0.3694464610173152 0.913817625779372 0.02440041762131911 0.024147620567908652
0 0.27227643819955677 0.6512293448814979 0.017823476057786208 0.01783121549166166
0 0.20107656258803147 0.3168120017418495 0.026488267458402194 0.026828545790452223
0 0.6153759589562049 0.5201679376455454 0.023035342876727764 0.023322618924654447
0 0.11830953451303336 0.5573180272028997 0.05785067264850323 0.0579075446495643
0 0.5490975013146033 0.4158874291640062 0.040010305551382214 0.039807833158052884
0 0.21964230904212365 0.6797594657311072 0.016073080209585335 0.015795487623948317
0 0.1873625608590933 0.19872371967022234 0.029671302208533652 0.029655309823843148
0 0.29979581099290115 0.06352654787210318 0.01522078880896935 0.015388140311607948
0 0.31486401191124547 0.14923568872305062 0.09648058964655949 0.08794047282292293
0 0.7197382266704853 0.6988083766056941 0.030954360961914062 0.031193659855769232
0 0.14453425774207482 0.9635631854717548 0.028437357682448167 0.028586460993840143
0 0.5154622884897085 0.6427023227398212 0.020332189706655648 0.020413912259615384
0 0.616175651550293 0.6081138757558969 0.03844187809870793 0.03856468200683594
0 0.6503595205453726 0.09204350985013522 0.017917046180138223 0.017914588634784404
0 0.4399846883920523 0.5560822853675256 0.03050679426926833 0.0310818598820613
0 0.1813667370722844 0.09777898971851055 0.03170284858116737 0.031747286136333756
0 0.546927598806528 0.6092753043541541 0.02979109837458684 0.02997251657339243
0 0.4144035486074594 0.8610100379356971 0.018733831552358773 0.01857728224534255
0 0.43407630920410156 0.46928849587073695 0.02019500732421875 0.020634211026705228
0 0.621329821073092 0.03244176277747521 0.020169918353740986 0.020083289880018968
0 0.9084246708796575 0.4627796686612643 0.015173398531400241 0.014811002291165866
0 0.6284836255587064 0.5678504063532903 0.03521655156062199 0.03487858405480018
0 0.11194702295156625 0.009571902453899384 0.03261896280141977 0.017947901899998005
0 0.6318280880267804 0.9265516721285306 0.149382811326247 0.14510712256798378
0 0.09306665567251352 0.15723397181584284 0.01963343987098107 0.019740801591139574
0 0.3626236548790565 0.9917447016789362 0.02910775404710036 0.015237661508413462
0 0.1832428712111253 0.6065148573655349 0.04690221639779898 0.046858567457932696
0 0.3954896926879883 0.5247874626746545 0.02920664273775541 0.03017110090989333
0 0.7318215003380408 0.9494650914118841 0.016201899601862982 0.01627775338979868
0 0.18181259815509504 0.3294062247643104 0.020960000845102165 0.02135291466346154
0 0.6806532052847055 0.5155777931213379 0.015964508056640625 0.015880584716796875
0 0.6686148276695838 0.6576140477107122 0.020092890812800482 0.020153045654296875
0 0.45885133743286133 0.2995612437908466 0.03545797788179838 0.035598388084998496
0 0.2685196583087628 0.5880780586829553 0.015550173245943509 0.01516430194561298
0 0.626218135540302 0.05862805935052725 0.03801712623009315 0.03827484754415659
0 0.20711691562946027 0.6401890974778396 0.042364303882305436 0.04130202073317308
0 0.6965193381676307 0.6311667515681341 0.04043491070087139 0.04133961750910832
0 0.6460088583139273 0.3839444380540114 0.08033547034630409 0.08148486797626202
0 0.3442668914794922 0.17110010293813852 0.03897710946890024 0.03871153868161715
0 0.33502575067373425 0.9807528715867263 0.02866231478177584 0.02789732126089243
0 0.3334799546461839 0.9006727658785306 0.015376824599045973 0.015631455641526442
0 0.3610236094548152 0.26700575535113996 0.016117022587702826 0.0165102298443134
0 0.3822983961838942 0.8245516556959885 0.015171271104079027 0.015315422644981971
0 0.8667175586407001 0.8485105954683744 0.016764420729417067 0.01701208261343149
0 0.22435800845806414 0.9873423943152795 0.025446304908165567 0.021109360914963942
0 0.19224148530226487 0.13506287794846755 0.034446973067063555 0.035492236797626205
0 0.3631928517268254 0.8943926737858698 0.01692683880145733 0.017108330359825723
0 0.8556864811823919 0.8597528751079853 0.030001126802884616 0.029716638418344352
0 0.5370820852426382 0.5094624299269456 0.05077582139235277 0.05092122004582332
0 0.4458183141855093 0.6987121288592999 0.020728918222280648 0.02075782189002404
0 0.3308241917536809 0.4641533631544847 0.01847501901479868 0.0186157960158128
0 0.7539295783409705 0.21834300114558294 0.021961065439077523 0.02168692075289213
0 0.5832179142878606 0.8648664767925556 0.03705376845139723 0.0363765129676232
0 0.2983389084155743 0.1454367729333731 0.06561576403104342 0.06916436782250038
0 0.5443054345937876 0.5034218568068284 0.03451728820800781 0.034247325016902044
0 0.09780049324035645 0.4029846925001878 0.018763212057260368 0.018549258892352764
0 0.5400800704956055 0.5059189062852126 0.04303888174203726 0.041585555443396933
0 0.6456149908212515 0.5220044209406927 0.030940716083233174 0.030543987567608174
0 0.36742698229276216 0.3209087665264423 0.02684182387131911 0.02671183072603666
0 0.30482930403489333 0.9050213740422175 0.04355041797344501 0.04400898860051082
0 0.36843079787034255 0.6970782646766076 0.05875323368952824 0.06097734891451322
0 0.43290284963754505 0.9695394956148587 0.017577978280874398 0.01741820115309495
0 0.36964728282048154 0.5710179255558894 0.018706615154559795 0.018802789541391227
0 0.792920185969426 0.6138411668630747 0.0184634282038762 0.018350527836726263
0 0.08918577891129714 0.831089606651893 0.017624286504892204 0.02039513221153846
0 0.6279879349928635 0.7591188137347882 0.03185008122370793 0.03173564030573918
0 0.4263152342576247 0.5297522178063025 0.03907621823824369 0.039754500755896933
0 0.20837794817410982 0.21831545462975135 0.020591148963341348 0.021352694584773138
0 0.7077846527099609 0.12074345808762771 0.08965800358698918 0.09000231669499324
0 0.09842689220721905 0.6130457658034104 0.041234456575833835 0.06766421978290264
0 0.3741279748769907 0.028070188485659085 0.05119763887845553 0.0498884549507728
0 0.858702146089994 0.7037705641526443 0.020296536959134616 0.019888657789963942
0 0.900764905489408 0.646506089430589 0.04188625629131611 0.07820628239558293
0 0.3276949662428636 0.26513781914344203 0.018706395075871393 0.018987582280085638
0 0.853181398831881 0.8633798452524039 0.02451295119065505 0.024260300856370192
0 0.2525681715745192 0.682737790621244 0.025900987478402946 0.026120405930739183
0 0.6790868318997897 0.8092562602116511 0.051666259765625 0.05071317232572115
0 0.19837265748244065 0.569489625784067 0.034606640155498795 0.034005165100097656
0 0.8538790482741135 0.17638206481933594 0.020032589252178486 0.01971259483924279
0 0.6916182591364934 0.6750984191894531 0.035274505615234375 0.03573696429912861
0 0.7646141052246094 0.5805421975942758 0.04736959017240084 0.05085328909067007
0 0.4541826614966759 0.5076514390798715 0.024377822875976562 0.02473897200364333
0 0.5602028920100286 0.5701775550842285 0.04931963407076322 0.050833482008713946
0 0.3479013442993164 0.27448646838848406 0.020251934344951924 0.02022215036245493
0 0.5864581694969764 0.9170623192420373 0.054662851186899036 0.05487383328951322
0 0.7876978654127854 0.22939074956453764 0.024611546443058893 0.024761163271390475
0 0.7919458242563101 0.610529899597168 0.021252998938927285 0.022636853731595553
0 0.4141468634972206 0.4433034383333646 0.03944617051344652 0.03868315770075871
0 0.6126717420724722 0.6808385115403396 0.08615750532883865 0.08904178325946514
0 0.7622010157658503 0.5721650490394006 0.03686200655423678 0.03575589106633113
0 0.40232232900766224 0.415556394136869 0.019911839411808893 0.01988044151893029
0 0.1276725438924936 0.6480550032395583 0.03465674473689152 0.03397721510667067
0 0.09468300525958721 0.476165771484375 0.01512615497295673 0.014933219322791466
0 0.7607888441819411 0.023282759464704074 0.031233860896183893 0.03053651864712055
0 0.7684373121995193 0.2588630822988657 0.015139506413386418 0.014946790841909556
