0 0.49881817744328427 0.9495959648719201 0.0639636699969952 0.06410481379582332
0 0.5397435701810397 0.3882462428166316 0.04358585064227764 0.04320218012883113
0 0.4596900939941406 0.24797793535085824 0.026313341580904447 0.02614252383892353
0 0.2797067715571477 0.41097112802358776 0.040510911207932696 0.040439605712890625
0 0.5501337784987229 0.8592853546142578 0.03497945345365084 0.034886873685396634
0 0.6371404207669772 0.19567595995389497 0.025929084190955527 0.025873551001915567
0 0.5240564713111291 0.4122151594895583 0.01891480959378756 0.01889206812931941
0 0.5903402475210336 0.1898190424992488 0.020137493426983174 0.020218409024752103
0 0.5459211056049054 0.17381649750929612 0.027392827547513522 0.027439117431640625
0 0.29065895080566406 0.9467267256516677 0.03586079524113582 0.035712902362530045
0 0.6940028850848858 0.7896559788630559 0.023628821739783652 0.023486504187950723
0 0.7657580742469201 0.7801003089317908 0.022083575908954326 0.022318619948167067
0 0.7614799646230844 0.8617384250347431 0.026534447303185098 0.02615987337552584
0 0.704438723050631 0.8444090623121995 0.021871126615084134 0.021834740271935098
0 0.7012003385103666 0.4689313815190242 0.019126305213341348 0.01929011711707482
0 0.4901726796076848 0.7518664873563327 0.04083472031813402 0.04131097059983473
0 0.45414213033822864 0.4352458440340482 0.01954826941856971 0.019684571486253005
0 0.3571311510526217 0.8020918919489934 0.0186001704289363 0.01864198537973257
0 0.32189310514009917 0.43196597466102016 0.017161149245042067 0.017445784348707933
0 0.7436678226177509 0.537665477165809 0.0194241450383113 0.01948099869948167
0 0.5982378446138822 0.43762720548189604 0.058357532207782455 0.058722349313589245
0 0.6454423024104192 0.7906712752122146 0.0241696284367488 0.02427218510554387
0 0.6788108532245343 0.7600344144381009 0.01711757366473858 0.01720399122971755
0 0.5410498839158279 0.5266983325664814 0.023868047274076022 0.02384787339430589
0 0.39208874335655797 0.8836082311776968 0.018300276536207933 0.018439659705528848
0 0.5136296198918269 0.157287781055157 0.019052945650540866 0.019342936002291165
0 0.41665337635920596 0.12564806754772478 0.022304021395169772 0.02271411969111516
0 0.6081633934607873 0.12411902501032902 0.017857478215144232 0.018156748551588792
0 0.5486291738656851 0.614283194908729 0.017591403080866888 0.01768977825458233
0 0.6072540283203125 0.3392338385948768 0.01680594224196214 0.016717910766601562
0 0.29755794084989107 0.5045544184171237 0.016321255610539362 0.016326904296875
0 0.5320545710050143 0.8485229198749249 0.019933187044583835 0.019910518939678486
0 0.45432406205397385 0.17884177428025466 0.02253092252291166 0.022765269646277793
0 0.44942232278677136 0.3642887335557204 0.019817939171424277 0.019704745366023138
0 0.5170951256385217 0.07561792777134822 0.01787229684682993 0.018131274443406325
0 0.7406626481276292 0.4913026369535006 0.016079242412860576 0.015929222106933594
0 0.39599037170410156 0.8989686232346755 0.01558685302734375 0.015799302321213942
0 0.5747365217942458 0.6448252751277044 0.020851502051720254 0.021100557767427884
0 0.5660483286930964 0.6249038989727314 0.01910268343411959 0.018960952758789062
0 0.5048178159273587 0.1866753101348877 0.019140977125901442 0.01923194298377404
0 0.5047570008497971 0.31411141615647536 0.018413250262920674 0.018268511845515326
0 0.7378702897291917 0.854011975801908 0.024432255671574518 0.024990668663611777
0 0.4792434252225436 0.9135262415959284 0.017473734342134915 0.017403235802283652
0 0.7157304470355694 0.3114223847022423 0.014753928551307091 0.014591290400578426
0 0.7484147732074444 0.809286484351525 0.016106092012845553 0.015792993398813102
0 0.2835473097287692 0.6181577535775992 0.015004708216740536 0.01486055667583759
0 0.25301258380596453 0.38167542677659255 0.02675210512601412 0.026660919189453125
0 0.2366801775418795 0.6803940993088943 0.015363509838397685 0.015332735501802884
0 0.5554692561809833 0.4075327653151292 0.019316746638371393 0.019163865309495192
0 0.2307593272282527 0.19572111276479867 0.01596245398888221 0.01653773968036358
0 0.33275332817664516 0.8293708654550406 0.015039810767540565 0.01502535893366887
0 0.6594197199894831 0.3612253482525165 0.015525230994591346 0.015352395864633413
0 0.6100116876455454 0.5356522706838754 0.02384669964130108 0.024583963247445915
0 0.5217993076031024 0.44687652587890625 0.02103424072265625 0.021390768197866585
0 0.38639530768761265 0.5548704954294058 0.039568534264197715 0.0390777587890625
0 0.7382086240328275 0.7091167156512921 0.016445746788611777 0.016377082237830527
0 0.5502391961904672 0.7798784696138822 0.017255049485426683 0.01711449256310096
0 0.5152255571805514 0.48791863368107724 0.018271666306715745 0.018433790940504808
0 0.7360636637761042 0.7789840698242188 0.01619118910569411 0.015987102801983174
0 0.3650875458350548 0.8763669820932242 0.01592540740966797 0.015923720139723558
0 0.6273954098041241 0.4328660231370192 0.022854144756610576 0.023101806640625
0 0.7652552678034856 0.830849134005033 0.015796367938701924 0.01571347163273738
0 0.463226685157189 0.20862597685593826 0.01743969550499549 0.017556190490722656
0 0.5108989202059232 0.13700696138235238 0.015755286583533652 0.015789215381328877
0 0.2757983941298265 0.9087192828838642 0.029221314650315505 0.028786585881159857
0 0.46246506617619443 0.6526106320894681 0.016362850482647236 0.016265282264122598
0 0.46394018026498646 0.10764647447145902 0.01616947467510517 0.01615008941063514
0 0.4937923871553861 0.20248972452603853 0.018216059758112982 0.018095933474027194
0 0.2900803272540753 0.15721484330984262 0.015517014723557692 0.015551567077636719
0 0.577537463261531 0.8361078409048227 0.03158268561730018 0.031337738037109375
0 0.6537032494178185 0.43323590205265927 0.014796036940354567 0.01467587397648738
0 0.7538997943584735 0.13023508512056792 0.014601193941556491 0.01465155528141902
0 0.5525919474088229 0.24874025124769944 0.014839465801532451 0.014985267932598408
0 0.272356785260714 0.5434174904456506 0.015187446887676533 0.015004891615647536
0 0.237061647268442 0.34691762924194336 0.03014351771428035 0.033809661865234375
0 0.345673891214224 0.8458979679987981 0.014646310072678786 0.014881427471454326
0 0.4194925014789288 0.3129728390620305 0.018387280977689303 0.018617850083571214
0 0.35178892429058367 0.1272271596468412 0.01610711904672476 0.016029174511249248
0 0.6685399275559646 0.4965103589571439 0.013641944298377404 0.013623677767240085
0 0.2308962528522198 0.09173008111807016 0.013204354506272536 0.01785480059110201
0 0.752383305476262 0.19500802113459662 0.013927166278545674 0.014035665071927585
0 0.4975751363314115 0.2760787010192871 0.015612602233886719 0.01546008770282452
0 0.2603440284729004 0.9103151468130258 0.06136520092303936 0.0608516106238732
0 0.7509359213022085 0.47238636016845703 0.014193461491511418 0.014128171480618991
0 0.2585777502793532 0.3881114079402043 0.01682765667255108 0.01581602830153245
0 0.6627805416400616 0.9386052351731521 0.019108698918269232 0.019300020658052884
0 0.7001680227426382 0.5326129839970515 0.016656142014723558 0.016567376943734977
0 0.41764329029963565 0.6451660302969126 0.07913464766282302 0.07900282052847055
0 0.6221871742835412 0.6444030174842248 0.014811882605919471 0.014531942514272837
0 0.5273087574885442 0.24675741562476525 0.018758333646334134 0.018648184262789212
0 0.3139028549194336 0.46251667462862456 0.188184719819289 0.2681712370652419
0 0.7618191792414739 0.9930012776301458 0.01605063218336839 0.012546245868389424
0 0.32419960315410906 0.9309263962965745 0.022594745342548076 0.022090618426983174
0 0.5176674402677096 0.7921863702627329 0.03328227996826172 0.03355334355280949
0 0.43822046426626354 0.09199022329770602 0.015642459575946514 0.01586488577035757
0 0.6602596869835486 0.880888425386869 0.014193314772385817 0.014130225548377404
0 0.4609231215256911 0.3981031271127554 0.014035518352801982 0.014360574575570913
0 0.651733031639686 0.680781731238732 0.016728914701021634 0.016626798189603366
0 0.5203614601722131 0.9951277512770432 0.014387864332932692 0.009407630333533654
0 0.6630466901339017 0.5508370766272912 0.05645297123835637 0.056352468637319714
0 0.38304615020751953 0.7629463489239032 0.0141145266019381 0.014310983511117788
0 0.6706355168269231 0.20112884961641753 0.014052170973557692 0.013904718252328726
0 0.2996737773601825 0.6063939241262583 0.022057093106783353 0.0223691646869366
0 0.6148473299466647 0.6365526639498197 0.025591190044696514 0.025866875281700723
0 0.2464874157538781 0.6909606640155499 0.013108473557692308 0.013338822584885817
0 0.49497156876784104 0.6426103298480694 0.014218843900240384 0.01456906245304988
0 0.6278869188748873 0.6185924823467548 0.013432576106144832 0.013558754554161659
0 0.31603406025813174 0.46794840005727917 0.013081037081204928 0.012080852801983174
0 0.7325763702392578 0.41277632346520055 0.013401618370643029 0.013268470764160156
0 0.6102859056912936 0.6387864626370944 0.018707275390625 0.019130706787109375
0 0.531646728515625 0.5114850264329177 0.013938170212965745 0.01359249995304988
0 0.4546776551466722 0.533910531264085 0.014203585111177884 0.014365783104529748
0 0.3604143582857572 0.7168533618633564 0.025380868178147536 0.024874760554387018
0 0.6446639574491061 0.10942437098576473 0.014469146728515625 0.01445319102360652
0 0.7342649606557993 0.8404203561636118 0.013985560490534855 0.013675983135516826
0 0.33667102226844203 0.6328741220327524 0.01712190187894381 0.01724067101111779
0 0.6861983812772311 0.7788787254920373 0.01575132516714243 0.015472412109375
0 0.51844178713285 0.25966904713557315 0.013915135310246395 0.013860555795522837
0 0.509067021883451 0.6695908032930814 0.01929019047663762 0.019070845383864183
0 0.4995839045597957 0.43699968778170073 0.020857884333683893 0.020755180945763223
0 0.27141765447763294 0.777504407442533 0.01317600103525015 0.013290992149939904
0 0.7671558673565204 0.2514939858363225 0.013944772573617788 0.01396329586322491
0 0.6832385429969201 0.8549922062800481 0.014121422400841346 0.014246573814978966
0 0.592330529139592 0.8105133496798002 0.014649391174316406 0.014735001784104567
0 0.49619821401742786 0.9799552330603967 0.025576151334322415 0.02543053260216346
0 0.255032832805927 0.7834631112905649 0.014525853670560397 0.014555124136117788
0 0.7304332439716046 0.5170249205369216 0.01337139423076923 0.013406753540039062
