0 0.28371495466965896 0.05955055126777062 0.16173890920785758 0.11647171240586501
0 0.2686667809119591 0.4199684950021597 0.06544003119835487 0.06532984513502854
0 0.721963148850661 0.22543030518751878 0.23901675297663763 0.24859002920297477
0 0.557101873251108 0.7412348527174729 0.22270884880652794 0.22369854266826922
0 0.5796522727379432 0.339934935936561 0.05472484001746544 0.05486635061410757
0 0.5611456357515775 0.9333506364088792 0.08654007544884315 0.08609698368952824
0 0.30895464236919695 0.34554312779353213 0.0886980937077449 0.08820951901949368
0 0.1377489658502432 0.25582496936504656 0.11532620283273551 0.12108788123497596
0 0.8766802274263822 0.8291878333458533 0.021587958702674277 0.02183694105881911
0 0.5525727638831506 0.2543172652904804 0.01673434330866887 0.016892213087815505
0 0.545626713679387 0.5891025983370267 0.09003580533541165 0.08988497807429387
0 0.7614620648897611 0.04192566413145799 0.021447108342097357 0.021549692520728476
0 0.8409594022310697 0.08009474094097431 0.10565684391902043 0.10413202872643104
0 0.13067708565638617 0.9912232619065505 0.028359009669377253 0.016832791841947116
0 0.24447202682495117 0.3785689427302434 0.024456904484675482 0.024372687706580527
0 0.5261334639329177 0.1405868621972891 0.04222312340369591 0.04206967353820801
0 0.8679425166203425 0.9404423053448017 0.025928203876201924 0.02608343271108774
0 0.32372203240027797 0.13197763149554914 0.027529056255634014 0.027715316185584433
0 0.42603397369384766 0.8124846678513747 0.042641859788161054 0.04273840097280649
0 0.5575926120464618 0.2705222276540903 0.015973017765925482 0.015996272747333232
0 0.8945074815016526 0.023825024182979878 0.05437029325045072 0.046183764934539795
0 0.7309127954336313 0.04777614886944111 0.02227152310884916 0.02210659247178298
0 0.9165454277625451 0.11613238774813138 0.014417795034555288 0.018796150500957783
0 0.5973833524263822 0.7278807713435247 0.029308612530048076 0.029459146352914665
0 0.437348145705003 0.08599717800433819 0.01791557898888221 0.017852416405310996
0 0.35161535556499773 0.7302821966317984 0.06655494983379658 0.06712942857008714
0 0.9030416928804837 0.7531154339130108 0.01949163583608774 0.019367511455829326
0 0.5726742377647986 0.07740018917964055 0.2965541252723107 0.150133151274461
0 0.21976069303659293 0.8807694361760066 0.2767369563762958 0.23308504544771635
0 0.4785207968491774 0.6588899905865009 0.04205520336444561 0.04135351914625902
0 0.638187995323768 0.84132143167349 0.07896889173067533 0.07656361506535457
0 0.6559242101816031 0.911648676945613 0.024713516235351562 0.024830451378455527
0 0.10187581869272086 0.6192661432119516 0.03084120383629432 0.03125146719125601
0 0.4320286237276517 0.7131611750676081 0.014964617215670072 0.01504047100360577
0 0.7635095302875226 0.970608637883113 0.03127714303823618 0.03113702627328726
0 0.5466547745924729 0.5436473259559045 0.015156085674579326 0.015048027038574219
0 0.2707670651949369 0.1952183980208177 0.05450028639573317 0.05556139579186073
0 0.2073952968303974 0.6055380747868464 0.033419095552884616 0.03379528339092548
0 0.11281937819260818 0.0481717586517334 0.025815780346210185 0.02535315889578599
0 0.34160650693453276 0.8222144200251653 0.034051014826847956 0.034086961012620196
0 0.4974966782789964 0.614514424250676 0.04899883270263672 0.049813343928410456
0 0.21604701188894418 0.4489728854252742 0.015552117274357723 0.015565725473257212
0 0.38583894876333386 0.5590519905090332 0.01481334979717548 0.014841226431039663
0 0.8234920501708984 0.024394074311623208 0.08929091233473557 0.04815112168972309
0 0.736214491037222 0.09563035231370193 0.03741308358999399 0.036663202139047474
0 0.3789847447321965 0.6850725320669321 0.014386617220365085 0.014363362238957332
0 0.357115965623122 0.12895919726445124 0.036028495201697715 0.03635710936326247
0 0.7902102837195764 0.9522031637338492 0.018912682166466348 0.019028590275691107
0 0.17219789211566633 0.18637473766620344 0.04339691308828501 0.04401727823110727
0 0.12095898848313552 0.701296879695012 0.03322825065025917 0.03384326054499699
0 0.3276791205772987 0.41497384584867036 0.05470114487868089 0.05441988431490385
0 0.6203262622539814 0.8779573440551758 0.030225607065054085 0.030141096848707933
0 0.5510104986337515 0.6511917114257812 0.022330504197340745 0.02287468543419471
0 0.428104620713454 0.6231637367835412 0.016841815068171576 0.017159241896409255
0 0.13575016535245454 0.5967840047983023 0.03613061171311598 0.03632442767803486
0 0.6592722672682542 0.9016252664419321 0.054313953106219955 0.05260878342848558
0 0.5828705567580003 0.41170138579148513 0.019648918738731973 0.01980752211350661
0 0.5804155056293194 0.46800716106708234 0.013811551607572116 0.013859822199894832
0 0.36468835977407604 0.6069112924429086 0.018832940321702223 0.019019200251652643
0 0.8732114938589243 0.16835405276371881 0.043741666353665866 0.04391794938307542
0 0.10947605279775766 0.7703831012432392 0.05960171039287861 0.11126444889948918
0 0.3269617007328914 0.20320613567645734 0.014633105351374699 0.014698505401611328
0 0.7881267254169171 0.6523017149705154 0.01773658165564904 0.017874791071965143
0 0.691759989811824 0.7722759246826172 0.029478806715745192 0.02964958777794471
0 0.1565104998075045 0.7367269075833834 0.052051397470327526 0.05169046842134916
0 0.4889775056105394 0.3101721176734337 0.014570969801682692 0.014820245596078726
0 0.6671322309053861 0.39403900733360875 0.02853232163649339 0.028368289654071514
0 0.7555912457979642 0.44116937197171724 0.017818304208608773 0.0176544189453125
0 0.09356570243835449 0.5964206548837515 0.014353293638962965 0.014400335458608774
0 0.5246351315424993 0.5302049196683444 0.02423887986403245 0.02423242422250601
0 0.12620239991408128 0.2563138741713304 0.01430522478543795 0.014235166402963491
0 0.867776137131911 0.12595747067378119 0.03934009258563702 0.03914238856388973
0 0.6150597792405349 0.9744765941913311 0.015346673818734976 0.015284171471228966
0 0.26698963458721453 0.18975514632004958 0.04617008796105018 0.0462188720703125
0 0.6989907484788161 0.8714553392850436 0.05394422090970553 0.05335074204664964
0 0.6559296387892503 0.977112550001878 0.04431240375225361 0.039877084585336536
0 0.8321120922382061 0.9694395798903245 0.022606776310847357 0.022359701303335335
0 0.8322037916917068 0.9407086005577674 0.020972178532527044 0.020745497483473558
0 0.10781422028174767 0.18517116399911734 0.04800059245182918 0.04828045918391301
0 0.7995395660400391 0.733538187467135 0.018708155705378607 0.018731043888972357
0 0.8653417733999399 0.17139438482431266 0.06471898005558895 0.06488198500413161
0 0.34340506333571214 0.9523192185621995 0.1494294496682974 0.09292103694035457
0 0.6901834928072416 0.34627338556142956 0.019842881422776442 0.019423631521371696
0 0.5079694161048303 0.28926676970261794 0.02881020766038161 0.0286557491009052
0 0.7000213036170373 0.7135328146127554 0.021082951472355768 0.020987877478966348
0 0.1733574133652907 0.6260992196890024 0.02609905829796424 0.025894311758188102
0 0.4378253129812387 0.2878879400400015 0.016729428217961237 0.016738451444185697
