0 0.5816454887390137 0.881226319533128 0.04340846721942608 0.04326468247633714
0 0.5833437992976263 0.5379768885098971 0.05087573711688702 0.05080846639779898
0 0.38521209129920375 0.17743965295644906 0.028600546029897835 0.028866657843956582
0 0.43024319868821365 0.6614599961500901 0.08311682481032151 0.08266302255483773
0 0.5762747984666091 0.8093870603121244 0.03341205303485577 0.03345988346980168
0 0.5564602338350736 0.03526944839037382 0.02337822547325721 0.02321036045367901
0 0.7015902445866511 0.47921422811654896 0.0486750969519982 0.049078941345214844
0 0.6589462573711689 0.4923854241004357 0.020009554349459134 0.019811483529897835
0 0.7017353498018705 0.2684827217688927 0.02688774695763221 0.026681863344632663
0 0.35100716810960036 0.6254016436063327 0.03499867365910457 0.03482862619253305
0 0.5200520295363206 0.7957431353055514 0.04787092942457933 0.04804831284743089
0 0.44259196061354417 0.3932788188640888 0.02165853060208834 0.021619503314678486
0 0.41233037068293643 0.9646302736722506 0.04674544701209435 0.04675850501427284
0 0.6642691538884089 0.9139872330885667 0.03202981215256911 0.03226823073167067
0 0.5839893634502704 0.9174123910757211 0.03311861478365385 0.03279729989858774
0 0.5099530220031738 0.23364808009221003 0.018020483163686898 0.018337029677170973
0 0.6197002117450421 0.3707424310537485 0.01835045447716346 0.018291326669546273
0 0.6712855559128982 0.9335821591890775 0.01964715810922476 0.019974635197566107
0 0.4871503389798678 0.8410207308255709 0.017128797677847054 0.01726385263296274
0 0.6080814875089205 0.9838484250582181 0.018866245563213643 0.019319681020883415
0 0.58343139061561 0.5883372380183294 0.06721878051757812 0.0669086162860577
0 0.5284974758441632 0.24333788798405573 0.018535614013671875 0.01841082939734826
0 0.6260502155010517 0.8977097731370193 0.0198819087101863 0.0200344966008113
0 0.39525428185096156 0.1427684655556312 0.015295468843900241 0.015282502541175256
0 0.3113894829383263 0.27607617011437047 0.04362561152531551 0.04383138509897085
0 0.3653675959660457 0.08121102589827317 0.017359073345477764 0.01728219252366286
0 0.6619321382962741 0.9520532901470478 0.024840428278996393 0.024864343496469352
0 0.5612936386695275 0.2869463517115666 0.018720039954552285 0.0188143436725323
0 0.4529231144831731 0.5383991461533767 0.02161260751577524 0.021904872013972357
0 0.3300473139836238 0.16285256239084098 0.023161668043870192 0.022837492135854866
0 0.3379973998436561 0.8698783287635217 0.015380786015437199 0.015498821551983174
0 0.45033605282123274 0.47829473935640776 0.015673490671011116 0.015517454880934495
0 0.6175788732675406 0.2507677445044884 0.047997694749098554 0.049128018892728366
0 0.6534114250769982 0.8405603262094351 0.018448756291316107 0.018471937913161058
0 0.5774310918954703 0.8427881094125601 0.02170533400315505 0.02162507864145132
0 0.5459957122802734 0.6592302322387695 0.018796407259427585 0.018840496356670674
0 0.53692076756404 0.8233059369600736 0.017816837017352764 0.017626102154071514
0 0.5982234661395733 0.35017688457782453 0.03823705819936899 0.03771891960730919
0 0.4908807094280536 0.05361519410060002 0.018514633178710938 0.01875956241901104
0 0.7094105940598708 0.860928095304049 0.022797511174128607 0.022915473351111777
0 0.5262028253995455 0.5767130484947791 0.02853107452392578 0.02862710219163161
0 0.6541811869694636 0.8861205761249249 0.016003535344050482 0.016143652108999398
0 0.5077548027038574 0.02368272038606497 0.018591000483586237 0.018193130309765156
0 0.6169175368088943 0.9635127874521109 0.02366810578566331 0.023475793691781852
0 0.34620805887075573 0.6051009251521184 0.09869426947373611 0.10020109323354867
0 0.5964416357187124 0.9947920579176682 0.023273394658015326 0.010064345139723558
0 0.6172943115234375 0.6090231675368089 0.026772462404691257 0.02717428940993089
0 0.5450360958392804 0.5216608781080979 0.02590641608605018 0.02626624474158654
0 0.4847117570730356 0.5238317342904898 0.03659409743088942 0.036374458899864785
0 0.5700959792503943 0.4457039466271034 0.045304298400878906 0.04451604989858774
0 0.5636484439556415 0.3338915751530574 0.03679319528432993 0.03638296860914964
0 0.35176533919114333 0.733319355891301 0.05595126518836388 0.055975693922776446
0 0.4071664076585036 0.5426301956176758 0.027679003201998197 0.02766697223369892
0 0.46645534955538237 0.7150656626774714 0.04701108198899489 0.046483406653771035
0 0.5865374345045823 0.9797216562124399 0.01570716271033654 0.015917557936448317
0 0.36502801454984224 0.7830971937913161 0.09347754258375901 0.09236834599421574
0 0.7190742492675781 0.5269159903893104 0.01443774883563702 0.015811333289513223
0 0.3052367797264686 0.9924738957331731 0.01626308147723858 0.013321216289813701
0 0.6528518383319561 0.9725228089552659 0.021845010610727165 0.021676283616286058
0 0.3839274553152231 0.41708513406606823 0.03440277393047626 0.03500997103177584
0 0.4242411760183481 0.5167417526245117 0.022087684044471152 0.022029876708984375
0 0.6345537625826322 0.9258120610163763 0.016604203444260817 0.016782613900991585
0 0.69903564453125 0.7465723477877103 0.017198709341195915 0.01728644737830529
0 0.5760232485257663 0.9666550709651067 0.016515144935021035 0.016217158390925482
0 0.5068627137404221 0.5732030868530273 0.026029586791992188 0.025951165419358473
