0 0.2506432900061974 0.5202846527099609 0.07001392657940204 0.07038629972017728
0 0.2354282599229079 0.9797005286583533 0.03551901303804838 0.034303518442007214
0 0.6311244231003982 0.9286956053513747 0.024618148803710938 0.02466729971078726
0 0.6138942058269794 0.8876260610727164 0.02310466766357422 0.022887449998121995
0 0.8003252469576322 0.7507067460280198 0.029570359450120192 0.029236720158503607
0 0.615387696486253 0.7825873448298528 0.021282526162954476 0.021312420184795674
0 0.46700367560753453 0.29258221846360427 0.021996057950533353 0.022034351642315205
0 0.6060462364783654 0.1072854995727539 0.028058272141676683 0.028379513667179987
0 0.7168540954589844 0.1170041377727802 0.018885979285606973 0.018467059502234824
0 0.754545651949369 0.07115248074898353 0.017705770639272835 0.017717370620140664
0 0.4712021534259503 0.8554420471191406 0.01812127920297476 0.018338423508864183
0 0.3206701645484337 0.2524254872248723 0.020203883831317607 0.020296683678260215
0 0.6741503201998197 0.5492382049560547 0.03104987511268029 0.031429290771484375
0 0.6631394899808444 0.061649166620694675 0.02358069786658654 0.023557039407583382
0 0.3719880764301007 0.6484082295344427 0.029337956355168268 0.029262249286358174
0 0.3690683658306415 0.5296535491943359 0.04477779681865986 0.0442503415621244
0 0.5817755919236404 0.08897983110868014 0.0259246826171875 0.026383734666384183
0 0.5116698925311749 0.3106524760906513 0.018221635084885817 0.018267264732947715
0 0.24894276032081017 0.2789563765892616 0.01876046107365535 0.01891356248121995
0 0.29697238481961763 0.5158279859102689 0.029027278606708232 0.029026178213266227
0 0.48914058391864484 0.8388111407940204 0.01733677203838642 0.017144129826472357
0 0.7850489249596229 0.06591870234562801 0.016136316152719352 0.015811782616835374
0 0.7064542036790115 0.40642679654634917 0.019434708815354567 0.01958128122182993
0 0.7323149167574369 0.5362746532146747 0.0216366694523738 0.021657283489520732
0 0.6646923652062049 0.11233836870927078 0.02199393052321214 0.02199891897348257
0 0.5304043476398175 0.6413048964280349 0.018510158245380107 0.01843877939077524
0 0.3804930907029372 0.5888453263502854 0.035476978008563705 0.035795431870680586
0 0.8096466798048753 0.862970939049354 0.01750667278583233 0.018261542687049277
0 0.5769742085383489 0.27401113510131836 0.01622155996469351 0.01634957240178035
0 0.7820967160738431 0.0845557451248169 0.015572181114783654 0.015619241274320163
0 0.3249782415536734 0.9559763394869291 0.016392634465144232 0.016471422635591947
0 0.36357732919546276 0.7662972670335036 0.024060616126427285 0.02405680142916166
0 0.7428150177001953 0.020580078546817485 0.015623532808743991 0.015553891658782959
0 0.34348421830397385 0.5811946575458233 0.023993785564716045 0.02395475827730619
0 0.3653141168447641 0.8537986461932843 0.019384237436147835 0.019488701453575723
0 0.6563424330491286 0.3592522694514348 0.01517956073467548 0.015240009014423076
0 0.3844597889826848 0.9366670755239633 0.02940794137807993 0.029162186842698317
0 0.7196435194749099 0.239989500779372 0.01684408921461839 0.01684709695669321
0 0.5566993860098032 0.1546900088970478 0.021520027747521035 0.021404046278733473
0 0.33151039710411656 0.4263756091778095 0.015552520751953125 0.015544304480919471
0 0.7170823170588567 0.522499157832219 0.023250726553109977 0.02319497328538161
0 0.6408450786884015 0.2557964324951172 0.025031163142277643 0.025060470287616435
0 0.3763271478506235 0.46289726404043346 0.01659246591421274 0.016211509704589844
0 0.46140171931340146 0.1582498733813946 0.018261102529672477 0.01822834748488206
0 0.26164832481971156 0.6170170123760517 0.04039676372821514 0.040649157304030195
0 0.27069788712721604 0.8995349590594952 0.014295504643366886 0.014476189246544471
0 0.6721091637244592 0.24866428742041954 0.014795450063852163 0.014648804297814002
0 0.19118411724384016 0.7994383298433744 0.01593751173753005 0.01590582040640024
0 0.7083109342134916 0.03727927345495958 0.014780484713040866 0.014969454361842228
0 0.4198033259465144 0.5068009083087628 0.015514520498422476 0.015521489656888522
0 0.25770886127765363 0.8001007666954627 0.014772158402663011 0.014639340914212741
0 0.5362181296715369 0.1532289615044227 0.017468085655799277 0.01770617411686824
0 0.2761219098017766 0.06294703483581543 0.02741578909067007 0.027373589002169095
0 0.3675092183626615 0.6959828596848708 0.01880014859713041 0.018796774057241585
0 0.3010866275200477 0.6080712538499099 0.042968199803279 0.042550160334660456
0 0.6988965548001803 0.6874888493464544 0.025754194993239183 0.02575096717247596
0 0.21718762471125677 0.6530817472017728 0.02441861079289363 0.023829826941856973
0 0.6523664914644681 0.02251347670188317 0.016930800217848558 0.01704416939845452
0 0.7769703498253455 0.6929363837608924 0.047235929048978366 0.04750545208270733
0 0.4760607205904447 0.1810916020320012 0.015457446758563701 0.015583625206580529
0 0.7576158963716947 0.9864139556884766 0.017382108248197116 0.017187852125901442
0 0.5662400172306941 0.6878241025484525 0.014322867760291466 0.014260218693659855
0 0.6529045104980469 0.5380542828486516 0.0228274418757512 0.023062999431903545
0 0.710409898024339 0.14288111833425668 0.014788407545823317 0.015012521010178786
0 0.5606366671048678 0.20416962183438814 0.014548741854154147 0.01469127948467548
0 0.32241491171029896 0.09543378536517803 0.01585226792555589 0.015739991114689753
0 0.33363760434664214 0.5975986627432016 0.023134671724759616 0.022573544428898737
0 0.3927305661714994 0.9168988741361178 0.01885524162879357 0.018143580510066107
0 0.2949764361748329 0.4558254755460299 0.014324518350454478 0.014148712158203125
0 0.5317282676696777 0.5442991256713867 0.014405177189753605 0.014260805570162259
0 0.7752606318547175 0.49672104762150693 0.015038123497596154 0.014951265775240384
0 0.6156185590303861 0.5623238270099347 0.028893250685471755 0.02912477346567007
0 0.588894037099985 0.8577150931725135 0.01471255375788762 0.014530622042142428
0 0.43421382170457107 0.18865196521465594 0.014500838059645433 0.014519984905536357
0 0.6679317767803485 0.4404764175415039 0.013209709754356971 0.013404112595778245
0 0.6364856133094201 0.7779955497154822 0.014154874361478366 0.014237477229191707
0 0.3951435089111328 0.10919255476731521 0.014611170842097355 0.014553418526282677
0 0.3707308769226074 0.6016189135037936 0.013621697059044471 0.014233955970177284
0 0.19236628825847918 0.6438914078932542 0.02404510057889498 0.03642184917743389
0 0.2585756045121413 0.8644563968365009 0.01402887931236854 0.013989521906926082
0 0.743954585148738 0.7354543392474835 0.02168405972994291 0.021658677321213942
0 0.7563885175264798 0.5874990683335525 0.040565197284405045 0.04170703887939453
0 0.791106444138747 0.05215488030360295 0.014089437631460337 0.01426234612098107
0 0.5024691361647385 0.8969023777888372 0.013847644512469951 0.013746114877554087
0 0.35906307513897234 0.959261967585637 0.018314948448768027 0.018366153423602764
0 0.2934996164762057 0.312256592970628 0.014345169067382812 0.01433563232421875
0 0.41193455916184646 0.23523602118858924 0.015588173499474159 0.01577894504253681
0 0.3120876825772799 0.058329490514901966 0.062021622290978067 0.06191585614131047
0 0.6613279489370493 0.263824646289532 0.017527066744290866 0.017250501192533053
0 0.6572878177349384 0.4765537702120267 0.013301262488731971 0.013478499192457933
0 0.2237259057851938 0.6403446197509766 0.045951476463904746 0.04769692054161659
0 0.7882753518911508 0.6790310786320612 0.03690000680776743 0.03573535038874699
0 0.6596748645489032 0.30864766927865833 0.014040580162635216 0.01363359964810885
0 0.35791125664344203 0.3621021784268893 0.015330094557542067 0.015191078186035156
0 0.4959207314711351 0.9464715810922476 0.018152970534104567 0.018459320068359375
0 0.39088704035832333 0.805058112511268 0.015069081233097957 0.014850323016826924
0 0.2722470026749831 0.3619182293231671 0.017681195185734674 0.017473660982572116
0 0.6885472811185397 0.13394273244417632 0.014075352595402645 0.01400602780855619
