0 0.2224254608154297 0.39388341170090896 0.07976979475754958 0.08032828110914964
0 0.28719197786771333 0.2135779307438777 0.1294991419865535 0.13051627232478216
0 0.12416669038625863 0.8546188794649564 0.04318481225233812 0.043077909029447116
0 0.8439361865703876 0.9572962247408353 0.06120740450345553 0.06172796396108774
0 0.4267560151907114 0.38229509500356823 0.04014433347261869 0.040316068209134616
0 0.1849646935096154 0.1863098694727971 0.0768654804963332 0.07596375392033504
0 0.7063469519981971 0.39314783536470854 0.03161342327411358 0.031307073739858776
0 0.7886491922231821 0.8179272871751052 0.03213823758638822 0.03235362126277043
0 0.42206863256601185 0.9696381642268255 0.02919160402738131 0.028905868530273438
0 0.07616298015301044 0.6225180992713342 0.0438389778137207 0.04385596055250902
0 0.36968359580406773 0.32720099962674654 0.024801107553335335 0.025032190176156852
0 0.7331454203679011 0.09725782504448524 0.04468888502854567 0.0450282647059514
0 0.8573075808011569 0.07991203894981971 0.029237893911508415 0.02934800203029926
0 0.8176787449763372 0.7566556196946365 0.021050379826472357 0.021140318650465745
0 0.516635381258451 0.9858432916494516 0.027269363403320312 0.02514824500450721
0 0.9270739922156701 0.9221545732938327 0.025059333214393027 0.02511875446026142
0 0.7630439171424279 0.2451942884005033 0.022660182072566107 0.022660182072566107
0 0.07932382363539475 0.9812870025634766 0.03451696267494789 0.0334619375375601
0 0.14206374608553374 0.11493003368377686 0.05594954123863807 0.057165677730853744
0 0.6633766614473783 0.987246953524076 0.026102506197415866 0.021832686204176683
0 0.5609202018150916 0.1938449236062857 0.02521793658916767 0.025209610278789815
0 0.2767031559577355 0.05363618410550631 0.021176484914926384 0.02116702153132512
0 0.18976545333862305 0.8779405447152945 0.025486249190110426 0.025614811823918268
0 0.8484290196345403 0.19307833451491135 0.028704276451697715 0.02859673133263221
0 0.7239912473238431 0.8023521716778095 0.020480229304387018 0.020462916447566107
0 0.23511736209575945 0.606481332045335 0.01818385491004357 0.018134483924278848
0 0.5365575643686148 0.3690754817082332 0.018781221829927884 0.018703313974233773
0 0.6356706619262695 0.7998599272507888 0.02296286362868089 0.023490172166090745
0 0.37230939131516677 0.12188893098097581 0.05840250161977915 0.059447948749248795
0 0.9130713389470027 0.8637407743013822 0.021561402540940505 0.021474544818584736
0 0.21369477418752816 0.24114016386178824 0.0197601685157189 0.019846696120042067
0 0.9259405869704026 0.289152218745305 0.023172818697415866 0.02285348452054537
0 0.120941162109375 0.5744660817659818 0.031212403224064753 0.03112367483285757
0 0.8751695339496319 0.20739984512329102 0.03082700876089243 0.0310211181640625
0 0.15247673254746658 0.22127270698547363 0.030013524568997897 0.03031774667593149
0 0.7518115410437951 0.08425985849820651 0.020281278170072116 0.020479954206026517
0 0.7012622539813702 0.7902248089130108 0.017680975107046273 0.017660874586838942
0 0.6289900266207181 0.9702265812800481 0.023015829233022835 0.023331862229567308
0 0.19225259927602914 0.7530305568988507 0.03383900569035457 0.03345181391789363
0 0.265926141005296 0.5483792378352239 0.020965136014498197 0.02083455599271334
0 0.04999283643869253 0.5893572293795072 0.01851193721477802 0.020815042349008415
0 0.05402595721758329 0.7041112459622897 0.021719831686753493 0.02242249708909255
0 0.6306040837214544 0.3480973243713379 0.024670820969801683 0.02485972184401292
0 0.5622860835148737 0.6289633237398587 0.026522049537071817 0.026113069974459134
0 0.5422589228703425 0.5808678406935471 0.020961174598106973 0.0209353520320012
0 0.6096715193528396 0.26376826946551984 0.020569287813626803 0.020423302283653848
0 0.5853113027719351 0.04285485927875225 0.019778618445763223 0.019752523073783286
0 0.8058192913348858 0.8024631646963266 0.020011461698091947 0.020233887892503005
0 0.5870665036714994 0.3854696567241962 0.026520508986253005 0.026088787959172174
0 0.8196128698495718 0.09877409384800838 0.016606991107647236 0.016599728510929987
0 0.8169352458073542 0.24871052228487456 0.017216315636268027 0.017361934368426982
0 0.0665225753417382 0.8775452100313627 0.03696161967057448 0.03735923767089844
0 0.4918052966778095 0.32570292399479794 0.018048873314490683 0.017957247220552884
0 0.8947473672720102 0.5753261126004733 0.017821825467623197 0.017649063697228067
0 0.6248390491192157 0.5612968298105093 0.018007718599759616 0.017968104435847357
0 0.5864560053898737 0.31809131915752703 0.02001527639535757 0.02020439734825721
0 0.08739370566148025 0.40796437630286586 0.020349539243257962 0.020238802983210638
0 0.33018354269174427 0.9913994715763972 0.021720225994403545 0.015199807974008413
0 0.5745726365309495 0.82708373436561 0.017241698044996995 0.017445931067833535
0 0.5806782795832708 0.2965968205378606 0.020910116342397835 0.021333767817570612
0 0.587750508235051 0.9865838564359225 0.01796590364896334 0.017868922306941107
0 0.15009722342857948 0.5775074592003455 0.02745969478900616 0.026938805213341348
0 0.8205971351036658 0.7904007251446064 0.018277681790865384 0.018395350529597357
0 0.15891441932091346 0.8476428252000076 0.027282274686373197 0.02769807668832632
0 0.8477411270141602 0.8724465003380408 0.02846101614145132 0.028591449444110576
0 0.7102528352003831 0.8560678041898288 0.018722387460561898 0.018829198983999398
0 0.08109622735243577 0.2614777088165283 0.01743206611046424 0.017022059513972357
0 0.5849595436683068 0.3415321203378531 0.02343133779672476 0.023465743431678183
0 0.6738112523005559 0.20788317460280198 0.01734322767991286 0.0172573969914363
0 0.3312083024245042 0.11728858947753906 0.02057500985952524 0.020512837630051833
0 0.9164746357844427 0.8266961024357722 0.018574347862830527 0.018805283766526442
0 0.46639875265268177 0.027288948114101704 0.07363598163311298 0.05346317016161405
0 0.13307637434739333 0.6045915163480319 0.029923328986534707 0.030380689180814303
0 0.3730902671813965 0.9695637042705829 0.023740108196551982 0.023654350867638223
0 0.9095218365009015 0.7655660189115084 0.016004122220552884 0.015934137197641227
0 0.2921474896944486 0.6693416008582482 0.016555639413686898 0.016468928410456732
0 0.5897452281071589 0.23170808645395133 0.016123551588792067 0.016042489271897536
0 0.6427782498873197 0.6863324825580304 0.0161590576171875 0.015913009643554688
0 0.5494698010958158 0.960572022658128 0.022880187401404746 0.022795750544621393
0 0.5887341132530799 0.4014303500835712 0.02604513901930589 0.02584501413198618
0 0.14414602976578933 0.7657128113966721 0.02268070441025954 0.022810715895432692
0 0.8889158689058744 0.7350348692673904 0.01686404301570012 0.01703042250413161
0 0.7716263991135818 0.7671425159160907 0.0170745849609375 0.017015750591571514
0 0.7071088644174429 0.43622251657339245 0.02060728806715745 0.02051522181584285
0 0.12644834701831525 0.33742442497840297 0.016620049109825723 0.016461592454176683
0 0.7278322073129507 0.6822933050302359 0.021626399113581732 0.021360397338867188
0 0.09057851938100961 0.5252019442044772 0.01672825446495643 0.016473770141601562
0 0.9156502210176908 0.26859100048358625 0.031583199134239785 0.0313108150775616
0 0.8378354586087741 0.09203606385451096 0.0155790769136869 0.015081368959867038
0 0.7228355407714844 0.700773679293119 0.020062960111177884 0.019854912391075723
0 0.31218631450946516 0.36744330479548526 0.08281891162578876 0.08297663468580979
0 0.5478491416344275 0.21091483189509466 0.01625486520620493 0.01623678207397461
0 0.5447028600252591 0.0807413229575524 0.017569835369403545 0.0176085875584529
0 0.25606204913212705 0.7101569542518029 0.028786182403564453 0.028680948110727165
0 0.05325782299041748 0.21034999994131234 0.029415295674250677 0.04973749014047476
0 0.8286160689133865 0.4507295901958759 0.016699864314152643 0.016872259286733773
0 0.756437741793119 0.5156489152174729 0.015486203707181491 0.015296715956467848
0 0.4109669098487267 0.8639645943274865 0.01690079615666316 0.017040399404672477
0 0.41941224611722505 0.7846063467172476 0.020290594834547777 0.020367549015925482
0 0.25650062927832973 0.30260544556837815 0.029993754166823167 0.02981251936692458
0 0.743552721463717 0.9673802302433894 0.02512212900015024 0.02501546419583834
0 0.6927510041456956 0.314725582416241 0.01678642859825721 0.016720386651846077
0 0.4530109992394081 0.8233752617469201 0.01683345207801232 0.016727447509765625
0 0.7974839577308068 0.9149439151470478 0.02437591552734375 0.024758118849534255
0 0.8529222194965069 0.6008776884812576 0.015154178325946514 0.015025505652794471
0 0.17594198080209586 0.7790558154766376 0.031491609720083386 0.030937341543344352
0 0.6953248244065505 0.9527741945706881 0.02152252197265625 0.021729689378004808
0 0.3574957480797401 0.07237665469829853 0.025304500873272236 0.025691454227154072
0 0.8417918865497296 0.6538157829871545 0.026677058293269232 0.026604725764347956
0 0.3633853838993953 0.8221789873563327 0.016900282639723558 0.01681181100698618
0 0.19396007977999175 0.0913998897259052 0.04195979925302359 0.04109158424230722
0 0.1450843077439528 0.8313103455763596 0.016756828014667217 0.01697378892164964
0 0.19223935787494367 0.18774857887854943 0.019758958082932692 0.01775206052339994
0 0.6162052154541016 0.3547843052790715 0.016754994025597207 0.017078546377328727
0 0.21759436680720404 0.5885840562673715 0.014173434330866886 0.014424617473895732
0 0.732207518357497 0.41366390081552357 0.017868922306941107 0.017639893751878005
0 0.2465511835538424 0.10604767615978535 0.020017550541804388 0.019833161280705378
0 0.5427335592416617 0.47286510467529297 0.021620823786808893 0.021512398352989785
0 0.5796103844275842 0.22161300365741438 0.015067027165339543 0.015019783606896034
0 0.36936099712665266 0.38619261521559495 0.015324812669020433 0.014922362107496995
0 0.6110739341148963 0.8199693973247821 0.01684086139385517 0.016738451444185697
0 0.903559684753418 0.9922951918381911 0.01906864459698017 0.01356051518366887
0 0.2670908891237699 0.7556573427640475 0.01567873587975135 0.01572594275841346
0 0.38094087747427136 0.7576863215519831 0.016997850858248197 0.016941950871394232
0 0.44958129295936 0.21025848388671875 0.06514182457557091 0.06427764892578125
0 0.3057069778442383 0.8039223597599909 0.01527265401986929 0.015375137329101562
0 0.2655180784372183 0.07629963067861703 0.026313121502216045 0.025668015846839316
0 0.8567808591402494 0.13044763528383696 0.016874166635366585 0.016889021946833685
0 0.23528097226069525 0.08614688653212327 0.03882272426898663 0.03761078761174129
0 0.427490417773907 0.3456392288208008 0.01704868903526893 0.01731388385479267
0 0.6790784689096304 0.35838611309344953 0.017581646259014424 0.017370957594651442
0 0.16992543293879583 0.2205960933978741 0.014443397521972656 0.014650198129507212
0 0.3326506247887245 0.6794126950777494 0.019015092116135817 0.018748063307542067
0 0.4763507843017578 0.49600454477163464 0.015343005840594951 0.015351808988131009
0 0.13334897848275992 0.08167627224555382 0.03344183701735277 0.03374814987182617
0 0.7458899571345403 0.45792022118201625 0.013876694899338942 0.01407637962928185
0 0.6122579574584961 0.40106714688814604 0.014658267681415264 0.014771241408128005
0 0.25462095554058367 0.7676308705256536 0.02186694512000451 0.021726608276367188
0 0.18232305233295149 0.13658536397493803 0.04715794783372145 0.04643722680898813
0 0.5353668653048002 0.6981925964355469 0.01457669184758113 0.014754075270432692
0 0.2509633027590238 0.1181028072650616 0.0307614619915302 0.030780572157639723
0 0.8880231563861554 0.15722993703988883 0.015455539409930889 0.015485846079312839
0 0.5886597266564002 0.42153263092041016 0.015247931847205529 0.015336550199068509
0 0.6476469039916992 0.39916126544658953 0.014674993661733774 0.01470947265625
0 0.8828810911912185 0.8369788389939529 0.014634205744816707 0.014570823082557091
0 0.3813975774324857 0.6162352195152869 0.014978775611290565 0.014598846435546875
0 0.833436525785006 0.240479249220628 0.014837998610276442 0.01488183094904973
0 0.05665405896993784 0.5696554183959961 0.014164356084970327 0.014590776883638822
0 0.47057518592247594 0.7938021146334134 0.01462554931640625 0.014734708345853366
0 0.23360034135671762 0.33423383419330305 0.03937728588397686 0.03980247790996845
0 0.12986273948962873 0.7182414715106671 0.014283051857581506 0.014280759371243991
0 0.2935464565570538 0.2659019690293532 0.02485502683199369 0.02454977769118089
0 0.7291730000422552 0.017960291642409105 0.021852786724384014 0.021918617762052096
0 0.8963791773869441 0.8475891993596003 0.033458562997671276 0.032552278958834134
0 0.4806087934053861 0.8871256021352915 0.016472743107722357 0.01662445068359375
0 0.5256390938392053 0.767432873065655 0.014607796302208534 0.014432760385366587
0 0.33702542231633115 0.7214724467350886 0.015517161442683293 0.015626173753004808
0 0.13728759838984564 0.5051520787752591 0.020209239079402044 0.020172779376690205
0 0.300843018751878 0.07379071070597722 0.015891001774714544 0.015796285409193773
0 0.8850839321429913 0.5155868163475623 0.013835760263296274 0.014050557063176082
0 0.5239744919996995 0.5796565275925857 0.014113499568058895 0.014430779677170973
0 0.3281605060283954 0.8491891714242789 0.01816529494065505 0.018003023587740384
0 0.6395072937011719 0.1905210201556866 0.014524606557992788 0.014498710632324219
0 0.16957855224609375 0.82965821486253 0.01879009833702674 0.019052652212289665
0 0.6319607221163236 0.3277259606581468 0.01716760488656851 0.017211400545560397
0 0.5787338110116812 0.8499092688927283 0.015417832594651442 0.015805757962740384
0 0.16078655536358172 0.7126368742722732 0.017517933478722207 0.01734132033128005
0 0.621548212491549 0.3752607565659743 0.016938282893254206 0.016800953791691706
0 0.6447042318490835 0.30538151814387393 0.016771316528320312 0.017250427832970254
0 0.1635148525238037 0.08195108633774978 0.023815228388859674 0.02369881134766799
0 0.7938490647536057 0.6384853949913611 0.014197422907902645 0.01434032733623798
0 0.7882289886474609 0.6656310741717999 0.013608052180363582 0.013972942645733174
0 0.22551969381479117 0.039753226133493275 0.014636039733886719 0.014722127180833083
0 0.10706971241877629 0.1969307019160344 0.015896357022798978 0.016121570880596455
0 0.6081431462214544 0.33462942563570464 0.024999178372896634 0.02396671588604267
0 0.21382485903226411 0.11481602375323956 0.02776061571561373 0.027719974517822266
0 0.9090530688946064 0.887368055490347 0.018740140474759616 0.018605745755709134
0 0.18748228366558367 0.4991112488966722 0.014610363886906551 0.014666924109825721
0 0.3842025169959435 0.6899468348576472 0.01883873572716346 0.018997632540189303
0 0.23052441156827486 0.6240866734431341 0.013923278221717248 0.013887992272010216
0 0.38837183438814604 0.7926368713378906 0.015674444345327523 0.015811039851262018
0 0.7793807983398438 0.23105492958655724 0.017188439002403848 0.01705756554236779
0 0.13385796546936035 0.44950063412006086 0.014359547541691707 0.01442256340613732
0 0.43775125650259167 0.5593814849853516 0.013550685002253605 0.013763867891751803
0 0.05796073033259465 0.5320620170006385 0.029903411865234375 0.03052374032827524
0 0.18903891856853777 0.7043104905348557 0.015773663154015176 0.015607393704927884
0 0.6451468100914588 0.4614854959341196 0.014029722947340745 0.013939637404221755
0 0.6592772557185247 0.32307324042687047 0.01434032733623798 0.014534656818096455
0 0.6829084249643179 0.30010828605064976 0.014583587646484375 0.014787600590632511
0 0.7575906606820914 0.5662783842820388 0.014152820293719951 0.014010209303635817
0 0.20636334786048302 0.7863167249239408 0.02451603229229267 0.024308278010441706
0 0.8424554971548227 0.9240840031550481 0.027607110830453727 0.02750367384690505
0 0.08869497592632587 0.6876720281747671 0.016520280104417067 0.017237003032977764
0 0.5727039117079514 0.7922042699960562 0.015315936161921574 0.015364426832932692
0 0.058683927242572494 0.2621317276587853 0.03928921772883488 0.06380029825063852
0 0.49340328803429234 0.2619151702293983 0.019707606388972357 0.019954534677358773
0 0.6814132103553185 0.4268283477196327 0.015627054067758415 0.015480848459097056
0 0.7815852532019982 0.9917009793795072 0.014591217041015625 0.01317126934344952
0 0.4035958510178786 0.6180317218487079 0.014245400061974159 0.014461774092454176
