0 0.72027954688439 0.09202075004577637 0.058360906747671276 0.05868126795842098
0 0.6356371366060697 0.35644010397104114 0.021979405329777643 0.021976544306828424
0 0.6125855079064002 0.03293105042897738 0.030011837299053486 0.030032309202047493
0 0.5983425653897799 0.7780950986422025 0.02140470651479868 0.021371107835036058
0 0.5128289736234225 0.44138959737924427 0.019112220177283652 0.01915718958928035
0 0.55578980079064 0.16291280893179086 0.01777032705453726 0.017943822420560397
0 0.671049558199369 0.1404664791547335 0.01755861135629507 0.01764688125023475
0 0.5131341127248911 0.12146262022165152 0.024102284358097956 0.024010731623722956
0 0.5557439510638897 0.02733294780437763 0.027732408963716947 0.027576483212984525
0 0.40277774517352766 0.06539511680603027 0.017539244431715745 0.017386326423058145
0 0.4859202458308293 0.049021321993607744 0.03512103740985577 0.03500080108642578
0 0.622179911686824 0.19817671409020057 0.015888067392202523 0.01572242149939904
0 0.282660044156588 0.028710658733661357 0.015162174518291768 0.015182036619919997
0 0.325163327730619 0.02184990277657142 0.02660824702336238 0.026620259651770957
0 0.666407585144043 0.9156885880690354 0.020686516394981973 0.020521017221304085
0 0.6698353107158954 0.70885680272029 0.08430627676156852 0.08502916189340445
0 0.521136577312763 0.017277252215605516 0.020862872783954326 0.020635100511404183
