0 0.4312248963576097 0.3422981775723971 0.09124755859375 0.09319305419921875
0 0.3399510750403771 0.4806116544283353 0.143142425096952 0.18521910447340745
0 0.4326185446519118 0.5279263716477615 0.09404952709491436 0.09319745577298678
0 0.5973939895629883 0.7415434030386118 0.07569503784179688 0.07627164400540866
0 0.6130326711214505 0.22353612459622896 0.091797241797814 0.09298786750206581
0 0.5414371490478516 0.19923144120436448 0.0927276611328125 0.09110689163208008
0 0.7023994739239032 0.8216574008648212 0.050685735849233776 0.05293772770808293
0 0.5027330471919134 0.34087474529559797 0.06057577866774339 0.06090413607083834
0 0.3083501228919396 0.03961902856826782 0.08541959982651931 0.07879931193131667
0 0.42366787103506237 0.2625109965984638 0.05565195817213792 0.056205456073467545
0 0.6425914764404297 0.7105296208308294 0.04914283752441406 0.04949246920072115
0 0.46442626072810245 0.4600889499370868 0.04509104215181791 0.04454348637507512
0 0.3239033038799579 0.27770097439105695 0.036766419043907754 0.03663481198824369
0 0.5930935052724985 0.8399439591627854 0.026934697077824518 0.027158003586989183
0 0.5176683205824631 0.5200823637155386 0.024480526263897236 0.024724740248460036
0 0.5719030453608587 0.6378073325523963 0.023190938509427585 0.023399939903846152
0 0.4784988990196815 0.18384669377253607 0.03193165705754207 0.03222458179180439
0 0.4651892368610089 0.6662424527681791 0.04294248727651743 0.042572021484375
0 0.2817398951603816 0.33975762587327224 0.02656833942119892 0.030164571908804085
0 0.68732973245474 0.6384113018329327 0.07883702791654147 0.08948868971604568
0 0.3079999043391301 0.2496033815237192 0.03365237896259014 0.03354498056265024
0 0.5871142607468826 0.45973931826077974 0.05536578251765324 0.05509391197791466
0 0.5132799882155198 0.3877491584190956 0.03564328413743239 0.03486339862530048
0 0.5590580059931829 0.6930173727182242 0.018585205078125 0.018917083740234375
0 0.7185646937443659 0.031263147409145646 0.021324010995718148 0.021333589003636286
0 0.5642346602219802 0.10112684506636399 0.04081432635967548 0.041107177734375
0 0.4816884260911208 0.4410704099214994 0.030221058772160456 0.030292510986328125
0 0.5072529132549579 0.968452893770658 0.03136121309720553 0.03130971468411959
0 0.3691201943617601 0.29802359067476714 0.02306842803955078 0.023099972651554987
0 0.5155050937946026 0.5387127949641302 0.020968217116135817 0.021032039935772236
0 0.6415044344388522 0.46198694522564226 0.031927842360276446 0.032335061293381914
0 0.3951573738685021 0.17720308670630822 0.024477591881385215 0.024704566368689902
0 0.6676943852351263 0.5955136739290677 0.01659540029672476 0.01656334216778095
0 0.3084299380962665 0.5989774557260367 0.021590379568246696 0.02176519540640024
0 0.7194992945744441 0.2894185506380521 0.019907584557166465 0.0231169920701247
0 0.5737833243149978 0.137041293657743 0.028115199162409857 0.027766631199763372
0 0.5390384380634015 0.5175031148470365 0.022940562321589544 0.02325776907113882
0 0.5508986619802622 0.6090645423302283 0.021931208097017728 0.02184457045335036
0 0.4930298145000751 0.14722405947171724 0.017928636991060697 0.017960254962627705
0 0.671591905447153 0.9172485791719877 0.03752957857572115 0.0372157463660607
0 0.5960846680861253 0.5429885570819561 0.016841301551231973 0.016970341022198018
0 0.2792385174677922 0.21610142634465143 0.024866911081167366 0.028822825505183294
0 0.5641563488886907 0.36592894334059495 0.05219716292161208 0.05224147209754357
0 0.5312558687650241 0.3713513887845553 0.03248889629657452 0.03209334153395433
0 0.38190075067373425 0.3121927334712102 0.020746377798227165 0.02040855701153095
0 0.5466369848984939 0.869511604309082 0.0237276370708759 0.023996793306790866
0 0.5787415137657752 0.9521980285644531 0.01897401076096755 0.019031231219951924
0 0.7071439302884616 0.7258290510911208 0.015304858867938701 0.015374697171724759
0 0.7078509697547326 0.15137718274043158 0.04513843242938702 0.07298759313730094
0 0.4201245674720177 0.21634510847238395 0.022665097163273737 0.022792522723858174
0 0.5647238951462966 0.7557431734525241 0.023063072791466348 0.023075984074519232
0 0.4761202151958759 0.29110187750596267 0.023068868196927585 0.022990630223200872
0 0.3905455515934871 0.37207834537212664 0.0523372063269982 0.05432869837834285
0 0.29529560529268706 0.09094860920539269 0.01681203108567458 0.01687451509328989
0 0.6639699202317458 0.16040985400860125 0.03174385657677284 0.030700536874624398
0 0.629504130436824 0.6234092712402344 0.02534338144155649 0.025220394134521484
0 0.32803021944486177 0.11227187743553749 0.02640680166391226 0.02683877944946289
0 0.5677775603074294 0.9194790766789362 0.03444114098182091 0.03449513362004207
0 0.3470580761249249 0.09657603960770828 0.023250286395733174 0.023290725854726937
0 0.6479795896089994 0.670899904691256 0.015284024752103366 0.015256734994741587
0 0.6225001995380108 0.9304363544170673 0.027530963604266826 0.027648485623873197
0 0.5604378626896784 0.8024384425236628 0.016934614915114183 0.016951340895432692
0 0.6288368518535907 0.6554534618671124 0.030029737032376803 0.029659858116736777
0 0.6535780246441181 0.5519649799053485 0.01940609858586238 0.019878974327674277
0 0.2822715502518874 0.9622318561260517 0.017380677736722507 0.02396979698768029
0 0.37531493260310245 0.38884478348952073 0.04368136479304387 0.04441275963416466
0 0.3085939700786884 0.18682039701021635 0.02397757310133714 0.024109840393066406
0 0.30722834513737607 0.945704093346229 0.01753374246450571 0.017533375666691706
0 0.4814549226027269 0.6519973461444561 0.01527874286358173 0.015940152681790866
0 0.5059320743267353 0.5582316105182354 0.023959820087139424 0.02392152639535757
0 0.6379513373741736 0.4385991463294396 0.015123514028695913 0.015019636887770433
0 0.28388551565317005 0.6718560732327975 0.016507295461801384 0.016392047588641826
0 0.6776348994328425 0.14197366054241473 0.025012676532451924 0.024785628685584433
0 0.48520410977877104 0.5466034228985126 0.015831140371469352 0.015600644625150241
0 0.6474337944617639 0.574370604294997 0.014129051795372596 0.014176148634690505
0 0.45957176501934344 0.045626319371736966 0.016025543212890625 0.015690494042176466
0 0.5695523848900428 0.6657785268930289 0.017242578359750602 0.017432579627403848
0 0.28081371234013486 0.6558468158428485 0.01668262481689453 0.017425537109375
0 0.5542914317204402 0.6257403447077825 0.01925204350398137 0.020435626690204326
0 0.5959715109605056 0.9136447172898513 0.02511772742638221 0.024905571570763223
0 0.509765625 0.2769617667564979 0.039696913499098554 0.0383917735173152
0 0.6627262555635892 0.6892067835881159 0.015341098491962139 0.014919574444110576
0 0.6960331843449519 0.310237297644982 0.030049837552584134 0.029846631563626803
0 0.5194888481727014 0.9885674256544846 0.030612945556640625 0.020609195415790264
0 0.4255175223717323 0.17498434506929839 0.023490098806527946 0.02304253211388221
0 0.6607164969811072 0.8472799154428335 0.027768061711237982 0.02779417771559495
0 0.6915615521944486 0.17003565568190354 0.019044876098632812 0.019619501554048978
0 0.3482503890991211 0.03816405626443716 0.018803229698768027 0.018514339740459736
0 0.47629451751708984 0.38230327459482044 0.03162193298339844 0.03161151592548077
0 0.5505228776198167 0.3473500471848708 0.015246758094200721 0.015660506028395433
0 0.5697967089139498 0.9545982067401593 0.10324507493239182 0.08742405818058895
0 0.44339282696063703 0.015256480528758122 0.03211828378530649 0.03017109173994798
0 0.6073933381300706 0.37770517055804914 0.02251155559833233 0.023483936603252705
0 0.3847934282743014 0.3795486230116624 0.05514658414400541 0.05681954897367037
0 0.35280675154465896 0.28029845311091495 0.01854735154371995 0.018396671001727764
0 0.518367547255296 0.581822028526893 0.02437136723445012 0.024471062880295973
0 0.3533940682044396 0.2062669533949632 0.016391900869516227 0.016553805424616888
0 0.4884667763343224 0.25042959359975964 0.03219868586613582 0.0326234377347506
0 0.5301335041339581 0.42499630267803484 0.01631472660945012 0.0159915043757512
0 0.3635182013878456 0.3520402174729567 0.016799339881310098 0.016641763540414665
0 0.5754424241872934 0.49608707427978516 0.022286488459660456 0.02234679002028245
0 0.6417752045851487 0.01074527777158297 0.019034899198091947 0.018153108083284818
0 0.5132250785827637 0.27338431431696963 0.03653981135441707 0.03680210847121019
0 0.6074555470393255 0.3808254828819862 0.030207120455228366 0.030270943274864785
0 0.4777224614070012 0.5613621931809646 0.0186465336726262 0.017658380361703727
0 0.3214503801785983 0.31151492779071516 0.016292792100172777 0.015937365018404447
0 0.5576887130737305 0.17453615482036883 0.05428167489858774 0.054354374225323014
0 0.5443168053260217 0.2504975428948036 0.013677010169396034 0.013720365671011118
0 0.5517674959622897 0.6131591430077186 0.02289860065166767 0.023928055396446817
0 0.6812805762657752 0.9634979688204252 0.016391754150390625 0.01675723149226262
0 0.5029083031874436 0.8342588131244366 0.026888920710637018 0.02699866661658654
0 0.5581168394822341 0.008830479704416715 0.01853179931640625 0.017211072720014133
0 0.6997345410860502 0.33715116060697115 0.014727372389573317 0.014259925255408654
0 0.7089476218590369 0.6844309293306791 0.016710574810321514 0.016745934119591348
