0 0.2233097003056453 0.44713985002957857 0.04812959524301382 0.04822811713585487
0 0.6138635048499475 0.49945735931396484 0.24779818608210638 0.26757240295410156
0 0.5970798639150766 0.19872568203852728 0.04049946711613582 0.04048798634455754
0 0.40031781563392055 0.5367557819073017 0.02630776625413161 0.02619024423452524
0 0.29233187895554763 0.6770108296320989 0.02855051480806791 0.028630623450646035
0 0.85669678908128 0.4871683120727539 0.021817133976862982 0.021927026601938102
0 0.061617493629455566 0.38054370880126953 0.019230961799621582 0.01935709439791166
0 0.8914026113656851 0.03314856382516714 0.0184023930476262 0.018538199938260592
0 0.8995629090529221 0.35150810388418346 0.018623938927283652 0.01879538022554838
0 0.90459838280311 0.91559204688439 0.019156676072340745 0.0191802978515625
0 0.7557829343355619 0.4372546122624324 0.022847395676832933 0.023014948918269232
0 0.33302417168250453 0.558774287884052 0.02157930227426382 0.021828724787785456
0 0.28093363688542294 0.46084224260770357 0.026011246901292067 0.026038096501277044
0 0.8054021688608023 0.6220212349524865 0.019498384915865384 0.019589057335486777
0 0.6435435368464544 0.32824098146878755 0.027085230900691107 0.027214197012094352
0 0.38248282212477464 0.5237618226271409 0.017349903400127705 0.017676426814152643
0 0.4610112997201773 0.6833909841684195 0.017245659461388223 0.0174099848820613
0 0.7471891549917368 0.9889126557570237 0.02053231459397536 0.017127844003530648
0 0.36186078878549427 0.5944962868323693 0.01733823922964243 0.01748525179349459
0 0.4378608556894156 0.40580140627347505 0.0245816157414363 0.024657029371995192
0 0.8133288897000827 0.23157429695129395 0.02565794724684495 0.025736405299260065
0 0.6419635185828576 0.28966514880840594 0.020077045147235576 0.01999077430138221
0 0.7576713562011719 0.6216600858248197 0.018410902756911058 0.01848000746506911
0 0.08026181734525241 0.4522764499370868 0.016508427950052116 0.01675576430100661
0 0.3713120680588942 0.5632046919602615 0.019151981060321514 0.019172228299654447
0 0.6926425787118765 0.26681955044086164 0.019048397357647236 0.019085077139047477
0 0.23626947402954102 0.495416311117319 0.019598960876464844 0.01958465576171875
0 0.9157653221717248 0.3698395582345816 0.016755324143629808 0.016993596003605768
0 0.7371264237623948 0.20425161948570839 0.017870976374699518 0.01752020762516902
0 0.46261361929086536 0.9822423641498272 0.017312269944411058 0.017624634962815505
0 0.7797682835505559 0.3112397560706505 0.016074253962590143 0.01612677940955529
0 0.17244812158437875 0.5448773457453802 0.02011445852426382 0.020035817072941706
0 0.6634321946364182 0.31355538735022914 0.02230072021484375 0.022437902597280648
0 0.27779003290029675 0.8069342099703275 0.01786356705885667 0.01790618896484375
0 0.45993419793935925 0.48023590674767125 0.017689998333270732 0.01762052682729868
0 0.5016685265761155 0.6678334749661959 0.015822777381310098 0.015889387864332933
0 0.9101917560283954 0.4603438377380371 0.015608714177058293 0.015690950246957634
0 0.34975748795729417 0.4736888592059796 0.01671593005840595 0.016789069542518027
0 0.21205425262451172 0.9700596149151142 0.02028788053072416 0.020387796255258415
0 0.20269371913029596 0.5398722061744103 0.01623953305757963 0.016008817232572116
0 0.15477319864126352 0.6717411921574519 0.01668416536771334 0.016590998722956732
0 0.3389894778911884 0.5296184099637545 0.020592909592848558 0.020573982825646035
0 0.09364960743830754 0.015805492034325234 0.02213731178870568 0.02281437011865469
0 0.7225870719322791 0.1800996340238131 0.02053686288686899 0.02074571756216196
0 0.6245403289794922 0.2121134721315824 0.01977084233210637 0.02002558341393104
0 0.49309070293719953 0.09123009901780349 0.01674028543325571 0.01657243875356821
0 0.7044478929959811 0.18689034535334662 0.019791823167067308 0.019869877741887018
0 0.2812980138338529 0.4997615080613356 0.03426925952617939 0.03427945650540865
0 0.15455172612116888 0.5265733278714694 0.016101754628694974 0.01617284921499399
0 0.4048608999985915 0.49192050787118763 0.017810234656700723 0.01794741703913762
0 0.6065917381873498 0.341760305257944 0.01633878854604868 0.016157003549429085
0 0.8596160595233624 0.06492337813744178 0.01567253699669471 0.015767812728881836
0 0.6743186070368841 0.2126780656667856 0.021912207970252402 0.021439185509314902
0 0.11568331718444824 0.2526417512160081 0.018895589388333835 0.01903834709754357
0 0.7809886932373047 0.22172095225407526 0.019576879648061898 0.019586599790132962
0 0.3843851823073167 0.5900427744938777 0.01599267812875601 0.01598336146428035
0 0.8771007244403546 0.1801777069385235 0.015904646653395433 0.01591638418344351
0 0.06135358718725351 0.5763346231900729 0.015304647959195651 0.015180367689866286
0 0.07429424157509437 0.8686695098876953 0.030579282687260553 0.030345623309795674
0 0.376100833599384 0.6080477054302509 0.01842660170335036 0.018369234525240384
0 0.12390331121591422 0.12216632182781513 0.15803813934326172 0.15267141048724836
0 0.12112556971036471 0.7737749539888822 0.01687908172607422 0.016906151404747598
0 0.8665641637948843 0.09958363496340238 0.015172664935772236 0.015133545948908879
0 0.5363171650813177 0.07758866823636569 0.015372056227463942 0.01527313544200017
0 0.4450724675105168 0.8912043204674354 0.041329603928786054 0.04060451801006611
0 0.537780394920936 0.02427828311920166 0.017005040095402643 0.01719758029167469
0 0.4361853232750526 0.5014770581172063 0.017498016357421875 0.01745744851919321
0 0.249300296490009 0.5441487752474271 0.01533354245699369 0.015336110041691707
0 0.15625440157376802 0.9675064086914062 0.017928352722754844 0.01773863572340745
0 0.43728997157170224 0.5171493383554312 0.017571155841533955 0.01769858140211839
0 0.8393359551062951 0.16114462338961089 0.02068783686711238 0.020650570209209736
0 0.4792165756225586 0.7611191089336689 0.01903533935546875 0.019089331993689902
0 0.44726745898907 0.7775027935321515 0.01593604454627404 0.01589540334848257
0 0.9490272815410907 0.9155349731445312 0.01566314697265625 0.015619131234975962
0 0.3966239048884465 0.5807652473449707 0.01538379375751202 0.015425461989182692
0 0.6136557872478778 0.008423851086543156 0.024083871107835036 0.015823414692511924
0 0.6484512915978065 0.21992026842557466 0.025014143723707933 0.02509142802311824
0 0.8290343651404748 0.029945589028871976 0.1683179415189303 0.05737853967226469
0 0.34619250664344203 0.3870143156785231 0.017806566678560697 0.017628596379206732
0 0.5350016080416166 0.4299152447627141 0.017812728881835938 0.01820835700401893
0 0.08476822192852314 0.9445054714496319 0.0162200560936561 0.016355367807241585
0 0.0823599833708543 0.9932971367469201 0.023482781190138597 0.012322352482722355
0 0.29070472717285156 0.9845652947059045 0.022157595707820013 0.022321554330679085
0 0.3529788530789889 0.3951836365919847 0.015820136437049277 0.015735552861140326
0 0.6606392493614783 0.35207528334397536 0.03605020963228666 0.03621255434476412
0 0.8354457708505484 0.8622558300311749 0.01449130131648137 0.014495409451998197
0 0.44379366361177885 0.4645460568941556 0.016350379356971152 0.016474503737229567
0 0.6395260737492487 0.9375120309682993 0.014555857731745793 0.014743658212515024
0 0.07438533122722919 0.9567200587346003 0.017667055130004883 0.01758604783278245
0 0.3813287294827975 0.33485808739295375 0.014211361224834736 0.014319933377779447
0 0.5263873246999887 0.48956819681020886 0.014657974243164062 0.01452328608586238
0 0.4360990524291992 0.5735069421621469 0.0157925532414363 0.01583260756272536
0 0.26456577961261457 0.5484603001521184 0.01706831271831806 0.016890599177433893
0 0.046561594192798324 0.5560825788057767 0.014312542401827298 0.015124834500826322
0 0.6858231471135066 0.19820904731750488 0.015635857215294473 0.015339044424203726
0 0.2602692017188439 0.44137052389291614 0.021355335529033955 0.021222481360802285
0 0.8030006702129657 0.6497676555926983 0.01375286395733173 0.013805095966045674
0 0.10671445039602426 0.386873905475323 0.014266747694749098 0.014374366173377404
0 0.771731450007512 0.1731684024517353 0.019143324631911058 0.01945921090932993
0 0.7965109898493841 0.9596236302302434 0.03302544813889723 0.03369360703688402
0 0.2791102115924542 0.589551045344426 0.028631026928241435 0.028727164635291465
0 0.6140334055973933 0.4454545241135817 0.013981158916766826 0.013941251314603366
0 0.9263065044696515 0.03119766253691453 0.0600732656625601 0.05936977496513954
0 0.4511099595289964 0.5069712492135855 0.014900647676908053 0.014606842627892127
0 0.6591997880202073 0.23693051704993615 0.018334608811598558 0.01865071516770583
0 0.9372451488788311 0.08293944138746995 0.014927937434269832 0.015025326838860145
0 0.5026619617755597 0.30924437596247745 0.1264486312866211 0.1223298769730788
0 0.40860612575824445 0.2496210244985727 0.0612024894127479 0.0617218384375939
0 0.4328800348135141 0.2543797859778771 0.015588907095102163 0.01574090810922476
0 0.6199873410738431 0.23711857428917518 0.02508988747229943 0.026118131784292366
0 0.292944467984713 0.23683632337130034 0.014180623568021335 0.014438335712139424
0 0.6219932849590595 0.24364084463853103 0.01799143277681791 0.01733853266789363
0 0.5249567031860352 0.4631311343266414 0.014373265779935397 0.014145264258751502
0 0.6362148431631235 0.08299728540273812 0.0786599379319411 0.07719709323002742
0 0.4347973603468675 0.47792585079486555 0.016017767099233773 0.016649759732759915
0 0.6894013331486628 0.22617593178382286 0.01745326702411358 0.01744989248422476
0 0.5399409807645358 0.45590972900390625 0.014950385460486779 0.014956914461576022
0 0.26363477340111363 0.07061725396376389 0.015661166264460638 0.01577900006220891
0 0.4188815630399264 0.20216995019179124 0.015914256756122295 0.01597899657029372
0 0.2079037336202768 0.5056411303006686 0.014319346501277043 0.014511548555814303
0 0.41640145962054914 0.49915240361140323 0.015645907475398138 0.015289306640625
0 0.412625606243427 0.34198680290809047 0.014759503878079928 0.014738229604867788
0 0.4004815174983098 0.9117386157696064 0.014428945688100962 0.014329323401817909
0 0.37581748228806716 0.5408967825082632 0.016110053429236777 0.015983068026029147
0 0.05889256183917706 0.9919583247258112 0.01869658323434683 0.014540745661808895
0 0.44302045381986177 0.32137085841252255 0.017240524291992188 0.017306107741135817
0 0.3978303028987004 0.5560976175161508 0.0147401369535006 0.014944810133713942
0 0.19103114421551043 0.5288662543663611 0.016755140744722806 0.016715856698843148
0 0.7890020517202524 0.18063853337214544 0.018181727482722357 0.018562757051908053
0 0.46401005524855393 0.6565238512479342 0.013735697819636418 0.01411892817570613
