0 0.6205764917226938 0.23433868701641375 0.16547305767352766 0.16574925642747146
0 0.19388862756582406 0.5570785815899189 0.09473356833824745 0.0949390117938702
0 0.47701630225548375 0.5529104379507211 0.09044808607835036 0.0919954593365009
0 0.6216520162729117 0.4357876410851112 0.09997730988722581 0.09969520568847656
0 0.3697191385122446 0.49240743196927583 0.10649607731745793 0.10685480557955228
0 0.728176997258113 0.7865896958571214 0.06687105618990384 0.06699811495267428
0 0.7624031947209284 0.9377054067758414 0.08897840059720553 0.08975982666015625
0 0.16190903003399187 0.7186150184044471 0.13758873022519624 0.153929930466872
0 0.6015870754535382 0.9363677685077374 0.08561955965482272 0.08534827599158654
0 0.7850648439847506 0.8773879271287185 0.06582788320688102 0.06601274930513822
0 0.3594788404611441 0.6706005243154672 0.04904255500206581 0.04929073040301983
0 0.21359595885643592 0.6608896989088792 0.05370972706721379 0.05353326063889723
0 0.1627353521493765 0.9874747349665716 0.03295906690450815 0.02248837397648738
0 0.6157551545363206 0.3794056452237643 0.019870464618389424 0.01970833998460036
0 0.17261277712308443 0.848942389855018 0.04595382396991436 0.04681895329402043
0 0.49365879939152646 0.7638656909649189 0.14434227576622596 0.14272455068734977
0 0.8124100611760066 0.6659745436448318 0.04091204129732572 0.04075974684495192
0 0.7637010721059946 0.7083873748779297 0.04758101243239183 0.0476075685941256
0 0.24730665867145246 0.8379815908578726 0.0800472039442796 0.0807339594914363
0 0.11846219576322116 0.7811493506798377 0.05161494475144606 0.05755204420823317
0 0.4052900167611929 0.3716439100412222 0.10193296579214242 0.10286133105938251
0 0.5074713413531964 0.03987752474271334 0.019100042489858773 0.019049937908466045
0 0.4198411794809195 0.7602966015155499 0.059251051682692304 0.05997481712928185
0 0.15226735518528864 0.6409090482271634 0.05835854090177096 0.0577703622671274
0 0.7408297612116888 0.591499401972844 0.093841552734375 0.09149522047776443
0 0.4677852483896109 0.22139252149141753 0.022121136005108174 0.02200918931227464
0 0.8445095649132361 0.013895189532866845 0.029804816612830527 0.02639805582853464
0 0.8070552532489483 0.7124051314133865 0.020647782545823317 0.020770439734825723
0 0.3501259363614596 0.6322477780855619 0.043886624849759616 0.04456182626577524
0 0.6391180478609525 0.8552090571476862 0.026875715989332933 0.02652711134690505
0 0.6488220508282001 0.3859103276179387 0.030727679912860576 0.030989720271183893
0 0.3066401298229511 0.42142592943631685 0.0162812379690317 0.016129200275127705
0 0.8738909501295823 0.7578171216524564 0.048976751474233776 0.04979016230656551
0 0.885027812077449 0.7861288510836087 0.026574208186222956 0.026092529296875
0 0.41726042674138 0.6058424436129056 0.02209788102370042 0.021960918719951924
0 0.7564712671133188 0.9797546680157001 0.04906654357910156 0.03550397432767428
0 0.8745026221642127 0.911873303926908 0.021196658794696514 0.021363478440504808
0 0.5892038345336914 0.3157377243041992 0.017118160541240986 0.017119462673480693
0 0.465578922858605 0.3536873230567345 0.022639054518479567 0.02266531724196214
0 0.8811641106238732 0.6660371193519006 0.015292827899639424 0.015269939716045674
0 0.11155397158402663 0.5735290233905499 0.04102283257704515 0.056065852825458236
0 0.6651193178617038 0.9447358938363882 0.11046629685621995 0.1047351543719952
0 0.4867697128882775 0.2491165124453031 0.06038995889516977 0.05960647876446064
0 0.1413827400941115 0.8934923318716196 0.0381460373218243 0.03752473684457632
0 0.6631752894474909 0.41236345584575945 0.030463732205904447 0.030676621657151442
0 0.5073189368614783 0.21065983405480018 0.03612958467923678 0.03646447108342098
0 0.6831619556133564 0.45687572772686297 0.03297776442307692 0.032240647536057696
0 0.8846509640033429 0.8680399381197416 0.02914604773888221 0.029094989483173076
0 0.1967639189500075 0.6223113720233624 0.04363518494826097 0.043815319354717545
0 0.6566865627582257 0.31910874293400693 0.025298632108248197 0.02537389901968149
0 0.663456916809082 0.7778456027691181 0.06464591393103966 0.06430640587439904
0 0.21413478484520546 0.8547198955829327 0.03954109778771034 0.0402069091796875
0 0.49706576420710635 0.3658089270958534 0.04259945796086238 0.042583318857046276
0 0.28496676224928635 0.9718512021578275 0.02378698495718149 0.023730057936448317
0 0.41139580653263974 0.864040521474985 0.037038216224083535 0.036928617037259616
0 0.5502254779522235 0.23174047470092773 0.02224841484656701 0.022380535419170674
0 0.37320958651029146 0.6064227911142203 0.016518519474909857 0.016562681931715745
0 0.34042805891770583 0.8035316467285156 0.03935667184682993 0.03975589458759014
0 0.35364136329064 0.874716538649339 0.02370452880859375 0.023818089411808893
0 0.3961365039532001 0.6353768568772536 0.020279957697941706 0.020194273728590745
0 0.8774164639986478 0.686498421889085 0.05435386070838341 0.06928355877216046
0 0.22257482088529146 0.4016888691828801 0.09734065716083233 0.09664212740384616
0 0.6974284832294171 0.9546715663029597 0.041350291325495794 0.04096427330603966
0 0.28403027241046613 0.3744643284724309 0.16677045822143555 0.17159504156846267
0 0.558209492610051 0.9724642680241511 0.01984434861403245 0.019993121807391826
0 0.4094379131610577 0.8090521005483774 0.018926033606896035 0.018587552584134616
0 0.2950814687288724 0.7992118688730093 0.023517095125638522 0.02356881361741286
0 0.16909276522122896 0.891657462486854 0.013925699087289663 0.014139322134164663
0 0.24341851014357346 0.6203903051523062 0.044243152324969955 0.044607896071213946
0 0.2541808715233436 0.9588922353891226 0.01914801964393029 0.018923392662635215
0 0.7991569225604718 0.6610883566049429 0.01633306650015024 0.017028221717247598
0 0.46618281877957857 0.7097963920006385 0.031178767864520732 0.03081233684833233
0 0.502319702735314 0.6459743059598483 0.026171097388634317 0.026144761305588942
0 0.35410411541278547 0.878175295316256 0.020315023568960335 0.020342313326322116
0 0.0956730659191425 0.20710391264695388 0.011234393486609826 0.017915065471942607
0 0.5859984984764686 0.13259514478536752 0.05207964090200571 0.05078361584590031
0 0.44683438081007737 0.7370253342848557 0.0176236079289363 0.018193465012770433
0 0.72760009765625 0.48449028455294096 0.04671155489408053 0.04679555159348708
0 0.7028287007258489 0.897713881272536 0.019584509042593148 0.019942063551682692
0 0.12273478507995605 0.9174505380483774 0.047954669365516074 0.045646374042217545
0 0.8124627333420974 0.5711146868192233 0.06570874727689303 0.06546710087702824
0 0.33418703079223633 0.9362034430870643 0.036230820875901446 0.03594823983999399
0 0.6627515646127554 0.9212775597205529 0.024618882399338942 0.02381412799541767
0 0.6218612377460186 0.413570183974046 0.01741765095637395 0.01692537161020132
0 0.40284043091994065 0.7790458385760968 0.04565613086407001 0.045285738431490384
0 0.8452249673696665 0.2860685678628775 0.013880509596604567 0.013707637786865234
0 0.4602855168856107 0.9071832803579477 0.02355084052452674 0.023146409254807692
0 0.6689165555513822 0.1451342380963839 0.021790431096003607 0.02190426679757925
0 0.36338945535513073 0.781547106229342 0.02888210003192608 0.029207376333383415
0 0.6019974121680627 0.408663456256573 0.01921697763296274 0.019489141610952523
0 0.4753730113689716 0.7635000669039212 0.017507406381460335 0.017390031080979567
0 0.557601525233342 0.30328812965979945 0.03188456021822416 0.031764910771296576
0 0.5453296808096079 0.6816719495333158 0.02397493215707632 0.023788011991060697
0 0.7639823326697717 0.6468359140249399 0.0170745849609375 0.017163790189302884
