0 0.37119513291579026 0.4273698880122258 0.0802756089430589 0.08050082280085637
0 0.624416864835299 0.6497754317063552 0.07322061978853665 0.07378005981445312
0 0.6986353947566106 0.03466661159808819 0.021574753981370192 0.021858444580665
0 0.04029549085176908 0.8200742281400241 0.04862167285038875 0.04941148024338942
0 0.9539225651667669 0.1267583553607647 0.026414137620192308 0.026511485760028545
0 0.04670463158534123 0.8846803811880258 0.05424189567565918 0.05472652728740986
0 0.8054115588848407 0.3181139139028696 0.025939061091496393 0.025853395462036133
0 0.3342708440927359 0.9244780173668494 0.02273706289438101 0.02253869863656851
0 0.2904367630298321 0.28684572073129505 0.024800557356614333 0.024914374718299277
0 0.7494417337270883 0.31649670234093297 0.02307290297288161 0.022959122290978067
0 0.4532924065223107 0.5124582877525916 0.06232921893780048 0.062197171724759616
0 0.23161591016329253 0.6091662186842698 0.025206749255840596 0.025212801419771634
0 0.8190677349384015 0.5686434965867263 0.07501162015474759 0.07463954045222355
0 0.36074124849759615 0.0903619252718412 0.030572230999286357 0.03015901492192195
0 0.7391115335317758 0.7410645851722131 0.023943974421574518 0.023745023287259616
0 0.5557948626004733 0.468990289247953 0.03092347658597506 0.03102904099684495
0 0.03315750910685612 0.2124300369849572 0.02001649599808913 0.019849887261023887
0 0.039986381163963906 0.3363343018751878 0.022354054909486037 0.022622328538161058
0 0.08683021251971905 0.3833428162794847 0.01925354737501878 0.01936941880446214
0 0.19874015221228966 0.7023385854867789 0.02468101794903095 0.024730682373046875
0 0.015520036220550537 0.25882328473604643 0.023067176342010498 0.026690849891075723
0 0.4670743942260742 0.5710470859821026 0.023978159977839544 0.02413522280179537
0 0.8844019082876352 0.6536876971905048 0.018568772536057692 0.018572000356820915
0 0.04449979158548208 0.3076518132136418 0.018848299980163574 0.01884805239163912
0 0.7855331714336689 0.5258590258084811 0.0189208984375 0.018778874323918268
0 0.7738330547626202 0.40967383751502406 0.01754173865685096 0.017815516545222357
0 0.8756951552170974 0.53270934178279 0.06441292395958534 0.06475243201622596
0 0.7981156569260818 0.10361196444584773 0.017787053034855768 0.01753520965576172
0 0.2536207345815805 0.5716455899752103 0.01815201685978816 0.01835346221923828
0 0.9579871251032903 0.09380562488849346 0.017542912409855768 0.017437164600078877
0 0.03853092743800236 0.96191773047814 0.037644533010629505 0.03798206035907452
0 0.7696294050950271 0.13411901547358587 0.01951775184044471 0.019553404587965745
0 0.4370921208308293 0.6376068408672626 0.019021107600285456 0.01918763380784255
0 0.8058244265042819 0.6199755301842322 0.018906519963191107 0.018592981191781852
0 0.6175346374511719 0.8012024072500376 0.0177151973430927 0.017728512103740986
0 0.9763123438908503 0.6254662733811599 0.019868117112379808 0.019732842078575723
0 0.72473511329064 0.08018785256605881 0.01787391075721154 0.0180054444533128
0 0.2979450225830078 0.11089883400843693 0.041197703434870794 0.04146401698772724
0 0.717617181631235 0.18452893770658052 0.019356507521409255 0.019250796391413763
0 0.3831344751211313 0.06881375037706815 0.02181874788724459 0.022014260292053223
0 0.2348775496849647 0.04701222823216365 0.0174405391399677 0.017530035514097948
0 0.282741326552171 0.5189129389249362 0.016745493962214544 0.01702704796424279
0 0.42954408205472505 0.4314085887028621 0.016246208777794473 0.016312232384314902
0 0.9113908914419321 0.6277536979088416 0.016420657818134014 0.01625794630784255
0 0.7707786560058594 0.586931742154635 0.01734132033128005 0.017493761502779447
0 0.04708896691982563 0.48463865426870495 0.016878430659954365 0.016971368056077223
0 0.20799801899836615 0.4315073306743915 0.0169064448429988 0.017066368689903848
0 0.23984894385704628 0.7601635272686298 0.019622362576998197 0.019675181462214544
0 0.03495677617880014 0.988687148460975 0.025087879254267767 0.01941050015963041
0 0.2069408343388484 0.7992880894587591 0.022606482872596152 0.022519771869365986
0 0.8469385733971229 0.3624102519108699 0.01958626967210036 0.019533304067758415
0 0.7936831987821139 0.011223671528009268 0.027655674861027643 0.020927589673262376
0 0.5797915091881385 0.47530827155480015 0.02195284916804387 0.021988942072941706
0 0.7432606036846454 0.16216226724477914 0.017404996431790866 0.017395166250375602
0 0.20194607514601487 0.5245411946223333 0.0177004887507512 0.017527286822979268
0 0.05553755393395057 0.983639643742488 0.02336716651916504 0.023403754601111777
0 0.4682193902822641 0.5934483454777644 0.016921556912935697 0.016617261446439303
0 0.7526554694542518 0.6507368087768555 0.016179011418269232 0.01613778334397536
0 0.1204225100003756 0.16461394383357122 0.01930867708646334 0.01909336676964393
0 0.6259947556715745 0.5872865823599008 0.04130873313316932 0.04094710716834435
0 0.7810906630295974 0.23840387050922102 0.015931056096003607 0.015985635610727165
0 0.4257777287409856 0.8957001612736628 0.01634069589468149 0.016310471754807692
0 0.08542985182542068 0.8242737696721003 0.03162064919104943 0.03152817946213942
0 0.035685796004075274 0.8598136901855469 0.05485110099499042 0.05661920400766226
0 0.7385547344501202 0.20467129120459923 0.02094239455003005 0.02079916000366211
0 0.520659299997183 0.6435406024639423 0.03383372380183293 0.033967091487004206
0 0.681088741009052 0.3349588100726788 0.016425646268404447 0.01645660400390625
0 0.7537865271935096 0.19143449343167818 0.025265620304987982 0.025165704580453727
0 0.9167619118323693 0.0402447352042565 0.017889022827148438 0.018045313083208524
0 0.22300457954406738 0.8981263087346003 0.02234161817110502 0.022139329176682692
0 0.6092382577749399 0.8687312786395733 0.01605987548828125 0.016134995680588942
0 0.381557244520921 0.36935754922720104 0.0149534665621244 0.014929551344651442
0 0.9847922691932092 0.7621885446401743 0.012681961059570312 0.01709717970628005
0 0.6440381270188552 0.5656816409184382 0.03474719707782452 0.03428943340594952
0 0.5583270146296575 0.9907088646521935 0.019876626821664665 0.016395128690279447
0 0.2566903004279503 0.3871139379648062 0.016004562377929688 0.01572550260103666
0 0.692167355464055 0.5958049480731671 0.01670529292179988 0.01689881544846755
0 0.19628385397104117 0.6551250311044546 0.016175490159254808 0.01607997600848858
0 0.5427034818209134 0.7296917255108173 0.01653451185960036 0.01677879920372596
0 0.9212328103872446 0.445489369905912 0.015178973858173076 0.015023304865910457
0 0.2727912939511813 0.21425348061781663 0.021819004645714395 0.02193161157461313
0 0.3586433850801908 0.18977744762714094 0.01814724848820613 0.01816250727726863
0 0.8176094935490534 0.18990731239318848 0.019003648024338942 0.01897441423856295
0 0.5159227664654071 0.6077711765582745 0.0573121584378756 0.05596285599928636
0 0.5392928857069749 0.7702501737154447 0.017274856567382812 0.017193720890925482
0 0.801139391385592 0.6957586728609525 0.0148162841796875 0.014794276310847355
0 0.9262418746948242 0.14842578080984262 0.023291514470027044 0.02299037346473107
0 0.9685579446645883 0.46097594041090745 0.015316009521484375 0.015267592210036058
0 0.6761837005615234 0.6286659240722656 0.034570547250600964 0.034895713512714095
0 0.836810038639949 0.5297471559964694 0.03461236220139723 0.0352018796480619
0 0.6737745725191556 0.26492854265066296 0.01490314190204327 0.015165585737961989
0 0.15943523553701547 0.41205817002516526 0.014639927790715145 0.014605448796198918
0 0.02044749718445998 0.9498831675602839 0.017426880506368782 0.017359073345477764
0 0.25159281950730544 0.11620787473825309 0.016106532170222357 0.01621556282043457
0 0.6514995281512921 0.4559542949383075 0.015075977032001201 0.014973713801457332
0 0.8235994485708383 0.853629992558406 0.015389955960787259 0.015526258028470553
0 0.015002722923572246 0.16255950927734375 0.014949981982891377 0.015340218177208534
0 0.9576088831974909 0.7493294935960036 0.014729719895582933 0.014992347130408654
0 0.462984745319073 0.7322055376493014 0.015523910522460938 0.015610621525691105
0 0.574610710144043 0.4973462178156926 0.014872037447415866 0.015015235314002404
0 0.14326862188485953 0.20348332478449896 0.014766839834359976 0.014807481032151442
0 0.9708153651310847 0.5355657430795523 0.04087418776292067 0.07171850938063401
0 0.47798651915330154 0.7537995851956881 0.025290855994591348 0.025080460768479567
0 0.06127751332062941 0.96233397263747 0.026256634638859674 0.02542877197265625
0 0.33373194474440354 0.10416858012859638 0.030810722937950723 0.031401560856745794
0 0.7530070084791917 0.9301024216871995 0.014446845421424279 0.014282960158128005
0 0.7548212638268104 0.9894951306856595 0.014437161959134616 0.014351624708909255
0 0.8802693440363958 0.16454161130464995 0.015198047344501201 0.015122560354379507
0 0.35931642238910383 0.6001194440401517 0.014412293067345252 0.014287948608398438
0 0.07985645074110764 0.2679159091069148 0.014402421621175913 0.014322170844444862
0 0.4062419304480919 0.879254047687237 0.014247747567983774 0.014063761784480168
0 0.10118200228764461 0.6404432150033804 0.01393596942608173 0.014099707970252404
0 0.2924366730910081 0.44991493225097656 0.016011384817270134 0.015792259803185098
0 0.48515826005202073 0.7980147141676682 0.014346049382136418 0.014405470628004808
0 0.2062523915217473 0.6640739440917969 0.015833707956167366 0.015551933875450721
0 0.07111432002140926 0.8379418299748347 0.022848899547870342 0.023017296424278848
0 0.9128688665536734 0.06805387827066275 0.014231168306790866 0.014221796622643104
0 0.2968772741464468 0.91315064063439 0.014140129089355469 0.014146951528695913
0 0.5416699189406174 0.7722360170804538 0.018011093139648438 0.01791557898888221
0 0.6810271923358624 0.7165064444908729 0.015038710374098558 0.014939674964317909
0 0.03076805518223689 0.7007014934833233 0.019135154210604154 0.01937587444598858
0 0.9576269296499399 0.49547290802001953 0.03196041400615986 0.032553599430964544
0 0.23814614002521223 0.8658159696138822 0.015052612011249248 0.014999096210186299
0 0.18956606204693133 0.8619773571307843 0.015966525444617637 0.01585989732008714
0 0.5508789649376502 0.58740601172814 0.0461889413686899 0.04689157926119291
0 0.9278639279879056 0.09606835475334755 0.013901343712439904 0.013514096920306865
0 0.5508326383737417 0.7067815340482272 0.018111302302433893 0.01791044381948618
0 0.06623986134162316 0.2214058362520658 0.015198762600238506 0.015544597919170674
0 0.6721337391779973 0.46895823111900914 0.022308936485877402 0.022602228017953727
0 0.618040524996244 0.3679466981154222 0.013881976787860576 0.014005954448993389
0 0.41009737895085263 0.43306435071505034 0.012914951031024639 0.013228783240685096
0 0.3155675667982835 0.46074368403508115 0.015728216904860277 0.015815368065467246
0 0.52167481642503 0.706330812894381 0.0373686276949369 0.03752605731670673
0 0.3327337411733774 0.048619073170882 0.016152455256535456 0.01614978680243859
0 0.420716982621413 0.36471179815439075 0.013457078200120192 0.013246242816631611
0 0.36290795986468977 0.9090834397536057 0.013864370492788462 0.013754771305964543
0 0.2047886481651893 0.5118596737201397 0.014695387620192308 0.014712993915264424
0 0.8462751828707181 0.06221840931819035 0.01336963360126202 0.013472988055302547
0 0.034780220343516424 0.5354311649615948 0.014309309996091403 0.014587475703312801
0 0.8491125106811523 0.19226536383995643 0.013952548687274639 0.013582816490760216
0 0.776219367980957 0.380621469937838 0.013762107262244591 0.013761960543118991
0 0.9366718438955454 0.8515061598557693 0.014269168560321514 0.014288682204026442
