0 0.3408076579754169 0.9275378447312576 0.06633076300987831 0.06585267873910758
0 0.38696457789494443 0.3123691998995267 0.07087766207181491 0.07143424107478215
0 0.17310692713810846 0.774334980891301 0.03893089294433594 0.03879605806790865
0 0.058492568823007435 0.900267821091872 0.06439850880549504 0.0626056377704327
0 0.20354098540086013 0.4347337576059195 0.03210915051973783 0.03228965172400841
0 0.907255246089055 0.45172948103684646 0.024384718674879808 0.024390587439903848
0 0.4010330346914438 0.9004673591026893 0.04335997654841496 0.044202217688927285
0 0.927943229675293 0.5891128319960374 0.04507299569936899 0.04490478222186749
0 0.39459771376389724 0.3705330261817345 0.09888076782226562 0.10193861447847806
0 0.6985717186560998 0.6201588557316706 0.030171614426832933 0.030064949622521035
0 0.4504386828495906 0.8987336525550256 0.01795027806208684 0.017822852501502402
0 0.029612738352555495 0.8841213079599234 0.042055634351877064 0.06427823580228366
0 0.023308763137230508 0.03181988230118385 0.020519476670485277 0.0207864183645982
0 0.25471821198096645 0.28435580547039324 0.026246144221379206 0.02622564022357647
0 0.9138130041269156 0.35899844536414516 0.03429897014911358 0.03416750981257512
0 0.25184414936945987 0.8002509337205154 0.02192035088172326 0.021916022667518027
0 0.4421548476585975 0.9598215543306791 0.042745076693021335 0.04219876802884615
0 0.16092639703017014 0.18192625045776367 0.01854727818415715 0.01858865297757662
0 0.5420584311852088 0.09196082445291373 0.018152970534104567 0.018401366013746995
0 0.47161249014047474 0.9841041564941406 0.04972560589130108 0.028621820303109977
0 0.8244262842031626 0.5028506792508639 0.022135221041165866 0.022078220660869893
0 0.39854849301851714 0.8721945835993841 0.03619238046499399 0.03590803879957933
0 0.6010109094473032 0.8160206721379206 0.02296726520244892 0.023114717923677884
0 0.9194748218242939 0.9202073170588567 0.02440790029672476 0.024611693162184495
0 0.145843322460468 0.586520635164701 0.0643769777738131 0.06436964181753305
0 0.8632670916043795 0.4022076680110051 0.021837234497070312 0.022019606370192308
0 0.978577393751878 0.842534432044396 0.020638392521784857 0.021175971397986777
0 0.8624439239501953 0.6322398552527795 0.022934106680063102 0.0230715825007512
0 0.5329905289870042 0.6253841840303861 0.018578602717472956 0.01865841792179988
0 0.3378751461322491 0.7240750973041241 0.027116922231820915 0.027681497427133415
0 0.4697101299579327 0.20464710088876578 0.018383906437800482 0.01827841538649339
0 0.3779738132770245 0.9494176277747521 0.0362550295316256 0.03613560016338642
0 0.5769236271197979 0.20447408235990083 0.01747718224158654 0.01747916294978215
0 0.4915160399216872 0.30552099301264835 0.04753721677339994 0.04725555273202749
0 0.9500851264366736 0.6095825342031626 0.018413250262920674 0.018425134512094352
0 0.8749969922579252 0.5959922350369967 0.025176855233999398 0.025215295644906852
0 0.6266317367553711 0.7790395296536959 0.02993040818434495 0.029849125788762018
0 0.9187110020564153 0.8135321690486028 0.0209805415226863 0.020932124211237982
0 0.8962444158700796 0.9238438239464393 0.018378184391902044 0.018253913292518027
0 0.6167078751784104 0.4804405432481032 0.01753396254319411 0.017711345966045674
0 0.06516963701981765 0.41262047107403094 0.023305617845975436 0.023269800039438102
0 0.9540353188147912 0.8175529333261343 0.019597713763897236 0.01983642578125
0 0.8006813342754657 0.3920200788057767 0.01674520052396334 0.016551824716421273
0 0.2927822149716891 0.12059260331667386 0.01561421614426833 0.015602827072143555
0 0.6286941675039438 0.6448191129244291 0.017731593205378607 0.01792115431565505
0 0.6383548883291391 0.13517963886260986 0.016735223623422477 0.01679227902339055
0 0.7623967390794021 0.4382924299973708 0.0157626225398137 0.015774653508112982
0 0.3424521226149339 0.046284226270822376 0.016093107370229866 0.0162599843281966
0 0.3456335434546837 0.6138251377986028 0.019095127399151143 0.019040474524864785
0 0.6652709520780123 0.8355908027062049 0.022131993220402643 0.02243672884427584
0 0.5111877001248873 0.45822730431189906 0.015469184288611779 0.015663513770470254
0 0.42943264887883115 0.8680883554311899 0.019323055560772236 0.019070258507361777
0 0.5909925607534555 0.854870502765362 0.01636959956242488 0.016362410325270433
0 0.9803708149836614 0.6541797931377704 0.01673610393817608 0.01816705557016226
0 0.7377130068265475 0.3354794062100924 0.015941913311298076 0.01602825751671424
0 0.4151163467994103 0.8550299130953275 0.01928263444166917 0.019199664776141826
0 0.5936360725989709 0.8806125934307392 0.023469924926757812 0.02339025644155649
0 0.6823043823242188 0.03689086437225342 0.016608018141526442 0.016524085631737344
0 0.26025574023907 0.7751646041870117 0.017925555889423076 0.017805099487304688
0 0.8725347518920898 0.6128605329073392 0.01515946021446815 0.015074363121619591
0 0.062024749242342435 0.9378571877112756 0.018283330477201022 0.018465335552509014
0 0.4000919782198392 0.9692155397855319 0.031735933743990384 0.031534635103665866
0 0.11746914570148174 0.49299232776348406 0.014808434706467848 0.014978262094350962
0 0.9275650611290565 0.18474157039935774 0.016434302696814902 0.01632543710561899
0 0.3594328806950496 0.8850191556490384 0.0420683347261869 0.04155379075270433
0 0.11981560633732723 0.5606285608731784 0.024059185614952676 0.024199705857496995
0 0.9179316300612229 0.17526942033034104 0.014765079204852764 0.015308013329139123
0 0.8162001829880935 0.30980719052828276 0.015074216402493991 0.015142605854914738
0 0.3386980203481821 0.5057677489060622 0.014621147742638221 0.014880693875826322
0 0.3712896200326773 0.08698041622455303 0.02199532435490535 0.02204133914067195
0 0.2914953048412616 0.8983899630033053 0.015752168802114632 0.015651849599984977
0 0.32355770697960484 0.3710936032808744 0.027811343853290264 0.02822083693284255
0 0.9699729039118841 0.9064433758075421 0.01628846388596755 0.016312232384314902
0 0.4760483961838942 0.2901924940255972 0.034425001878004804 0.034348634573129505
0 0.7960547667283279 0.4094858903151292 0.014808361346905049 0.014720476590670072
0 0.6470847496619592 0.687924311711238 0.017177581787109375 0.01743140587439904
0 0.8261302067683294 0.7466435065636268 0.014742044302133413 0.014798677884615384
0 0.9835626895611103 0.7349243897658128 0.01086117671086238 0.017330463115985576
0 0.1920165832226093 0.7347002763014573 0.01451580341045673 0.014543093167818509
0 0.8058810600867639 0.4475867564861591 0.016823255098783053 0.017117647024301384
0 0.2314903552715595 0.4801984200110802 0.031212366544283353 0.03106036553016076
0 0.05147695541381836 0.4871424161470853 0.01681834000807542 0.01684115483210637
0 0.1752015627347506 0.9884370657113882 0.016739331758939303 0.016273645254281852
0 0.37417510839609 0.8565526375403771 0.018864998450646035 0.018545884352463942
0 0.9124730917123648 0.5606518525343674 0.021873620840219352 0.021995691152719352
0 0.8621693391066331 0.6566038131713867 0.014977821936974159 0.0151213132418119
0 0.2431463094858023 0.0710950677211468 0.01510312007023738 0.014785959170414852
0 0.9826610271747296 0.8038156949556791 0.012356097881610576 0.019808549147385817
0 0.3513349386361929 0.1634842432462252 0.016870938814603366 0.01687200252826397
0 0.5115195787869967 0.8784616910494291 0.015465956467848558 0.015487964336688701
0 0.9502139458289514 0.3056767170245831 0.01500232403094952 0.014762658339280348
0 0.8887841151310847 0.681194965655987 0.01528637225811298 0.014973713801457332
0 0.9391494897695688 0.36664361220139724 0.014579039353590745 0.014522552490234375
0 0.6135697731604943 0.9691234735342172 0.017319899338942308 0.01734190720778245
0 0.8998889923095703 0.1575941122495211 0.014055398794320913 0.014113646287184495
0 0.7151509798490084 0.5337909184969388 0.015288573044996995 0.015146402212289663
0 0.5578647760244516 0.44956119243915266 0.014353091900165264 0.01419360821063702
0 0.9350263155423678 0.22060298919677734 0.014710646409254808 0.014622248136080228
0 0.5822606453528771 0.15827641120323768 0.014722530658428486 0.01455376698420598
0 0.4311067874615009 0.5029070193950946 0.014086356529822716 0.014092225294846755
0 0.9314600137563852 0.8763094681959885 0.015796954815204326 0.016005882850060098
0 0.6753518031193659 0.8869472650381235 0.014351771428034855 0.01443774883563702
0 0.8247039501483624 0.4029722213745117 0.02354284433218149 0.02353066664475661
0 0.6495658434354342 0.8158416748046875 0.01930970412034255 0.019507481501652643
0 0.47376287900484526 0.9107878758357122 0.015282484201284556 0.015465076153094951
0 0.843506959768442 0.14151497987600473 0.014445818387545072 0.014560222625732422
0 0.9478367291964017 0.3497912333561824 0.015632042518028848 0.015739954434908353
0 0.215086606832651 0.8542008033165565 0.015285565302922176 0.01528461162860577
0 0.08065968293410081 0.4980740180382362 0.015564551720252404 0.015690143291766826
0 0.8392928196833684 0.7239546409020057 0.014985598050631009 0.015092556293194111
0 0.9339543856107272 0.7436659886286809 0.014664283165564904 0.014879960280198317
0 0.38863556201641375 0.9217149294339694 0.018311133751502402 0.018261542687049277
0 0.4960769506601187 0.7867243106548603 0.013827323913574219 0.013872586763822116
0 0.7731486834012545 0.22295135718125564 0.013739512516902043 0.013983873220590444
0 0.8053317436805139 0.5182632666367751 0.015215506920447716 0.015037316542405348
0 0.3242940169114333 0.16739364770742562 0.036598499004657455 0.03700227920825665
0 0.6327323913574219 0.8976108110868014 0.015662560096153848 0.016204247107872598
0 0.3678560256958008 0.23293425486637995 0.01434781001164363 0.014537811279296875
0 0.5005284089308518 0.24730423780588004 0.01407916729266827 0.014400885655329777
0 0.25358299108651966 0.16068687805762658 0.01447002704326923 0.01446844981266902
0 0.5613838342519907 0.7953750903789814 0.015170977665827824 0.015219174898587741
0 0.2546523901132437 0.13528695473304161 0.01644112513615535 0.016301962045522835
0 0.395017330463116 0.2328473971440242 0.0138397216796875 0.013954822833721455
0 0.934740946843074 0.05584647563787607 0.013732616717998799 0.013848084669846755
0 0.19094591874342698 0.3524654828585111 0.013534325819749098 0.013368606567382812
0 0.655542960533729 0.4629193819486178 0.014226033137394832 0.014227060171274038
0 0.5015851901127741 0.5442711756779597 0.01389173360971304 0.014124503502478966
0 0.6449088316697341 0.7251176100510818 0.014483818641075721 0.01481334979717548
0 0.9464294727032001 0.4105833493746244 0.013974703275240384 0.014087090125450721
0 0.3854984870323768 0.15228677712954009 0.0154266357421875 0.015589585671058068
0 0.6428053929255559 0.17994444186870867 0.015328040489783654 0.015441527733435998
0 0.4193457823533278 0.9491411355825571 0.03307900061974159 0.03175984896146334
0 0.4487133759718675 0.9149488302377554 0.013998618492713341 0.014027668879582332
0 0.5494988514826848 0.31228248889629656 0.0140531980074369 0.014105264957134541
0 0.4415379304152269 0.7008882669302133 0.013951961810772236 0.013911907489483174
0 0.5388481066777155 0.5177898406982422 0.013185647817758413 0.013363104600172777
0 0.3615764104402982 0.9706334334153396 0.027654647827148438 0.027628531822791465
0 0.6646515772892878 0.6800774060762845 0.014086503248948317 0.014194781963641826
0 0.6238817801842322 0.7893779461200421 0.018444941594050482 0.018068313598632812
0 0.9069749391995944 0.6713129923893855 0.022432473989633415 0.02286382821890024
0 0.13795268535614014 0.15725906078632063 0.013694139627309946 0.013671141404371995
0 0.08017651851360615 0.3621658178476187 0.01396336922278771 0.014007348280686598
0 0.39925960394052357 0.09216349858504075 0.024573326110839844 0.025016381190373346
0 0.9196668771597055 0.6081256866455078 0.016247382530799277 0.01603522667518029
0 0.6550364861121545 0.855625372666579 0.016098169180063102 0.015904940091646634
