0 0.49252979572002703 0.5897279152503381 0.14404825063852164 0.14520116952749398
0 0.1394320267897386 0.5765248445364145 0.05454683303833008 0.05470679356501652
0 0.30431740100567156 0.8749122619628906 0.09061211806077224 0.0883624737079327
0 0.7038134794968826 0.8736415276160607 0.028778516329251803 0.028826200045072116
0 0.7226172227125901 0.906008793757512 0.023640852708082933 0.023755000187800482
0 0.8311852675217849 0.5262490052443284 0.02201109666090745 0.022316125723031852
0 0.7809273646428034 0.7998567727895883 0.023063806387094352 0.0229641841008113
0 0.5319829353919396 0.3594353749201848 0.04409173818734976 0.04402864896334135
0 0.740931144127479 0.708456773024339 0.032919663649338946 0.033283233642578125
0 0.6490833575908954 0.21689462661743164 0.01892676720252404 0.0190122310931866
0 0.6582813262939453 0.7644097254826472 0.02330193152794471 0.023576883169320915
0 0.2896474324739896 0.7650453127347506 0.020938946650578424 0.020773960993840143
0 0.9104262131911057 0.5795009686396673 0.017590742844801683 0.01736728961651142
0 0.3314085373511681 0.4875067197359525 0.02209817446195162 0.022388604971078727
0 0.48125622822688174 0.3527797552255484 0.026242402883676384 0.026321998009314902
0 0.6299010056715745 0.6737092825082632 0.02442653362567608 0.024706620436448317
0 0.3560016338641827 0.7135926026564378 0.043084951547475964 0.04320863577035757
0 0.22986848537738508 0.24141219946054313 0.018720113314115085 0.01885986328125
0 0.7420688775869516 0.6325315328744742 0.02384611276479868 0.024242694561298076
0 0.9429558974045974 0.5050457440889798 0.021282782921424277 0.0291134760929988
0 0.5302998469426081 0.6627642558171198 0.019380862896259014 0.01960446284367488
0 0.3770619172316331 0.8952833322378305 0.01858095022348257 0.01854221637432392
0 0.7288715655987079 0.5930598332331731 0.018226036658653848 0.01807535611666166
0 0.7449959975022536 0.8240341039804312 0.016858907846304085 0.016899842482346755
0 0.22106326543367827 0.8728806422306941 0.01971266819880559 0.019579960749699518
0 0.7172741523155799 0.6525114499605619 0.026965508094200723 0.027119856614332933
0 0.686485583965595 0.6224198708167443 0.021410428560697116 0.0217892573429988
0 0.7053001110370343 0.2970425899212177 0.0181732177734375 0.01822174512423002
0 0.28129199834970325 0.9458489051231971 0.019282047565166768 0.019118675818810098
0 0.7654523849487305 0.474212279686561 0.0176241948054387 0.017510340763972357
0 0.7566460829514724 0.6705427903395432 0.025312276986929085 0.0254513667179988
0 0.6957302093505859 0.6397834190955529 0.027542701134314902 0.027627211350661058
0 0.43510143573467547 0.22431670702420747 0.020968803992638223 0.02103262681227464
0 0.9145700014554538 0.16028088789719802 0.02857032189002404 0.028342577127309945
0 0.686440687913161 0.2913835048675537 0.018938211294320915 0.018840276277982272
0 0.7341255774864783 0.61000945017888 0.021023970383864183 0.02029528984656701
0 0.6555925515981821 0.7000247515164889 0.018660325270432692 0.018642718975360576
0 0.06616279712090126 0.7188216722928561 0.017875194549560547 0.017955633310171273
0 0.11067630694462703 0.8570617529062124 0.08501456334040715 0.08470931419959435
0 0.14543152772463286 0.9249603564922626 0.08875074753394493 0.08780934260441707
0 0.18260985154371995 0.3556192471430852 0.016814121833214395 0.016689227177546576
0 0.619656122647799 0.3979597825270433 0.026358531071589544 0.026966094970703125
0 0.72289305466872 0.6307985599224384 0.01944762009840745 0.019604609562800482
0 0.3882645827073317 0.17500804020808294 0.015944260817307692 0.015944554255558893
0 0.49335057918842024 0.9016956182626578 0.016580655024601862 0.01673551706167368
0 0.7568324896005484 0.38404031900259167 0.028829427865835335 0.02909997793344351
0 0.7981028923621545 0.4185318580040565 0.016728621262770433 0.016652620755709134
0 0.306458253126878 0.24255009797903207 0.015132390535794772 0.015183045313908504
0 0.2199695477118859 0.15070409041184646 0.015551567077636719 0.015590227567232572
0 0.08860325813293457 0.10112839478712815 0.014799796617948092 0.014728289384108324
0 0.7339739432701697 0.9479861626258264 0.015203035794771634 0.015164888822115384
0 0.17385603831364557 0.49294655139629656 0.014462837806114784 0.014565394474909855
0 0.471497499025785 0.42580355130709135 0.016282081604003906 0.016228602482722357
0 0.6315425726083609 0.8454614786001352 0.015078911414513221 0.015184549184945913
0 0.6580467224121094 0.6544223198523889 0.018885979285606973 0.0188751220703125
0 0.4184710062467135 0.25999685434194714 0.014596865727351261 0.014964910653921274
0 0.25776199194101185 0.23361963492173415 0.016182679396409255 0.01608727528498723
0 0.6948440258319561 0.3138071573697604 0.030253483698918268 0.029927840599646933
0 0.13858531071589544 0.896998772254357 0.0672617692213792 0.06638262822077824
0 0.7058205237755408 0.6635667360745944 0.015474759615384616 0.015805171086237982
0 0.690491456251878 0.6008312885577862 0.018912242009089544 0.01893725762000451
0 0.5981596433199369 0.9674155161930964 0.015253800612229567 0.015389515803410457
0 0.666412353515625 0.4931669235229492 0.02294012216421274 0.022854144756610576
0 0.6368100826556866 0.1833803837115948 0.08234273470365085 0.08504530099722055
0 0.4011681263263409 0.809414423429049 0.024751663208007812 0.024994923518254206
0 0.7102494606604943 0.22693281907301682 0.023114131047175482 0.022987805880033053
0 0.8199847294734075 0.8011545034555289 0.015603872445913462 0.01569791940542368
0 0.748618639432467 0.6521067252525916 0.026905940129206732 0.027188814603365384
0 0.8297503544734075 0.13324772394620454 0.025446378267728366 0.025227876809927132
0 0.6614478918222281 0.2749137511620155 0.014921921950120192 0.014853404118464543
0 0.8914235188410833 0.45484036665696365 0.09578748849722055 0.09633929912860577
0 0.6885928374070388 0.989214823796199 0.014713287353515625 0.014408111572265625
0 0.5652073346651517 0.36838597517747146 0.02307921189528245 0.0228878901554988
0 0.6440313779390775 0.6854958901038537 0.014453594501201924 0.014642715454101562
0 0.10469961166381836 0.020981330137986403 0.023146702693058893 0.022785755304189827
0 0.5476256150465745 0.12777185440063477 0.018321697528545674 0.018313004420353815
0 0.7683291802039514 0.23984910891606256 0.015300750732421875 0.015273497654841496
0 0.458459524007944 0.7710987971379206 0.014532822829026442 0.014347516573392428
0 0.43134663655207706 0.3944541490994967 0.01602635016808143 0.016034052922175482
0 0.3374812052800105 0.7646759473360502 0.029680692232572116 0.030171907865084134
0 0.6770029801588792 0.024244588155012865 0.059112548828125 0.04648151764502892
0 0.8474949323214017 0.7905938075138972 0.014376126802884616 0.014558645395132212
0 0.7235436072716346 0.6715086423433744 0.014491007878230168 0.014406937819260817
0 0.2593527940603403 0.8230442633995643 0.04542952317457933 0.04484294011042668
0 0.7073766268216647 0.600861329298753 0.014394906850961538 0.014333138099083534
0 0.7457874004657452 0.7462227161114032 0.015735332782451924 0.01600060096153846
0 0.5273947348961463 0.41260308485764724 0.014490567720853366 0.014528421255258413
0 0.283063320013193 0.26815106318547177 0.01419217769916241 0.014099744650033804
0 0.29732709664564866 0.13325196046095628 0.031359269068791315 0.03121038583608774
0 0.07400666291897114 0.5728424512423002 0.013481699503385104 0.013386946458082933
0 0.10792405788715069 0.41687657282902646 0.014621441180889424 0.014674700223482572
0 0.7525875384990985 0.281465823833759 0.0153350830078125 0.015387681814340444
