0 0.11480584511390099 0.6117106584402231 0.09018942025991586 0.0922708511352539
0 0.7360646174504206 0.6177231715275691 0.06223385150615986 0.062234695141132064
0 0.870648457453801 0.8627577561598557 0.0974728510929988 0.09726744431715745
0 0.17514733167795035 0.8556839135976938 0.05129678432758038 0.0510705801156851
0 0.5307663037226751 0.8631799404437726 0.06386910952054538 0.0632487076979417
0 0.9163695115309495 0.7493333082932693 0.06272448026216947 0.06328494732196514
0 0.4178931529705341 0.4391027597280649 0.03440277393047626 0.03419039799616887
0 0.32726401549119216 0.7467216344980093 0.043516892653245196 0.04382779048039363
0 0.09795542863699105 0.5212252690241888 0.02803802490234375 0.027620315551757812
0 0.8884780590350811 0.42014386103703427 0.05765269352839543 0.05750494736891527
0 0.7743018223689153 0.48810658088097203 0.020832942082331732 0.02129209958589994
0 0.4495847408588116 0.53242250589224 0.028684175931490384 0.028595997737004206
0 0.9519142004159781 0.20942897063035232 0.027540206909179688 0.02749178959773137
0 0.5874664600078876 0.13802882341238168 0.021541448739858773 0.021436691284179688
0 0.2308656802544227 0.402040958404541 0.028174583728496846 0.028469305772047777
0 0.3277601095346304 0.1528795682466947 0.022750340975247897 0.02267907215998723
0 0.02387268268145048 0.883831684405987 0.021025189986595742 0.022533710186298076
0 0.056488834894620456 0.02499105380131648 0.029795334889338568 0.029895956699664775
0 0.04750803800729605 0.28636541733374965 0.02417705379999601 0.024329368884746846
0 0.9647413400503305 0.66173949608436 0.021625518798828125 0.021984100341796875
0 0.12410164796389066 0.2545453401712271 0.023617671086237982 0.023625850677490234
0 0.7775977208064153 0.2922446360954872 0.022564521202674277 0.02244087365957407
0 0.03602952911303593 0.7292881011962891 0.04297684247677143 0.04379565899188702
0 0.7347170022817758 0.8167648315429688 0.10482993492713341 0.1055752680851863
0 0.4477955744816707 0.6202458601731521 0.01915770310621995 0.019155098841740534
0 0.9205702268160306 0.04812529453864464 0.03942548311673678 0.0391084414262038
0 0.12351663296039288 0.6968534909761869 0.030841533954326924 0.030871464655949518
0 0.4192656737107497 0.6818103790283203 0.025563166691706732 0.025653839111328125
0 0.8085395372830905 0.6206357662494366 0.050960540771484375 0.050549873938927285
0 0.32811667368962216 0.5962376594543457 0.019544528080866888 0.019699243398813102
0 0.7107255642230694 0.5479370997502253 0.019248375525841348 0.019483566284179688
0 0.4824094038743239 0.3753271469703087 0.018347813532902643 0.018592100877028245
0 0.5833572974571815 0.11336020322946402 0.019137089069073018 0.019162691556490384
0 0.25265411230234 0.7147408998929538 0.02055498269888071 0.02049592825082632
0 0.9581489562988281 0.12115036524259128 0.018076970027043268 0.018035375154935397
0 0.38285119716937727 0.9353169661301833 0.021835180429311898 0.021813612717848558
0 0.6991019615760217 0.4503963910616361 0.016628852257361777 0.016705659719613884
0 0.4671507982107309 0.844631341787485 0.02923892094538762 0.029284844031700723
0 0.6627030739417443 0.5699277290931115 0.06435482318584736 0.06386580834021935
0 0.37287370975200945 0.5557560553917518 0.017606808589054987 0.017475274892953727
0 0.5918811284578763 0.7712890918438251 0.05550245138315054 0.057130666879507214
0 0.22156161528367263 0.6596688490647536 0.020250760591947116 0.020235501802884616
0 0.8557667365440955 0.019499696218050443 0.019195556640625 0.019253043028024528
0 0.054243940573472246 0.25829225320082444 0.021600063030536357 0.021872960604154147
0 0.051405173081618086 0.39761844048133266 0.022710415033193734 0.023050454946664665
0 0.9294757843017578 0.4235078371488131 0.026214012732872598 0.02671329791729267
0 0.24095351879413313 0.15515580544104943 0.02799503619854267 0.02806542469904973
0 0.22246424968426043 0.797759642967811 0.037417668562669024 0.03771503155048077
0 0.9511160483727088 0.28198476938100964 0.023427816537710335 0.023495820852426384
0 0.044008961090674766 0.11354486758892353 0.019262151076243475 0.019353426419771634
0 0.7910801080557016 0.37868536435640776 0.03951615553635817 0.0392149411714994
0 0.4157048005324144 0.4788495577298678 0.018920164841871995 0.01888143099271334
0 0.3998105709369366 0.5882803843571589 0.022485072796161357 0.022495123056265023
0 0.18444356551537147 0.14208234273470366 0.02850000674907978 0.028530047490046576
0 0.8437166947584885 0.04719504026266245 0.03202203603891226 0.03207908226893498
0 0.9055447211632361 0.5357745243952825 0.016558427077073317 0.016591952397273138
0 0.4119911193847656 0.5415334334740272 0.019879854642427884 0.01991448035606971
0 0.37030674861027646 0.6115032342764047 0.016731702364408053 0.016800660353440505
0 0.2663243000323956 0.8378050877497747 0.019018246577336237 0.01895904541015625
0 0.5435961209810697 0.8015243823711689 0.05320930480957031 0.05389873798076923
0 0.41936313188993013 0.6024953402005709 0.022026428809532754 0.021866431603064902
0 0.40352527911846453 0.07170227857736441 0.017040399404672477 0.017198764360868014
0 0.5042915344238281 0.49010812319242036 0.019781846266526442 0.019798865685096152
0 0.7951993208665115 0.5553452051602877 0.02425413865309495 0.024443919842059795
0 0.8006103222186749 0.4202123055091271 0.030532396756685697 0.030462925250713643
0 0.5031443742605356 0.7475719451904297 0.029092935415414665 0.028975266676682692
0 0.6289160068218524 0.8903466004591721 0.02096102787898137 0.020924201378455527
0 0.37746216700627255 0.37430092004629284 0.022372025709885817 0.022503192608173076
0 0.7001470419076773 0.5592379570007324 0.018094869760366585 0.01836050473726713
0 0.8879585266113281 0.11418288487654465 0.029188009408804085 0.029046095334566556
0 0.787173711336576 0.8580134465144231 0.03681505643404447 0.0371252206655649
0 0.5173758726853591 0.5151040003849909 0.01790750943697416 0.017943308903620794
0 0.12152909315549411 0.3724832534790039 0.025139588576096755 0.025002552912785456
0 0.8012878711407001 0.900269655080942 0.06555615938626803 0.06465398348294772
0 0.6406568380502554 0.47626099219689 0.06202771113469051 0.06251115065354568
0 0.6584197557889498 0.503998903127817 0.023871201735276442 0.023932750408466045
0 0.9306451357327975 0.7857576516958383 0.03801521888146034 0.03804837740384615
0 0.5757366327139047 0.7338751279390775 0.025804959810697116 0.02604954059307392
0 0.6486638876108023 0.24624751164362982 0.019263634314903848 0.019404778113731973
0 0.8028432405911959 0.16773392603947565 0.024272331824669473 0.02449648196880634
0 0.7137195880596454 0.5730203115023099 0.020747258112980768 0.020910996657151442
0 0.7894755143385667 0.19231821940495417 0.015360025259164663 0.015529889326829176
0 0.05395406943101149 0.7062615614670974 0.019006224778982308 0.01929781987116887
0 0.2688208543337308 0.7498755821814904 0.029151402986966647 0.029540282029371995
0 0.6264864848210261 0.4936651816734901 0.03863950876089243 0.04014851496769832
0 0.3550622279827411 0.6343661088209885 0.017663002014160156 0.017832242525540866
0 0.03896390474759615 0.14643640701587385 0.02189748103802021 0.022090820165780876
0 0.491239987886869 0.7854532095102164 0.01949647756723257 0.019389519324669473
0 0.7010703453650842 0.6426966740534856 0.04530686598557692 0.04593863854041466
0 0.4342928666334886 0.4801343771127554 0.015421353853665866 0.015238248384915866
0 0.15076536398667556 0.08146518010359544 0.018256114079402044 0.01826172608595628
0 0.1599756387563852 0.40717583436232346 0.016879741962139424 0.016768602224496696
0 0.04958480138045091 0.9904079437255859 0.017592870272122897 0.015759688157301683
0 0.7854231320894681 0.7353465740497296 0.04166089571439303 0.04064809359036959
0 0.8963171151968149 0.810934800368089 0.06598722017728366 0.06595288790189303
0 0.9304781693678635 0.024541066243098333 0.017630943885216348 0.01800020382954524
0 0.36588140634390026 0.3846855163574219 0.01756873497596154 0.017762257502629206
0 0.36031224177433896 0.05451654929381151 0.023735779982346755 0.02425045233506423
0 0.09604032223041241 0.30498609176048863 0.01592390353863056 0.01614867723905123
0 0.7643250685471755 0.45650441829974836 0.024714249830979567 0.025211114149827223
0 0.18407748295710638 0.9790771190936749 0.018938504732572116 0.019290337195763223
0 0.7783971933218149 0.31467265349168044 0.015041644756610576 0.014640881465031551
0 0.15047889489393967 0.5591797461876502 0.015074949998121995 0.014988532433143029
0 0.42784826572124773 0.3226167972271259 0.015150950505183293 0.015199514535757212
0 0.5410184493431678 0.3546772003173828 0.016005516052246094 0.015875742985652044
0 0.36008904530451846 0.006222485349728511 0.017431992750901442 0.011618923682432909
0 0.8083016322209284 0.3324884267953726 0.054783014150766224 0.05510447575495793
0 0.07405979816730206 0.145477294921875 0.015560443584735576 0.015476263486422025
0 0.6271977791419396 0.7399221567007211 0.028979081373948317 0.02920106741098257
0 0.8320817213792068 0.6021186755253718 0.017105689415564902 0.01733082991379958
0 0.9127443020160382 0.07180229517129752 0.02635823763333834 0.026806409542377178
0 0.38056131509634167 0.5966986142672025 0.018349427443284255 0.018208870520958535
0 0.06635940533417922 0.8701920142540565 0.01820642214555007 0.01804953355055589
0 0.3478420697725736 0.29149712049044096 0.027240606454702523 0.02697416452261118
0 0.3554479158841647 0.988543437077449 0.021619796752929688 0.020060319166917067
0 0.7379391009990985 0.47118447377131534 0.016689593975360576 0.01695412855881911
0 0.8593921661376953 0.7287315221933218 0.034265371469350964 0.03323041475736178
0 0.9700400279118464 0.03288038189594562 0.022898013775165264 0.022479181106273945
0 0.0760587270443256 0.7717142838698167 0.015272929118229793 0.015554868257962741
0 0.21100183633657602 0.9901353395902194 0.04043241647573618 0.018161773681640625
0 0.749781608581543 0.40927798931415266 0.018531065720778245 0.018419852623572715
0 0.632752198439378 0.7072227184589093 0.013881683349609375 0.013772817758413462
0 0.15363364953261155 0.896915655869704 0.020666085756742038 0.02062812218299279
0 0.4029731750488281 0.67322144141564 0.013707821185772236 0.01381213848407452
0 0.054825590207026556 0.6050666662362906 0.01490317858182467 0.01483447735126202
0 0.9537641085111178 0.9368796715369592 0.03203171950120192 0.032071627103365384
0 0.7177192981426532 0.4443763586191031 0.0269314692570613 0.027942657470703125
0 0.737272702730619 0.5572500962477464 0.02249908447265625 0.022463431725135215
0 0.3030971380380484 0.7679816759549655 0.021303690396822415 0.021417911236102764
0 0.11926524455730732 0.5129713645348182 0.01498585480910081 0.01488810319166917
0 0.7816200256347656 0.5713999087993915 0.013858795166015625 0.013869799100435697
0 0.7427286001352164 0.53500641309298 0.019422384408804085 0.019055586594801683
0 0.493345700777494 0.8400667630709134 0.021207222571739785 0.021313007061298076
0 0.4982471466064453 0.4363310153667743 0.017600499666654147 0.017568001380333535
0 0.6373453140258789 0.6588841951810397 0.025773268479567308 0.026348114013671875
0 0.0934143616602971 0.9533157348632812 0.01533677027775691 0.015184989342322716
0 0.5640902886023889 0.06706158014444205 0.015897750854492188 0.01567866252018855
0 0.6241808671217698 0.2674266191629263 0.014330350435697116 0.014153810647817759
0 0.2225214151235727 0.8910651573768029 0.01647017552302434 0.016335414006159857
0 0.9150616572453425 0.021595157109774075 0.014712700477013221 0.01462696148799016
0 0.6676207322340745 0.9824944276076096 0.0206606938288762 0.020722462580754206
0 0.9604889796330378 0.22992205619812012 0.021837821373572715 0.022003357227032002
0 0.9039062353280874 0.09621291894179124 0.042166489821213946 0.04290410188528208
0 0.90990660740779 0.10230879600231464 0.031040191650390625 0.03141969900864821
0 0.5965134180509127 0.8416216190044696 0.01421524928166316 0.014181723961463341
0 0.6172171372633714 0.11890647961543156 0.01805265133197491 0.018360247978797324
0 0.14424101205972525 0.4876111837533804 0.01512606327350323 0.015215800358698918
0 0.685124764075646 0.3617581587571364 0.016919649564302884 0.01755215571476863
0 0.2618464689988356 0.7892940227801983 0.029349840604341947 0.02809627239520733
0 0.4586009979248047 0.9010341350848858 0.030748954186072715 0.030417809119591348
0 0.7816069676325872 0.7406061612642728 0.04897367037259615 0.049383897047776446
0 0.4483636709359976 0.9267559051513672 0.01679537846491887 0.016519986666165866
0 0.7742728453416091 0.7493053582998422 0.045509044940655045 0.04533532949594351
0 0.7317952376145583 0.4550123948317308 0.013837814331054688 0.014015491192157451
0 0.2626170011667105 0.23778614631065956 0.015102753272423377 0.015081405639648438
0 0.8968723737276517 0.16923214839054987 0.020333216740534857 0.02048213665301983
0 0.7942767510047326 0.9622648679293119 0.024367405818058893 0.02465233435997596
0 0.6453751784104568 0.5297047541691706 0.027834965632512018 0.028101994441105768
0 0.4090607716487004 0.9365945962759165 0.0202487065241887 0.020200729370117188
0 0.08597652728740986 0.264526917384221 0.014453777900108924 0.014166831970214844
0 0.683890122633714 0.3745415760920598 0.024796119103064902 0.025043487548828125
0 0.8011644069965069 0.34518909454345703 0.04426017174353966 0.043344937838040866
0 0.955692511338454 0.2441109143770658 0.028590862567608174 0.028421401977539062
0 0.9541180684016302 0.7262259263258714 0.01869069612943209 0.018448462853064902
0 0.059959269486940824 0.0586925378212562 0.08744713893303505 0.08550684268657978
0 0.30086414630596453 0.35168996224036586 0.014206886291503906 0.014194855323204627
0 0.751751973078801 0.5707154273986816 0.018897129939152643 0.019320267897385817
0 0.6854769633366511 0.3779591413644644 0.020673458392803486 0.0203400391798753
0 0.952841538649339 0.557438850402832 0.03761643629807692 0.037805924048790567
0 0.5818851177509015 0.7076045549832858 0.033353438744178183 0.033183904794546276
0 0.9309390141413763 0.5637822517981896 0.032396756685697116 0.031611075768103965
0 0.9639761998103216 0.7571123563326322 0.039771740253155045 0.04528515155498798
0 0.5723488514239972 0.4525503378648024 0.015735112703763522 0.015525010915902944
0 0.6206513918363131 0.5212651766263522 0.03439041284414438 0.03438406724196214
0 0.17499366173377404 0.5981264114379883 0.03271777813251202 0.03256445664625902
0 0.9777904657217172 0.7156080099252554 0.012927862314077524 0.017855130709134616
0 0.6412057142991286 0.5687850438631498 0.03938850989708534 0.038426692669208236
0 0.6307575519268329 0.7362792675311749 0.03186651376577524 0.03201499352088341
0 0.8605224902813251 0.9870036198542669 0.033804673414963946 0.022679989154522236
0 0.93993407029372 0.48637107702401966 0.01356036846454327 0.013463900639460636
0 0.29004825078524077 0.9749048673189603 0.01378631591796875 0.013914841871995192
0 0.572570067185622 0.40784571721003604 0.01380003415621244 0.013883150540865384
0 0.9722179999718299 0.9140299283541166 0.022016378549429085 0.023753532996544473
0 0.7917266258826623 0.6810370225172776 0.01809839101938101 0.018351334791917067
0 0.7459511390099158 0.48600956109853893 0.013548337496243991 0.013581422659067007
0 0.5089442913348858 0.8279970609224759 0.023263197678786058 0.022493362426757812
0 0.39606079688439 0.6158908697275015 0.01448807349571815 0.014184951782226562
0 0.4148675478421725 0.5033795283390925 0.020879745483398438 0.02071806100698618
0 0.39621943693894607 0.7011270523071289 0.014806894155649038 0.014756716214693509
0 0.13211348423591027 0.23219816501323992 0.01442856055039626 0.014120835524338942
0 0.5209742326002854 0.7700919371384841 0.03116182180551382 0.03071726285494291
0 0.846439948448768 0.6550772006695087 0.04345996563251202 0.042159007145808294
0 0.8915772071251502 0.05526138268984281 0.0166623042179988 0.016565597974337064
0 0.9483165740966797 0.03492829891351553 0.018854581392728366 0.019134769072899453
0 0.9299983978271484 0.584305213047908 0.014257724468524639 0.014087970440204326
0 0.667360966022198 0.2524560048029973 0.02037503169133113 0.02041780031644381
0 0.8266308124248798 0.21257598583514875 0.013677743765024038 0.013759833115797777
0 0.6004690757164588 0.6918464073768029 0.0407708974984976 0.03980445861816406
0 0.6384041125957782 0.37105175165029675 0.016947526198167067 0.016832645122821514
0 0.6213995860173152 0.5167922973632812 0.04326967092660757 0.04014169252835787
0 0.9536922894991361 0.7224732912503756 0.025677901047926683 0.025314917931189902
0 0.1458821571790255 0.2729195081270658 0.014380069879385142 0.014838805565467248
0 0.040656717923971325 0.0835273265838623 0.014931357823885404 0.014955479365128737
0 0.21618380913367638 0.8489844982440655 0.017536383408766527 0.017708705021784857
0 0.13093066215515137 0.10778513321509728 0.017426784221942607 0.017409031207744893
0 0.5563942835881159 0.7192727602445163 0.022258171668419473 0.022641402024489183
0 0.01698604913858267 0.09295525917640099 0.012798579839559702 0.015803153698260967
0 0.1601290886218731 0.6135212824894831 0.015172628255990835 0.015383353600135216
0 0.8617262473473182 0.3199477195739746 0.013013693002554087 0.013251084547776442
0 0.3683465810922476 0.6988174731914814 0.024162879356971152 0.024666712834284857
0 0.35670082385723406 0.9726384969858023 0.01963696112999549 0.01970672607421875
0 0.0542898361499493 0.1869649703686054 0.01376502330486591 0.013629509852482723
0 0.5425517742450421 0.7408595451941857 0.04868169931265024 0.04944698627178486
0 0.6336455711951623 0.7315016526442307 0.030914306640625 0.02908471914438101
0 0.3455381393432617 0.2941616131709172 0.03169162456805889 0.03368252974290114
0 0.7409870441143329 0.3383050331702599 0.04352833674504207 0.04153031569260817
0 0.35591785724346453 0.9755080296443059 0.020353317260742188 0.020022465632512018
0 0.1698144032404973 0.13560640811920166 0.03530109845674955 0.03466490598825308
0 0.8253638194157527 0.733308351956881 0.025756982656625602 0.0258029057429387
0 0.05896092378176176 0.4345881388737605 0.015981325736412637 0.015996932983398438
0 0.8460456407987155 0.6312892620380108 0.023969210111177884 0.023142301119290866
0 0.8956844623272235 0.08813745241898757 0.02945533165564904 0.02811010067279522
