0 0.7190103530883789 0.45771371401273286 0.11098377521221454 0.1100452129657452
0 0.4903388756972093 0.9331615154559796 0.10203060737022987 0.10407213064340445
0 0.7016377815833459 0.7102168156550481 0.0583805671105018 0.05938515296349159
0 0.7208411143376277 0.6363986088679388 0.061362193180964544 0.06142014723557692
0 0.8190181438739483 0.8582514249361478 0.05575972336989183 0.056529998779296875
0 0.549315856053279 0.19143880330599272 0.11497079409085788 0.11643097950862004
0 0.4710556176992563 0.2671786088209886 0.06049816425030048 0.060311317443847656
0 0.23224834295419547 0.23236887271587664 0.05450520148644081 0.05444152538592999
0 0.6347958491398737 0.6509839571439303 0.05674446546114408 0.055977161114032455
0 0.22489687112661508 0.020485502022963304 0.03724222916823167 0.036458648168123685
0 0.44551856701190656 0.12333928621732272 0.03645016596867488 0.03666771375215971
0 0.48276490431565505 0.14459746617537278 0.045168509850135215 0.045090473615206204
0 0.29467353454002965 0.09441965359907883 0.03907368733332707 0.03878023074223445
0 0.40918915088360125 0.03145909767884474 0.07359563387357272 0.06203762384561392
0 0.31748562592726487 0.17016680424030012 0.030570323650653545 0.03047624001136193
0 0.5303902992835412 0.5615725517272949 0.02940221933218149 0.02950008098895733
0 0.813758556659405 0.5376255328838642 0.033495389498197116 0.03337566669170673
0 0.8289069395798904 0.9537563323974609 0.03755745520958534 0.04265183668870192
0 0.7140431037315955 0.38092825962946963 0.0363000723031851 0.03670824491060697
0 0.3919926423292894 0.7124847998985877 0.02825619624211238 0.028447371262770433
0 0.3263389147244967 0.7125458350548377 0.03268271226149339 0.03269606370192308
0 0.5901945187495306 0.7079457503098708 0.031361873333270736 0.03147536057692308
0 0.4536450459406926 0.01780658043347872 0.048143166762131914 0.03455984133940477
0 0.7479141675508939 0.5298665853647085 0.0416258298433744 0.04180438701923077
0 0.26653154079730695 0.7530792676485502 0.018217086791992188 0.01815634507399339
0 0.5678311861478366 0.4778636418856107 0.04054186894343449 0.04081014486459585
0 0.26770901679992676 0.4266966673044058 0.01930684309739333 0.01902484893798828
0 0.34651987369243914 0.0871353424512423 0.03838751866267277 0.03790587645310622
0 0.3947283671452449 0.09402698736924392 0.025336412283090446 0.025136764232928935
0 0.49308017583993763 0.5489281874436599 0.021001008840707634 0.020965429452749398
0 0.7038771555973933 0.7506134326641376 0.024895301231971152 0.024889725905198317
0 0.36846072857196516 0.12584730295034555 0.02239682124211238 0.022424074319692757
0 0.6647251569307767 0.7873742030217097 0.022958021897536058 0.023068354679987982
0 0.3012441855210524 0.7762974959153396 0.03308545626126803 0.03290000328650841
0 0.5990297610943134 0.7619493924654447 0.021056175231933594 0.020979954646183893
0 0.7567468789907602 0.7128054545475886 0.017122708834134616 0.016951927771935098
0 0.5294372852032001 0.437196841606727 0.022950099064753607 0.023152864896334134
0 0.7961631188025842 0.8162535153902494 0.02454992441030649 0.02461858896108774
0 0.7164765871488131 0.13936027196737436 0.023990924541766826 0.024150353211622972
0 0.28474886600787824 0.8094866825984075 0.029598236083984375 0.030062455397385817
0 0.2950485119452843 0.39995633638822115 0.01909641119150015 0.01904018108661358
0 0.8246952937199519 0.5165564463688777 0.02136817345252404 0.021074588482196514
0 0.45979639200063854 0.36936224423922026 0.02164737994854267 0.021430822519155648
0 0.7976744725153997 0.2610923693730281 0.07425513634314904 0.07483240274282602
0 0.841640985929049 0.08067202568054199 0.02815672067495493 0.04058782412455632
0 0.7704307849590595 0.6696542593149039 0.021939497727614183 0.02164796682504507
0 0.5679294879619892 0.9806181100698618 0.018010946420522835 0.018256994394155648
0 0.5679901563204252 0.38179896428034854 0.040311960073617786 0.039984629704402044
0 0.3100163386418269 0.5873391078068659 0.0185700196486253 0.018747329711914062
0 0.5104355812072754 0.37178321985098034 0.07834544548621544 0.0789348895733173
0 0.6889220751248873 0.5945908473088191 0.02230967008150541 0.022466219388521634
0 0.5685489361102765 0.2914864099942721 0.02710298391488882 0.026911001939039964
0 0.6329699296217698 0.6116051307091346 0.02777862548828125 0.027688099787785456
0 0.31547869168795073 0.060293958737299994 0.03256608889653133 0.03278350830078125
0 0.38727224790132964 0.5311322579017053 0.016345831064077523 0.016187154329740085
0 0.5455655318040115 0.9724809206449069 0.02919747279240535 0.029394149780273438
0 0.8356356987586389 0.7931179633507361 0.02149171095628005 0.021650314331054688
0 0.21440861775324896 0.6043354914738581 0.015532420231745793 0.01547534649188702
0 0.7828520261324369 0.8813305634718674 0.026238368107722357 0.026589026817908652
0 0.5442862877478967 0.23221298364492562 0.019465226393479567 0.019661316504845254
0 0.6215789501483624 0.7702575830312876 0.020075284517728366 0.020134999201847956
0 0.2930324994600736 0.48951420417198765 0.016071099501389723 0.016020848200871393
0 0.5704146165114182 0.4464259514441857 0.04908048189603365 0.048982473520132214
0 0.7439710910503681 0.1655574578505296 0.014736762413611779 0.014688051663912259
0 0.8297951038067157 0.7463370103102464 0.016803154578575723 0.01699682382436899
0 0.8211035361656775 0.8170682466947116 0.035247802734375 0.0358428955078125
0 0.43219577349149263 0.49239877554086536 0.02112432626577524 0.02128733121431791
0 0.4010934829711914 0.34906545052161586 0.03449601393479567 0.03438406724196214
0 0.6708698272705078 0.7275810241699219 0.016427260178786058 0.016284062312199518
0 0.4809130521921011 0.4278771693889911 0.06993550520676833 0.07071942549485427
0 0.6988930335411658 0.293249460367056 0.1419214101938101 0.14579032017634466
0 0.8255469982440655 0.6509160995483398 0.016427260178786058 0.016368279090294473
0 0.5298242568969727 0.98804077735314 0.021309779240534857 0.01985315176156851
0 0.8222538874699519 0.7668522321260892 0.017304640549879808 0.017445931067833535
0 0.32673351581280047 0.19710526099571815 0.01641992422250601 0.016435513129601113
0 0.6616948201106145 0.21121413891132063 0.13279606745793268 0.13547908342801607
0 0.5394373673659104 0.9492171360896184 0.01593318352332482 0.015883665818434495
0 0.544888423039363 0.009169517228236565 0.030582134540264424 0.017681462260392997
0 0.3370510248037485 0.24535813698401818 0.059676096989558294 0.06034498948317308
0 0.1740729258610652 0.09679354154146634 0.015573061429537259 0.015362702883206882
0 0.6006454321054312 0.621367307809683 0.028693125798152044 0.028424776517427884
0 0.6861677903395432 0.7852564591627854 0.017899733323317308 0.017693739670973558
0 0.5648310001079853 0.34684375616220325 0.033632718599759616 0.033626556396484375
0 0.41277676362257737 0.13717003969045785 0.014715488140399639 0.015015125274658203
0 0.6215907610379733 0.09276698185847355 0.02011240445650541 0.020076641669640176
0 0.8297211573674128 0.28054534471952 0.01612267127403846 0.01584933354304387
0 0.8430834550123948 0.5473789068368765 0.017025287334735576 0.018245183504544772
0 0.3835735321044922 0.30014646970308745 0.0815572005051833 0.08051637502817008
0 0.3953373982356145 0.29026291920588565 0.019553991464468148 0.01839138911320613
0 0.28109209354107195 0.8594281123234675 0.024954795837402344 0.02499976524939904
0 0.5379364307110126 0.31267789693979114 0.01724419227013221 0.017165715877826396
0 0.7058834662804236 0.10793631810408372 0.019388198852539062 0.019386089765108548
0 0.6076502433189979 0.026247187302662775 0.01631472660945012 0.0165097896869366
0 0.7453284630408654 0.8550030634953425 0.023757054255558893 0.0235135005070613
0 0.7660070566030649 0.6952090630164514 0.015298696664663462 0.01532451923076923
0 0.6020605380718524 0.03567189436692458 0.018744835486778848 0.018489819306593675
0 0.44263216165395886 0.35866612654465896 0.020113724928635817 0.020099639892578125
0 0.256147549702571 0.7363527738131009 0.01569377459012545 0.015975365271935098
0 0.7342425126295823 0.1116182620708759 0.028270134559044473 0.02850184073814979
0 0.6872987013596755 0.8251509299645057 0.029497293325570915 0.028479796189528245
0 0.5223859273470365 0.2833089461693397 0.050482676579402044 0.050147056579589844
0 0.8208040090707632 0.8139522259051983 0.029467949500450723 0.0304562495304988
0 0.5804292238675631 0.9908549969012921 0.01632411663348858 0.013494638296274038
0 0.8269865329448993 0.12701510466062105 0.0166934086726262 0.016614638842069186
0 0.6899056067833533 0.8182516831618089 0.04520621666541466 0.04503484872671274
0 0.3975253105163574 0.2865362534156212 0.02407389420729417 0.023800042959359977
0 0.22527304062476525 0.5393183781550481 0.020277646871713493 0.020238876342773438
0 0.8231408779437726 0.6065364250769982 0.025848975548377402 0.025351450993464544
0 0.6852863018329327 0.7532664078932542 0.015671950120192308 0.01583099365234375
0 0.7301288751455454 0.7803934537447416 0.0144044435941256 0.014517564039963942
0 0.43700320904071516 0.5275438015277569 0.01744842529296875 0.017354451693021335
0 0.5739334179804876 0.11772075066199669 0.019267815809983473 0.01837359941922701
0 0.6877875694861779 0.8237404456505408 0.03573813805213341 0.034322298490084134
0 0.5121184862576998 0.4584086858309232 0.03175838177020733 0.031339792104867786
0 0.7011579366830679 0.8011346963735727 0.0254061772273137 0.025272369384765625
0 0.2790481677422157 0.07060811611322257 0.015696305495042067 0.015681899510897122
0 0.33697142967811 0.6819681754479041 0.01685201204740084 0.016951487614558294
0 0.7324253962590144 0.11236306337209848 0.02300849327674279 0.022881471193753757
0 0.42464417677659255 0.41455705349261945 0.051296087411733776 0.05136717282808744
0 0.8213825225830078 0.48753525660588193 0.015273460975060096 0.014839612520658053
0 0.5971053930429312 0.9923844704261193 0.016669640174278848 0.01282501220703125
0 0.5737587855412409 0.4145179895254282 0.025011209341195915 0.025808040912334736
0 0.7706483694223257 0.8333795987642728 0.027614006629356973 0.02759522658128005
0 0.40505497272198016 0.3732254688556378 0.020065747774564303 0.020067141606257513
0 0.5466211759127103 0.12889660321749175 0.0303192138671875 0.030104563786433294
0 0.7827485157893255 0.682617921095628 0.013814926147460938 0.014205345740685096
0 0.8045492905836839 0.6465278038611779 0.014082981989933895 0.014203585111177884
0 0.5750634120060847 0.4476660948533278 0.041823167067307696 0.04119154123159555
