0 0.5842479192293607 0.7374525803786057 0.07545287792499249 0.07597204355093148
0 0.34992071298452526 0.33374650661761945 0.1655111863062932 0.2295689216026893
0 0.4091031734759991 0.8788167513333834 0.09610572228064904 0.09652988727276142
0 0.5095435289236215 0.5766945985647348 0.0980072021484375 0.09701926891620342
0 0.5717441118680514 0.36477800515981823 0.06903237562913161 0.06984204512376052
0 0.44432984865628755 0.655556165255033 0.1128077873816857 0.11304972721980168
0 0.4653339385986328 0.06392135528417733 0.06365599999060997 0.06329904152796818
0 0.5336110041691706 0.2969496433551495 0.019797545212965745 0.019896653982309196
0 0.3182824208186223 0.657954582801232 0.064375822360699 0.06436978853665866
0 0.36423213665301984 0.9616131415733924 0.04630323556753305 0.046142871563251205
0 0.4999551039475661 0.4994213397686298 0.030900955200195312 0.03107936565692608
0 0.6927548922025241 0.5818309417137733 0.03466298029972957 0.034419866708608776
0 0.30670767564039964 0.2360224357018104 0.043059128981370196 0.04321501805232121
0 0.45081307337834287 0.1486192299769475 0.019260406494140625 0.019219141740065355
0 0.46173645899846005 0.4504415805523212 0.019613265991210938 0.01984229454627404
0 0.5425039804898776 0.9471579331618089 0.0856479498056265 0.08623240544245793
0 0.5053609701303335 0.1788788391993596 0.020685782799353965 0.020734163431020882
0 0.6202694819523737 0.601259891803448 0.07615863359891452 0.07725451542780949
0 0.425264285160945 0.12214714747208816 0.019055733313927285 0.01916329677288349
0 0.3729705076951247 0.14896871493412897 0.03165413783146785 0.03188162583571214
0 0.4636419369624211 0.3859760577862079 0.02392270014836238 0.024023936345027044
0 0.7095794677734375 0.6118934337909405 0.032919076772836536 0.03460209186260517
0 0.6625326596773587 0.6001699887789212 0.03602864192082332 0.03560682443472055
0 0.6533140035775992 0.6459486301128681 0.03009620079627404 0.030251576350285456
0 0.5296974182128906 0.03337953182367178 0.05108715937687801 0.0513687959084144
0 0.7077520077045147 0.13545916630671576 0.02552311237041767 0.0254668639256404
0 0.6531643500694861 0.5757358624384954 0.02234473595252404 0.022367183978740986
0 0.48856111673208386 0.033273201722365156 0.02424005361703726 0.024191938913785495
0 0.37508058547973633 0.1029668404505803 0.01818979703463041 0.017938522192148063
0 0.47678345900315505 0.7897960956280048 0.03493778522198017 0.034879244290865384
0 0.7140083312988281 0.1928099852341872 0.025865994966947116 0.02590069404015174
0 0.42450530712421125 0.49063557844895583 0.018184368426983174 0.018247457650991585
0 0.35938237263606143 0.9083929795485276 0.06733520214374249 0.06635548518254207
0 0.41231265434852016 0.22239138529850885 0.03627483661358173 0.03649828984187199
0 0.6449829248281626 0.3693641515878531 0.018267998328575723 0.018474578857421875
0 0.54511781839224 0.8561842258159931 0.09550696152907151 0.09679691608135517
0 0.4506039252647987 0.7523177220271184 0.023865186251126803 0.024220099815955527
0 0.592465877532959 0.26917485090402454 0.019506307748647835 0.0195925785945012
0 0.6185461924626277 0.1659729664142315 0.10133757958045372 0.10260116136991061
0 0.5023311468271109 0.4015340438255897 0.018376717200646035 0.018467829777644232
0 0.45012499735905576 0.7923096876878005 0.02039469205416166 0.02019530076246995
0 0.5764021873474121 0.42848660395695615 0.06428359105036809 0.06504895136906551
0 0.594876216008113 0.25175967583289516 0.017656619732196514 0.017527360182542067
0 0.4263053307166466 0.2516344143794133 0.01890285198505108 0.01904498613797701
0 0.6750323955829327 0.6335037671602689 0.018623938927283652 0.01839931194598858
0 0.35448338435246396 0.47663219158466047 0.01914185744065505 0.018878349891075723
0 0.33116623071523815 0.020381510257720947 0.019414755014272835 0.019176592047397908
0 0.5724452092097356 0.678994398850661 0.020834629352276143 0.020688423743614785
0 0.3382148009080153 0.5917522723858173 0.026197360112116888 0.026614262507512018
0 0.6809062957763672 0.6497950920691857 0.02518287071814904 0.025517390324519232
0 0.5347473437969501 0.4051052973820613 0.022069490872896634 0.022068903996394232
0 0.6854344881497897 0.37913007002610427 0.05247218792255108 0.0523992685171274
0 0.5474568880521334 0.2372889151939979 0.017112365135779746 0.016965572650615986
0 0.50580200782189 0.9101486206054688 0.016104991619403545 0.016150547907902643
0 0.6474830920879657 0.42296886444091797 0.016609778771033652 0.01657588665301983
0 0.4212611271784856 0.8147576405451848 0.018618657038762018 0.01869832552396334
0 0.55899322949923 0.6204597032987155 0.01738254840557392 0.017401475172776442
0 0.4591829226567195 0.7173312260554388 0.02937001448411208 0.030384944035456732
0 0.3094332401569073 0.10060889904315655 0.08603543501633865 0.08881546900822566
0 0.6392776782696064 0.23421331552358773 0.020294776329627402 0.02043804755577674
0 0.45426177978515625 0.7753896713256836 0.020724076491135817 0.021529417771559495
0 0.3427298619196965 0.7765739147479718 0.1424420980306772 0.17179342416616586
0 0.5661813295804538 0.9702943655160757 0.09446459550123948 0.054642897385817304
0 0.45636617220365083 0.9712179624117337 0.018569506131685697 0.018637437086838942
0 0.5848073959350586 0.21125848476703352 0.015476006727952223 0.01563893831693209
0 0.44975823622483474 0.49332119868351865 0.027394734896146335 0.02754666255070613
0 0.5991899050199069 0.5493955978980432 0.016185980576735277 0.016074253962590143
0 0.3324470520019531 0.4905189367441031 0.016048431396484375 0.01610726576585036
0 0.4598387204683744 0.9144718463604267 0.016352433424729567 0.01620630117563101
0 0.5308126302865835 0.6949721116286057 0.05642406757061298 0.057641102717472956
0 0.7181251966036283 0.5955923887399527 0.01555633544921875 0.0167847413283128
0 0.657187241774339 0.972221301152156 0.016502967247596152 0.016430487999549277
0 0.3607517389150766 0.5372839707594651 0.01637722895695613 0.016315460205078125
0 0.5603267229520358 0.4488030213576097 0.01414020244891827 0.014352064866286058
0 0.43320905245267427 0.7800178527832031 0.020054083604079027 0.020067361684945915
0 0.38210450685941255 0.332914425776555 0.014631271362304688 0.014341060931865986
0 0.49173714564396787 0.3102086874154898 0.014955960787259616 0.015003516123845028
0 0.2806125787588266 0.15681936190678522 0.015319604140061598 0.015530659602238582
0 0.4645793621356671 0.6943671153141902 0.02492347130408654 0.025268994844876803
0 0.6163224440354568 0.1981053902552678 0.01609039306640625 0.016078472137451172
0 0.6032224801870493 0.6703316615178034 0.016726273756760817 0.01647186279296875
0 0.5289246852581317 0.7309797727144681 0.024059809171236478 0.02374443641075721
0 0.6639892137967623 0.06390024148500882 0.040807137122521035 0.040982374778160684
0 0.5521340003380408 0.1370967168074388 0.04933313223031851 0.04929549877460186
0 0.6328086853027344 0.05111546699817364 0.020870502178485576 0.020699042540330153
0 0.3260852006765512 0.46480442927433896 0.03577107649583083 0.03560711787297176
0 0.6892500657301682 0.9215984344482422 0.015621185302734375 0.015544744638296274
0 0.3432699717008151 0.010380291021787204 0.01760526803823618 0.01658703272159283
0 0.7006620993980994 0.40735479501577526 0.015234433687650241 0.015392083388108473
0 0.4160788976229154 0.25412750244140625 0.038696655860314004 0.03877126253568209
0 0.7178353529710036 0.9773799456082858 0.014009035550631009 0.017728805541992188
0 0.5014119515052209 0.6069184083205003 0.017540124746469352 0.01753689692570613
0 0.5822608654315655 0.053634047508239746 0.06035452622633714 0.06001857610849234
0 0.31632518768310547 0.14326336750617394 0.10207247734069824 0.16815154369060809
0 0.5677217336801382 0.6090863301203802 0.014703750610351562 0.014969752385066105
0 0.6262067648080679 0.6725810124323919 0.014578892634465145 0.01473529522235577
0 0.7028403648963342 0.3937812951894907 0.015385260948768029 0.015216974111703726
0 0.6751767672025241 0.5187434416550857 0.014043954702524038 0.013902224027193509
0 0.7212713681734525 0.5535480792705829 0.013231717623197116 0.019344476553109977
0 0.2743934484628531 0.08506267804365891 0.016912313608022835 0.018424272537231445
0 0.5081887611976037 0.32803869247436523 0.017554503220778245 0.01743478041428786
0 0.34594022310697115 0.6265346086942233 0.022816291222205527 0.02322842524601863
0 0.576475583589994 0.5147211368267353 0.09032044043907753 0.09500679602989784
0 0.3683660580561711 0.5792838610135592 0.020467391380896933 0.020425136272723857
0 0.6931734818678635 0.8102333362285907 0.06055024953988882 0.06171255845289964
0 0.4940095314612755 0.04808491926926833 0.01937073927659255 0.019182150180523213
0 0.5195435744065505 0.5844419919527494 0.015074363121619591 0.014711526724008413
0 0.637713358952449 0.3843219830439641 0.020580145028921273 0.020862432626577523
0 0.6018843284020057 0.6962555371798002 0.014796770535982572 0.014705071082481971
0 0.5272860527038574 0.06862934277607845 0.05150692279522236 0.05010508573972262
0 0.6031119273259089 0.27782231110792893 0.0675814701960637 0.06659845205453727
0 0.554474610548753 0.1987291115980882 0.037422473614032455 0.03749531965989333
0 0.499967281634991 0.6238133357121394 0.022484852717472956 0.021990115825946514
0 0.6400765639085036 0.3818680689885066 0.017956953782301683 0.018627093388484076
0 0.6297882520235502 0.9458351135253906 0.04922778789813702 0.048066359299879804
0 0.539699884561392 0.8206374828632061 0.01947175539456881 0.019222259521484375
0 0.7101681049053485 0.6455871141873873 0.03188588069035457 0.045392403235802285
0 0.5467040355388935 0.20228070479172927 0.021564263563889723 0.0227964107806866
0 0.6409564385047326 0.07980484228867751 0.01903533935546875 0.018778768869546745
0 0.4524549337533804 0.7799779451810397 0.021398544311523438 0.023421067457932692
0 0.571307475750263 0.6567277174729568 0.015765263484074518 0.0158078120304988
0 0.37908385350153995 0.005945377624951876 0.015305519104003906 0.01099554392007681
0 0.6558189392089844 0.3985525644742526 0.013691535362830529 0.013379463782677284
