0 0.5914634191072904 0.6958785423865685 0.06245341667762169 0.06214816753680889
0 0.4588152812077449 0.965069844172551 0.06043507502629207 0.05975958017202524
0 0.7470443432147686 0.9781659199641302 0.04517628596379207 0.04263599102313702
0 0.32274290231557995 0.3813037872314453 0.04574108123779297 0.045629648061899036
0 0.42715938274676984 0.044908890357384317 0.05555563706618089 0.055065466807438776
0 0.3926356388972356 0.8073365138127253 0.02938211881197416 0.029260782095102165
0 0.22646097036508414 0.8540851886455829 0.028191199669471152 0.028182103083683893
0 0.6914443969726562 0.10872679490309495 0.019948519193209134 0.019941146557147685
0 0.502123759343074 0.5557754223163311 0.022857519296499398 0.022714541508601263
0 0.6081292445843036 0.4800537182734563 0.020162362318772536 0.020381854130671576
0 0.6279610853928786 0.8683184110201322 0.040375049297626205 0.04003700843224159
0 0.3208410923297589 0.06113062455103947 0.03825466449444111 0.03813635385953463
0 0.2095153148357685 0.15260847715231088 0.032181079571063705 0.032209194623506986
0 0.48935670119065505 0.9357710618239182 0.030530782846304085 0.030415755051832933
0 0.2657194504371056 0.6139280245854304 0.02485524691068209 0.024831698491023138
0 0.2207369070786696 0.8160947652963492 0.02422362107496995 0.024198385385366585
0 0.43427650745098406 0.35051074394812953 0.018885685847355768 0.01888451209435096
0 0.6749106920682467 0.23972173837515023 0.02045895503117488 0.0205384034376878
0 0.558978374187763 0.2287439199594351 0.019657281728891227 0.019717950087327223
0 0.33385379497821516 0.5730415490957407 0.0250399662898137 0.024843215942382812
0 0.3767662048339844 0.8304103704599234 0.026496300330528848 0.026283851036658652
0 0.4226487966684195 0.9693315212543194 0.023639678955078125 0.02365875244140625
0 0.3816085962148813 0.9324887349055364 0.018940485440767728 0.019045462975135215
0 0.46233155177189755 0.8097359583928034 0.01943551577054537 0.01955560537484976
0 0.34235620498657227 0.09669309396010178 0.044434767503004804 0.044223712040827826
0 0.34154503162090594 0.7947603372427133 0.020841598510742188 0.02075826204740084
0 0.6274011318500226 0.33057249509371245 0.021018541776216947 0.021106793330265924
0 0.4817236020014836 0.23655583308293268 0.021868412311260518 0.022140356210561898
0 0.22591385474571815 0.6065220466026893 0.01882193638728215 0.019010397104116585
0 0.43858524469228893 0.5867371192345252 0.02443100855900691 0.02392093951885517
0 0.5301975837120643 0.9380636948805589 0.023039891169621393 0.022568335899939902
0 0.22688748286320612 0.5235984508807843 0.022370558518629808 0.02223689739520733
0 0.20825829872718224 0.39827999701866734 0.02139150179349459 0.021286597618689902
0 0.6179045163668119 0.26521347119258 0.01644453635582557 0.016705696399395283
0 0.7029091761662409 0.1828888746408316 0.018762735220102165 0.018638757558969352
0 0.24641165366539589 0.33390976832463193 0.018452240870549128 0.018363219041090745
0 0.32295901958759016 0.4851999649634728 0.015987616318922777 0.016100003169133112
0 0.30475356028630185 0.8400114499605619 0.016876660860501803 0.01659569373497596
0 0.6054761593158429 0.856903442969689 0.016610218928410456 0.01670969449556791
0 0.3230704894432655 0.7381437741793119 0.016541334298940804 0.016612419715294473
0 0.5936357058011569 0.21529006958007812 0.023961213918832634 0.024321812849778395
0 0.5747880935668945 0.9369718111478366 0.08374258188100961 0.08432300274188702
0 0.24918444340045637 0.5296927232008714 0.018212208381065957 0.018147101769080527
0 0.5764755469102126 0.6114203379704402 0.09854617485633263 0.10371222862830529
0 0.23341996853168195 0.679319821871244 0.024550584646371696 0.02454522939828726
0 0.7311737353985126 0.9398045173058143 0.015801209669846755 0.01560504619891827
0 0.24544734221238357 0.66033385350154 0.02336252652681791 0.024223180917593148
0 0.4450386487520658 0.8507686028113732 0.0199582026554988 0.019972874568058893
0 0.40747704872718227 0.8943664844219501 0.022849156306340143 0.022828175471379206
0 0.5041928658118615 0.6930412879356971 0.05410150381234976 0.05343921367938702
0 0.25983493144695574 0.7873115539550781 0.016981858473557692 0.016954568716195915
0 0.29608293680044323 0.8257807218111478 0.01590420649601863 0.015616490290715145
0 0.43485912909874547 0.6044125923743615 0.1559151869553786 0.15689512399526742
0 0.5001923487736628 0.3300989591158353 0.016731995802659255 0.017225118783804085
0 0.43169806553767276 0.01619087618130904 0.019842074467585638 0.020273990356005155
0 0.7251843672532302 0.5918224041278546 0.020795381986177884 0.020905714768629808
0 0.2909999627333421 0.691615838270921 0.0172574336712177 0.017351150512695312
0 0.21875531856830305 0.6473328517033503 0.020863973177396335 0.020588214580829326
0 0.5610556969275842 0.5535809810344989 0.015952257009652946 0.015578490037184495
0 0.7118384287907527 0.22132374690129206 0.01706240727351262 0.01721477508544922
0 0.35305147904616135 0.34298537327693057 0.01886749267578125 0.019116621751051683
0 0.33790342624370867 0.8511349604679987 0.017316598158616286 0.017154840322641227
0 0.32772177916306716 0.30728853665865385 0.023286819458007812 0.022906083327073317
0 0.49547488872821516 0.2999587792616624 0.04232714726374699 0.041959249056302585
0 0.5268419705904447 0.9755195470956656 0.01652680910550631 0.016719524676983174
0 0.6741861930260291 0.9838652977576623 0.024670527531550482 0.024617708646334134
0 0.7838938786433294 0.2669266187227689 0.03288415762094351 0.03309425940880409
0 0.38567623725304234 0.384946529681866 0.01833372849684495 0.01813639127291166
0 0.5907848798311673 0.5358951641963079 0.02031223590557392 0.02007609147291917
0 0.7427781911996695 0.16320995184091422 0.03313313997708834 0.033154423420245833
0 0.7179932961097131 0.5363088020911584 0.03672218322753906 0.03679216825045072
0 0.42310545994685245 0.483770884000338 0.14159451998197115 0.13906288146972656
0 0.3717383604783278 0.2939787828005277 0.026621011587289665 0.026450413923997145
0 0.5758291024428147 0.8144528315617487 0.019700270432692308 0.01985652630145733
0 0.22844175192025992 0.7524418464073768 0.01460735614483173 0.014998802771935096
0 0.5362264559819148 0.2395172119140625 0.02388286590576172 0.02367093012883113
0 0.6474099526038537 0.839900016784668 0.015366921058067909 0.01543133075420673
0 0.5969774539654071 0.9077399327204778 0.043691048255333535 0.0435479971078726
0 0.4088867994455191 0.09184587918795072 0.02851581573486328 0.028779946840726413
0 0.36914752079890323 0.92395569727971 0.13501532261188215 0.13576287489670974
0 0.28447683040912336 0.1125174302321214 0.014222291799692007 0.014649721292349009
0 0.7522182464599609 0.6939144134521484 0.014817604651817909 0.014791635366586538
0 0.21569534448476937 0.47847931201641375 0.015800109276404746 0.015727996826171875
0 0.6906907008244441 0.2988725992349478 0.015305445744441105 0.015304088592529297
0 0.7083281003511869 0.3325029519888071 0.017513862022986777 0.017608789297250602
0 0.5285699184124286 0.8910881922795222 0.01447750971867488 0.015449230487530049
0 0.5389663622929499 0.7836867112379807 0.07083878150353065 0.07024911733774039
0 0.6731382516714243 0.8180203071007361 0.015502636249248799 0.015542250413161058
0 0.2833598210261418 0.5822895490206205 0.016159717853252705 0.016312525822566107
0 0.45316043266883266 0.700152323796199 0.014659588153545674 0.014874678391676683
0 0.4888365085308368 0.09763583770165077 0.014498050396259014 0.014629180614764873
0 0.741027098435622 0.8036795396071214 0.014286628136268029 0.014569796048677884
0 0.5184162580049955 0.8549963144155649 0.02130405719463642 0.021089993990384616
0 0.24841944987957293 0.5939927467933068 0.024464937356802132 0.024173589853140023
0 0.4776718066288875 0.4004647181584285 0.0927578852726863 0.09177838839017428
0 0.2691808847280649 0.5025490980881911 0.014699202317457933 0.015156305753267728
0 0.21675449151259202 0.6251776768611028 0.01838838137113131 0.018505389873798076
0 0.5146239354060247 0.8317846885094275 0.018513019268329326 0.01817483168381911
0 0.30063403569735014 0.8138627272385818 0.01485740221463717 0.015323638916015625
0 0.38634465290949893 0.4567875495323768 0.036524259127103366 0.03647628197303185
0 0.7531296656681941 0.7595666738656851 0.014814523550180288 0.014704190767728366
0 0.21315501286433294 0.35738372802734375 0.01890087127685547 0.01909299997182993
0 0.33811521530151367 0.5434856047997108 0.01634700481708233 0.016467828017014723
0 0.20838282658503607 0.5915560722351074 0.018503335806039665 0.026325079110952523
0 0.726736802321214 0.8519509388850286 0.014702576857346755 0.014889937180739183
0 0.20294580092796913 0.32285330845759463 0.015470431401179386 0.016582342294546273
0 0.7794358180119441 0.8235373863807092 0.01598182091346154 0.015955998347355768
0 0.7123966217041016 0.37612698628352237 0.014850323016826924 0.014970852778508114
0 0.37605692790104794 0.7198923551119291 0.08925900092491737 0.08867351825420673
0 0.4952569374671349 0.8435964584350586 0.015416365403395433 0.015658745398888223
0 0.7151049100435697 0.04551899433135986 0.09614064143254207 0.08583752925579365
0 0.6549075200007513 0.44467874673696667 0.039891756497896634 0.03950588519756611
0 0.7580033815824069 0.0942537050980788 0.014955373910757212 0.014797027294452373
0 0.5676456598135141 0.6500004988450271 0.01627012399526743 0.01639835651104267
0 0.5750009463383601 0.9531560310950646 0.06712656754713792 0.06113639244666466
0 0.2971763060643123 0.9522368357731745 0.18756517997154823 0.09362631577711839
