0 0.8458238748403696 0.8875534351055439 0.056633289043719955 0.0564264150766226
0 0.9528022179236779 0.9458153064434345 0.0816354017991286 0.08211223895733173
0 0.13983811781956598 0.13301623784578764 0.055247288483839765 0.05513216898991512
0 0.7501332209660456 0.8749064665574294 0.05275403536283053 0.05244871286245493
0 0.5610240055964544 0.20663947325486404 0.09121865492600661 0.09163893186129056
0 0.3971787966214694 0.9407641337468073 0.05133144672100361 0.05101790794959435
0 0.4944080939659706 0.10590745852543758 0.050623526939978965 0.050902953514685996
0 0.3364573258620042 0.2077331726367657 0.05051143352801983 0.050730155064509466
0 0.7820167541503906 0.5539613136878381 0.10726063068096454 0.10355934729942909
0 0.5821201984698956 0.3275765272287222 0.06179237365722656 0.06246471405029297
0 0.06504956117043129 0.29771592066838193 0.029116052847642165 0.029015467717097357
0 0.34992122650146484 0.2510816500737117 0.05340664203350361 0.05336710122915415
0 0.9212892972506009 0.10359389965350811 0.028915992149939902 0.02889867929311899
0 0.5899129280677209 0.37298283210167515 0.055262052095853366 0.05643536494328426
0 0.5644212502699631 0.11821765166062576 0.031246405381422777 0.03160417996920072
0 0.8955502143272986 0.8724820063664362 0.021292466383713942 0.021364945631760817
0 0.04771613157712496 0.2815578900850736 0.024329332204965446 0.024261988126314603
0 0.3837451934814453 0.2997235885033241 0.027332892784705527 0.027402511009803183
0 0.4213446103609525 0.8286464397723858 0.04697579603928786 0.04708158052884615
0 0.8949937086838943 0.9041728973388672 0.021676283616286058 0.021704747126652643
0 0.824802251962515 0.4666300553541917 0.023289313683143027 0.023286819458007812
0 0.6979103821974534 0.29135759060199445 0.046232957106370196 0.04670502589299129
0 0.6326368038470929 0.4365667196420523 0.08023408743051383 0.07999941018911508
0 0.7314180227426382 0.3745121222275954 0.02118682861328125 0.0210573489849384
0 0.34591058584359974 0.5560273023752066 0.048160406259390026 0.04782390594482422
0 0.9888045971210186 0.5592924998356745 0.02068299513596755 0.02216764596792368
0 0.8891633107112005 0.6335380260760968 0.02102206303523137 0.02145561805138221
0 0.7509555816650391 0.2513966193565956 0.0375823974609375 0.03770747551551232
0 0.21021268917964056 0.2065121577336238 0.021962899428147536 0.02188000312218299
0 0.5042533140916091 0.9065421177790716 0.035196744478665866 0.03534551767202524
0 0.4444595483633188 0.8000423724834735 0.022290449876051683 0.022419562706580527
0 0.4506954779991737 0.2931510851933406 0.021566244272085335 0.02135460193340595
0 0.5691108703613281 0.09151654060070331 0.03762318537785457 0.03842491369981032
0 0.37094930502084583 0.32224141634427583 0.024090913625863884 0.024179898775540866
0 0.1322933710538424 0.2229019861954909 0.017650677607609674 0.01743661440335787
0 0.6709252137404221 0.46542611488929164 0.020780416635366585 0.020499449509840745
0 0.07351839542388916 0.5094700593214768 0.018869601763211764 0.018862357506385215
0 0.06422835129957932 0.026604120547954854 0.01853512800656832 0.018803105904505804
0 0.9249266110933744 0.1820061573615441 0.017159388615534857 0.017137527465820312
0 0.005500508042482229 0.536175801203801 0.010945959733082699 0.017383722158578727
0 0.8751194293682392 0.5775318879347581 0.018120398888221152 0.018072054936335638
0 0.4626511060274564 0.010878523954978356 0.018682039701021634 0.018620977034935586
0 0.7869965479924128 0.02871233454117408 0.017760056715745192 0.017765127695523776
0 0.5931823070232685 0.9521022943349985 0.04234922849214994 0.04240828294020433
0 0.22768268218407264 0.1373427647810716 0.017605121319110576 0.01734443811269907
0 0.43353997744046724 0.5525277577913724 0.03322615990271935 0.03273457747239333
0 0.5745446131779597 0.25072028086735654 0.06000078641451322 0.059889059800368086
0 0.04636980478580181 0.3975623937753531 0.024306361491863545 0.02435918954702524
0 0.03381641094501202 0.9100870719322791 0.039053843571589544 0.03984392606295072
0 0.9189698145939753 0.2959907971895658 0.016395715566781852 0.01650230701153095
0 0.021926710238823525 0.0484622258406419 0.042279922045194186 0.042729891263521634
0 0.9332441183236929 0.4937677016625038 0.024542881892277643 0.024480599623460036
0 0.3546749995304988 0.721466064453125 0.022683070256159857 0.022838592529296875
0 0.7563636486346905 0.44212796137883115 0.019339928260216348 0.019399496225210335
0 0.040775152353140026 0.3177687938396747 0.016679802766213052 0.016837560213529147
0 0.29964725787823016 0.35710301766028774 0.017195408160869893 0.01724984095646785
0 0.34699520697960484 0.531801333794227 0.029422613290640023 0.029906419607309196
0 0.7388961498553936 0.5078725814819336 0.06232921893780048 0.0622100830078125
0 0.5195414836590106 0.3991908293503981 0.09944343566894531 0.10320164607121395
0 0.5269590524526743 0.12723372532771185 0.03253584641676683 0.032515489138089694
0 0.597607319171612 0.7559286264272836 0.017176994910606973 0.0171969487116887
0 0.07788183138920711 0.1893768677344689 0.016949465641608603 0.01711441920353816
0 0.7332876645601712 0.30936175126295823 0.03785617534930889 0.037738653329702526
0 0.7647238511305589 0.31247271024263823 0.02623880826509916 0.02606067290672889
0 0.732098652766301 0.403747375194843 0.024056361271784857 0.024172342740572415
0 0.41421849911029524 0.7780453608586237 0.018999173091008112 0.01914523198054387
0 0.7863358717698318 0.7241714917696439 0.027664771446814902 0.02809304457444411
0 0.5298355542696439 0.728371473459097 0.039553275475135215 0.04047613877516527
0 0.4892290555513822 0.7324068362896259 0.017278084388146035 0.01753088144155649
0 0.4173245063194862 0.8636348430926983 0.019778325007512018 0.020263671875
0 0.8024578094482422 0.7285977877103366 0.016861108633188102 0.016773810753455527
0 0.21740102767944336 0.032665722645246066 0.02265504690317007 0.0226933635198153
0 0.7494399730975811 0.332334041595459 0.03161151592548077 0.03151864271897536
0 0.22995886435875526 0.05978932747474083 0.016303355877216045 0.016261504246638372
0 0.9213181275587815 0.08258173098930946 0.015922399667593148 0.015497225981492262
0 0.2782418177678035 0.5072837976308969 0.01588902106651893 0.015634683462289665
0 0.556548705467811 0.5188269981971154 0.03208380479079027 0.03258521740253155
0 0.9592167780949519 0.5485112850482647 0.029662499060997598 0.029643425574669473
0 0.7761107224684495 0.5567651895376352 0.01724419227013221 0.017349976759690505
0 0.43973878713754505 0.864143444941594 0.030537972083458535 0.030535184420072116
0 0.7090135721059946 0.3596941507779635 0.016739478478064902 0.016733389634352464
0 0.5272351778470553 0.0550088332249568 0.02892640920785757 0.029167560430673454
0 0.9894682810856745 0.649687987107497 0.019694988544170674 0.030355013333834134
0 0.5297454320467435 0.09386047950157753 0.02639939234806941 0.026184467168954704
0 0.7711966587946966 0.7749349153958834 0.016504727877103366 0.016581021822415866
0 0.6054331706120417 0.4690710948063777 0.035832771888146035 0.036284373356745794
0 0.6803723848783053 0.21041444631723258 0.018262716440054085 0.018393516540527344
0 0.3261839793278621 0.4442916283240685 0.014679688673753005 0.014702136699969951
0 0.516260733971229 0.6838904160719651 0.02840262192946214 0.028041546161358174
0 0.6241204188420222 0.6844323965219351 0.0166628910945012 0.016795525184044473
0 0.6177996121920072 0.49694207998422474 0.015226217416616587 0.015382620004507212
0 0.9751140887920673 0.47442938731266904 0.016437530517578125 0.016359842740572415
0 0.10318637811220609 0.4757075676551232 0.01520551168001615 0.015052355252779447
0 0.21004687822782075 0.4413402263934796 0.016177947704608623 0.016222000122070312
0 0.6981934767503005 0.8259752713716947 0.016849517822265625 0.016758258526141826
0 0.22034553381112906 0.6487661508413461 0.07428253613985501 0.07825587346003605
0 0.39223384857177734 0.20694584112900954 0.015562937809870793 0.015755836780254658
0 0.800803698026217 0.7603295399592473 0.018430563119741585 0.01863714364858774
0 0.29141119810251087 0.2061779682452862 0.0167239262507512 0.016644991361177884
0 0.7683183229886569 0.3404793372521034 0.04522793109600361 0.045182301447941706
0 0.9491349733792819 0.5198071553156927 0.026050861065204326 0.02633212162898137
0 0.3706820561335637 0.7025987184964694 0.024753717275766227 0.024917455819936898
0 0.10848210408137395 0.4123607048621544 0.028994046724759616 0.028987591083233174
0 0.66161375779372 0.17211323518019456 0.034385387714092545 0.03402152428260216
0 0.4590463638305664 0.6955519456129807 0.017219983614408053 0.017211327185997598
0 0.4747639435988206 0.7026179387019231 0.016975842989408053 0.01708221435546875
0 0.10170915493598351 0.13812387906588042 0.027692097883958083 0.02779278388390174
0 0.25539401861337513 0.21041925136859602 0.015234837165245643 0.015212755936842699
0 0.8608694810133714 0.6496224036583533 0.0172576904296875 0.017452386709359977
0 0.6704882841843826 0.22670855888953576 0.015472998985877404 0.015596316410945011
0 0.9349586780254657 0.1950697532066932 0.01467132568359375 0.014675213740422176
0 0.6524248123168945 0.1444415129148043 0.025743631216195915 0.025004753699669473
0 0.5559506783118615 0.5381611310518705 0.01567664513221154 0.015390689556415264
0 0.2828719432537372 0.1314696348630465 0.016249950115497295 0.016369122725266676
0 0.2069263458251953 0.1614516514998216 0.01434186788705679 0.014511401836688701
0 0.06273212799659142 0.09282112121582031 0.018623792208158053 0.018774986267089844
0 0.548768557035006 0.706238526564378 0.04910116929274339 0.04892936119666466
0 0.6578598022460938 0.5279992910531851 0.015845078688401442 0.01583715585561899
0 0.56445495898907 0.46542783883901745 0.02704473642202524 0.026952743530273438
0 0.7248665002676157 0.48724666008582485 0.04045853248009315 0.041655467106745794
0 0.07990680291102482 0.5788941750159631 0.01381976787860577 0.0138700925386869
0 0.10511257098271297 0.6768104846660907 0.01674039547259991 0.01666259765625
0 0.36328627513005185 0.17116770377525917 0.014480077303372897 0.014479930584247295
0 0.6230246470524714 0.18821081748375526 0.05604699941781851 0.05710330376258263
0 0.08872037667494553 0.5299324622521033 0.014689812293419471 0.014906076284555288
0 0.46021560522226185 0.4027520693265475 0.01641229482797476 0.016259413499098558
0 0.7646496112530048 0.11477518081665039 0.015018463134765625 0.01495045882004958
0 0.2179842728834886 0.5044656166663537 0.01477219508244441 0.014793836153470553
0 0.10508419917179988 0.08141024296100323 0.015465021133422852 0.01548937650827261
0 0.5548175665048453 0.05915166323001568 0.02793253385103666 0.027588541691119853
0 0.47761961129995495 0.3755353047297551 0.021204654987041768 0.021204434908353366
0 0.3930631417494554 0.36876869201660156 0.014204465425931491 0.014228233924278846
0 0.9774354787973257 0.8767353938176081 0.04154689495380108 0.0838932624230018
0 0.9343145810640775 0.2967429527869591 0.014999683086688701 0.015585752633901743
0 0.5621225283696101 0.6289034623366135 0.014406057504507212 0.014495116013746995
0 0.5017015016995944 0.3808698287376991 0.07206183213454026 0.06946871830866887
0 0.0561451820226816 0.5943277799166166 0.013779126680814303 0.013843389657827524
0 0.2724807079021747 0.9266875340388372 0.014453594501201924 0.014629364013671875
0 0.5151517941401556 0.2638401251572829 0.020056431110088643 0.020184883704552285
0 0.5496810766366812 0.06389671105604905 0.03878314678485577 0.03797314717219426
0 0.19917988777160645 0.8602132063645583 0.021930657900296725 0.021971482496995192
0 0.4397743298457219 0.6816334357628455 0.014033244206355168 0.014255523681640625
0 0.005351027617087731 0.32209139603834885 0.010727332188532902 0.014644696162297176
0 0.7232288213876578 0.06990573039421669 0.014556004450871395 0.01451875613285945
0 0.6787078563983624 0.13758063316345215 0.02783481891338642 0.027799129486083984
0 0.8451121403620794 0.7919938014103816 0.015970376821664665 0.015774653508112982
0 0.9461055168738732 0.009719873850162212 0.025005634014423076 0.01820960411658654
0 0.24141858174250677 0.10735144981971154 0.025193141056941107 0.02556320337148813
0 0.7644868263831506 0.9025858365572416 0.018070220947265625 0.017895038311298076
0 0.6053814888000488 0.738258801973783 0.0159298823429988 0.015481215256911058
0 0.5535582762498122 0.982325553894043 0.04814764169546274 0.03279685974121094
0 0.9548569459181565 0.656095944918119 0.014334165132962741 0.0143434084378756
0 0.1393440319941594 0.6614510462834284 0.013782354501577524 0.013878748967097355
0 0.07660891001041119 0.5241073828477126 0.014039030441871056 0.014433347261868991
0 0.2515530219444862 0.36749568352332485 0.019206780653733473 0.01943177443284255
0 0.22336820455697867 0.4056927240811862 0.014741237346942607 0.014759210439828726
0 0.1120438942542443 0.04622402557959923 0.013731846442589393 0.014047714380117564
0 0.9031107975886419 0.7946168459378756 0.015449230487530049 0.015774360069861777
0 0.5090411993173453 0.6711787443894607 0.03889766106238732 0.040479806753305286
0 0.5941005119910607 0.5786181596609262 0.014424544114332933 0.01436769045316256
0 0.19202725703899676 0.2152720414675199 0.013939747443565955 0.013773221236008864
0 0.8812345358041617 0.2367239732008714 0.020603766808143027 0.020144829383263223
0 0.07877111434936523 0.050783831339616045 0.013793720648838924 0.01403510570526123
0 0.2573690781226525 0.1570880963252141 0.0145111083984375 0.014651005084698018
0 0.7001126362727239 0.4650209133441632 0.013708701500525841 0.01397411639873798
0 0.6362866621751052 0.193605716411884 0.028324714073768027 0.02942822529719426
0 0.38652207301213193 0.8638235238882211 0.038129146282489486 0.03758093026968149
0 0.10140908681429349 0.5159929715670072 0.013485981867863582 0.01381228520320012
0 0.15616435271043044 0.39590028616098255 0.014943159543550931 0.014766106238731971
0 0.5017118453979492 0.20427788220919096 0.022635239821213942 0.02232947716346154
0 0.5341323705819937 0.9172523205096905 0.01389327416053185 0.014242025522085337
0 0.10133134401761569 0.7656797262338492 0.014764088850754958 0.014915172870342549
0 0.6831450829139123 0.40348658194908726 0.013352614182692308 0.013429348285381611
0 0.878077140221229 0.22936109396127555 0.028621380145733174 0.02916515790499174
0 0.6632259075458233 0.40169697541456956 0.022604722243088942 0.02209017826960637
0 0.032157994233644925 0.5046458977919358 0.013934043737558218 0.013786389277531551
0 0.672358146080604 0.2504890882051908 0.015770545372596152 0.015784557049091045
0 0.24173498153686523 0.11155129395998441 0.023034022404597357 0.02275705337524414
0 0.6793279647827148 0.7080023838923528 0.016770142775315505 0.016594519981971152
0 0.1365446402476384 0.09452187097989596 0.017228181545551006 0.017568368178147536
