0 0.7129749884972205 0.4498451306269719 0.07326712975135216 0.07325429182786208
0 0.17899095095120943 0.8225762293888972 0.07767831362210788 0.07806015014648438
0 0.15340770207918608 0.5290897075946515 0.038721781510573164 0.03931148235614483
0 0.6378000699556791 0.23378753662109375 0.03699816190279447 0.03681799081655649
0 0.5788264641394982 0.3574788020207332 0.04505318861741286 0.04537354982816256
0 0.4101775609529935 0.3924541106590858 0.06007231198824369 0.06009527353140024
0 0.6601349757267878 0.267486755664532 0.031469491811899036 0.03127967394315279
0 0.27178502082824707 0.08110113327319805 0.031757391416109525 0.03141516905564528
0 0.4456138610839844 0.06830273224757268 0.03281446603628305 0.032795062431922324
0 0.1628107657799354 0.947090589083158 0.057477364173302285 0.05811163095327524
0 0.747912700359638 0.03718632459640503 0.04178120539738582 0.04134229513315054
0 0.20755910873413086 0.009625604519477257 0.02163564241849459 0.017935574054718018
0 0.27710118660560024 0.0457379176066472 0.02315513904278095 0.02305316925048828
0 0.34282721005953276 0.36730040036714995 0.024017774141751803 0.024028484637920674
0 0.667205076951247 0.12312571819011982 0.028125762939453125 0.028229676760160007
0 0.5675944915184608 0.5250068811269907 0.02249460953932542 0.02272958021897536
0 0.5391065524174616 0.13714282329265887 0.02088466057410607 0.021105546217698317
0 0.50786069723276 0.2012491226196289 0.020311282231257513 0.02054445560161884
0 0.3225558721102201 0.34244133875920224 0.018554100623497598 0.018607946542593148
0 0.8193960923414964 0.09880536336165208 0.02268248337965745 0.022677513269277718
0 0.5915460586547852 0.1241923112135667 0.020009554349459134 0.020157887385441706
0 0.17820303256695086 0.38452918712909406 0.024872266329251803 0.02498905475323017
0 0.28239041108351487 0.7824311623206506 0.019074550041785605 0.019188514122596152
0 0.1821589469909668 0.44472782428448016 0.028853343083308294 0.029187936049241286
0 0.3310722204355093 0.6378809121938852 0.016104918259840745 0.01606325002817007
0 0.1907042723435622 0.05413667055276724 0.016672941354604866 0.01647037726182204
0 0.6274937849778396 0.39291921028724086 0.019258499145507812 0.019331051753117487
0 0.33025602193979114 0.5663368885333722 0.02306820796086238 0.023277942950908955
0 0.763039442209097 0.4236760506263146 0.03678761995755709 0.036317091721754804
0 0.39818411607008714 0.9117659055269681 0.028173446655273438 0.028300358698918268
0 0.19619347498967096 0.4617592004629282 0.03262248406043419 0.03245749840369591
0 0.33664365915151745 0.06965568890938392 0.02032632094163161 0.020458193925710823
0 0.29482608575087327 0.21518533046428973 0.031767661754901595 0.03196411866408128
0 0.48314890494713414 0.319455807025616 0.01882142287034255 0.018825751084547777
0 0.3880935448866624 0.0095278167953858 0.020200362572303183 0.017622623306054335
0 0.6374445695143479 0.3121443528395433 0.027714069073016826 0.02778163323035607
0 0.3221842325650729 0.6035595673781174 0.016562168414776143 0.016428727370042067
0 0.6566889836237981 0.3502424680269681 0.022959782527043268 0.023202896118164062
0 0.4458296849177434 0.7821295811579778 0.020944742056039665 0.020957066462590143
0 0.6453951322115384 0.28324352777921236 0.026094876802884616 0.025595371539776143
0 0.8310953286977915 0.49090370765099156 0.043487842266376205 0.044054618248572715
0 0.7350504948542669 0.013733884462943444 0.028510460486778848 0.025865192596728984
0 0.480536020719088 0.11730272953326885 0.028087909405048076 0.027558014943049505
0 0.7224900172306941 0.19283386377187875 0.02593847421499399 0.025731306809645433
0 0.7050530360295222 0.16585223491375262 0.019871344933143027 0.019862615145169772
0 0.34215259552001953 0.9122182405911959 0.07803902259239784 0.0780487060546875
0 0.593266853919396 0.7379034482515775 0.09279192410982572 0.09203455998347355
0 0.4059417431171124 0.615351310143104 0.015771132249098558 0.015897017258864183
0 0.5818559940044696 0.8828571026141827 0.03575691810021034 0.035076141357421875
0 0.26172461876502406 0.4852043298574594 0.021319756141075723 0.021266643817608174
0 0.25890618104201096 0.0385893308199369 0.01751995086669922 0.017667199556644145
0 0.6304922103881836 0.26173290839562047 0.019217857947716348 0.019437496478740986
0 0.22661183430598333 0.4264918840848483 0.04350882310133714 0.04250775850736178
0 0.18144721251267654 0.3328625238858737 0.021740179795485277 0.02167063492995042
0 0.6756943922776443 0.49898760135357195 0.016752976637620192 0.016688787020169772
0 0.7168406706589919 0.2682242760291466 0.041622161865234375 0.0413208741408128
0 0.350154106433575 0.8556119478665866 0.045891101543719955 0.04599145742563101
0 0.44268101912278396 0.29540021602924055 0.01791866009051983 0.01772455068734976
0 0.39868798622718227 0.5083395884587214 0.017064608060396634 0.01708852327786959
0 0.27477686221782976 0.2474381006681002 0.0178377444927509 0.017676500173715446
0 0.5324396720299354 0.4122202946589543 0.01853605417104868 0.018833747276893027
0 0.5373996587900015 0.44565358528724086 0.02051368126502404 0.020364981431227464
0 0.44806693150446963 0.24329398228571966 0.020854069636418268 0.020958350254939154
0 0.44259925989004284 0.1580029267531175 0.017166724571814902 0.016853708487290602
0 0.4739162004910983 0.01066515537408682 0.029064178466796875 0.02050694594016442
0 0.4387898078331581 0.48200108454777646 0.017191520104041465 0.017403822678786058
0 0.37760250384990984 0.23730384386502779 0.016101543719951924 0.016201349405141976
0 0.3927505566523625 0.6934901017409104 0.022457342881422777 0.022833897517277643
0 0.8299918541541467 0.4609343088590182 0.022244673508864183 0.022484705998347357
0 0.37268888033353365 0.3048999859736516 0.05423648540790264 0.053628187913161054
0 0.7988090515136719 0.2166422330416166 0.015298990102914663 0.015594188983623799
0 0.5432665164654071 0.42719261462871844 0.023384607755220853 0.02315213130070613
0 0.3751159447890062 0.5616170443021334 0.015859090364896335 0.016167127169095553
0 0.5712556838989258 0.23815833605252779 0.0164944575383113 0.01659422654371995
0 0.3513065484853891 0.23934158912071815 0.014684163607083835 0.014683136573204627
0 0.5300838763897235 0.026749416039540216 0.016387352576622598 0.016346679284022406
0 0.48310492588923526 0.8907288771409255 0.0806887700007512 0.08111366858849159
0 0.48640053088848406 0.24291647397554839 0.02092918982872596 0.02092574192927434
0 0.3533989099355844 0.5010242828956017 0.01827548100398137 0.01867983891413762
0 0.3492877666766827 0.4872117042541504 0.0244442866398738 0.024490723243126504
0 0.5046560580913837 0.12922565753643328 0.015485763549804688 0.015560498604407677
0 0.15462174782386193 0.37164636758657604 0.028877918536846455 0.028967930720402643
0 0.5189043191763071 0.5348044175368089 0.01878958482008714 0.01871519822340745
0 0.19011781765864447 0.5984196296105018 0.018397404597355768 0.01862203157865084
0 0.4509414526132437 0.3399377969595102 0.01677527794471154 0.01680300785945012
0 0.3458755933321439 0.4695768356323242 0.018294554490309495 0.018209457397460938
0 0.5860633850097656 0.3040739939762996 0.016132134657639723 0.01621591127835787
0 0.7209060375507061 0.13411052410419172 0.015595656174879808 0.01567385746882512
0 0.25123783258291393 0.22866751597477838 0.018758480365459736 0.019545701833871696
0 0.6402284182035006 0.33863185002253604 0.018457852877103366 0.01858696570763221
0 0.23345066950871393 0.8918533325195312 0.03528030102069561 0.03593239417442909
0 0.5461803582998422 0.8795848259559045 0.033739530123197116 0.03402783320500301
0 0.45232853522667515 0.12494721779456505 0.023690150334284857 0.023416959322415866
0 0.5529574247506949 0.9058033136221079 0.031159621018629808 0.03154255793644832
0 0.7538118362426758 0.5152653547433707 0.03361804668719952 0.03286537757286659
0 0.3601056612454928 0.5624578182513897 0.014348690326397236 0.014399528503417969
0 0.3980383506188026 0.7132177352905273 0.02176673595721905 0.02215150686410757
0 0.6570606965285081 0.21071569736187273 0.022431446955754206 0.021808917705829326
0 0.6955139453594501 0.20882591834435096 0.022374666654146634 0.022390365600585938
0 0.35635724434485805 0.07013658376840445 0.015426048865685096 0.015617902462299053
0 0.6833041264460638 0.8585259364201472 0.0928811293381911 0.09323501586914062
0 0.6918842609112079 0.11763341610248272 0.014731187086838942 0.014974172298724834
0 0.1299138069152832 0.8987381274883564 0.01663655501145583 0.01817468496469351
0 0.5416762645427997 0.39186540016761195 0.026119452256422777 0.025788160470815804
0 0.46176950748150164 0.3524278494027945 0.01596494821401743 0.016173876248873197
0 0.7179057047917292 0.3111892846914438 0.02229763911320613 0.022481331458458535
0 0.38387261904202974 0.20884323120117188 0.014881134033203125 0.014946570763221154
0 0.13554705106295073 0.740893290593074 0.019073046170748197 0.018922952505258415
0 0.26839696443997896 0.3405908804673415 0.01720707233135517 0.017171052786020134
0 0.6158924102783203 0.8933646128727839 0.016846583439753607 0.016980391282301683
0 0.7801390427809495 0.25345811477074254 0.055912017822265625 0.056225519913893476
0 0.3754166823167067 0.2838633060455322 0.02202444810133714 0.022200327653151292
0 0.675719481248122 0.3040434763981746 0.028047708364633415 0.027984032264122598
0 0.4523781262911283 0.9527457310603216 0.025767693152794473 0.0256039546086238
0 0.4545769691467285 0.18058142295250526 0.01813529087946965 0.018117391146146335
0 0.2146176925072303 0.44249897736769456 0.03220668205848107 0.033517030569223255
0 0.6494422325721154 0.5163987966684195 0.018367180457481973 0.018222515399639424
0 0.42258501052856445 0.8822529132549579 0.04274911146897536 0.043386606069711536
0 0.35830387702355015 0.4012343700115497 0.015059397770808293 0.015018903292142428
0 0.35939847506009615 0.30067917016836315 0.023857997013972357 0.02376710451566256
0 0.593239637521597 0.19751629462608924 0.0153657473050631 0.015358778146597056
0 0.15325384873610276 0.6661758422851562 0.06364928759061374 0.08215948251577523
0 0.47857218522291917 0.2781336857722356 0.01500232403094952 0.015052978809063252
0 0.2138674075786884 0.6944266099196214 0.014921775230994591 0.015201568603515625
0 0.24341841844411996 0.5607223143944373 0.013711159045879658 0.013598075279822716
0 0.18798428315382737 0.5600949067335862 0.01627980745755709 0.01596524165226863
0 0.47704535264235276 0.13915250851557806 0.017794388991135817 0.018208136925330527
0 0.492888670701247 0.03834979350750263 0.013826370239257812 0.013739695915809045
0 0.552225296313946 0.39937569544865537 0.0411677727332482 0.04060173034667969
0 0.6576740558330829 0.32251717494084287 0.026452284592848558 0.026123780470628005
0 0.7670543377216046 0.9655591524564303 0.0181582524226262 0.018204909104567308
0 0.5736826016352727 0.29065579634446365 0.015318063589242788 0.01521000495323768
0 0.28636831503648025 0.2944779029259315 0.015485653510460487 0.015748977661132812
0 0.16916363055889422 0.21459584969740647 0.01384746111356295 0.013980902158297025
0 0.19170383306650016 0.3992122503427359 0.015145301818847656 0.015125861534705529
0 0.46768584618201625 0.9288783440223107 0.018104699941781852 0.018124947181114785
0 0.7058460529033954 0.21683659920325646 0.02089544442983774 0.020693485553448018
0 0.7238668295053335 0.5189334429227389 0.020091423621544473 0.020053790165827826
0 0.25060503299419695 0.7393851647010217 0.08183897458589993 0.08304038414588341
0 0.3686668689434345 0.319490542778602 0.025481003981370192 0.02678519028883714
0 0.45338021791898286 0.17391043442946214 0.0211031987116887 0.020750999450683594
0 0.36858213864839995 0.3181250278766339 0.03352135878342848 0.02915785862849309
0 0.3812247789823092 0.939966788658729 0.018388748168945312 0.018611027644230768
0 0.7146550692044772 0.307919979095459 0.028039051936222956 0.02897013150728666
0 0.5568696535550631 0.401186282818134 0.032903084388146035 0.032849678626427285
0 0.5794656460101788 0.38455684368426984 0.023140833928034857 0.023148169884314902
0 0.809453377356896 0.20851868849534255 0.013906478881835938 0.014134407043457031
0 0.6570867391733023 0.4827921940730168 0.015653170072115384 0.015505570631760817
0 0.1444751757841844 0.2710343324221097 0.023213624954223633 0.02316430898813101
0 0.5637785838200495 0.42659766857440656 0.01621833214393029 0.016292058504544772
0 0.6653464390681341 0.46963178194486177 0.015456566443810096 0.015470211322490986
0 0.7018332114586463 0.21285212956942046 0.03121640132023738 0.03014934979952299
0 0.7970718237069937 0.05808342878635113 0.024728921743539665 0.024776504589961126
0 0.12954148879418007 0.3166386530949519 0.010874784909761868 0.014488953810471755
0 0.22413550890409029 0.40552436388455904 0.023392787346473105 0.023703355055588942
0 0.16762469365046576 0.303657733477079 0.015412403987004207 0.015227868006779598
0 0.3129388369046725 0.42075377244215745 0.01591623746431791 0.015762769258939303
0 0.3475234325115497 0.4742531409630409 0.01970195770263672 0.018872187687800482
0 0.591316663301908 0.07875453508817233 0.013923718379094051 0.01397180098753709
0 0.4913773169884315 0.25109419455895055 0.015264804546649639 0.015200394850510817
