0 0.3394036293029785 0.07695416303781363 0.12155701563908504 0.12305476115300105
0 0.5121591274554913 0.5041832557091346 0.09638023376464844 0.09819089449368991
0 0.3029364072359525 0.7843229587261493 0.11401440547062801 0.11421893193171574
0 0.6635165581336389 0.16371396871713492 0.08833811833308293 0.08775103092193604
0 0.5056358117323655 0.13204547075124887 0.07828749143160306 0.07864522933959961
0 0.6209496718186599 0.22693621195279634 0.06740096899179313 0.06687509096585788
0 0.5561166176429162 0.7881758763239934 0.06477429316594051 0.06577653151292068
0 0.821562253511869 0.5090170273414025 0.03017264146071214 0.029749723581167366
0 0.2183399200439453 0.6866026658278245 0.043004329387958236 0.04285988440880409
0 0.36261712587796724 0.3275924829336313 0.025495529174804688 0.025606448833759014
0 0.30501611416156477 0.5810074439415565 0.020770146296574518 0.020630616408128005
0 0.6411270728478065 0.07613809292133038 0.04523321298452524 0.044597735771766074
0 0.39534612802358776 0.6428180107703576 0.02356609931358924 0.023687215951772835
0 0.8050929583035983 0.6918847010685847 0.021997745220477764 0.021866725041316107
0 0.2605294080880972 0.3743452292222243 0.020937112661508415 0.020911216735839844
0 0.22165360817542443 0.4284805884728065 0.018634502704326924 0.01841104947603666
0 0.5997591752272385 0.18509593376746544 0.0485082773061899 0.04833852327786959
0 0.5973202265225924 0.8934004856989934 0.10736736884483924 0.11037943913386418
0 0.27423502848698544 0.2917591975285457 0.02284350762000451 0.0228574459369366
0 0.48996712611271787 0.03591593412252573 0.04191501323993389 0.04114973545074463
0 0.18175691824692947 0.5189231359041654 0.01809993157019982 0.018130155710073616
0 0.7056694030761719 0.9012660980224609 0.04478718684269832 0.04518215472881611
0 0.8522140796367939 0.9547279064471905 0.0179293705866887 0.01804527869591346
0 0.5264859199523926 0.21504666255070612 0.05838445516733023 0.05766912607046274
0 0.6661809040949895 0.2990407576927772 0.03290220407339243 0.03279612614558293
0 0.12878133700444147 0.4296929652874286 0.016840347876915567 0.016785695002629206
0 0.6799734555757962 0.8766682698176458 0.020361973689152643 0.020482870248647835
0 0.793758905850924 0.1835498076218825 0.01990934518667368 0.019873912517841045
0 0.13714037491725042 0.8980513352614182 0.04235254801236666 0.042428236741286054
0 0.11851769227247971 0.7822145315317007 0.030400166144737832 0.030432481032151442
0 0.5185847649207482 0.07093979762150691 0.04423332214355469 0.044148811927208535
0 0.6826603229229267 0.044111004242530234 0.026486616868239183 0.02637645831474891
0 0.8889600313626803 0.599030824807974 0.018070220947265625 0.018041463998647835
0 0.6979367182804987 0.00968221746958219 0.02541527381310096 0.01796772388311533
0 0.5682844015268179 0.6654555980975811 0.061728257399338946 0.061478834885817304
0 0.2549882118518536 0.8383486821101263 0.026639754955585185 0.026519041794996995
0 0.6815040294940655 0.9486158811129056 0.019793143639197715 0.019589644211989183
0 0.24562883377075195 0.4075007438659668 0.016787602351262018 0.01682391533484826
0 0.7238021997305063 0.9154874361478366 0.028281431931715745 0.027780679556039665
0 0.6863990930410532 0.83075684767503 0.017909710223858174 0.017946536724384014
0 0.5753677074725811 0.2194222486936129 0.032133836012620196 0.03201099542471079
0 0.25676573239839995 0.718866935143104 0.04450665987454928 0.04430389404296875
0 0.6045808792114258 0.10036562039301945 0.015305299025315505 0.01564821830162635
0 0.6709356307983398 0.6415711916410006 0.01647362342247596 0.016146733210637018
0 0.5319779102618878 0.7440963158240685 0.03267721029428335 0.03272394033578726
0 0.08024377089280349 0.5404493625347431 0.01407307844895583 0.014203438392052284
0 0.5078712610098032 0.3470154908987192 0.07420525184044471 0.07553423368013822
0 0.6947578283456656 0.9223496363713191 0.025110978346604567 0.025229233961838942
0 0.21209117082449105 0.45197222783015323 0.015122303595909705 0.015152564415564904
0 0.9397681309626653 0.5019790209256686 0.015361492450420674 0.015451651353102464
0 0.2643105250138503 0.42743829580453724 0.016499042510986328 0.016115482036884014
0 0.6000329897953913 0.47248348822960484 0.021517826960637018 0.02132070981539213
0 0.8963342813345102 0.24399695029625526 0.01634949904221755 0.016622396615835335
0 0.12636267221890962 0.6860508551964393 0.027209648719200723 0.027500739464393027
0 0.4057676608745868 0.040591808465810925 0.017286374018742487 0.01763127400324895
0 0.17829311811006987 0.16321517870976374 0.014688491821289062 0.01462543927706205
0 0.6508434002216046 0.031142509900606595 0.03405204186072716 0.03478113504556509
0 0.6405448179978591 0.665475111741286 0.01626161428598257 0.01619133582481971
0 0.47033485999474156 0.9286672152005709 0.038621168870192304 0.038578033447265625
0 0.23122574732853815 0.748052010169396 0.04244576967679537 0.041162344125600964
0 0.5275553923386794 0.6080985436072717 0.02795248765211839 0.028104195227989785
0 0.5839396623464731 0.4484372872572679 0.036733774038461536 0.03664897038386418
0 0.29078028752253604 0.3457946043748122 0.015428983248197116 0.01546324216402494
0 0.32660726400522083 0.14000874299269456 0.015194012568547176 0.01483590786273663
0 0.5019821020273062 0.3129412577702449 0.03123312730055589 0.03077242924616887
0 0.3625364303588867 0.7342218252328726 0.057204026442307696 0.05825512225811298
0 0.8236188154954177 0.4659682053786058 0.014958601731520433 0.014917520376352163
0 0.5487653292142428 0.6324831889225886 0.0333103766808143 0.03283500671386719
0 0.6481262353750376 0.8399828397310697 0.054895254281850964 0.055721282958984375
0 0.42108579782339245 0.5540505922757663 0.04041862487792969 0.04041143564077524
0 0.017901444664368264 0.8446746239295373 0.028354541613505438 0.02809876662034255
0 0.3727046526395358 0.9754175039438101 0.04986073420597957 0.045015188363882214
0 0.7338425562931941 0.1353414792280931 0.01995086669921875 0.019933737241304837
0 0.09868537462674655 0.46849668942964995 0.014384746551513672 0.014623201810396634
0 0.419643548818735 0.6540137070875901 0.02233255826509916 0.022385817307692308
0 0.5213453586284931 0.2756549028249887 0.039823091947115384 0.039771666893592246
0 0.5756473541259766 0.4745067816514235 0.022062154916616585 0.021803562457744893
0 0.635597669161283 0.05026831076695369 0.019805027888371393 0.01924611971928523
0 0.9464630713829627 0.03808326904590313 0.018664726844200723 0.018647148058964655
0 0.5461405974168044 0.19000875032865083 0.05724598811222957 0.05848899254432091
0 0.2878743868607741 0.3095643703754132 0.014981783353365384 0.014752608079176683
0 0.41112804412841797 0.1356997673328106 0.025379400986891527 0.02535526569073017
0 0.3117366203894982 0.24609176929180437 0.014531282278207632 0.014573610745943509
0 0.5118222236633301 0.20542185123150164 0.0235140873835637 0.02321463364821214
0 0.03971937069526085 0.8113412123460036 0.018529965327336237 0.018619243915264424
0 0.24927704150860125 0.5838971504798303 0.03283427311823918 0.03284014188326322
0 0.4062011425311749 0.7422027587890625 0.03499295161320613 0.034425001878004804
0 0.46849676278921276 0.012674903640380273 0.02986423785869892 0.024115069554402277
0 0.2942781998560979 0.35511919168325573 0.0155944457420936 0.015616050133338341
0 0.7835876758282001 0.9480069967416617 0.015222989595853366 0.01529678931603065
0 0.029381458575908955 0.4986838194040152 0.03352860304025503 0.03398601825420673
0 0.6465435028076172 0.40461070720966047 0.013991722693810096 0.013734744145320011
0 0.5876466310941256 0.7054548997145432 0.08332589956430289 0.08385819655198318
0 0.28461658037625825 0.24917916151193473 0.014329066643348107 0.014182200798621545
0 0.1556422893817608 0.8478546876173753 0.014646053314208984 0.014461664053109976
0 0.8772401076096755 0.029665632889820978 0.014535757211538462 0.014372353370373066
0 0.16553053489098182 0.2438184664799617 0.016039628248948317 0.016292498661921576
0 0.13729414573082557 0.5315870138315054 0.024777669173020583 0.025043340829702523
0 0.22246426802415115 0.3770724810086764 0.014181063725398136 0.014302253723144531
0 0.15972027411827674 0.47940554985633266 0.013640917264498197 0.013726454514723558
0 0.48992472428541917 0.276062745314378 0.0161587641789363 0.01589804429274339
0 0.5524044403663049 0.5650259164663461 0.021736878615159255 0.02204748300405649
0 0.6489943724412185 0.9622391920823318 0.016281861525315505 0.016254425048828125
0 0.6791805854210486 0.27997416716355544 0.014832863440880409 0.015406168424166165
0 0.7952528733473557 0.9099730711716872 0.014801612267127404 0.014796770535982572
0 0.19039579538198617 0.8762582632211539 0.04432964324951172 0.04408586942232572
0 0.5042018890380859 0.3695384172292856 0.04490969731257512 0.044602540823129505
0 0.8592190375694861 0.7446528214674729 0.045092069185697116 0.045637864332932696
0 0.6557435255784255 0.3191801951481746 0.030250696035531852 0.030774263235238884
0 0.893714611346905 0.3258521006657527 0.013880216158353366 0.0139314211331881
0 0.7549503032977765 0.7641512797429011 0.01495361328125 0.014858099130483774
0 0.569863906273475 0.8330650329589844 0.015110162588266226 0.015371175912710337
0 0.03635026629154499 0.7240123748779297 0.02116919939334576 0.021636229294996995
0 0.5769354380094088 0.6180264399601862 0.05911555657019982 0.058184366959791914
0 0.2315067511338454 0.6285147300133338 0.013484881474421574 0.013591472919170674
0 0.7772785333486704 0.014846675671063937 0.014888763427734375 0.014758472259228047
0 0.3699166958148663 0.5546289590688852 0.015492806067833534 0.015469624445988582
0 0.6089761807368352 0.487463510953463 0.01626242124117338 0.016220753009502705
0 0.03308044030116154 0.36354725177471453 0.013619688841012808 0.013796732975886418
0 0.2742207967318021 0.8587594399085412 0.0332788320688101 0.03314355703500601
0 0.5346937913161057 0.03951443158663236 0.04327128483698918 0.043645354417654186
0 0.25330228071946365 0.3586449989905724 0.013495408571683444 0.013895401587853065
0 0.17149585943955642 0.6947121253380408 0.026831406813401442 0.026744842529296875
0 0.7260836087740384 0.8612102361825796 0.027491202721228965 0.02761239271897536
0 0.25716880651620716 0.6833553314208984 0.034619771517240085 0.034848726712740384
0 0.618625127352201 0.9822156612689679 0.044164217435396634 0.033536470853365384
0 0.5774113948528583 0.5754363720233624 0.022280032818134014 0.02241208003117488
0 0.6683562352107122 0.013549225834699778 0.03431144127478966 0.026171264740136955
0 0.8519159463735727 0.2806989596440242 0.016515291654146634 0.0162812012892503
0 0.6917645381047175 0.29886735402620757 0.014030749981219951 0.013970154982346755
0 0.23542495874258187 0.5673664899972769 0.025345875666691706 0.026064065786508415
0 0.6615022512582632 0.8933739295372596 0.021914262038010817 0.02239814171424279
0 0.776152097261869 0.127609894825862 0.014149885911207933 0.014175965235783504
0 0.8755386792696439 0.05635168002201961 0.014948624830979567 0.01510777840247521
0 0.4880218872657189 0.3405638107886681 0.03278189439039964 0.033294310936560996
0 0.5577491613534781 0.23580619005056527 0.01763123732346755 0.018134080446683444
0 0.5051010938791128 0.9133709394014798 0.0413201405451848 0.04094211871807392
