0 0.1886440057020921 0.3351281973031851 0.03981560927170973 0.039437514085036054
0 0.6401795607346755 0.6798716325026292 0.03273362379807692 0.032778226412259616
0 0.8447066086989182 0.619114508995643 0.027434422419621393 0.027576483212984525
0 0.36089603717510516 0.5462182851938101 0.028909683227539062 0.028566580552321214
0 0.8986947719867413 0.4410718037531926 0.02498171879695012 0.025301273052509014
0 0.35531198061429536 0.9470793650700495 0.02665886512169471 0.026530045729417067
0 0.43224851901714617 0.936036623441256 0.020812107966496393 0.0207058833195613
0 0.8357390623826247 0.6546871478740985 0.026064652663010817 0.026206089900090143
0 0.41064016635601336 0.8664100353534405 0.02306358630840595 0.023180741530198317
0 0.38245707291823167 0.26319745870736927 0.02237701416015625 0.022174321688138522
0 0.2168580201955942 0.4994691335237943 0.019867090078500602 0.020012855529785156
0 0.17866739859947792 0.45534581404465896 0.016334973848783053 0.016375908484825723
0 0.3967741452730619 0.21425423255333534 0.023360765897310697 0.02333809779240535
0 0.793387192946214 0.6764806600717398 0.020316490760216348 0.020287440373347357
0 0.23142128724318284 0.8460914905254657 0.01887680934025691 0.018992203932542067
0 0.2508324659787692 0.04197697456066425 0.019767907949594352 0.019702572088975173
0 0.727948262141301 0.6727179013765775 0.01795812753530649 0.017912938044621393
0 0.7490363487830529 0.5962525147658128 0.019253950852614183 0.019359882061298076
0 0.39940467247596156 0.9632346813495343 0.028027901282677285 0.028515155498798076
0 0.12898843105022723 0.08284820960118221 0.017357496114877555 0.017447911776029147
0 0.3386697402367225 0.9312879122220553 0.020768459026630107 0.020945328932542067
0 0.1569819083580604 0.9020538330078125 0.01699201877300556 0.017002986027644232
0 0.46183963922353893 0.7542902873112605 0.01727610367995042 0.017570642324594352
0 0.11843889493208665 0.23409381279578576 0.01571994561415452 0.015750811650202826
0 0.2133646194751446 0.11405411133399376 0.01555787600003756 0.015654618923480693
0 0.11353424879220816 0.1336214542388916 0.018008067057682917 0.01806479233961839
0 0.3887324699988732 0.9519041501558744 0.0212708253126878 0.021143693190354567
0 0.15404457312363845 0.049682873945969805 0.015470101283146786 0.015475924198444072
0 0.19328113702627328 0.11788192162146935 0.01577105888953576 0.015831470489501953
0 0.3135733971228966 0.8815502753624549 0.015779715317946214 0.015762475820688102
0 0.04525810480117798 0.8797239156869742 0.016092492983891413 0.016247382530799277
0 0.10206363751338078 0.013122072586646447 0.016361236572265625 0.016355885909153864
0 0.20084725893460786 0.061199527520399824 0.01528494174663837 0.015225685559786283
0 0.2290334701538086 0.5362921494704026 0.015486863943246694 0.015208977919358473
0 0.5494857934805063 0.8193966792179987 0.02168904818021334 0.021970015305739183
0 0.40200141760019154 0.9293630306537335 0.017331416790301982 0.017574310302734375
0 0.23691756908710188 0.05459555295797495 0.01521469996525691 0.015175901926480807
0 0.42135297335111177 0.43236365685096156 0.016312085665189303 0.016339815579927884
0 0.263431585752047 0.05195992726546068 0.015332368703988882 0.01523448870732234
0 0.6171789169311523 0.9520896764901968 0.015443215003380409 0.015425168550931491
0 0.4311367915226863 0.9204459557166467 0.015096077552208534 0.014862060546875
0 0.76824217576247 0.8881078866811899 0.015227978046123799 0.015288719764122596
0 0.7953435457669772 0.4940329331618089 0.017071650578425482 0.01735995366023137
0 0.32451754349928635 0.2037795873788687 0.01557452862079327 0.01539303706242488
0 0.11837541140042819 0.09757496760441707 0.014812561181875376 0.014840015998253455
0 0.8583943293644831 0.006530021818784567 0.016865656926081732 0.012058699360260597
0 0.47830589000995344 0.6083460587721604 0.014646236713115986 0.014716661893404447
0 0.41225704779991734 0.22188843213594878 0.015112656813401442 0.015135985154371995
0 0.379604119520921 0.8975985600398138 0.01568295405461238 0.01571831336388221
0 0.1945939430823693 0.9222564697265625 0.014802932739257812 0.01466824458195613
0 0.8235524250910833 0.862906235914964 0.015271993783804087 0.015241182767427884
0 0.6048077069796048 0.05221210534756 0.014671545762282152 0.014773909862224873
0 0.27588943334726185 0.02001201189481295 0.016045276935283955 0.015878448119530313
0 0.41248218829815203 0.6259651917677659 0.0147856198824369 0.014656507051908053
0 0.5448072873629056 0.81102598630465 0.015244043790377103 0.01557467533991887
0 0.7068152794471154 0.5193813764131986 0.014528421255258413 0.01451580341045673
0 0.43782967787522536 0.8954724531907302 0.015251453106219951 0.015433384821965145
0 0.6809550065260667 0.5529605058523325 0.01477799048790565 0.014701916621281551
0 0.8686837416428786 0.608585027547983 0.013877281775841346 0.013837300814115085
0 0.7070338909442608 0.9501973665677584 0.014739696796123799 0.015029173630934495
0 0.7250083043025091 0.4541810475862943 0.12542357811560997 0.12489098768967849
0 0.7475552192101111 0.7034877630380484 0.013862022986778846 0.013776339017427884
0 0.1263575003697322 0.10930094352135292 0.01470195330106295 0.014876365661621094
0 0.5354556670555701 0.8485579123863807 0.014623201810396634 0.014458729670597957
0 0.7119425260103666 0.3074529721186711 0.014040140005258413 0.013896501981295072
0 0.68377685546875 0.3714705247145433 0.05230214045597957 0.05344713651216947
0 0.9504660092867337 0.0579299468260545 0.013677743765024038 0.013674791042621318
0 0.7193643129788913 0.9490817143366888 0.016109466552734375 0.016946059006911058
0 0.3308005699744591 0.07019658272082989 0.013456491323617788 0.013575572233933669
0 0.19451988660372221 0.8511434701772836 0.014214662405160757 0.014357053316556491
0 0.0942827371450571 0.1544043467595027 0.014553656944861779 0.014477142920860877
0 0.581062757051908 0.8028155840360202 0.013945652888371395 0.014049236591045674
