0 0.5229524832505447 0.49004892202524036 0.06454203679011418 0.0647428952730619
0 0.7868309020996094 0.3905975635235126 0.04725030752328726 0.04719748863807091
0 0.7322491865891677 0.7032312246469351 0.03900689345139723 0.03879194993239183
0 0.1357498077245859 0.5529850079463079 0.08370217910179725 0.08285779219407302
0 0.48512869614821214 0.7411977327786959 0.0742800052349384 0.07305203951322116
0 0.17582772328303412 0.0303728121977586 0.07037895459395188 0.05831069212693434
0 0.3845816758962778 0.05324091361119197 0.027063516470102165 0.027004122734069824
0 0.7252013866717999 0.14935033137981707 0.020692972036508415 0.020624564244196966
0 0.6988449096679688 0.3354647709773137 0.028445317195012018 0.02837973374586839
0 0.7849723375760592 0.02425065178137559 0.022834044236403245 0.023041349190932054
0 0.07777557006249061 0.6205247732309195 0.02353155154448289 0.023613416231595553
0 0.5641272985018216 0.9702461682833158 0.06523462442251352 0.0548248291015625
0 0.41878267434927136 0.010943388709655175 0.02021055955153245 0.019949433895257804
0 0.12604691432072565 0.7856663923997146 0.018367914053109977 0.018369234525240384
0 0.14216481722318208 0.6466986582829402 0.02679553398719201 0.026699653038611777
0 0.7286526606633112 0.9518610880925105 0.021105252779447116 0.0209658696101262
0 0.6028070816626916 0.4118238595815805 0.01811357644888071 0.017981455876277044
0 0.8329636500431941 0.98302855858436 0.025877879216120794 0.02565178504356971
0 0.3589107073270358 0.02848666447859544 0.022223252516526442 0.022314264224125788
0 0.6474980574387771 0.27922287354102504 0.017719855675330527 0.0180356319134052
0 0.2458187616788424 0.05731064539689284 0.018090431506817158 0.018180489540100098
0 0.4924801312960111 0.3708549646230844 0.017226439255934495 0.01709468548114483
0 0.9719155384944036 0.009884465199250441 0.017607468825120192 0.017105588546166055
0 0.48169565200805664 0.8245211381178635 0.02671946012056791 0.026608980618990384
0 0.6468210953932542 0.546910285949707 0.02193274864783654 0.02159859583928035
0 0.14449291962843674 0.8247318267822266 0.019520025986891527 0.019533890944260817
0 0.027828922638526328 0.8747144845815805 0.04473417538862962 0.050026233379657455
0 0.327937492957482 0.9695884998028095 0.07828683119553786 0.056555527907151446
0 0.950709342956543 0.02829423088293809 0.017801871666541465 0.018126263068272516
0 0.40306520462036133 0.1353713457400982 0.017679214477539062 0.01759039438687838
0 0.5399879675645095 0.32468550021831805 0.023052802452674277 0.0229494388286884
0 0.8088681147648737 0.7015843758216271 0.020237849308894232 0.020500036386343148
0 0.8536486992469201 0.6123125002934382 0.021678924560546875 0.021307064936711237
0 0.7167522723858173 0.9134663068331205 0.024226848895733174 0.024193250215970553
0 0.15737830675565279 0.7216292161207932 0.01809368683741643 0.018126267653245192
0 0.42731578533466047 0.057077068548936113 0.015842584463266227 0.015710720649132363
0 0.13116443157196045 0.7340540519127479 0.02476820578941932 0.024570611807016227
0 0.043211207940028265 0.6963992485633264 0.07618569410764255 0.09390742962176983
0 0.3803854722243089 0.9634229219876803 0.03827197735126202 0.038036346435546875
0 0.045102403714106634 0.8320569258469802 0.03234089337862455 0.03224930396446815
0 0.5580241863544171 0.3963473393366887 0.01570437504695012 0.015802676861102764
0 0.03291545922939594 0.6561729724590595 0.05677656943981464 0.07610203669621395
0 0.3813348916860727 0.12442515446589543 0.014248334444486178 0.014301886925330529
0 0.6526241302490234 0.31328421372633714 0.018550872802734375 0.018646973830003005
0 0.5000895720261794 0.8906711431650015 0.027670860290527344 0.027091833261343148
0 0.04537022113800049 0.681092775785006 0.08260934169475849 0.12106396601750301
0 0.3530668845543495 0.8145895004272461 0.016520866980919473 0.016726860633263223
0 0.35222493685208833 0.11747337304628812 0.014980242802546574 0.014736523995032677
0 0.2970260473398062 0.5484443077674279 0.056044431833120495 0.056396190936748795
0 0.4399479352510892 0.1147455985729511 0.01618018517127404 0.015974925114558294
0 0.1538728383871225 0.5251042292668269 0.01523758814885066 0.015267592210036058
0 0.4984414760883038 0.7937429868257962 0.027683551494891826 0.027452615591195915
0 0.34431109061607945 0.727998293363131 0.07685521932748648 0.0779867905836839
0 0.3562176044170673 0.09146221784444955 0.017024773817795973 0.017180259411151592
0 0.4972114562988281 0.8896101438082181 0.02197133577786959 0.022632598876953125
0 0.812525749206543 0.34308279477632964 0.019147579486553486 0.019470361562875602
0 0.48481038900522083 0.06394295967542209 0.017616418691781852 0.01802504062652588
0 0.013920233799861027 0.3130839421198918 0.011293622163625864 0.014374091075016903
0 0.5789261964651254 0.8556097470797025 0.017534329341008112 0.017213968130258415
0 0.8167200822096604 0.7959040128267728 0.01496417705829327 0.015088301438551683
0 0.08189470034379226 0.20541777977576622 0.013878107070922852 0.013919683603140024
0 0.6633055760310247 0.5269184846144456 0.014263739952674279 0.014223685631385216
