0 0.5677040540255033 0.5131491147554837 0.06508284348707932 0.0655831557053786
0 0.371708686535175 0.4830421301034781 0.11393891848050632 0.1136170900785006
0 0.3078703513512245 0.24517283072838417 0.05352315535912147 0.05404369647686298
0 0.19068523553701547 0.31698956856360805 0.028939027052659255 0.029022877032940205
0 0.6988518788264348 0.4745924656207745 0.03660451448880709 0.03689883305476262
0 0.7612445537860577 0.043330719837775596 0.05411118727463942 0.053655257591834433
0 0.4810158289395846 0.5999964200533353 0.02796305142916166 0.02786562992976262
0 0.8549400476308969 0.4965256177462064 0.029375223013070915 0.02934441199669471
0 0.5192031493553748 0.7875476983877329 0.032573553232046276 0.0329289069542518
0 0.4576144585242638 0.09437341873462383 0.046562488262469955 0.0462797238276555
0 0.6787524590125451 0.7819337111253005 0.02320128220778245 0.0233154296875
0 0.6134584867037259 0.7424253317025992 0.0368809333214393 0.03705406188964844
0 0.3999508711007925 0.5774706326998197 0.025283079880934495 0.02531154339130108
0 0.7851072458120493 0.6599247272198017 0.019922256469726562 0.019833784836989183
0 0.3847360610961914 0.6865457388070914 0.024974822998046875 0.024927579439603366
0 0.4737822092496432 0.8017842219426081 0.036228326650766224 0.036399547870342545
0 0.3976337726299579 0.2484273543724647 0.027606670673076924 0.027294268974891074
0 0.1811223396888146 0.5536108383765588 0.028499603271484375 0.02872312985933744
0 0.20151882905226487 0.6847537114070013 0.02741091067974384 0.027332892784705527
0 0.859942362858699 0.036878764629364014 0.022968292236328125 0.02344842140491192
0 0.19263051106379583 0.45499438505906326 0.04008806668795072 0.039958953857421875
0 0.43693337073692906 0.7277935468233548 0.019596099853515625 0.019614586463341348
0 0.42635198739858776 0.6456200526310847 0.019874719473031852 0.019985492412860576
0 0.13224890598883995 0.6030673980712891 0.02293992042541504 0.024733470036433294
0 0.5268363952636719 0.5854524465707632 0.020374884972205527 0.020486831665039062
0 0.4694643020629883 0.5526654536907489 0.01770782470703125 0.01769432654747596
0 0.17635272099421576 0.7176969968355619 0.017923648540790264 0.017804952768179085
0 0.4966259736281175 0.6991011546208308 0.017722129821777344 0.01763916015625
0 0.16734873331510103 0.8154189770038311 0.026262320004976712 0.026378925030048076
0 0.6257302210881159 0.08229518853701077 0.019543867844801683 0.019224001811100885
0 0.5245421116168683 0.4595003128051758 0.01630548330453726 0.01635463421161358
0 0.25320680324847883 0.2845183519216684 0.01863516294039213 0.018669862013596755
0 0.1640324775989239 0.7036838531494141 0.01727118858924279 0.016852158766526442
0 0.43027518345759463 0.8788223266601562 0.018583297729492188 0.01882200974684495
0 0.7834232036884015 0.386415041410006 0.019280653733473558 0.019223359914926384
0 0.1607977060171274 0.28759703269371617 0.019292684701772835 0.019362999842717096
0 0.8213829627403846 0.4733891120323768 0.02853540273813101 0.02864522200364333
0 0.5202724016629733 0.0749043134542612 0.04018622178297777 0.040635530765240006
0 0.1648834485274095 0.6764430999755859 0.01817934329693134 0.0181427001953125
0 0.7231081449068509 0.5291065069345328 0.02341153071476863 0.023751478928786058
0 0.5280918708214393 0.6372295526357797 0.028800230759840745 0.02874124967134916
0 0.7236369206355169 0.9265255561241736 0.018841963547926683 0.018858689528245192
0 0.4815824948824369 0.7498872463519757 0.018529451810396634 0.01867074232835036
0 0.4957837691673866 0.759398680466872 0.020325587346003607 0.020136026235727165
0 0.5829800092256986 0.4387689737173227 0.06377249497633714 0.06323594313401443
0 0.3075905396388127 0.35120575244610125 0.0293887578524076 0.029598529522235576
0 0.7253390825711764 0.7961598176222581 0.01987310556265024 0.01990685096153846
0 0.6170837695782001 0.5942860383253831 0.05214118957519531 0.05356729947603666
0 0.2067570869739239 0.6515306326059195 0.020154366126427285 0.020308567927433893
0 0.5233899996830866 0.04078168593920194 0.019971627455491286 0.020024748948904183
0 0.5507881457989032 0.18306530438936675 0.21236170255220854 0.214569091796875
0 0.21533712973961464 0.18454551696777344 0.07421720944918118 0.07413351535797119
0 0.8418997251070462 0.47094242389385516 0.0162966801570012 0.0168154789851262
0 0.2131842833298903 0.7283115386962891 0.018454515016995944 0.018511552077073317
0 0.5067897943349985 0.5873087002680852 0.01622148660513071 0.01637378105750451
0 0.5486106138962966 0.7482894017146184 0.01646702106182392 0.01649196331317608
0 0.47736666752741885 0.7249587132380559 0.019467720618614785 0.019449234008789062
0 0.18482587887690619 0.9551033606896033 0.018198380103478067 0.017937880295973558
0 0.5613298049339881 0.04840216269859901 0.017008414635291465 0.016731115487905648
0 0.2623200783362755 0.19026411496675932 0.017151905940129206 0.01722090060894306
0 0.17098127878629243 0.9659328460693359 0.01802349090576172 0.018416184645432692
0 0.38804278006920445 0.3806861730722281 0.01672994173490084 0.016823988694411058
0 0.17734428552480844 0.9875777317927434 0.0245358393742488 0.021291586068960335
0 0.5046917841984675 0.8466071348923904 0.016024369459885817 0.016176223754882812
0 0.43030405044555664 0.5941800337571365 0.02034869560828576 0.020507959219125602
0 0.6043133368858924 0.84136962890625 0.018976358266977165 0.01895317664513221
0 0.8052120942335862 0.0658412346473107 0.015100772564227764 0.015393770658052884
0 0.6539740929236779 0.45079832810621995 0.019965245173527643 0.020264038672814004
0 0.47259037311260516 0.7818516951340896 0.02031399653508113 0.02013543935922476
0 0.23307195076575646 0.43376959287203276 0.051414856543907754 0.05135404146634615
0 0.131034255027771 0.8003476216242864 0.016103652807382438 0.016231390146108773
0 0.5796180138221154 0.12866823489849383 0.015171051025390625 0.015013914841871995
0 0.7545245243952825 0.16001019111046424 0.026767143836388223 0.026794057625990648
0 0.24595172588641828 0.6394611505361704 0.022405477670522835 0.02265035189115084
0 0.6336259108323318 0.551511654487023 0.015127035287710337 0.01512439434344952
0 0.14235949516296387 0.3550256949204665 0.018047002645639274 0.017871856689453125
0 0.7901548238900992 0.5829016245328463 0.016541701096754808 0.016510449923001803
0 0.1500620200083806 0.7191668290358323 0.016271572846632738 0.016373267540564902
0 0.8612374525803786 0.40485382080078125 0.02021173330453726 0.020136319673978366
0 0.6646186388455905 0.6215266447800857 0.015105174137995793 0.014548375056340145
0 0.16510576468247634 0.8658381242018479 0.02692123559805063 0.027012164776141826
0 0.5484776130089393 0.6725758772629958 0.018584471482496995 0.018760827871469352
0 0.38534971383901745 0.3640532126793495 0.016679030198317308 0.016499445988581732
0 0.4162883758544922 0.1690561037797194 0.1542355464054988 0.1570758452782264
0 0.7973286555363581 0.3592527829683744 0.018198160024789665 0.018254940326397236
0 0.7803891255305364 0.6332914645855243 0.023875896747295674 0.023854769193209134
0 0.6530095613919772 0.9296718010535607 0.026108961838942308 0.025840172400841348
0 0.22345465880173904 0.8155150780310998 0.01966711191030649 0.019700270432692308
0 0.5548126514141376 0.13682936705075777 0.014717835646409255 0.01457804899949294
0 0.2264708372262808 0.9082408318152795 0.024167574368990384 0.024485661433293268
0 0.6527856680063101 0.6076861528249887 0.030593285193810098 0.030282020568847656
0 0.41809573540320766 0.560022574204665 0.017380494337815505 0.017071650578425482
0 0.5020210559551532 0.6088143128615159 0.020365128150353067 0.020547866821289062
0 0.3525687364431528 0.3839271251971905 0.08933001298170823 0.09040436377892128
0 0.3488731384277344 0.30374948795025164 0.0279693603515625 0.02819648155799279
0 0.4118022185105544 0.7518204909104568 0.020499596228966348 0.02060670119065505
0 0.19875753842867339 0.8083154971782978 0.02676868438720703 0.026247317974384014
0 0.12898050821744478 0.7320813399094802 0.016028184157151442 0.017705770639272835
0 0.3688603914701022 0.8276910781860352 0.019195116483248197 0.019345943744365986
0 0.28226388417757475 0.5226680315457858 0.06489698703472431 0.0670170417198768
0 0.33725448755117565 0.4022035598754883 0.014763905451847957 0.0148773193359375
0 0.2634828274066632 0.31354885834913987 0.023465083195612982 0.024086878849909857
0 0.5909171471228967 0.5893872334406927 0.04803921626164363 0.04956619556133564
0 0.6784381866455078 0.3245724898118239 0.03571613018329327 0.0352473442371075
0 0.43794782345111555 0.3226019052358774 0.019032698411207933 0.01910818540132963
0 0.14905659969036394 0.22440286783071664 0.01729723123403696 0.01764855018028846
0 0.317566834963285 0.7922724943894607 0.015931129455566406 0.01621847886305589
0 0.8037383739764874 0.8483649033766526 0.014695094181941105 0.014590630164513221
0 0.5341124901404748 0.3208957085242638 0.015006432166466346 0.015180147611177884
0 0.8573658282940204 0.34331849905160755 0.019391573392427884 0.018857662494365986
0 0.14530334105858436 0.5299070064838116 0.01750073066124549 0.01758120610163762
0 0.3011814814347487 0.40247066204364484 0.014719119438758263 0.014847315274752103
0 0.6683738415057843 0.4568118682274452 0.024805509127103366 0.025060066810021035
0 0.2619937566610483 0.8910415355975811 0.03595788662250225 0.03597685006948618
0 0.6483095609224759 0.6050010461073655 0.02721742483285757 0.02636256584754357
0 0.7838994539701022 0.4162856615506686 0.02696990966796875 0.027476384089543268
0 0.3318873918973483 0.7963641240046575 0.01613895709698017 0.016194563645582933
0 0.26469138952401966 0.310238948235145 0.019280360295222357 0.0189669682429387
0 0.644498164837177 0.015255733178212093 0.017502564650315505 0.017096427770761344
0 0.47222240154559797 0.6179002615121695 0.02009450472318209 0.020225965059720553
0 0.5204071631798377 0.008642989855546217 0.016581608698918268 0.015568247208228478
0 0.8070963346041166 0.019435330079152033 0.0628802959735577 0.03802370566588182
0 0.7944100453303411 0.7976756462684045 0.014424837552584134 0.014218403742863582
0 0.1267970341902513 0.648525384756235 0.011698686159574069 0.01410381610576923
0 0.6412721047034631 0.33412801302396333 0.01527096674992488 0.015194232647235576
0 0.75457396874061 0.5729023126455454 0.023983001708984375 0.024309305044320915
0 0.49732123888455904 0.8734210087702825 0.014258384704589844 0.014343848595252404
