0 0.27849002984853893 0.15539328868572527 0.1920138138991136 0.19204202065101036
0 0.6972483121431791 0.1571341844705435 0.1661205291748047 0.16752848258385292
0 0.6297509120060847 0.5090160369873047 0.04650394733135517 0.04672387930063101
0 0.6915135016808143 0.7810120215782752 0.03957278911884014 0.039107102614182696
0 0.2746451451228215 0.9192767510047326 0.04889979729285607 0.04901974017803486
0 0.2252985147329477 0.7279286017784705 0.05148931650015024 0.052114633413461536
0 0.5909755780146673 0.35524382958045375 0.0427550535935622 0.04265095637394832
0 0.3728160124558669 0.32380844996525693 0.050281524658203125 0.05010656210092398
0 0.6373227926400992 0.9550728431114783 0.0762798602764423 0.0754711444561298
0 0.4937850511991061 0.3731695321890024 0.024206821735088643 0.02423887986403245
0 0.1988044518690843 0.3297582773061899 0.03444737654465895 0.03442734938401442
0 0.6550448491023138 0.7019681196946365 0.03361291151780348 0.033888596754807696
0 0.676138657789964 0.5512243417593149 0.03620411799504207 0.0361631833589994
0 0.7637308560884916 0.6000932179964505 0.03343406090369591 0.033525980435884915
0 0.4489610745356633 0.9843422816349909 0.031462596012995794 0.027584662804236777
0 0.5590171080369216 0.4693259092477652 0.02519402137169471 0.025047155526968148
0 0.7950729223398062 0.2994915522061862 0.031156393197866585 0.03092369666466346
0 0.35513797173133266 0.7849954458383414 0.025573290311373197 0.025393119225135215
0 0.5542178153991699 0.9386703051053561 0.030887530400202826 0.030768614548903245
0 0.43418150681715745 0.14511318390186018 0.06469565171461839 0.06488900918226975
0 0.8014659147996169 0.38227598483745867 0.03656446016751803 0.03811520796555739
0 0.6781264085036057 0.8945827484130859 0.030691880446213942 0.03025993934044471
0 0.7487890536968524 0.41211645419781023 0.019294005173903245 0.01922944875863882
0 0.7617250589224008 0.37222227683434117 0.0318910158597506 0.03205380072960487
0 0.3840944583599384 0.42077086522028995 0.025743631216195915 0.025957107543945312
0 0.3171253204345703 0.855191157414363 0.02386300380413349 0.024167280930739183
0 0.5298562416663537 0.2551133082463191 0.07994152949406551 0.07977786430945763
0 0.5725120764512283 0.32010661638700044 0.0424500245314378 0.04282056368314303
0 0.5922135573167068 0.7707311923687274 0.022771688608022835 0.022452281071589544
0 0.5876539670504056 0.41262190158550555 0.02353037320650541 0.02345884763277494
0 0.6329044928917518 0.608309452350323 0.031049728393554688 0.03156911409818209
0 0.3820328345665565 0.1969281710111178 0.03567710289588341 0.035504781282865085
0 0.7890073336087741 0.9542914170485276 0.02274146446814904 0.02285634554349459
0 0.38898765123807466 0.6717106745793269 0.03639096480149489 0.03632149329552284
0 0.7677726745605469 0.33965646303617036 0.03181604238656851 0.03142767686110277
0 0.6063490280738244 0.39932551750769985 0.027980731083796576 0.028279671302208535
0 0.5888216312115009 0.8761353125939002 0.027942804189828727 0.028477595402644232
0 0.4943080682020921 0.24420851927537185 0.029622298020582933 0.02965857432438777
0 0.7843814262977014 0.8132027846116286 0.017235389122596152 0.01726957467886118
0 0.8078586138211764 0.851563600393442 0.017734821026141826 0.02047450725848858
0 0.6534924140343299 0.5344350888178899 0.04474023672250601 0.04517841339111328
0 0.7094556368314303 0.5699732120220478 0.016308711125300482 0.016187080970177285
0 0.6642216902512771 0.4931829892672025 0.031867687518780045 0.031920212965745196
0 0.2708601768200214 0.6311305119441106 0.032441872816819414 0.03208717933067909
0 0.4931031373830942 0.6623538090632513 0.023759181682880107 0.023747370793269232
0 0.675117932833158 0.6205103947566106 0.018655043381911058 0.018771281609168418
0 0.6402704532329853 0.5872948719904973 0.020980688241811898 0.02139003460223858
0 0.801183113685021 0.8824932391826923 0.021929227388822116 0.022350311279296875
0 0.3956321936387282 0.3926396736731896 0.026146742013784554 0.026255314166729268
0 0.7140703934889573 0.28783255357008714 0.03778398953951322 0.037358870873084433
0 0.7404353802020733 0.7719223315899189 0.020573982825646035 0.021067252525916465
0 0.7640540783221905 0.5416460770827073 0.01780524620643029 0.017771354088416465
0 0.5558221156780536 0.6620495135967548 0.01972484588623047 0.01982879638671875
0 0.1929015379685622 0.8803377885084885 0.01859261439396785 0.019289163442758415
0 0.8080063599806565 0.6046117269075834 0.019936634944035456 0.025367223299466647
0 0.4284807351919321 0.2662810912499061 0.024960884681114785 0.02500464366032527
0 0.6806785876934345 0.9688494022075946 0.024026137131911058 0.023830707256610576
0 0.6706863550039438 0.43844127655029297 0.016263521634615384 0.01625515864445613
0 0.5069171465360202 0.0640276762155386 0.052936407235952526 0.0527190795311561
0 0.7025282199566181 0.5008073219886193 0.017825786884014424 0.017935532789963942
0 0.3899065898014949 0.13259097246023324 0.02671058361346905 0.026805914365328275
0 0.19670746876643255 0.7978501686683068 0.02074857858511118 0.02100034860464243
0 0.641389773442195 0.9096387716440054 0.03607632563664363 0.03578538161057692
0 0.7908736008864182 0.5995122102590708 0.016506488506610576 0.016680424030010518
0 0.39499671642596906 0.5605393923245944 0.09297546973595253 0.09580472799447867
0 0.47347593307495117 0.8033219850980319 0.016888765188363884 0.016895587627704326
0 0.6313464824969952 0.8416906503530649 0.016781146709735576 0.017039959247295674
0 0.7967981191781851 0.5521262242243841 0.021831512451171875 0.021778987004206732
0 0.38252779153677136 0.26951107612022984 0.01680168738731971 0.016897018139178935
0 0.697675191439115 0.6069458447969877 0.01870272709773137 0.01888906038724459
0 0.45305530841533953 0.2536806876842792 0.021422459528996393 0.021199519817645732
0 0.19719985815194938 0.7756617619441106 0.018257948068472054 0.018307612492487982
0 0.6856107711791992 0.6960323040301983 0.02032617422250601 0.020365494948167067
0 0.44718324221097505 0.6616397270789514 0.03204917907714844 0.032341296856219955
0 0.8109919474675105 0.009362221337281741 0.022972547090970553 0.01766772338977227
0 0.7267269721397986 0.7971530327430139 0.037868499755859375 0.03793833805964543
0 0.2115944899045504 0.4197836655836839 0.05446048883291391 0.056016775277944714
0 0.6325280116154597 0.7700837942270132 0.027703211857722357 0.028012202336237982
0 0.47078657150268555 0.16859993567833534 0.02018004197340745 0.019549003014197715
0 0.7817777486947867 0.8960121594942533 0.019079061654897835 0.019112220177283652
0 0.6938350384051983 0.41113970829890323 0.017291142390324518 0.01725284869854267
0 0.42934648807232195 0.22573280334472656 0.04835649637075571 0.04811521676870493
0 0.7985778221717248 0.6862734281099759 0.019308823805588942 0.019159463735727165
0 0.6517171126145583 0.44425113384540266 0.021929814265324518 0.02221224858210637
0 0.7343870309682993 0.5494447121253381 0.017392672025240384 0.01710656973031851
0 0.3242309276874249 0.5595137522770808 0.031154412489670973 0.031122794518103965
0 0.2376554012298584 0.5273565145639273 0.026749170743502103 0.02679619422325721
0 0.31200599670410156 0.7374343872070312 0.021097935163057767 0.021313300499549277
0 0.5048440052912786 0.3145612569955679 0.030387438260591947 0.029668092727661133
0 0.4345896794245793 0.9369784868680514 0.01740719721867488 0.017363768357496995
0 0.6687849484957181 0.6848771021916316 0.01622596153846154 0.016350379356971152
0 0.6530086810772235 0.7676228743333083 0.017893571120042067 0.017667183509239785
0 0.7154254913330078 0.8375531710111178 0.015619131234975962 0.0157015873835637
0 0.43053289560171276 0.08037290206322303 0.018993304325984076 0.019077649483313926
0 0.7979262425349309 0.8015073629525992 0.02405401376577524 0.02400823739858774
0 0.6103279407207782 0.7174962850717398 0.018956551185021035 0.0191800044133113
0 0.6114645004272461 0.6234427232008714 0.02409538855919471 0.024060909564678486
0 0.29169618166410005 0.9822958432711087 0.02286536876971905 0.022737943209134616
0 0.6885927640474759 0.8276764796330378 0.02960542532113882 0.02978368905874399
0 0.28595682290884167 0.6648401113656851 0.027730941772460938 0.027470515324519232
0 0.5116437765268179 0.2081334774310772 0.024108153123121995 0.024634654705341045
0 0.3871927628150353 0.07697119162632869 0.021894161517803486 0.02212043908926157
0 0.36480210377619815 0.6970616120558518 0.018916496863731973 0.018813353318434495
0 0.6337873018704928 0.2567003873678354 0.05102212612445538 0.051251778235802285
0 0.5791508601262019 0.7437236492450421 0.015595509455754207 0.015510999239408053
0 0.5807628631591797 0.38954936541043794 0.02456378936767578 0.024609125577486478
0 0.21200931989229643 0.6516953981839694 0.026875789348895732 0.027167540330153245
0 0.46635653422429013 0.2361909426175631 0.026941666236290567 0.026860677278958835
0 0.6509228486281174 0.8755836486816406 0.01620175288273738 0.01694664588341346
0 0.5571908217210036 0.7317430056058444 0.01565067584698017 0.015809279221754808
0 0.2576479361607478 0.449523742382343 0.040954993321345404 0.0411840585561899
0 0.5162715911865234 0.4117537278395433 0.06446104783278245 0.06272492041954628
0 0.4099122560941256 0.7920473538912259 0.02578911414513221 0.02549318166879507
0 0.807242907010592 0.9480949548574594 0.016587477463942308 0.02405093266413762
0 0.5461546090932993 0.6890669602614182 0.01538834205040565 0.015241182767427884
0 0.48728488041804385 0.2181549805861253 0.020952958327073317 0.02100350306584285
0 0.5497333820049579 0.8038002894474909 0.015292827899639424 0.015468890850360576
0 0.6971508172842172 0.3403015870314378 0.021685233482947715 0.02144798865685096
0 0.4571188779977652 0.4117447779728816 0.024630179772010215 0.024593206552358773
0 0.33507823944091797 0.8985622112567608 0.01796135535606971 0.017866868239182692
0 0.3445477852454552 0.5976034311147836 0.0405119382418119 0.04109808114858774
0 0.6979236602783203 0.45713993219228893 0.02372609652005709 0.0237273436326247
0 0.24429735770592323 0.8541823900662936 0.015996932983398438 0.015779495239257812
0 0.36027838633610654 0.8235891782320462 0.016644111046424277 0.01653465857872596
0 0.5460211680485652 0.013097051244515639 0.017096299391526442 0.0171220600605011
0 0.24027417256281927 0.6987598125751202 0.014919427724984976 0.014728546142578125
0 0.5607646061823919 0.6973882088294396 0.01524213644174429 0.015534180861253005
0 0.6032677797170786 0.787737773014949 0.015956291785606973 0.017006507286658652
0 0.788298826951247 0.8333743168757513 0.018839909480168268 0.01894554725060096
0 0.2993364700904259 0.9634007673997146 0.023073489849384014 0.02317017775315505
0 0.7015419006347656 0.42620086669921875 0.01602348914513221 0.015882271986741286
0 0.7364779985868014 0.9469584685105544 0.015240742610051082 0.015426195584810697
0 0.49869713416466344 0.9354757162240835 0.014674993661733774 0.014617919921875
0 0.7667062465961163 0.5659629381619967 0.020485364473783053 0.020779903118426982
0 0.7698609278752253 0.5232960627629206 0.016480519221379206 0.01669648977426382
0 0.5441525532649114 0.19685822266798753 0.014551016000600962 0.01470639155461238
0 0.21454220551710862 0.9608682485727164 0.029507270226111777 0.030323028564453125
0 0.5859565734863281 0.8031014662522536 0.016234324528620794 0.016375321608323317
0 0.2877440635974591 0.793423579289363 0.022535434136023887 0.023082733154296875
0 0.5766732509319599 0.47637172845693737 0.01759000924917368 0.017667256868802585
0 0.4497104791494516 0.1568902089045598 0.03043336134690505 0.030005372487581693
0 0.7835278144249549 0.5385482127849872 0.015842731182391826 0.015254020690917969
0 0.7257818075326773 0.5633896314180814 0.016341576209435098 0.015608714177058293
0 0.6813159355750451 0.7622742286095252 0.02550535935621995 0.026219001183143027
0 0.3266947819636418 0.8315858840942383 0.01715828822209285 0.017028074998121995
0 0.44777679443359375 0.18076157569885254 0.01603977496807392 0.0160216551560622
0 0.6438334538386419 0.4231732441828801 0.019731961763822116 0.019893059363731973
0 0.20065725766695464 0.9850521087646484 0.02477865952711839 0.024549190814678486
0 0.34120508340688854 0.9301832639254056 0.019520686222956732 0.019621922419621393
0 0.31139659881591797 0.9288301467895508 0.020063106830303486 0.01998725304236779
0 0.6851753088144156 0.9271900470440204 0.016977310180664062 0.017272068903996393
0 0.6453971129197341 0.8924740277803861 0.02468593303973858 0.025049209594726562
0 0.23099332589369553 0.9823297353891226 0.030100052173321065 0.0300906254695012
0 0.6411352891188401 0.6795743795541617 0.017106129572941706 0.017194747924804688
0 0.5646989528949444 0.8579962803767278 0.014401802649864784 0.014631124643179087
0 0.7423031146709735 0.8898198054387019 0.0142974853515625 0.0144805908203125
0 0.6399106979370117 0.6539137913630559 0.041196969839242786 0.04268851647010216
0 0.42877853833712065 0.48437639383169323 0.014178276062011719 0.014071831336388221
0 0.477754702934852 0.3125111139737643 0.017504178560697116 0.017613631028395433
0 0.3538535558260404 0.9214879549466647 0.02051199399507963 0.020405402550330527
0 0.6339495732234075 0.653685056246244 0.051639410165640026 0.04812152569110577
0 0.7669822986309345 0.6995267868041992 0.016774104191706732 0.01691290048452524
0 0.44859644082876354 0.951207527747521 0.024254872248722956 0.023646721473106973
0 0.7723148052509015 0.8370031943688025 0.015125274658203125 0.015265391423152043
0 0.6067693050091083 0.673614868750939 0.01617013491117037 0.016372240506685697
0 0.2566404342651367 0.9842050992525541 0.02397893025324895 0.024013519287109375
0 0.466182488661546 0.09666817004864033 0.015031521136944111 0.01518717178931603
0 0.45671345637394833 0.3673904859102689 0.016882969782902643 0.016569137573242188
0 0.600742193368765 0.4734030136695275 0.029527664184570312 0.03009803478534405
0 0.6280464025644156 0.2702656159034142 0.03024878868689904 0.03120268308199369
0 0.8086355649507962 0.9031377205481896 0.015218001145582933 0.019947052001953125
0 0.5920459307157077 0.5502692002516526 0.018989416269155648 0.019269649799053486
0 0.7837916887723483 0.5606458003704364 0.016973495483398438 0.017140902005709134
0 0.42760188762958234 0.6354650350717398 0.018734271709735576 0.01875129112830529
0 0.3065301821782039 0.6636465512789212 0.03673480107234074 0.03610566946176382
0 0.39620410479032075 0.16208848586449257 0.02479252448448768 0.02510554973895733
0 0.4078704760624812 0.007919405515377339 0.017129824711726263 0.014710380480839657
0 0.52131410745474 0.8537683486938477 0.014492621788611779 0.014467972975510817
0 0.4827825106107272 0.9804061009333684 0.0163424565241887 0.016344804030198317
0 0.5486618555509127 0.7658951099102314 0.01538386711707482 0.015340951772836538
0 0.7639171893780048 0.6275486579308143 0.015802383422851562 0.01575323251577524
0 0.34158530602088344 0.5004968276390662 0.07176157144399789 0.07300670330341046
0 0.6397053645207331 0.9883551964393029 0.04414030221792368 0.02204102736253005
0 0.809476192180927 0.27124738693237305 0.018437605637770433 0.018497687119704027
0 0.6157791431133564 0.6504953824556791 0.030823927659254808 0.030810722937950723
0 0.3149557480445275 0.8778276443481445 0.017333397498497598 0.01746236360990084
0 0.4555923021756686 0.9403751079852765 0.016049751868614785 0.015779641958383415
0 0.488678712111253 0.15484248674832857 0.01627496572641226 0.01598680019378662
0 0.46123563326322115 0.2727868923774132 0.021416297325721152 0.02115601759690505
0 0.4095329137948843 0.8585030482365534 0.024838741009051982 0.025020012488731973
0 0.7286921281080979 0.6098012190598708 0.015829819899338942 0.016119736891526442
0 0.5293101530808669 0.9771819481482873 0.014482058011568509 0.014674846942608174
0 0.8019523620605469 0.9196032010591947 0.018359844501201924 0.017978961651141826
0 0.8070505582369291 0.331508049598107 0.019103123591496393 0.018781368549053486
0 0.5101946317232572 0.3132474972651555 0.022357353797325723 0.023577249967134915
0 0.2180611903850849 0.9550165029672476 0.028182323162372295 0.0272976801945613
0 0.6900220284095178 0.872038327730619 0.014049970186673678 0.014172774094801683
0 0.2325593691605788 0.9898238548865685 0.022318913386418268 0.018337836632361777
0 0.53601991213285 0.34368346287653995 0.014473548302283654 0.014466945941631611
0 0.4239839773911696 0.7658252716064453 0.015106567969689002 0.015337430513822116
0 0.23514417501596305 0.6576105998112605 0.01672642047588642 0.016804328331580527
0 0.48521914848914516 0.32798502995417667 0.01525570796086238 0.015133270850548377
0 0.5064293054433969 0.29026655050424427 0.01570547544039213 0.01566468752347506
0 0.2051551525409405 0.41751190332266 0.04190782400277945 0.042650589576134317
0 0.23125151487497184 0.9872809190016526 0.02628014637873723 0.022829789381760817
0 0.44431209564208984 0.20448642510634202 0.031425769512469955 0.03128532262948843
0 0.3517468525813176 0.9820362971379206 0.01836424607496995 0.017916752741887018
0 0.6155793116642878 0.8396939497727615 0.013844710129957933 0.013853659996619591
0 0.37913872645451474 0.9938351557804987 0.02536803025465745 0.011432941143329326
0 0.5848571703984187 0.8497650439922626 0.02427812723013071 0.024281134972205527
0 0.3509110670823317 0.9251767672025241 0.026588586660531852 0.026210491473858174
0 0.6631909150343674 0.42071797297551083 0.015761302067683294 0.0154573000394381
0 0.5580312288724459 0.4055932851938101 0.013446661142202524 0.013373741736778846
0 0.34452218275803786 0.9294493014995868 0.023622512817382812 0.023739154522235576
0 0.5388479232788086 0.3105638944185697 0.021646793072040264 0.021512820170475885
0 0.4048283650324895 0.966828126173753 0.016051659217247598 0.016010284423828125
0 0.5196284514207107 0.4046187400817871 0.013716771052433895 0.014389258164625902
0 0.4520752246563251 0.9465539638812726 0.023895410391000602 0.023630729088416465
