0 0.12018895149230957 0.3107169591463529 0.12676807550283578 0.12817030686598557
0 0.8409341665414664 0.8479036184457632 0.05200635469876803 0.05182999830979567
0 0.5261678328880897 0.9549289116492639 0.03684418018047626 0.036712646484375
0 0.4564333695631761 0.6000834611745981 0.03090521005483774 0.030900881840632513
0 0.6509051689734826 0.5920558342566857 0.0247344970703125 0.024732222923865683
0 0.15666959835932806 0.6067069127009466 0.019783973693847656 0.0198824955866887
0 0.34839901557335484 0.927086169903095 0.018907987154447116 0.018841670109675482
0 0.3240953225355882 0.7206077575683594 0.020122014559232272 0.020068828876201924
0 0.46613649221567005 0.052688387724069446 0.01651455805851863 0.01671178524310772
0 0.6812904064471905 0.20545114003694975 0.01934638390174279 0.01939681860116812
0 0.4694513174203726 0.16385826697716346 0.01694767291729267 0.017107340005727913
0 0.013034987908143263 0.8575027172382061 0.019215487516843356 0.02005312992976262
0 0.9678848706758939 0.34297605661245495 0.01799906217134916 0.01797632070688101
0 0.47348781732412487 0.03789349014942463 0.01660302969125601 0.017222564954024095
0 0.6827991192157452 0.6963483370267428 0.018176445594200723 0.0182345463679387
0 0.6034390376164362 0.12355114863469051 0.019228568443885215 0.019232859978309043
0 0.27082221324627215 0.7502051133375901 0.017404959752009466 0.017500657301682692
0 0.8977548159085788 0.8899310185359075 0.020868741548978366 0.020717914287860576
0 0.1680782024676983 0.5075176679171048 0.01692540828998272 0.016692675076998197
0 0.09793736384465145 0.111540647653433 0.016700377831092246 0.01663527121910682
0 0.6512283178476187 0.21238125287569487 0.016463499802809495 0.016232087061955378
0 0.2705098482278677 0.08706095585456261 0.016984279339130107 0.01700252753037673
0 0.10261712624476506 0.18114053286038911 0.016533429806049053 0.016467461219200723
0 0.2452387626354511 0.3670613215519832 0.0162509404695951 0.016049605149489183
0 0.1071471434373122 0.6767987471360427 0.015596939967228817 0.01573327871469351
0 0.47633779965914214 0.800635998065655 0.015525524432842549 0.015417832594651442
0 0.29638246389535755 0.7306646200326773 0.016114161564753607 0.01604285606971154
0 0.9874712137075571 0.9862048809344952 0.02285619882436899 0.02248969444861779
0 0.38184617115901065 0.8422624147855319 0.015100332406850962 0.015088154719426082
0 0.31963590475229114 0.03650040580676152 0.0151670896089994 0.01515435713988084
0 0.4763020735520583 0.022441983222961426 0.01528622553898738 0.015143468976020813
0 0.808262458214393 0.2848665714263916 0.016253251295823317 0.01633310317993164
0 0.7528269841120794 0.702746684734638 0.015758220966045674 0.016164046067457933
0 0.5263078396136944 0.9087721751286433 0.015154691842886118 0.01526627173790565
0 0.8314954317533053 0.34287599416879505 0.014596205491286058 0.014682476337139424
0 0.9284547659067007 0.11433691244858962 0.01491840069110577 0.014886122483473558
0 0.496606496664194 0.351505866417518 0.015027926518366886 0.014892578125
0 0.9071915699885442 0.5524873733520508 0.020267780010516826 0.02050025646503155
0 0.042231811926915094 0.575685060941256 0.01465777250436636 0.014616892887995793
0 0.9532869045551007 0.8052811255821815 0.0441131591796875 0.044458829439603366
0 0.09605673643258902 0.16093798784109262 0.028025993934044473 0.028344080998347357
0 0.03134348759284386 0.2683562865624061 0.047030393893902116 0.04717672788179838
0 0.4658854557917668 0.6587448120117188 0.013910000140850361 0.013961498553936299
0 0.5597788737370417 0.8685875672560471 0.014397694514347957 0.014580506544846755
0 0.07291810329143818 0.19363872821514422 0.014573775804959811 0.014362848722017728
0 0.24217722966120794 0.08948540687561035 0.01486051999605619 0.014990953298715444
0 0.5942661945636456 0.7062442486102765 0.015162834754356971 0.01521609379695012
0 0.8584590324988732 0.01777317661505479 0.014853550837590145 0.014885306358337402
0 0.5720266929039588 0.24226449086115912 0.014465038592998799 0.014421389653132511
0 0.926719592167781 0.2914784871614896 0.015084633460411659 0.015393550579364482
0 0.6491043384258564 0.7167081099290115 0.015112803532527043 0.015337137075570913
0 0.581092357635498 0.7969810779278095 0.014788187467134915 0.014688931978665866
0 0.6577510833740234 0.4658058973459097 0.04371789785531851 0.0432737057025616
0 0.7216555522038386 0.05829298954743605 0.013902370746319111 0.013758191695580116
0 0.9596928816575271 0.2761326019580548 0.01420886699969952 0.014064348660982572
0 0.11899148500882663 0.7267394432654748 0.013882050147423377 0.014026495126577524
0 0.08169389688051663 0.828042250413161 0.013490640200101413 0.013479379507211538
0 0.09255827390230618 0.16292392290555513 0.02381416467519907 0.023288800166203424
0 0.7644783900334284 0.44014681302584135 0.013742593618539663 0.01387493426983173
0 0.38781503530649036 0.8761746333195612 0.014702723576472355 0.014685997596153846
0 0.9866978571965144 0.308835323040302 0.013466321505033053 0.014391899108886719
0 0.7061138153076172 0.7739379589374249 0.014440683218149038 0.014573757465069111
0 0.04396518377157358 0.8589882483849158 0.013950093434407161 0.014146364652193509
0 0.5107133938716009 0.7956544435941256 0.013592793391301082 0.013800694392277645
