0 0.42468074651864857 0.04279807439217201 0.09178521082951473 0.0844358755992009
0 0.35358480306772083 0.9154820075401893 0.1090405537531926 0.10853826082669772
0 0.15413034879244292 0.8349176553579477 0.07875266441932091 0.07988650982196514
0 0.6285662284264197 0.054837749554560736 0.08110119746281551 0.08162799248328576
0 0.9473165365365835 0.30985249005831206 0.07108394916240986 0.07334129626934345
0 0.39754486083984375 0.6520809760460486 0.08494846637432392 0.08551098750187801
0 0.6413159737220178 0.5116182107191819 0.0674730447622446 0.0673359357393705
0 0.28795931889460635 0.6640689556415265 0.07849825345552884 0.07796522287222055
0 0.10566778366382305 0.7387459094707782 0.1173107257256141 0.11865894611065204
0 0.40221298657930815 0.9553948915921725 0.09081290318415715 0.08224986149714543
0 0.7321869776799128 0.3423482821537898 0.06673666147085336 0.06594115037184495
0 0.27041380222027117 0.5106903589688815 0.06825711176945613 0.06833993471585788
0 0.3485222596388597 0.510559632227971 0.0966325906606821 0.0988324238703801
0 0.1418126913217398 0.08454280633192796 0.06180370770967924 0.062409584338848405
0 0.28699456728421724 0.2768584398122934 0.06393880110520583 0.06400423783522385
0 0.5879024725693923 0.7744560975294846 0.06586214212270883 0.06456316434420072
0 0.16828320576594427 0.5200431530292218 0.05456608075361986 0.05409812927246094
0 0.4447667415325458 0.30854056431696963 0.043169461763822116 0.04347808544452374
0 0.08793406303112324 0.524254322052002 0.049547470532930814 0.049499805157001205
0 0.39257434698251575 0.13310636006868803 0.046442472017728366 0.046804648179274336
0 0.5796527862548828 0.6693778404822717 0.06640625 0.06599675692044772
0 0.6993544651911809 0.08769015165475699 0.058232674231896035 0.05811299269015972
0 0.24933547240037185 0.38475865584153396 0.0757586405827449 0.07557025322547326
0 0.5591282844543457 0.4286002745995155 0.0333708983201247 0.03323452289287861
0 0.7620415320763221 0.1658634222470797 0.0239254878117488 0.024286783658541165
0 0.5019599474393405 0.24324728892399713 0.04842215317946214 0.04890141120323768
0 0.1945972442626953 0.05866648600651668 0.05499678391676683 0.054828533759483926
0 0.11041342295133151 0.6265322611882136 0.043125299307016224 0.04307115994966947
0 0.287687191596398 0.21024047411405122 0.06821287595308743 0.06817454558152419
0 0.9239032451923077 0.6609322474553034 0.042146536020132214 0.042769211989182696
0 0.057840626973372236 0.6499026371882513 0.06386921038994423 0.06385113642765926
0 0.39862728118896484 0.38811944081233096 0.045004624586838946 0.04532271165114183
0 0.6437818820659931 0.5682030824514536 0.03040944612943209 0.030671413128192607
0 0.11870938081007737 0.461787957411546 0.056434888106126055 0.05682857219989483
0 0.05717380230243389 0.17120115573589617 0.05650036151592548 0.05677260802342342
0 0.9051523942213792 0.9770260590773362 0.06174028836763822 0.04297417860764723
0 0.522010876582219 0.8655354426457331 0.031226965097280648 0.031154632568359375
0 0.8041285001314603 0.5514775056105393 0.025936713585486777 0.02586504129263071
0 0.5992511602548453 0.7250672120314378 0.05546833918644832 0.056813753568209134
0 0.8857972071721003 0.5820711576021634 0.026830086341271035 0.026772279005784255
0 0.7179569831261268 0.25571500338040865 0.022655193622295674 0.022862727825458232
0 0.3906430464524489 0.22285905251136193 0.022845928485576924 0.023070812225341797
0 0.4443193582388071 0.6131015190711389 0.044371384840745196 0.04416641822228065
0 0.44945658170259917 0.2720481065603403 0.027583489051231973 0.027779359083909255
0 0.9578748849722055 0.3653396459726187 0.02589240440955529 0.026065532977764424
0 0.6810309336735652 0.9424872765174279 0.1362763918363131 0.1126110370342548
0 0.27290204855111927 0.6036328169015738 0.03746751638559195 0.0376734366783729
0 0.9477340258084811 0.7456119977510892 0.027705559363731973 0.02736238332895132
0 0.893154291006235 0.39944626734806943 0.02002892127403846 0.019842074467585638
0 0.5989624903752253 0.44147531802837664 0.041815537672776446 0.040914682241586536
0 0.07308656435746413 0.47160841868473935 0.029394131440382738 0.029540355388934795
0 0.5794054911686823 0.05444312554139357 0.03335996774526743 0.033572609607989974
0 0.676516973055326 0.7573139484112079 0.040536146897536054 0.040348052978515625
0 0.5456964786236103 0.09279971856337327 0.024008677555964544 0.024179458618164062
0 0.03169046227748577 0.2519073302929218 0.034062784451704756 0.034637781289907604
0 0.1533056222475492 0.9202631436861478 0.07074147004347581 0.07150972806490384
0 0.04210393245403583 0.32998165717491734 0.031036542012141302 0.031235474806565505
0 0.7199955720167893 0.12060372646038349 0.02288202139047476 0.02290208523090069
0 0.4317830525911771 0.36167258482712966 0.02981721437894381 0.029656410217285156
0 0.12807938685783973 0.4156117072472206 0.0204470341022198 0.020581612220177285
0 0.2603927025428185 0.07982582312363845 0.028611109806941107 0.028568176122812126
0 0.9603476891150842 0.4539922567514273 0.028064727783203125 0.027920943040114183
0 0.4873753327589769 0.7547412285437951 0.01712336907019982 0.017301412729116585
0 0.8057521673349234 0.09538529469416691 0.01881584754356971 0.01871354763324444
0 0.4769087571364183 0.30353491122906023 0.016687833345853366 0.016583075890174277
0 0.19434167788578913 0.09397246287419246 0.041138062110314004 0.04150762924781212
0 0.9302937434269831 0.3912511238685021 0.020406136145958535 0.020301158611591045
0 0.8206289731539212 0.03502395519843468 0.01949339646559495 0.019628167152404785
0 0.9303780335646409 0.49684762954711914 0.03433432945838341 0.0341034669142503
0 0.6247898982121394 0.22276621598463792 0.02941278310922476 0.029835957747239333
0 0.44344227130596453 0.14587910358722395 0.027474476740910456 0.027721661787766676
0 0.15603021474984977 0.1299429490016057 0.03599119186401367 0.03592260067279522
0 0.9645873583280123 0.9427062548123873 0.023864305936373197 0.023909495427058294
0 0.21318611731896034 0.700011840233436 0.04519499265230619 0.04588728684645433
0 0.23777019060575044 0.017758490947576668 0.018625699556790866 0.01870966416138869
0 0.3606414061326247 0.36923709282508266 0.07593881166898288 0.07406410804161659
0 0.05509064747737004 0.3033631764925443 0.021165829438429613 0.020937406099759616
0 0.09345232523404635 0.15096141741825983 0.10568776497474083 0.10571600840641902
0 0.7380567697378305 0.46196651458740234 0.03897916353665865 0.03894600501427284
0 0.773363993718074 0.38095547602726865 0.016307243934044473 0.016219212458683893
0 0.35595068564781773 0.7542583759014423 0.03376029087946965 0.03387612562913161
0 0.7252371861384466 0.1892227943126972 0.024600689227764424 0.024639973273644082
0 0.5549371059124286 0.6007443941556491 0.037569559537447415 0.036993907048152044
0 0.7706945125873272 0.444885620704064 0.03970468961275541 0.039411691518930286
0 0.7508828089787409 0.0874935113466703 0.024750929612379808 0.0249061997120197
0 0.7658663529616135 0.5868332936213567 0.017998915452223558 0.017495081974909857
0 0.85864991408128 0.42015662560096156 0.017225118783804085 0.01711383232703576
0 0.8353509169358474 0.8038214903611404 0.021998185377854567 0.022105583777794473
0 0.3820031239436223 0.3449706297654372 0.03812357095571665 0.03815152094914363
0 0.39648929009070766 0.5782737731933594 0.05831234271709736 0.05649566650390625
0 0.6808073337261493 0.6380050365741436 0.034795320951021634 0.03436983548677885
0 0.2581695043123685 0.45321068396935094 0.052110525277944714 0.052579439603365384
0 0.5177079714261569 0.70294372852032 0.02600992642916166 0.026158993060772236
0 0.44433989891639125 0.7087684778066782 0.04354117466853215 0.04349062992976262
0 0.6422419914832482 0.11858741136697623 0.020146003136268027 0.020091460301325872
0 0.9285395695612981 0.8827483837421124 0.020489912766676683 0.020540677584134616
0 0.8374664600078876 0.9860470111553485 0.015935164231520433 0.01612120408278245
0 0.3036785125732422 0.4018994844876803 0.0336610353910006 0.03394765120286208
0 0.388457885155311 0.43169520451472354 0.07140746483435997 0.06877679091233474
0 0.9616589179405799 0.009503040176171523 0.024282308725210335 0.017718390776560858
0 0.14503850386692926 0.7285581001868615 0.03291142903841459 0.03295678358811598
0 0.3135080337524414 0.9824139521672175 0.026879604046161357 0.02598733168381911
0 0.6563490354097806 0.25659740888155425 0.022398728590745192 0.022818492009089544
0 0.1738125360929049 0.9581554119403546 0.017803265498234674 0.017588688777043268
0 0.5893384493314303 0.3388218512901893 0.015351222111628605 0.015252333420973558
0 0.18263842509343073 0.4247111540574294 0.02096843719482422 0.021245956420898438
0 0.24450052701509917 0.9765913303081806 0.0912792499248798 0.042535635141225964
0 0.06008056035408607 0.2511774209829477 0.025737459842975322 0.026120992807241585
0 0.24278937853299654 0.23773754560030425 0.04210706857534555 0.04249440706693209
0 0.7472676497239333 0.9225323016826923 0.025209573599008415 0.025218376746544473
0 0.4217063096853403 0.4148881985591008 0.028964996337890625 0.02909234853891226
0 0.6983651381272536 0.09190336557535025 0.01697408235990084 0.017157224508432243
0 0.1830728787642259 0.029228973847169142 0.037461390862098105 0.03752144941916832
0 0.7838460482083834 0.8406637631929837 0.015528165377103366 0.01562632047213041
0 0.5838579764732947 0.555634278517503 0.022252596341646634 0.022424991314227764
0 0.1727151503929725 0.18179827470045823 0.015755946819598857 0.015813534076397236
0 0.6194119086632361 0.24470094534067008 0.025239210862379808 0.02510965787447416
0 0.8737849455613357 0.3438007648174579 0.015258348905123197 0.015241916363055889
0 0.3249820195711576 0.15368003111619216 0.05685872298020583 0.05635973123403696
0 0.2229480376610389 0.5881120975200946 0.0365293942964994 0.03711025531475361
0 0.8413157829871545 0.5258653347308819 0.025151766263521634 0.024853633000300482
0 0.5292552801278921 0.6274422132051908 0.03368715139535757 0.033794403076171875
0 0.7579441070556641 0.41372167147122896 0.019428399892953727 0.0199124262883113
0 0.5426013653094952 0.6490166737483098 0.020171092106745794 0.020090249868539665
0 0.2524838080772987 0.9214869279127854 0.028707284193772536 0.028441795935997598
0 0.7576041588416467 0.7032734797551081 0.020433866060697116 0.0206606938288762
0 0.21218602473919207 0.6183630869938777 0.018487049983097956 0.018297342153695915
0 0.7755347031813401 0.08092858241154598 0.02023594196026142 0.020296371900118314
0 0.9554378802959735 0.5507574815016526 0.02129393357496995 0.021117137028620794
0 0.608730462881235 0.8389263153076172 0.05488160940317007 0.0549768301156851
0 0.5194831994863657 0.6535365764911358 0.016094794640174277 0.01639732947716346
0 0.1105814713698167 0.16884506665743315 0.06774583688149086 0.06695725367619441
0 0.45218973893385667 0.5489035386305589 0.025260044978215143 0.025464424720177285
0 0.036250018156491794 0.957725084744967 0.018488553854135368 0.018306145301231973
0 0.04615016625477718 0.9104964182927058 0.030319938292870156 0.03001990685096154
0 0.5289619519160345 0.3300189971923828 0.023116918710561898 0.022847689115084134
0 0.0857684062077449 0.8199301499586839 0.01798922740496122 0.018497173602764424
0 0.14049827135526216 0.39498189779428333 0.019200526751004733 0.018858982966496393
0 0.9566516876220703 0.5266798092768743 0.019968179556039665 0.019984318659855768
0 0.7867824114285983 0.4910400463984563 0.024151728703425482 0.023937518780048076
0 0.49541649451622594 0.025978491856501654 0.01885648874136118 0.01903892021912795
0 0.30097649647639346 0.0775312460385836 0.015223869910606971 0.015352143691136287
0 0.9511415041410006 0.687291512122521 0.015925187330979567 0.016047844519981973
0 0.7527477557842548 0.7447747450608474 0.04022774329552284 0.04045266371506911
0 0.41364431381225586 0.5111616574800931 0.04534222529484676 0.044839638930100664
0 0.7531714806189904 0.04794699412125807 0.019832317645733174 0.019742745619553786
0 0.42532909833467925 0.4755434256333571 0.0626988044151893 0.06074956747201773
0 0.9641377375676081 0.6282719832200271 0.023895850548377402 0.02378991933969351
0 0.243557673234206 0.8554288423978366 0.017134666442871094 0.016969827505258415
0 0.3433077518756573 0.5951386965238131 0.014489027170034556 0.014557178203876201
0 0.17929517305814302 0.21658418728755072 0.01971750992995042 0.01982421141404372
0 0.14688396453857422 0.3567331020648663 0.05114452655498798 0.051157437838040866
0 0.4227391756497897 0.534903306227464 0.03559112548828125 0.034786077646108776
0 0.25186918332026553 0.15306933109576887 0.016641873579758864 0.01682252150315505
0 0.7765552080594577 0.7932981344369742 0.021675550020658053 0.022481184739332933
0 0.19953144513643706 0.7470466907207782 0.01811559383685772 0.0177459716796875
0 0.7335274036114032 0.9883230649507962 0.040368887094350964 0.02137272174541767
0 0.0385286624615009 0.21986161745511568 0.02304805012849661 0.023524064284104567
0 0.7738568966205304 0.4068464499253493 0.02172235342172476 0.021017954899714544
0 0.2730329953707181 0.1604933922107403 0.049506114079402044 0.049001143528864935
0 0.8994020315317007 0.056269123004033014 0.02421408433180589 0.024239613459660456
0 0.5173858862656814 0.3059517603654128 0.024507449223445013 0.025019022134634163
0 0.5155466519869291 0.10935610074263352 0.020614037146935098 0.020674650485698994
0 0.08209998791034405 0.08761564584878775 0.04553974591768705 0.04502743941086989
0 0.8778400421142578 0.4359537638150729 0.03634555523212139 0.036635325505183294
0 0.06891818229968731 0.8786427424504206 0.02345000780545748 0.02396524869478666
0 0.4715290069580078 0.593306724841778 0.020640446589543268 0.020927795997032754
0 0.45825745509221005 0.5096425276536208 0.034009493314302884 0.033599560077373795
0 0.5826087364783654 0.6407247690054086 0.020967776958759014 0.020761636587289665
0 0.5578589072594275 0.6332131899320163 0.020446630624624398 0.020999908447265625
0 0.9077280484713041 0.6916659428523138 0.014601193941556491 0.014660908625676082
0 0.7930193680983323 0.7537023104154147 0.017789693979116585 0.017772381122295674
0 0.3747993982755221 0.3672260871300331 0.024512877831092246 0.023929595947265625
0 0.14480521128727838 0.9662372882549579 0.023015645834115837 0.022783719576322116
0 0.11066370743971604 0.38226677821232724 0.029219884138840895 0.029204441950871393
0 0.34964807216937727 0.6517194601205679 0.02404499053955078 0.0239718510554387
0 0.7425958193265475 0.43353161445030797 0.02907415536733774 0.030116154597355768
0 0.2689210451566256 0.7777291811429538 0.02231289790226863 0.022637587327223558
0 0.08144323642437275 0.3198821728046124 0.02989783653846154 0.029764835651104268
0 0.1254094930795523 0.5957706891573392 0.026286858778733473 0.026503342848557692
0 0.745693720304049 0.07768396230844352 0.017879339364858773 0.0178220272064209
0 0.17164325714111328 0.32666969299316406 0.02470823434682993 0.025110611548790567
0 0.7368946809035081 0.9627700952383188 0.12332358727088341 0.07220033498910758
0 0.3065948302929218 0.775490247286283 0.031199565300574668 0.030530782846304085
0 0.8569673391488882 0.5450440186720628 0.016165806696965143 0.01624906980074369
0 0.4902637555049016 0.051153325117551364 0.02325740227332482 0.023086116864131048
0 0.4904771951528696 0.08313424770648663 0.01639527540940505 0.016336262226104736
0 0.25073553965641904 0.2651871901292067 0.015939859243539665 0.0157317748436561
0 0.06029398624713604 0.35245763338529146 0.018396799380962666 0.018536787766676683
0 0.27865200776320237 0.8529865558330829 0.018312894381009616 0.01840033897986779
0 0.12619684292719915 0.4928898444542518 0.022944890535794772 0.022910338181715745
0 0.08707715914799617 0.5920003744272085 0.03319255663798405 0.033564200768103965
0 0.9148822197547326 0.13160573519193208 0.016755324143629808 0.01651936310988206
0 0.6826794697688177 0.7892682002140925 0.04540164654071514 0.04552665123572716
0 0.26428571114173305 0.3213035143338717 0.020602886493389424 0.020570901724008415
0 0.8917020651010367 0.49073307330791766 0.019180738008939303 0.019262020404522236
0 0.2618428560403677 0.13967066544752854 0.01762837630051833 0.017259579438429613
0 0.8910052959735577 0.45469526144174427 0.03940112774188702 0.03828503535344051
0 0.9114584555992713 0.07267426068966205 0.018869693462665264 0.019152338688190166
0 0.07905778518089882 0.34629392623901367 0.024192732114058275 0.02428150177001953
0 0.8734862987811749 0.6670482342059796 0.015145228459284855 0.015230325552133413
0 0.2114401780641996 0.23642455614530122 0.017044654259314902 0.01740154853233924
0 0.40229379213773286 0.7136994141798753 0.027086698091947116 0.02679105905386118
0 0.6199418581449069 0.6435772822453425 0.026021957397460938 0.026953477125901442
0 0.5014127951401931 0.8869140331561749 0.022358160752516527 0.02256041306715745
0 0.6541412060077374 0.20415599529559797 0.041019439697265625 0.042899058415339544
0 0.20359321740957406 0.7635467235858624 0.02032169928917518 0.02040408207820012
0 0.7360179607684796 0.2128136708186223 0.01684394249549279 0.01688238290640024
0 0.26630680377666766 0.3251296556912936 0.02881967104398287 0.028914965116060697
0 0.09118771553039551 0.21539748631990874 0.025065000240619365 0.025082808274489183
0 0.897093992966872 0.8119448881882888 0.014973713801457332 0.014816871056189904
0 0.2018287732050969 0.7212523680466872 0.018563197209284857 0.018397111159104567
0 0.06882024728334867 0.879493419940655 0.028989003254817083 0.0283352778508113
0 0.6826433768639197 0.5317213718707745 0.01731109619140625 0.0171968753521259
0 0.8562245735755334 0.2483820915222168 0.014822006225585938 0.01493087181678185
0 0.9752951401930589 0.5182778651897724 0.012804471529447116 0.01886125711294321
0 0.6005383271437424 0.5310822266798753 0.016756717975323018 0.016602149376502402
0 0.020557181193278387 0.20881069623506987 0.0128364975635822 0.01866575387807993
0 0.4686150550842285 0.32076505514291614 0.021959598247821514 0.02205027066744291
0 0.6169068996722882 0.8794935666597806 0.06733454190767728 0.06580396798940805
0 0.7158329303448017 0.16089866711543158 0.02327566880446214 0.024301859048696663
0 0.16992856906010553 0.9198882763202374 0.040452773754413314 0.039887501643254206
0 0.6628387891329252 0.3926099630502554 0.03406216548039363 0.03438582787146935
0 0.7745252755972055 0.34622705899752104 0.015848599947415866 0.015864739051231973
0 0.6196724084707407 0.647130379310021 0.030921055720402643 0.0320582756629357
0 0.9240583273080679 0.7137797429011419 0.013995537391075721 0.0139924562894381
0 0.9493835155780499 0.16626902726980355 0.020756354698768027 0.020910116342397835
0 0.8950692690335788 0.4686913857093224 0.027077601506159857 0.026705228365384616
0 0.5261411666870117 0.9746368114764874 0.023905240572415866 0.023865919846754808
0 0.1721191956446721 0.7168190295879657 0.02077374091515174 0.020909822904146634
0 0.7618063413179837 0.5000820893507737 0.027582315298227165 0.026443848243126504
0 0.9723092592679538 0.921357668363131 0.014825674203725962 0.014977528498722957
0 0.7975582709679236 0.4282446274390587 0.02841802743765024 0.02876560504619892
0 0.7893090614905725 0.3399834999671349 0.017533082228440505 0.017371397752028245
0 0.9489618448110727 0.42597418565016526 0.014541039100060096 0.014835797823392428
0 0.1455828593327449 0.7700611994816706 0.015980280362642728 0.015914330115685098
0 0.15184319936312163 0.556361565223107 0.027306886819692757 0.027309711162860576
0 0.9574747819166917 0.38655765240009016 0.014215909517728366 0.014314064612755409
0 0.9146932455209585 0.48060373159555286 0.02212216303898738 0.02181089841402494
0 0.6009093064528245 0.9329164945162259 0.02110114464393029 0.021074441763070915
0 0.12984864528362566 0.2997435056246244 0.06938915986281174 0.0701899895301232
0 0.28913209988520694 0.08676042923560509 0.014913375561053935 0.014809168302095853
0 0.7612530634953425 0.49545196386484 0.03321985098031851 0.03386270082913912
0 0.5515771278968225 0.4047203063964844 0.028006480290339544 0.027776131263146035
0 0.5126477388235239 0.13284655717703012 0.01594117971567007 0.015860814314622145
0 0.6673974990844727 0.43406970684344953 0.026472825270432692 0.02640107961801382
0 0.33812999725341797 0.7361637995793269 0.014044614938589243 0.013994950514573317
0 0.5649360510019156 0.5711901004497821 0.02090028616098257 0.02077660193810096
0 0.030298659434685342 0.8946813436654898 0.030026811819810133 0.037110402033879206
0 0.7698745727539062 0.8633561501136193 0.022701263427734375 0.022646977351262018
0 0.2435772602374737 0.8623717381403997 0.02637943854698768 0.026718726524939902
0 0.5657985393817608 0.3530117915226863 0.04250350365271935 0.040990976186899036
0 0.16127342444199783 0.4565015939565805 0.023821280552790716 0.023500882662259616
0 0.37276737506573016 0.36668773797842175 0.03696030836838942 0.03491416344275841
0 0.08957479550288273 0.5953980225783128 0.02900798962666438 0.028678233806903545
0 0.09932934320889987 0.3609104890089769 0.03132273600651668 0.03231070591853215
0 0.0853729798243596 0.5874938231248122 0.03869137397179237 0.039475587698129505
0 0.6578373542198768 0.654559062077449 0.020983769343449518 0.020915691669170674
0 0.03867573462999784 0.025068136361929085 0.05093306761521559 0.04906731385451097
0 0.6665527637188251 0.36795880244328427 0.014812176044170674 0.015006065368652344
0 0.19011196723351112 0.24790165974543646 0.02100218259371244 0.021116990309495192
0 0.7762457040640024 0.7901300283578726 0.018643892728365384 0.0176846430851863
0 0.7957810621995193 0.9406889401949369 0.0245516850398137 0.024451769315279447
0 0.5131014677194449 0.9050392737755408 0.020197208111102764 0.02043768075796274
0 0.6060644296499399 0.3860024305490347 0.05608793405386118 0.05448722839355469
0 0.5029596915611854 0.7999076109666091 0.022944083580603965 0.023016856266902044
0 0.6836720980130709 0.16039692438565767 0.015298403226412259 0.015627604264479417
0 0.7001562118530273 0.09079932249509372 0.021179639376126803 0.02206563949584961
0 0.4024691581726074 0.3387721868661734 0.013074067922738882 0.013365378746619591
0 0.24543397243206316 0.5765686768751878 0.08425587874192458 0.08292579650878906
0 0.5705363933856671 0.9181694617638221 0.014980462881234976 0.015208904559795674
0 0.7608750416682317 0.4889335632324219 0.03614939176119291 0.03725873506986178
0 0.722128281226525 0.8430772928091196 0.018896983220027044 0.019191155066856973
0 0.17053805864774263 0.01929301481980544 0.013932594886192909 0.014500402487241305
0 0.5014094572800857 0.5988575128408579 0.019082142756535456 0.01952948937049279
0 0.28064544384296125 0.42705777975229114 0.025330836956317607 0.025836431063138522
0 0.36307430267333984 0.7140510999239408 0.023533014150766227 0.023530960083007812
0 0.55506654886099 0.059698086518507734 0.014646530151367188 0.014217651807344876
0 0.16964215498704177 0.203249271099384 0.01436629662146935 0.01421059094942533
0 0.4475212830763597 0.487155950986422 0.031221976647010215 0.03036014850323017
0 0.5040831565856934 0.599783677321214 0.023991731496957634 0.024624017568734977
0 0.4535821034358098 0.6468721536489633 0.037619517399714544 0.03680229187011719
0 0.8200261042668269 0.32686666341928333 0.013275439922626201 0.013146913968599759
0 0.611937742966872 0.5051652101370004 0.02030607370229868 0.02096381554236779
0 0.48825337336613583 0.7855026538555439 0.015742081862229567 0.015947782076322116
0 0.5544604154733511 0.8270328961885892 0.03196877699631911 0.03282869779146635
0 0.31621547845693737 0.6342296600341797 0.04690823188194862 0.04633947519155649
