0 0.4040805376493014 0.2571524473337027 0.1385035881629357 0.14185105837308443
0 0.5366869339576135 0.05167415050359873 0.0575872567983774 0.05708433114565336
0 0.8434853186974158 0.15137283618633562 0.050739288330078125 0.05080839303823618
0 0.6428920305692233 0.2678692157451923 0.0455774160531851 0.046083963834322415
0 0.6465317652775691 0.09161589695857121 0.0682995135967548 0.06855452977693997
0 0.336029052734375 0.945491203894982 0.11836088620699368 0.10553638751690204
0 0.4021373161902794 0.48903443263127255 0.06084178044245793 0.05994341923640324
0 0.5897736916175256 0.3173371461721567 0.04609005267803486 0.04654913682204027
0 0.23588136526254508 0.04076682604276217 0.1134333977332482 0.07877072921166053
0 0.5582247513991135 0.19376908815824068 0.028786732600285456 0.02879637938279372
0 0.5630606504587027 0.48807056133563703 0.032129141000600964 0.03217271658090445
0 0.7751350402832031 0.26050828053401065 0.028821798471304085 0.02898722428541917
0 0.737658427311824 0.9806106273944561 0.037233792818509616 0.03442881657527043
0 0.7228728807889498 0.7621236947866586 0.02855374262883113 0.028896918663611777
0 0.21005857907808745 0.2315640266125019 0.023700677431546725 0.02363425034743089
0 0.3944686009333684 0.8091316223144531 0.02487798837515024 0.02513269277719351
0 0.6149835586547852 0.6249845944918119 0.026047779963566706 0.026100011972280648
0 0.7950057983398438 0.16051431802602914 0.021708121666541465 0.02151628640981821
0 0.5476242945744441 0.11136678548959586 0.10666377727801983 0.1069945922264686
0 0.5318318146925706 0.2873948904184195 0.025786473200871393 0.025841126075157754
0 0.7080619518573468 0.9842516092153696 0.02218466538649339 0.021930694580078125
0 0.12658187059255746 0.4545079011183519 0.02731433281531701 0.02732247572678786
0 0.7771035707913913 0.09280201104971078 0.0716250492976262 0.07185543041962844
0 0.8774476418128381 0.761752201960637 0.03386776263897236 0.03405292217548077
0 0.7121772032517654 0.6820023610041692 0.019376167884239785 0.019433975219726562
0 0.8412467516385592 0.7856812110314002 0.017949764545147236 0.01788476797250601
0 0.6982263418344351 0.3857452686016376 0.018209017240084134 0.01805261465219351
0 0.6093374399038461 0.19766624157245344 0.022946577805739183 0.02307429680457482
0 0.28106872852032 0.5077463663541354 0.019752135643592246 0.019779352041391227
0 0.5936088195213904 0.8933102534367487 0.0272824947650616 0.027432955228365384
0 0.8568168053260217 0.4354726718022273 0.016877101017878607 0.016965939448429987
0 0.3693186319791354 0.7891615354097806 0.02304355914776142 0.023071435781625602
0 0.5180862866915189 0.5744940684391902 0.017597491924579326 0.017647376427283652
0 0.7575960892897385 0.4034248131972093 0.018015934870793268 0.018129275395320013
0 0.33943612758929914 0.8318202678973858 0.01777957035945012 0.017747145432692308
0 0.84588989844689 0.8760303350595328 0.03826493483323317 0.0383905264047476
0 0.8623604407677283 0.729168965266301 0.01793069105881911 0.018007425161508415
0 0.8302904275747446 0.008780922454137068 0.02068152794471154 0.016580605736145608
0 0.6698653881366436 0.1788034805884728 0.026557042048527643 0.02699866661658654
0 0.45715698829064 0.8063865808340219 0.017809941218449518 0.01764649611253005
0 0.3884852482722356 0.3368266545809232 0.020894857553335335 0.02121103726900541
0 0.5357953585111178 0.256927123436561 0.01994177011343149 0.019958055936373197
0 0.541478890639085 0.3231730827918419 0.024402471689077523 0.024362930884728067
0 0.5526236387399527 0.9669653819157527 0.027890645540677585 0.02748386676494892
0 0.5181270012488732 0.7476871930635892 0.017505939190204326 0.01751870375413161
0 0.5458818582388071 0.8647893758920523 0.01763153076171875 0.017976907583383415
0 0.5917407549344577 0.21607648409329927 0.02405856205866887 0.023955345153808594
0 0.7301573386559119 0.2196664993579571 0.020926695603590745 0.020980468163123496
0 0.3295143567598783 0.4248522611764761 0.017873617318960335 0.017676280095027044
0 0.3618795321537898 0.05759367576012245 0.0483862069936899 0.048003160036527194
0 0.8544244032639724 0.2030462118295523 0.030231475830078125 0.02992409926194411
0 0.6851295324472281 0.832304441011869 0.03622157757098858 0.03656563392052284
0 0.210495637013362 0.3699920360858624 0.03655239251943735 0.03679040762094351
0 0.8277915807870718 0.08322094953977145 0.01847384526179387 0.018655758637648363
0 0.33445196885329026 0.6627459892859826 0.016955742469200723 0.016898375291090745
0 0.7844272760244516 0.46921297220083386 0.02607903113731971 0.026442527770996094
0 0.8630239046536959 0.962281007033128 0.01750007042518029 0.017452093271108773
0 0.43281789926382214 0.49538348271296573 0.026268445528470553 0.02653327355018029
0 0.22033904148982122 0.9091827686016376 0.023642576657808743 0.023431044358473558
0 0.12358160202319805 0.2731330944941594 0.03700104126563439 0.03715603168194111
0 0.48755810810969424 0.31932882162240833 0.01701949192927434 0.016971001258263223
0 0.8248153099646935 0.12239602895883414 0.018065525935246393 0.018160233130821817
0 0.7825813293457031 0.012725195059409508 0.017644148606520433 0.017609720046703633
0 0.8593180729792669 0.5562720665564904 0.017951378455528848 0.017772454481858473
0 0.6469573974609375 0.9567105219914362 0.01830467810997596 0.018118638258713942
0 0.6765748537503756 0.4147068170400766 0.017630943885216348 0.017893057603102464
0 0.39496902319101185 0.40212711921105015 0.02173306391789363 0.021672468919020433
0 0.8205058758075421 0.5067693270169772 0.017557877760667067 0.018204909104567308
0 0.29216667322012096 0.5555918400104229 0.018992790809044473 0.019240819490872897
0 0.3509167524484488 0.5802306395310622 0.016718350923978366 0.01679677229661208
0 0.685458256648137 0.9930013509897085 0.018956551185021035 0.01231853778545673
0 0.36135020622840297 0.6986320202167218 0.016647852384127103 0.016715123103215143
0 0.8379726409912109 0.3941782071040227 0.015467570378230168 0.015432797945462741
0 0.46199329082782453 0.21639328736525315 0.07364317087026742 0.0735172858605018
0 0.7490394298846905 0.34872737297644985 0.015595362736628605 0.015521416297325721
0 0.6737782404972956 0.1283500653046828 0.045759934645432696 0.04559025397667518
0 0.7984991807204026 0.48534950843224156 0.01621525104229267 0.015926361083984375
0 0.27865013709435094 0.4537510505089393 0.016993962801419772 0.01701186253474309
0 0.6748704176682693 0.497992075406588 0.0184329106257512 0.018560262826772835
0 0.4183284319364108 0.14962001947256234 0.07931327819824219 0.08053933657132663
0 0.6939251973078802 0.6056707088763897 0.02229617192195012 0.02287439199594351
0 0.38374908153827375 0.36584795438326323 0.01739369905911959 0.01737814683180589
0 0.45575725115262544 0.3229264479417067 0.022821426391601562 0.023072169377253607
0 0.2967028251061073 0.09813583814180814 0.08844412290132962 0.08658895125755897
0 0.1461359170766977 0.1336224996126615 0.03348181797907902 0.03381127577561598
0 0.71574643942026 0.45954073392427885 0.017799524160531852 0.017873323880709134
0 0.4204287895789513 0.9707455268272986 0.04635803516094501 0.04621740487905649
0 0.8098140129676232 0.0381393157518827 0.02440217825082632 0.024549392553476188
0 0.8226123222937951 0.5191375659062312 0.016672281118539665 0.016808729905348558
0 0.8937807083129883 0.4840484399061937 0.011748974139873799 0.01669597625732422
0 0.30170926680931676 0.9093079200157752 0.015700010152963493 0.015828059269831732
0 0.1825555654672476 0.6452894944411057 0.017350160158597507 0.017285567063551683
0 0.31723554317767805 0.20354159061725324 0.018549185532789964 0.018746632796067458
0 0.6963729858398438 0.4209157136770395 0.023172965416541465 0.022942249591533955
0 0.6887833521916316 0.9510762141301081 0.015593015230618991 0.015759101280799277
0 0.6573991041917068 0.23736959237318772 0.015587146465594951 0.015391313112699069
0 0.8054008483886719 0.4524464240440956 0.015843611497145433 0.01592078575721154
0 0.7808291361882136 0.24099320631760818 0.015277422391451322 0.015229591956505409
0 0.642708264864408 0.057463838503910944 0.016356981717623197 0.01645038678095891
0 0.8132524490356445 0.984624275794396 0.02215429452749399 0.021883597740760215
0 0.37343894518338716 0.6351819405188928 0.017766145559457634 0.017680828387920674
0 0.8932254497821515 0.7481506054217999 0.012768231905423678 0.01897577139047476
0 0.47335140521709734 0.34079896486722505 0.015790352454552285 0.01573782700758714
0 0.4746541976928711 0.5503091078538161 0.018262643080491286 0.018561143141526442
0 0.6454679048978366 0.3371149209829477 0.017458255474384014 0.017468012296236478
0 0.5779376396766076 0.054952960747938887 0.016619022075946514 0.01651162367600661
0 0.4933438301086426 0.14345269936781663 0.0242006595318134 0.024339932661790114
0 0.8491277694702148 0.08722145740802471 0.01367935767540565 0.013938243572528545
0 0.5001627848698542 0.7153238149789664 0.015945874727689303 0.01599297156700721
0 0.38699634258563703 0.38571585141695464 0.016406866220327523 0.01610990671011118
0 0.7350381704477164 0.5521334134615384 0.014151646540715145 0.014191920940692607
0 0.5211968055138221 0.6608121578509991 0.01628729013296274 0.016443839439978965
0 0.46464285483727086 0.8657205288226788 0.018160086411696214 0.018118784977839544
0 0.46761454068697417 0.11803573828477126 0.04233477665827824 0.04250889558058519
0 0.5265722641578088 0.23139043954702523 0.014864921569824219 0.014895219069260817
0 0.8661139561579778 0.15254589227529672 0.013167748084435096 0.013198082263653096
0 0.5024249737079327 0.45542386861947864 0.015331708467923678 0.015378952026367188
0 0.47426766615647536 0.8799212529109075 0.019375140850360576 0.0194094731257512
0 0.8576491429255559 0.6670030447152945 0.018531359159029447 0.018667074350210335
0 0.8515636737530048 0.2669220337500939 0.031826019287109375 0.031363267164963946
0 0.7999029159545898 0.31534690123337966 0.014072124774639424 0.014343701876126803
0 0.728396489070012 0.24373678060678336 0.013932594886192909 0.013946166405310998
0 0.6461502955510066 0.403810794536884 0.018359257624699518 0.018492918748121995
0 0.7144134228046124 0.659330808199369 0.014276064359224759 0.01427004887507512
0 0.86663268162654 0.24873909583458534 0.014966377845177284 0.015021470876840444
0 0.2281660666832557 0.3977470397949219 0.03452312029325045 0.03413655207707332
0 0.6971128903902494 0.9618497995229868 0.01526348407451923 0.015338310828575721
0 0.6009666736309345 0.5342595027043269 0.014311130230243389 0.014210334190955529
0 0.6950066639826848 0.24686780342688927 0.017787346473106973 0.01759617145244892
0 0.13947650102468637 0.10771659704355094 0.03623760663546049 0.03603040255033053
0 0.3832557384784405 0.6141815919142503 0.015868407029371995 0.015578049879807692
0 0.2578800641573392 0.13510620594024658 0.03770912610567533 0.03838669336759127
0 0.4624651395357572 0.5952939620384803 0.014610583965594951 0.014624522282527043
0 0.11641474870535043 0.8832564720740685 0.034820006443904 0.053304232083834134
0 0.5954813590416541 0.06986854168084952 0.04019795931302584 0.04018839506002573
0 0.6001599385188177 0.4649766775277945 0.01409457280085637 0.014003460223858174
0 0.5990803058330829 0.150132417678833 0.04242075406588041 0.04268187742966872
0 0.4293045997619629 0.22881592237032378 0.014218770540677585 0.014204171987680288
0 0.14017424216637245 0.43401255974402797 0.015649025256817158 0.015733645512507513
0 0.6116646986741286 0.2682829269996056 0.017139728252704326 0.017379027146559495
0 0.8739750201885517 0.6580726916973407 0.014125530536358174 0.013756678654597355
0 0.10884279471177322 0.42066111931434047 0.01511540779700646 0.018483968881460335
0 0.8788890838623047 0.19272683216975287 0.019961723914513223 0.02026711977445162
0 0.41999468436607945 0.06722478683178242 0.07712107438307542 0.07711342664865348
0 0.16586133149953988 0.38169673772958607 0.025461380298321065 0.02559507810152494
0 0.12427064088674691 0.7234092125525842 0.04927352758554312 0.061300424429086536
0 0.23763420031620905 0.8794695780827448 0.01891484627356896 0.018630101130558893
0 0.83801452930157 0.8270580585186298 0.018186129056490384 0.018418238713191107
0 0.8241423093355619 0.660981691800631 0.014784446129432091 0.014683063213641826
0 0.4415296407846304 0.10475917962881234 0.014537811279296875 0.014705144442044772
0 0.3846095158503606 0.5907461459820087 0.018792079045222357 0.018753418555626504
0 0.17655684397770807 0.11114254364600548 0.033959608811598554 0.03310841780442458
0 0.7024591886080228 0.6475935715895432 0.015074509840745192 0.015130556546724759
0 0.11936723268949069 0.1156618778522198 0.017375909365140475 0.017632411076472357
0 0.7727106534517728 0.12635959111727202 0.014772855318509616 0.014885022090031551
0 0.5942300649789664 0.6644655374380258 0.015395384568434495 0.015470358041616587
0 0.18282573039715105 0.6956641857440655 0.08661024387066181 0.08586766169621395
0 0.4102589167081393 0.3704214829664964 0.01604329622708834 0.016176663912259616
0 0.49372320908766526 0.6320692209097055 0.014624522282527043 0.014573757465069111
0 0.7298627266517053 0.07975546213296744 0.015008486234224759 0.014926378543560322
0 0.43988403907189 0.40491753358107346 0.0146026611328125 0.014741163987379808
0 0.7252063017625076 0.9586568245520959 0.014337979830228366 0.014225446260892428
0 0.28924045195946324 0.937252924992488 0.01659540029672476 0.016497685359074518
0 0.8186768018282377 0.09736848794496976 0.014317145714393029 0.014518389335045448
0 0.2607145309448242 0.139547925729018 0.03144645690917969 0.03138573353107159
0 0.47764216936551607 0.665744634775015 0.016066844646747295 0.016044029822716348
0 0.8813202197735126 0.15171091373150164 0.017681121826171875 0.017879596123328574
0 0.8651668842022235 0.2104178391970121 0.0198819087101863 0.020340846135066107
0 0.31090200864351714 0.35071306962233323 0.10748773354750413 0.10798490964449368
