0 0.274948211816641 0.5858618662907527 0.08736892846914437 0.08714778606708233
0 0.6246637931236854 0.7172109897320087 0.046160184420072116 0.04626538203312801
0 0.5932729060833271 0.5720794751093938 0.06469807258019081 0.0647585942195012
0 0.8692425947922927 0.7645997267503005 0.08414693979116586 0.08445416964017428
0 0.9323759078979492 0.1612831445840689 0.11339172950157753 0.1303863158592811
0 0.3307960583613469 0.7736120957594651 0.08295315962571365 0.08336463341346154
0 0.47232550841111404 0.05683202468431913 0.04355063805213341 0.043300821230961725
0 0.3842106599074144 0.8854981935941256 0.06162071228027344 0.062345064603365384
0 0.7494295560396634 0.2158538011404184 0.028493881225585938 0.028528433579664964
0 0.4797546313359187 0.9698719611534705 0.06693685971773587 0.056983654315655045
0 0.15095078028165376 0.9365177154541016 0.23936238655677208 0.12581869272085336
0 0.879856329697829 0.463930240044227 0.08532025263859676 0.08592282808743991
0 0.7108413989727314 0.6023712891798753 0.09957827054537259 0.09903276883638822
0 0.5311421981224647 0.04414006379934458 0.14060842073880708 0.0862439962533804
0 0.7449420048640325 0.6502460333017203 0.07892359220064603 0.07907383258526142
0 0.9537503169133112 0.9268966821523813 0.06446368877704327 0.08048409682053786
0 0.3382619344271146 0.6458039650550256 0.09496769538292518 0.09275480417104867
0 0.607223914219783 0.06834774750929612 0.0667568353506235 0.06839502774752103
0 0.5494876274695764 0.9699262472299429 0.03637211139385517 0.03622862008901743
0 0.6020617851844201 0.8461319850041316 0.03088217515211839 0.031123528113731973
0 0.40273292248065656 0.7672667870154748 0.042934564443734974 0.04366097083458534
0 0.8470316666823167 0.7132062911987305 0.0201416015625 0.020134118887094352
0 0.05624461632508498 0.6504275248600886 0.0915462328837468 0.1695889693040114
0 0.9491137724656326 0.07825290239774264 0.04119315514197716 0.04143322889621441
0 0.4492465899540828 0.3249679345350999 0.04151351635272686 0.04155379075270433
0 0.6745122762826773 0.15304760749523455 0.03908201364370493 0.03890549219571627
0 0.3306367580707257 0.10184053274301383 0.024971741896409255 0.02501528079693134
0 0.45077118506798375 0.3899984359741211 0.020152458777794473 0.02016727740948017
0 0.3708920478820801 0.563389778137207 0.03318654573880709 0.03292582585261418
0 0.5284229425283579 0.43767932745126575 0.05926843789907602 0.05860585432786208
0 0.6798653969397912 0.7658114800086389 0.025348369891826924 0.0254977299616887
0 0.6117129692664514 0.9734169886662409 0.05511269202599159 0.04905612652118389
0 0.9031590681809646 0.3317839182340182 0.061835949237530045 0.062285203200120196
0 0.9562183526846079 0.2487908143263597 0.06543746361365685 0.07695234738863431
0 0.18210623814509466 0.5314647967998798 0.030732154846191406 0.03088804391714243
0 0.7367687225341797 0.524814275594858 0.03695077162522536 0.03711370321420523
0 0.1915134466611422 0.8680358299842248 0.04043138944185697 0.04047657893254207
0 0.48987109844501203 0.7816335237943209 0.05505723219651442 0.054672534649188705
0 0.5740686563345102 0.6920153544499323 0.04175142141488882 0.04187921377328726
0 0.955386235163762 0.7972332881047175 0.06195831298828125 0.07223980243389423
0 0.9722895255455604 0.5479072424081656 0.028143662672776442 0.034235660846416764
0 0.6260853547316331 0.807032951941857 0.03106865516075721 0.03177789541391226
0 0.12822650029109076 0.6952896118164062 0.02198622776911809 0.021834740271935098
0 0.6544322967529297 0.18555410091693586 0.052718822772686295 0.05254297990065355
0 0.5111928719740647 0.558684752537654 0.03740347348726713 0.03755107292762169
0 0.9265642899733323 0.8568910452035757 0.02823638916015625 0.028139847975510817
0 0.5362387803884653 0.824470960176908 0.03237225459172176 0.03247745220477764
0 0.5152871792133038 0.7169316365168645 0.029436624967134915 0.029212218064528245
0 0.8206066718468299 0.33649279521061826 0.04262278630183293 0.04274698404165415
0 0.4323885257427509 0.41246190437903774 0.0402978750375601 0.04090067056509165
0 0.6450510025024414 0.2213611235985389 0.03166286761944111 0.03232889909010667
0 0.5179076561560998 0.4924799845768855 0.04047936659592848 0.03989102290226863
0 0.10899172379420353 0.8297242384690505 0.06920368854816143 0.06850800147423378
0 0.30906123381394607 0.5452994199899527 0.03056819622333233 0.03055264399601863
0 0.8689709443312424 0.5781895564152644 0.03750184866098257 0.03779132549579327
0 0.6192225676316482 0.23682128466092622 0.024001341599684495 0.024310992314265326
0 0.8788045002863958 0.8719219061044546 0.017745091364933893 0.01743903526893029
0 0.6572829026442307 0.9742796971247747 0.041589590219350964 0.04188273503230168
0 0.45789359166071963 0.590240478515625 0.023645987877478965 0.023774073674128607
0 0.7839133922870343 0.6781789339505709 0.06515121459960938 0.06560780451847957
0 0.7344752091627854 0.7801014826847956 0.046026963454026446 0.04598705585186298
0 0.4448843002319336 0.9043750029343826 0.03307547936072716 0.03303733238807091
0 0.9041355573214017 0.5569174839900091 0.033766673161433294 0.03400333111102764
0 0.2218639850616455 0.8517346748938928 0.02970233330359826 0.029742020827073317
0 0.7093924008882962 0.8925669743464544 0.025230994591346152 0.025221604567307692
0 0.6372406299297626 0.5487956267136794 0.051593780517578125 0.051059722900390625
0 0.8960281518789438 0.06639546614426833 0.052999643179086536 0.054119807023268476
0 0.7692335568941556 0.7142273829533503 0.0172576904296875 0.017016190748948317
0 0.40580426729642427 0.4564337363609901 0.03411160982572115 0.033707838792067304
0 0.6559855387761042 0.05765475218112652 0.029985721294696514 0.030062079429626465
0 0.13660322702847993 0.4668410007770245 0.025553043072040264 0.025411385756272536
0 0.7367618267352765 0.9176484621488131 0.036993173452524036 0.036604807927058294
0 0.9347598002507136 0.7603549957275391 0.03233484121469351 0.03236741286057692
0 0.8032037294827975 0.4423374029306265 0.023227104773888223 0.02334315960223858
0 0.8530470041128305 0.5506559518667368 0.04143524169921875 0.04087492135854868
0 0.7433704963097205 0.7437292245718149 0.028299771822415866 0.028146010178786058
0 0.8342934388380784 0.39632397431593674 0.03642140902005709 0.036714993990384616
0 0.9130262961754432 0.88342101757343 0.03297923161433293 0.03317466148963341
0 0.6275547467745267 0.667930896465595 0.03645471426156851 0.03650166438176082
0 0.43143609853891224 0.8767240964449369 0.028234335092397835 0.028023646428034857
0 0.7095199731680063 0.43270705296443057 0.03782580449030949 0.03829046396108774
0 0.5256864107572116 0.5196888997004583 0.029811272254356973 0.029874068040114183
0 0.14644487087543195 0.49676135870126575 0.02699004686795748 0.027143258314866286
0 0.6136834071232722 0.3605828285217285 0.01554122337928185 0.015450330880972056
0 0.29111289978027344 0.8840150099534255 0.08032431969275841 0.0795285151554988
0 0.20508929399343637 0.398619138277494 0.06918756778423603 0.06850007864145133
0 0.4150883601262019 0.3839443646944486 0.05455295856182392 0.053514920748197116
0 0.49109546954815203 0.6120901107788086 0.027870031503530648 0.02747961191030649
0 0.1306157295520489 0.8689093956580529 0.02312194384061373 0.02303314208984375
0 0.7782966907207782 0.9763526916503906 0.04269849337064303 0.04085848881648137
0 0.22493490805992714 0.4389476042527419 0.048507396991436295 0.049356313852163464
0 0.8008114741398737 0.9556475419264573 0.03485547579251803 0.034330514761117786
0 0.24088448744553786 0.71161072070782 0.021552159236027643 0.02137272174541767
0 0.3680068529569186 0.3776666201077975 0.04058617811936598 0.04145042712871845
0 0.9410827343280499 0.36493902940016526 0.053392263559194714 0.055663035466120794
0 0.7353616861196665 0.41220683317918044 0.03361305823692909 0.03324596698467548
0 0.2599448057321402 0.8465533623328576 0.038779112008901745 0.03810471754807692
0 0.4713882299569937 0.8849646494938777 0.02797090090238131 0.027898201575646035
0 0.36464606798612154 0.729449198796199 0.029364732595590446 0.029695951021634616
0 0.5833338590768667 0.24150782365065354 0.03720254164475661 0.03724820797259991
0 0.25366586905259353 0.9127861169668344 0.0221863893362192 0.021664986243614785
0 0.5129497968233548 0.9384065041175256 0.022064208984375 0.02211761474609375
0 0.6674951406625601 0.3697054202740009 0.0222317622258113 0.022206453176645134
0 0.8338830654437726 0.859893065232497 0.04740744370680589 0.04664289034329928
0 0.39723821786733776 0.5561389189500076 0.027751702528733473 0.02778141315166767
0 0.14046216011047363 0.6798701653113732 0.043988484602708086 0.04322477487417368
0 0.6975840788621169 0.4623889189500075 0.05315443185659555 0.052477469811072715
0 0.4643888473510742 0.7181012080265925 0.06220164665809044 0.06357515775240384
0 0.8871461428128756 0.9014180990365835 0.022002586951622598 0.021717218252328727
0 0.49393606185913086 0.5279173117417556 0.023320711576021634 0.023018763615534857
0 0.5379578517033503 0.5424721791194036 0.02711655543400691 0.027237818791316107
0 0.33057036766639125 0.9269749568058894 0.021411015437199518 0.021277501032902643
0 0.46406665215125453 0.360104854290302 0.03637255155123197 0.03649638249323918
0 0.6917819976806641 0.21485000390272874 0.017549954927884616 0.017499997065617487
0 0.14209675788879395 0.7372520153339093 0.04408979415893555 0.04549202552208534
0 0.5422457915086013 0.6807224567119892 0.02687248816856971 0.027205834021935098
0 0.2871857423048753 0.7915711036095252 0.04460767599252554 0.04331676776592548
0 0.6818082516009991 0.5209738658024714 0.030182031484750602 0.03060766366811899
0 0.801789430471567 0.5028011615459735 0.04386623089130108 0.04342225881723257
0 0.5695145313556378 0.4174189200768104 0.03556383573091947 0.03514920748197115
0 0.04446333188277025 0.4252847157991849 0.015820851692786582 0.01595335740309495
0 0.40342037494365984 0.6844576322115384 0.04943172748272236 0.048791005061222956
0 0.49324989318847656 0.80683106642503 0.02698230743408203 0.027324383075420674
0 0.5950860977172852 0.4764110491825984 0.02824709965632512 0.02774700751671424
0 0.07672402491936317 0.8245478409987229 0.04507765403160682 0.04372317974384014
0 0.9504500169020432 0.30793145986703724 0.0338140634390024 0.03378515977125902
0 0.7212324876051682 0.9614463219275842 0.028141021728515625 0.027850224421574518
0 0.9277024635901818 0.8322101739736704 0.02864236098069411 0.02788206247182993
0 0.35730846111591047 0.41573766561654896 0.03136385404146635 0.030892592210036058
0 0.28354479716374326 0.789311042198768 0.03603839874267578 0.03702222383939303
0 0.5538285328791692 0.85046753516564 0.036545973557692304 0.03710805452786959
0 0.6593462870671198 0.43207616072434646 0.032808890709510215 0.03262871962327223
0 0.6832794042734 0.42200341591468227 0.020888255192683294 0.02176387493426983
0 0.8238760874821589 0.7989600254939153 0.030103390033428486 0.030518751878004808
0 0.4739581254812387 0.4851216536301833 0.048196572523850664 0.048225109393780045
0 0.6925304852999173 0.9825771771944486 0.0341039804311899 0.03005379896897536
0 0.43441614737877476 0.6998748045701247 0.05010098677415114 0.05041856032151442
0 0.16637400480417106 0.8407137944148138 0.02873846200796274 0.028401008019080527
0 0.4178183995760404 0.3987109844501202 0.016964545616736777 0.01730764829195463
0 0.8656137906588041 0.3097514739403358 0.025814056396484375 0.026154077970064603
0 0.46732205611008865 0.15231378261859602 0.020819737361027643 0.020718831282395583
0 0.6032219666701096 0.788338881272536 0.02603750962477464 0.026380098783052884
0 0.05152330948756291 0.7947224103487455 0.0171967286330003 0.01696351858285757
0 0.9032193697415866 0.9228269136868991 0.033339280348557696 0.03333634596604567
0 0.4335230313814603 0.7927745672372671 0.022278418907752402 0.022536644568810098
0 0.6483670748197116 0.9311062739445612 0.03151996319110577 0.03131881126990685
0 0.8223975254939153 0.9351707605215219 0.041100575373722956 0.04074903634878305
0 0.8356864635760968 0.9711708655724158 0.03527406545785757 0.03575427715594952
0 0.434781367962177 0.46811243203970104 0.028282825763408955 0.02872804495004507
0 0.8608691875751202 0.3717345457810622 0.06379171518179086 0.062013479379507214
0 0.4357753900381235 0.8151911222017728 0.027739524841308594 0.027814571674053486
0 0.5418190589317908 0.9228737904475286 0.022064062265249398 0.022286635178786058
0 0.5973959335914025 0.9578241201547476 0.0250094487116887 0.02639007568359375
0 0.8971281051635742 0.7187087719257061 0.02011240445650541 0.020191045907827523
0 0.5175136419442984 0.31412432743952823 0.08586450723501352 0.08735952010521522
0 0.8664159041184646 0.890806638277494 0.02342400184044471 0.023769378662109375
0 0.8022058927095853 0.917457287128155 0.039942227877103366 0.038980337289663464
0 0.5753271763141339 0.9871925207284781 0.025416080768291768 0.021413216224083535
0 0.14980671038994423 0.778963015629695 0.025176286697387695 0.025303473839393027
0 0.9409426175631009 0.5649101917560284 0.021338536189152643 0.02171787848839393
0 0.03424741213138287 0.7997831931480994 0.0221180824133066 0.022713441115159255
0 0.3920537508451022 0.43307854579045224 0.033187572772686295 0.03374525216909555
0 0.590088440821721 0.1940454152914194 0.03122571798471304 0.03143185835618239
0 0.13702257779928353 0.7886186746450571 0.03714640323932354 0.03603436396672176
0 0.10917128966404842 0.3678637651296762 0.05057919942415678 0.05031013488769531
0 0.8818067403940054 0.5345751689030573 0.0337988046499399 0.03359838632436899
0 0.3149402691767766 0.8474259009728065 0.058039151705228366 0.05753678541917067
0 0.7927381075345553 0.7809757819542518 0.02068299513596755 0.02043005136343149
0 0.8422471559964694 0.8994953448955829 0.02988287118765024 0.029757279616135817
0 0.9641728034386268 0.7345579587496244 0.022339894221379206 0.02237114539513221
0 0.4340755022489108 0.3461617689866286 0.03284637744610126 0.033195202167217545
0 0.4119394375727727 0.5779641958383414 0.02884820791391226 0.029204735389122598
0 0.5735413844768817 0.9311693631685697 0.0194092530470628 0.01887967036320613
0 0.5691247353186975 0.4308030055119441 0.05969164921687199 0.058841852041391224
0 0.25998570368840146 0.7105919764592097 0.0138090573824369 0.013820061316856971
0 0.6582434727595403 0.4971317878136268 0.027953954843374398 0.028163323035606973
0 0.7048879770132211 0.4021153450012207 0.02893653282752404 0.028662901658278245
0 0.282974885060237 0.3650017518263597 0.09425731805654672 0.09741739126352164
0 0.11289350803081806 0.7252084291898288 0.03455814948448768 0.036112271822415866
0 0.8016777038574219 0.6709342369666467 0.034797375018780045 0.03422751793494591
0 0.5430251635037936 0.5800386208754319 0.030145645141601562 0.030228688166691706
0 0.6898282858041617 0.32573909025925857 0.09998805706317608 0.09917244544396034
0 0.632292967576247 0.5034801776592548 0.022469153771033652 0.022324635432316706
0 0.5416512856116662 0.8542638925405649 0.019350198599008415 0.019932966965895433
0 0.3575577002305251 0.9313017771794245 0.040158858666053183 0.039353590745192304
0 0.3192919951218825 0.3132694684542142 0.018392122708834134 0.01853664104755108
0 0.6474450918344351 0.5969266157883865 0.03666188166691707 0.03823162959172176
0 0.3696464391855093 0.8108393595768855 0.025663302494929388 0.02611262981708233
0 0.01658717944071843 0.7223454988919772 0.012116147921635555 0.017272802499624398
0 0.38746089201707107 0.4341084406926082 0.02431377997765174 0.0257260249211238
0 0.6199359893798828 0.4699610930222731 0.019484629997840293 0.019630578848031852
0 0.5112990966209998 0.32265523763803333 0.07323140364426833 0.07103360616243802
0 0.6834330191979041 0.8913293251624475 0.024276880117563102 0.024565916794996995
0 0.7269416222205529 0.018615698585143454 0.028844393216646634 0.029320682470615093
0 0.8588058765117939 0.6192789811354417 0.031145242544320915 0.030598016885610726
0 0.6209299380962665 0.6053014535170335 0.023227985088641826 0.023232166583721455
0 0.38613260709322417 0.4074479616605319 0.027826529282789964 0.027944051302396335
0 0.19089500720684344 0.5840997329125037 0.014254056490384616 0.014464011559119591
0 0.1520235538482666 0.8793582916259766 0.04345061228825496 0.04269761305588942
0 0.6631049376267654 0.7229928236741286 0.029770337618314303 0.029694777268629808
0 0.353853885944073 0.1621708503136268 0.01761935307429387 0.017504169390751764
0 0.13669313834263727 0.7482148683988131 0.02930274376502404 0.0285186767578125
0 0.2631349196800819 0.8434633108285757 0.0320433103121244 0.031379993145282455
0 0.026930364278646615 0.7748389610877404 0.033045869607191816 0.04729461669921875
0 0.2430701622596154 0.013719190771763142 0.0405737803532527 0.026522858784748957
0 0.6317090254563552 0.6680958087627704 0.04467083857609676 0.04330238929161659
0 0.5743813147911658 0.9324880013099084 0.023411090557391826 0.023267305814302884
0 0.8021382551926833 0.5109813396747296 0.025040259728064902 0.02447964594914363
0 0.46671130106999326 0.2467184800368089 0.09640825711763822 0.09636482825646034
0 0.9669835017277644 0.8842893013587365 0.024210709791917067 0.023997380183293268
0 0.6432734269362229 0.14251263325030988 0.02393311720628005 0.024026100452129658
