0 0.4327383774977464 0.6450912769024189 0.1625218024620643 0.1642000858600323
0 0.3687574313237117 0.9475495265080378 0.12295128748967098 0.10087145291841947
0 0.689418939443735 0.36676964393028844 0.09791858379657452 0.09701112600473258
0 0.6603540273813101 0.5140238541823167 0.11728668212890625 0.1176138657789964
0 0.7710255842942458 0.2372414882366474 0.09623307448167068 0.09628464625431941
0 0.23990783324608436 0.28986371480501616 0.11403531294602615 0.11454028349656326
0 0.6498796756450946 0.22340424244220441 0.130674068744366 0.13141899842482346
0 0.6167670029860276 0.5470510629507211 0.04297788326556866 0.042609875018780045
0 0.4996583645160382 0.5387072196373572 0.10753396841195914 0.10814681419959435
0 0.7874141106238732 0.024079212775597207 0.0519109872671274 0.04642346272101769
0 0.12071963456960824 0.48382208897517276 0.10919017058152419 0.11469466869647686
0 0.3815583815941444 0.7636570563683143 0.08782900296724759 0.0886394794170673
0 0.8760832273043119 0.2320244679084191 0.11610764723557693 0.1256551742553711
0 0.6994356008676382 0.7869699184711163 0.1122427720289964 0.11155011103703426
0 0.33507882631742036 0.3621817368727464 0.06239614119896522 0.06129895723783053
0 0.6816287407508264 0.6937960111177884 0.04935132540189303 0.049293811504657455
0 0.24385910767775315 0.9736513724693885 0.038417962881234974 0.038335360013521634
0 0.19978618621826172 0.7944764357346755 0.10470030857966496 0.10483081524188702
0 0.4573208001943735 0.05254666163371159 0.036477309006911054 0.03626381433927096
0 0.34235543471116286 0.26966421420757586 0.06126257089468149 0.06146386953500601
0 0.5538808749272273 0.7949601686917819 0.10973174755389874 0.11299191988431491
0 0.3008304742666391 0.23112803239088792 0.06316742530235878 0.06387578524076022
0 0.18684900723970854 0.9610013228196365 0.028972405653733473 0.028805072490985576
0 0.8568643423227164 0.7099370222825271 0.04383497971754808 0.042908888596754804
0 0.26133073293245757 0.2319020858177772 0.01955259763277494 0.01935922182523287
0 0.8360215700589694 0.5822813327495868 0.13741581256573016 0.13593571002666766
0 0.6923894148606521 0.9267311096191406 0.018611027644230768 0.018378184391902044
0 0.8525791168212891 0.2875772806314322 0.04060789254995493 0.040499136998103216
0 0.13232711645273063 0.28419259878305286 0.05677476296058068 0.056613995478703424
0 0.5187138043917142 0.28245944243211013 0.029276040884164665 0.02940515371469351
0 0.7972557361309345 0.8407610379732572 0.07280599153958835 0.07775233342097355
0 0.8082366356482873 0.704769648038424 0.05318245520958534 0.05372135455791767
0 0.40437694696279675 0.539607414832482 0.05940562028151292 0.05993036123422476
0 0.7352129862858698 0.13066942875201887 0.043741079477163464 0.043622420384333685
0 0.5368965222285345 0.1842193236717811 0.023517902080829326 0.02323304689847506
0 0.8645596137413611 0.4570790437551645 0.053941579965444714 0.05457181196946364
0 0.4621301797720102 0.32839012145996094 0.03906396719125601 0.03891556079571064
0 0.4299136675321139 0.22896634615384615 0.030774483313927285 0.030960963322566107
0 0.6427987905649039 0.7098887516902044 0.04603914114145132 0.04564681419959435
0 0.36820459365844727 0.7033485999474158 0.05274178431584285 0.052361708420973554
0 0.13593107003432053 0.24173547671391413 0.023309707641601562 0.023199081420898438
0 0.2769623536330003 0.03292838426736685 0.12760360424335188 0.06375048710749699
0 0.5140464489276593 0.8826658542339618 0.04277464059682993 0.0423130622276893
0 0.5163793930640588 0.6970690213716947 0.02321478036733774 0.023203336275540866
0 0.11455618418180026 0.05321626479809101 0.04371430323674129 0.04416977442227877
0 0.10310015311607948 0.1684403419494629 0.018837855412409857 0.018756352938138522
0 0.46002644758958083 0.44087597040029675 0.042097898629995495 0.04154366713303786
0 0.5590927417461689 0.23796573052039513 0.048166861900916465 0.04764692599956806
0 0.9151664147010217 0.07478592028984657 0.03910739605243389 0.04421210289001465
0 0.8957418295053335 0.5335317024817834 0.017009881826547477 0.016924197857196514
0 0.3003974694472093 0.46368030401376575 0.03903322953444261 0.039536476135253906
0 0.7808232674231896 0.7319597831139197 0.03492237971379207 0.03489215557391827
0 0.21397935427152193 0.20125079154968262 0.04429061596210186 0.0446321780865009
0 0.3181052574744591 0.4871992331284743 0.03816802685077374 0.038422731252817005
0 0.8079936687762921 0.19574227699866661 0.03035736083984375 0.030558366041917067
0 0.6973810929518479 0.032717379239889294 0.053548959585336536 0.05358252158531776
0 0.21338825959425706 0.9201453282282903 0.06610716306246243 0.06435951819786659
0 0.3404643719012921 0.4569069422208346 0.03519351665790264 0.03478923210730919
0 0.22625945164607122 0.15288791289696327 0.023983221787672777 0.023816805619459886
0 0.6946262946495643 0.7273609454815204 0.02432837853064904 0.024334540733924277
0 0.3323805882380559 0.1791821259718675 0.053462707079373874 0.05369889736175537
0 0.7439720447246845 0.597706831418551 0.09060492882361779 0.09162000509408805
0 0.1182552851163424 0.6132973157442533 0.10439806718092698 0.1511507767897386
0 0.2948640493246225 0.5420238421513484 0.03190051592313326 0.032057542067307696
0 0.3464863116924579 0.8692534520075872 0.03302926283616286 0.03302134000338041
0 0.901765383206881 0.6681690216064453 0.044203538161057696 0.044607896071213946
0 0.745884895324707 0.8486892993633564 0.029775326068584736 0.02953338623046875
0 0.7695743120633639 0.17051067719092736 0.05348836458646334 0.05247691961435171
0 0.6934033907376803 0.9455956679124099 0.017925409170297477 0.017624488243689902
0 0.6483823336087741 0.9238913609431341 0.017758589524489183 0.017711052527794473
0 0.6128279612614558 0.8106051224928635 0.07623848548302284 0.07833627554086539
0 0.0772017607322106 0.986358642578125 0.017572568013117865 0.0201413081242488
0 0.6233590932992789 0.14603315866910493 0.019407272338867188 0.019220425532414362
0 0.43328270545372594 0.29806201274578387 0.052406604473407455 0.05145905568049504
0 0.7632158719576322 0.9713136966411884 0.02061609121469351 0.02090292710524339
0 0.5844248624948355 0.9684732877291166 0.0243228032038762 0.024851872370793268
0 0.27108927873464733 0.47278774701631987 0.016187044290395882 0.016013732323279746
0 0.21974380199725813 0.884797609769381 0.016267666449913613 0.016454256497896634
0 0.2277509249173678 0.7097066732553335 0.1644282707801232 0.16369218092698318
0 0.4693777377788837 0.12279965327336238 0.025530595045823317 0.025779870840219352
0 0.5236803935124323 0.9861169961782602 0.017036584707406852 0.01695075401893029
0 0.1175383421090933 0.9047631483811599 0.01981826928945688 0.019791529728816107
0 0.13523833568279559 0.0992201933493981 0.04688394986666166 0.04581179985633263
0 0.3579260019155649 0.8431025284987229 0.06340826474703275 0.06293194110576923
0 0.2940824765425462 0.7709738658024714 0.09039053550133339 0.09263258713942307
0 0.07391677452967717 0.9181577242337741 0.013492015691903921 0.017838404728816107
0 0.48042935591477615 0.3575725555419922 0.033471327561598554 0.033818831810584433
0 0.7752182300274189 0.6709657815786508 0.05257694537823017 0.05121465829702524
0 0.7043498112605169 0.12080803284278283 0.023854769193209134 0.023621834241426908
0 0.507264283987192 0.22545367020827073 0.023531473599947415 0.023396932161771335
0 0.6120316432072566 0.6784780942476712 0.023154038649338942 0.023316603440504808
0 0.17646147654606745 0.983216065626878 0.03847224895770733 0.028561225304236777
0 0.20386153001051682 0.329677361708421 0.014858686006986178 0.014784592848557692
0 0.46703800788292515 0.7944102654090295 0.07495850783128005 0.07356951786921574
0 0.14841154905465934 0.34536141615647536 0.01726088157066932 0.01706871619591346
0 0.5920282877408541 0.7487867795504056 0.019811630249023438 0.019873399000901442
0 0.25387131250821626 0.6738944420447717 0.08214271985567533 0.08318152794471154
0 0.7073223407451923 0.6766742559579703 0.029068726759690505 0.028096419114332933
0 0.5483151582571176 0.40467973855825573 0.05957984924316406 0.060899587777944714
0 0.07128616479726937 0.12922110924353966 0.014298695784348708 0.015906260563777044
0 0.5070143479567307 0.3314538368811974 0.022643015934870794 0.02205687302809495
0 0.8684792151817908 0.1326155662536621 0.026913276085486777 0.026675884540264424
0 0.6706236325777494 0.8269738417405349 0.02620667677659255 0.026600470909705527
0 0.409694268153264 0.3193699029775766 0.12467186267559345 0.12717982438894418
0 0.09410627071674053 0.7707884128277118 0.05214454577519344 0.08491838895357572
0 0.27861668513371396 0.3633552697988657 0.01668974069448618 0.01676808870755709
0 0.7834302462064303 0.9476672686063327 0.015449230487530049 0.015191738422100361
0 0.7283400022066556 0.3199338912963867 0.05061956552358774 0.050845054479745716
0 0.6378437922551081 0.6812251164362981 0.022756136380709134 0.023106501652644232
0 0.7836545797494742 0.46974846032949596 0.037773425762469955 0.0384065921490009
0 0.22653051523061898 0.4091952397273137 0.03967725313626803 0.040132962740384616
0 0.7463510953463041 0.7074375886183518 0.04077705970177284 0.040092174823467545
0 0.2646935536311223 0.5763450035682092 0.02686771979698768 0.02710577157827524
0 0.1072538265815148 0.8228517679067758 0.025393944520216722 0.02587259732759916
0 0.3806951962984525 0.09812030425438514 0.12870685870830828 0.12995078013493463
0 0.30362642728365385 0.8570305750920222 0.055449412419245794 0.05372766348031851
0 0.7153882246751052 0.7335582146277795 0.01748803945688101 0.01740294236403245
0 0.7490728818453275 0.7027697929969201 0.030720930833082933 0.032020275409405045
0 0.44568656041071963 0.40767112145057094 0.03591023958646334 0.03546685438889723
0 0.537453504709097 0.3898374850933368 0.028611109806941107 0.028513614947979268
0 0.20310475276066706 0.5056084852952224 0.0879206657409668 0.09041404724121094
0 0.7225309518667368 0.6996055749746469 0.029660151554987982 0.029361137977013223
0 0.3187574606675368 0.7951421737670898 0.06444622920109676 0.0636138916015625
0 0.49309378403883714 0.4662441840538612 0.022721217228816107 0.023186463576096755
0 0.28058143762441784 0.5618824225205642 0.026634949904221755 0.02662357917198768
0 0.675747798039363 0.5596683208759015 0.038720350999098554 0.039173126220703125
0 0.45258771456204927 0.15080541830796462 0.16461533766526443 0.1593781617971567
0 0.21412123166597807 0.12351763248443604 0.028933965242826022 0.028551926979651816
0 0.3129695745614859 0.6241744114802434 0.022131571402916543 0.022213238936204176
0 0.17142334351172814 0.07609151876889743 0.05829664377065805 0.05840549102196327
0 0.9085394052358774 0.31639476922842175 0.016957209660456732 0.017363548278808594
0 0.49684656583345854 0.39539711291973406 0.04483941885141226 0.04466042151817909
0 0.5111514971806452 0.3474417466383714 0.01988953810471755 0.020461302537184495
0 0.5901004351102389 0.5545202401968149 0.022847835834209736 0.02281012901893029
0 0.8002210763784555 0.9569603846623347 0.019596246572641227 0.019602262056790866
0 0.20754759128277117 0.5181874495286208 0.1028286860539363 0.10531293428861178
0 0.5320076575646033 0.6089938970712515 0.07440633040208083 0.07570061316856971
0 0.4939421140230619 0.016778613512332622 0.02245022700383113 0.023252840225513164
0 0.74549256838285 0.03751915922531715 0.04369427607609676 0.04388346580358652
0 0.8129225510817307 0.3521907146160419 0.020943274864783652 0.020737941448505107
0 0.21271225122305062 0.5643663773169885 0.04717115255502554 0.04654136070838341
0 0.8047939447256235 0.15647426018348107 0.05409988990196815 0.05443412524003249
0 0.7012613736666166 0.5671794597919171 0.01537029559795673 0.01499484135554387
0 0.8489996103140024 0.3316055077772874 0.046861501840444714 0.04725940410907452
0 0.8117041221031775 0.09466908528254582 0.03111091026893029 0.03158303407522348
0 0.28208253933833194 0.09160296733562763 0.014177432427039513 0.01389463131244366
0 0.3090704404390775 0.10954930232121395 0.01421341529259315 0.01425477174612192
0 0.5246577629676232 0.15909235294048601 0.027133428133451022 0.027015310067396898
0 0.7902204073392428 0.5155919881967398 0.03678688636192909 0.03737589029165415
0 0.8169969411996695 0.7427082061767578 0.01651177039513221 0.016492110032301683
0 0.5472069520216721 0.9889238797701322 0.016508982731745794 0.015357384314903846
0 0.1881862787099985 0.043437572625967175 0.11564009006206806 0.08319392571082482
0 0.27026233306297887 0.5218243232140174 0.0275574830862192 0.027843255263108473
0 0.7069561298076923 0.6127980305598333 0.03432758037860577 0.03501804058368389
0 0.41167163848876953 0.4401057316706731 0.015407708974984976 0.015219908494215745
0 0.7347633655254657 0.7367700430063101 0.020626361553485576 0.019940302922175482
0 0.7914221836970403 0.08932419923635629 0.06898293128380409 0.06883862843880287
0 0.36496653923621547 0.4458103913527269 0.01691891596867488 0.016945618849534255
0 0.6971676899836614 0.1389992145391611 0.019141564002403848 0.019970105244563177
0 0.5170177312997671 0.31426891913780797 0.019273904653695915 0.019716189457820013
0 0.5912676591139573 0.7297688264113206 0.04194024892953726 0.04072717519906851
0 0.7020198381864108 0.08259756748492901 0.03453914935772236 0.03383074815456684
0 0.15088963508605957 0.1006018015054556 0.07689402653620793 0.07348997776324932
