0 0.23008049451387846 0.7543504421527569 0.09579841907207783 0.09584265488844651
0 0.48537518427922177 0.07275842703305758 0.09395012488731971 0.09348419996408316
0 0.7832220517672025 0.5808426783635066 0.06603769155649039 0.0665446061354417
0 0.3751737888042743 0.3096568767841046 0.05676753704364483 0.05662609980656551
0 0.21292657118577224 0.5300645461449256 0.10946310483492337 0.11080059638390174
0 0.598349351149339 0.47958982907808745 0.04651495126577524 0.046449514535757214
0 0.6287590907170222 0.7564538808969351 0.0478357168344351 0.048005911020132214
0 0.7311767431405874 0.534381206219013 0.0787205329308143 0.0771189469557542
0 0.2962805674626277 0.6956396102905273 0.03774312826303335 0.03780497037447416
0 0.7023463616004357 0.6414553568913386 0.047956026517427884 0.04828438392052284
0 0.41599647815410906 0.2537235480088454 0.034856429466834433 0.034742575425368086
0 0.8461241355309119 0.935616713303786 0.033964303823617786 0.03386086684006911
0 0.7242223299466647 0.6721763610839844 0.042364854079026446 0.04223310030423678
0 0.35628912999079776 0.7895260590773362 0.10318147219144382 0.10309116656963642
0 0.2759999495286208 0.5255736571091872 0.04021945366492638 0.040161426250751205
0 0.8040990095872146 0.10361056144420917 0.06883034339317909 0.06847973970266488
0 0.8389786206758939 0.17496743569007286 0.08918498112605168 0.09142177838545579
0 0.23588899465707633 0.03164021326945378 0.04533855731670673 0.04574862810281607
0 0.3047925875737117 0.11850559711456299 0.04400282639723558 0.044300501163189225
0 0.7686977386474609 0.4544123136080228 0.04140560443584736 0.04172075711763822
0 0.45277841274554914 0.6824453794039212 0.03641187227689303 0.03637020404522236
0 0.5935390178973858 0.4151162367600661 0.03351020812988281 0.03388419518103966
0 0.46924011523907 0.8370064955491286 0.028443556565504808 0.028639573317307692
0 0.6165093642014724 0.13638490896958572 0.03408608069786659 0.034403214087853067
0 0.6135020622840295 0.26963263291579026 0.024086878849909857 0.02414255875807542
0 0.8098914806659405 0.39660926965566784 0.029755518986628607 0.029411756075345553
0 0.6401750858013446 0.30659833321204555 0.05154125507061298 0.051678950969989486
0 0.553776007432204 0.7237389637873723 0.04060979989858774 0.040787916917067304
0 0.17377464587871844 0.1716309694143442 0.02389951852651743 0.023945441612830527
0 0.7664392911470853 0.2259515065413255 0.029427748460036058 0.029339716984675482
0 0.5973757230318509 0.23958039283752441 0.02567320603590745 0.02561026353102464
0 0.12137779822716346 0.2179707563840426 0.01968834950373723 0.023806938758263223
0 0.14938575487870437 0.22841695638803336 0.02040556760934683 0.02055520277756911
0 0.48432812323937047 0.14628756046295166 0.0817119158231295 0.08107289901146522
0 0.6739950180053711 0.2962234937227689 0.02052732614370493 0.020689670856182393
0 0.6529168349045974 0.6394416368924655 0.022592984713040866 0.022791935847355768
0 0.5160759412325345 0.24771274053133452 0.019354600172776442 0.019359588623046875
0 0.567167355464055 0.13655550663287824 0.021063731266902044 0.02146752064044659
0 0.4288475330059345 0.5576086044311523 0.029099097618689902 0.029120665330153245
0 0.23286977181067833 0.4709456517146184 0.024435997009277344 0.02423257094163161
0 0.802067389855018 0.3079288922823392 0.015837889451246995 0.01600795525770921
0 0.2914584966806265 0.26433541224553037 0.018667000990647536 0.01860677278958834
0 0.8204395587627704 0.31638394869290865 0.020610515887920674 0.020902468607975885
0 0.6007062838627741 0.18472653168898362 0.019372866703913763 0.019383797278771035
0 0.5276675591102014 0.9736536466158353 0.042606280400202826 0.042333749624399036
0 0.12292999487656814 0.25385190890385556 0.02028168164766752 0.020253768334021933
0 0.7294628436748798 0.6041648571307843 0.02230497506948618 0.022498644315279447
0 0.30999356049757737 0.56073181445782 0.07629724649282602 0.07630612299992488
0 0.7929445413442758 0.5178038156949557 0.05669696514423077 0.05738493112417368
0 0.6591391930213342 0.48410268930288464 0.03652396568885216 0.036159368661733776
0 0.7325442387507513 0.8456516999464768 0.032550958486703724 0.03275651198167067
0 0.6029576521653396 0.6165252098670373 0.03953904371995192 0.03962502112755409
0 0.6058509533221905 0.5276863391582782 0.02847466102013221 0.028635318462665264
0 0.4545468183664175 0.21800004518949068 0.05975063030536358 0.05975767282339243
0 0.8748482924241286 0.4257210584787222 0.0218658447265625 0.02466759314903846
0 0.3360136472261869 0.7218931638277494 0.05257958632249098 0.051609039306640625
0 0.18819005672748274 0.35089536813589245 0.018487966977632962 0.018363585838904746
0 0.28228994516225964 0.4591254454392653 0.08148406102107121 0.08138495225172776
0 0.7379383674034705 0.12921670766977164 0.10814402653620793 0.10659441581139198
0 0.38157235659085786 0.021937404687588032 0.031129763676570013 0.030912229648003213
0 0.7248293069692758 0.9615006080040565 0.020883706899789665 0.021084125225360576
0 0.3582337452815129 0.4799022674560547 0.027712601881760817 0.02794515169583834
0 0.7321162590613732 0.4734648924607497 0.017174940842848558 0.017282926119290866
0 0.24197791172907904 0.37569390810452974 0.05880583249605619 0.05910359896146334
0 0.7672161689171424 0.4267725577721229 0.016362116887019232 0.01652952340932993
0 0.5243729811448318 0.02129783997168908 0.06584416902982272 0.04081364778371958
0 0.3651116444514348 0.4265027413001427 0.023560157189002402 0.02420938931978666
0 0.28901331241314226 0.8108001122107873 0.0570521721473107 0.05906354464017428
0 0.6342210036057693 0.6259787632868841 0.02174524160531851 0.02178500248835637
0 0.23275162623478815 0.27332419615525466 0.06618294349083534 0.0664668816786546
0 0.17881030302781326 0.5865055230947641 0.025088383601262018 0.024680357712965745
0 0.4140596389770508 0.31962284675011265 0.022163977989783652 0.02240606454702524
0 0.7965136307936448 0.8763779860276443 0.019633659949669473 0.019749274620643027
0 0.4407168901883639 0.8085820124699519 0.054123218242938705 0.05404809805063101
0 0.3580256975614108 0.25690471209012544 0.021216172438401442 0.021555387056790866
0 0.3067742127638597 0.012150356402763953 0.02302389878493089 0.021898251313429613
0 0.14008705432598406 0.09654978605417106 0.01663820560161884 0.016817386333759014
0 0.3018021216759315 0.9497140737680289 0.14338552034818208 0.09847846397986779
0 0.6477839396550105 0.8872349078838642 0.01817145714393029 0.018019602848933294
0 0.7865587381216196 0.07061507151677059 0.017154400165264424 0.016806382399338942
0 0.6578327325674204 0.15883605296795184 0.02115014883188101 0.02129972898043119
0 0.7671442765455979 0.49805362407977766 0.02482179495004507 0.025339786822979268
0 0.7809401292067307 0.03826985909388615 0.0321197509765625 0.03213356091425969
0 0.643069707430326 0.39648892329289365 0.03130795405461238 0.03073604290301983
0 0.32686952444223255 0.596467898442195 0.019506014310396634 0.01947300250713642
0 0.47632202735314 0.2935059987581693 0.01511397728553185 0.015207584087665264
0 0.1724377595461332 0.8460823205801157 0.01694657252385066 0.016879155085637018
0 0.7713379493126502 0.3276819816002479 0.015683981088491585 0.015835395226111777
0 0.4243890688969539 0.4283134387089656 0.07788907564603366 0.07851021106426533
0 0.687590819138747 0.96997437110314 0.058348582341120794 0.05493780282827524
0 0.11715855965247521 0.11212054582742545 0.013981232276329627 0.019122215417715218
0 0.4818556858943059 0.8583894876333383 0.02197896517240084 0.022006108210637018
0 0.6165082638080304 0.40932545295128453 0.020349649282602165 0.021132835975060098
0 0.7391263521634616 0.27723044615525466 0.05976266127366286 0.05935236123891977
0 0.49726376166710484 0.4998994240394005 0.020405035752516527 0.020249146681565505
0 0.8540322964008038 0.3576808342566857 0.015356650719275841 0.015542984008789062
0 0.1923696077786959 0.6733465928297776 0.022828102111816406 0.023250579833984375
0 0.24881542645967925 0.08747976559859055 0.01674512716440054 0.016895569287813626
0 0.6092393948481634 0.22731164785531852 0.015867159916804388 0.016101250281700723
0 0.8667105894822341 0.8358152829683744 0.020378846388596755 0.02004418006310096
0 0.6010540448702298 0.6874921505267804 0.018912535447340745 0.01905089158278245
0 0.5746929095341609 0.6686944227952224 0.11617403763991135 0.1161023286672739
0 0.801017321073092 0.9307918548583984 0.0426484621488131 0.04221138587364784
0 0.5086179146399865 0.6978911619919997 0.020960661081167366 0.021047298724834736
0 0.8626819023719201 0.9696950912475586 0.02219977745643029 0.02226682809682993
0 0.8381806153517503 0.20211045558636004 0.015131436861478366 0.014678001403808594
0 0.7307177323561448 0.026373821955460768 0.019708780141977165 0.02000903166257418
0 0.6521604978121244 0.4241413703331581 0.026227510892427884 0.026684687687800482
0 0.7044878005981445 0.5138947780315692 0.03378853431114784 0.03452924581674429
0 0.6607020451472356 0.4492503312917856 0.014741163987379808 0.014569355891301082
0 0.648048107440655 0.23218470353346604 0.0171353266789363 0.016891846290001504
0 0.5413830830500677 0.2748146974123441 0.02210059532752404 0.02224250940176157
0 0.868677726158729 0.8019680610069861 0.015791672926682692 0.015894669752854567
0 0.8416994535006009 0.477421026963454 0.06376178448016827 0.06255311232346755
0 0.5307220679063064 0.8591348207913913 0.027933780963604268 0.02852601271409255
0 0.5484274350679837 0.2570223808288574 0.017099747290978067 0.01732503450833834
0 0.5095823728121244 0.3531073790330153 0.019693374633789062 0.020172999455378607
0 0.8718814116257888 0.11759061996753399 0.015630135169396035 0.015476006727952223
0 0.43227115044227016 0.3875918388366699 0.024670820969801683 0.0251772220318134
0 0.5615264452420748 0.300116282242995 0.015040911160982572 0.015008853032038761
0 0.6726811482356145 0.7869986754197341 0.05169208233173077 0.0523680173433744
0 0.7627669847928561 0.7048498300405649 0.019306769737830527 0.01946405264047476
0 0.2939927394573505 0.43222559415377104 0.02477418459378756 0.024415016174316406
0 0.5572593395526593 0.35327937052800107 0.032807570237379804 0.033016204833984375
0 0.2810038236471323 0.9073294126070462 0.025342941284179688 0.025367149939903848
0 0.33403506645789516 0.6630203540508564 0.0175320551945613 0.017505352313701924
0 0.5290432709913987 0.5472321877112756 0.020574129544771634 0.02084203866811899
0 0.5166471187884991 0.20224329141470102 0.0478979257436899 0.04775436107928936
0 0.8784496600811298 0.17929392594557542 0.014585641714242788 0.0220945064838116
0 0.8071651458740234 0.039613503676194414 0.021084418663611777 0.021128324361947868
0 0.3106166399442233 0.27307899181659406 0.021270293455857497 0.021199886615459736
0 0.4237393599290114 0.464293699998122 0.026814974271334134 0.027263054480919473
0 0.6693803347074069 0.8322208111102765 0.016104624821589544 0.016191482543945312
0 0.6648052655733548 0.19502548071054313 0.014938061053936299 0.015021470876840444
0 0.263208059164194 0.31610620938814604 0.0446320680471567 0.04422840705284706
0 0.6315402984619141 0.6011304121751052 0.017787053034855768 0.017346969017615683
0 0.1615601686330942 0.2840688412006085 0.016808940814091608 0.016838660606971152
0 0.5914169091444749 0.21726259818443885 0.026245997502253607 0.025508367098294772
0 0.37635146654569185 0.7056545844444861 0.038005902216984674 0.038634080153245196
0 0.18697955058171198 0.4267865694486178 0.02215121342585637 0.022135807917668268
0 0.5169677734375 0.5808222110454853 0.018162653996394232 0.0180203364445613
0 0.4538605029766376 0.9516853919396033 0.06815543541541466 0.06947766817533053
0 0.1593467639042781 0.47133706166194034 0.049751648536095254 0.04759054917555589
0 0.801296747647799 0.4197378158569336 0.0143586672269381 0.014545880831204928
0 0.6257385840782752 0.2189316199376033 0.014796036940354567 0.015227757967435397
0 0.19992870550889236 0.6510498340313251 0.03986050532414363 0.040113595815805286
0 0.8030822460467999 0.026210823884377114 0.015711417564978965 0.015255950964414157
0 0.5096544119027945 0.7190831991342398 0.017808914184570312 0.017822265625
0 0.6632022857666016 0.04920799915607159 0.0156707763671875 0.015662413377028245
0 0.21969472444974458 0.4482382627633902 0.033253963177020736 0.03311634063720703
0 0.21759821818425104 0.9326647244966947 0.031500669626089245 0.0316770993746244
0 0.4602620051457332 0.2583979826707106 0.05360089815579928 0.05377817153930664
0 0.7643230144794171 0.04205576731608464 0.016717177170973558 0.015926627012399528
0 0.6035033739530123 0.8928778721736028 0.03852917597844051 0.03811440101036659
0 0.29103926511911243 0.641583516047551 0.022574571462777946 0.022822159987229567
0 0.3546188794649564 0.06979617247214684 0.015081405639648438 0.01527572595156156
0 0.44804022862361026 0.1638635488656851 0.015975071833683893 0.015938171973595254
0 0.6754060891958383 0.3916681729830228 0.01923370361328125 0.019238105187049277
0 0.7705452258770282 0.472137451171875 0.017099820650540866 0.017304347111628607
0 0.6222190856933594 0.5631958154531626 0.015343335958627554 0.01511691166804387
0 0.7291765946608323 0.9911897365863507 0.039775848388671875 0.016135582557091348
0 0.6185315205500677 0.5460687784048227 0.023923580463115986 0.024155690119816706
0 0.3079455815828763 0.36902640416071963 0.08533140329214242 0.08687547536996695
0 0.29935367290790266 0.5083605692936823 0.027716636657714844 0.02790671128493089
0 0.6390979473407452 0.5913144625150241 0.015434852013221154 0.015538435715895433
0 0.8457367236797626 0.43201688619760364 0.03613721407376803 0.035607411311222956
0 0.46285038727980393 0.5055767206045297 0.017923941979041465 0.01808034456693209
0 0.3456500493563138 0.43103386805607724 0.023331422072190505 0.02409054682804988
0 0.49064526191124547 0.8947071662315955 0.03892164963942308 0.0396881103515625
0 0.3687678850614108 0.20800898625300482 0.01519467280461238 0.015516134408804087
0 0.5029614521906927 0.7495042360745944 0.026209024282602165 0.026316422682542067
0 0.5834502807030311 0.3852051588205191 0.02999254373403696 0.030147405771108773
0 0.6374384073110727 0.8052534690270057 0.016463059645432692 0.0162811279296875
0 0.864082776583158 0.3865193953880897 0.014276357797475962 0.014658561119666466
0 0.1614985282604511 0.45119557013878453 0.02982961214505709 0.03139165731576773
0 0.4428178347074069 0.23651581544142503 0.014654746422400841 0.015400519737830529
0 0.668519166799692 0.5820066011868991 0.015653170072115384 0.016078068659855768
0 0.7408125217144306 0.35866517287034255 0.014323748075045072 0.014424397395207332
0 0.849333249605619 0.7863790071927584 0.021510197566105768 0.021904872013972357
0 0.7898399646465595 0.49582308989304763 0.016109759990985576 0.016277239872859076
0 0.7166253603421725 0.1842349492586576 0.016414642333984375 0.016319751739501953
0 0.5664460108830378 0.9146664692805364 0.03666980449969952 0.03693742018479567
0 0.6571683150071365 0.9915646039522611 0.021059329693134014 0.014548815213716947
0 0.7432774763840896 0.6263114489041842 0.023851688091571514 0.024220099815955527
0 0.5708453105046198 0.021396902891305778 0.040124746469350964 0.038867767040546126
0 0.6484012603759766 0.8384900459876428 0.017925409170297477 0.01794008108285757
0 0.8657362277691181 0.3902254104614258 0.042450244610126205 0.058007460374098554
0 0.7477572514460638 0.4830767191373385 0.020491379957932692 0.02050913297213041
0 0.28877914868868315 0.6207667130690354 0.04526174985445463 0.044458829439603366
0 0.5636073626004733 0.6498148991511419 0.014830075777493991 0.014574784498948317
0 0.15845771936269906 0.47644952627328724 0.04341965455275316 0.041204012357271634
0 0.5313215989332932 0.6309007497934195 0.01665474818303035 0.016659956711989183
0 0.8483227216280423 0.5597092555119441 0.07277283301720253 0.10754225804255559
0 0.25422831682058483 0.941616571866549 0.03797509120060848 0.036918346698467545
0 0.33504053262563854 0.9792500275831956 0.01829382089468149 0.017813462477463942
0 0.6893917964054987 0.3141665825477013 0.06956247182992789 0.07123622527489296
