0 0.11386801646305965 0.9350163386418269 0.1883871738727276 0.12467076228215145
0 0.30740886468153733 0.85468079493596 0.04709144739004282 0.04725236159104567
0 0.6770559457632211 0.44154064471905047 0.048431103046123795 0.04866115863506611
0 0.911415540255033 0.839356935941256 0.033410879281850964 0.03352209237905649
0 0.6676954122690054 0.6462080295269306 0.037778414212740384 0.037838128896859974
0 0.24499566738422102 0.648913310124324 0.049272353832538314 0.04965708805964543
0 0.8838217808650091 0.3365647242619441 0.02210264939528245 0.02191162109375
0 0.3777030064509465 0.3925638565650353 0.02139913118802584 0.021596541771521933
0 0.16027267162616438 0.7581993983342097 0.08098965424757737 0.08239599374624398
0 0.3980568739084097 0.8184551825890174 0.0381926023043119 0.03842603243314303
0 0.41939397958608776 0.179471676166241 0.01960328909067007 0.019610771766075723
0 0.12983369827270508 0.662323364844689 0.09200022770808293 0.0907143812913161
0 0.5032619329599234 0.5291372445913461 0.05109742971567007 0.051204681396484375
0 0.28310346603393555 0.5194329848656287 0.027402327610896185 0.02737874251145583
0 0.87066650390625 0.12027371846712552 0.018683800330528848 0.01870443270756648
0 0.5808544525733361 0.5644360322218674 0.029503895686222956 0.02939429649939904
0 0.9064564338097205 0.9002543229323167 0.028689457820012018 0.028744330772986777
0 0.4330671750582181 0.6950991703913763 0.027655674861027643 0.02779388427734375
0 0.19450682860154372 0.8149500626784104 0.07764970339261569 0.07686497614933895
0 0.25781840544480544 0.8142604827880859 0.027664991525503304 0.027811490572415866
0 0.6924156775841346 0.40033512849074143 0.028400421142578125 0.028760983393742487
0 0.9504213333129883 0.27638978224534255 0.02063589829664964 0.02046959216778095
0 0.8929767608642578 0.23622696216289812 0.019077594463641826 0.019004344940185547
0 0.4588616444514348 0.86126708984375 0.1249225323016827 0.12516227135291466
0 0.6481445019061749 0.5502480726975661 0.029340303861177884 0.029831812931941107
0 0.5768792079045222 0.07148090692666861 0.018532239473783053 0.01843562492957482
0 0.03596720328697792 0.47836050620445836 0.02452679780813364 0.025122422438401442
0 0.6523958352895883 0.5154464061443622 0.017666449913611777 0.01752325204702524
0 0.3417217548076923 0.9888747288630559 0.019248082087590143 0.01748231741098257
0 0.6388877721933218 0.6230172377366286 0.031244864830603965 0.030530489408052884
0 0.6334263728215144 0.5742579973660983 0.021628159743088942 0.02155142564039964
0 0.22454265447763297 0.7140419299785907 0.05431101872370793 0.05411793635441707
0 0.5330294095552884 0.02713026450230525 0.018352508544921875 0.018017901824070856
0 0.5768836094782903 0.9220447540283203 0.015170904306265024 0.015175746037409855
0 0.9246281843919021 0.35626961634709287 0.016881796029897835 0.016942391028771035
0 0.26009838397686297 0.558108769930326 0.021012379572941706 0.021109947791466348
0 0.9138692709115835 0.31130365224984974 0.017100407527043268 0.01712769728440505
0 0.8650064468383789 0.4972347112802359 0.015604606041541466 0.015806271479679987
0 0.5102356030390813 0.8550847126887395 0.04217103811410757 0.04242486220139723
0 0.6364680803739108 0.9497918349045974 0.10825406588040866 0.09636893639197716
0 0.9667091369628906 0.5044502845177283 0.016858907846304085 0.02666950225830078
0 0.8750638228196365 0.9764461517333984 0.07105695284329928 0.044195908766526446
0 0.627891833965595 0.6405093853290265 0.026221788846529447 0.026833754319411058
0 0.5735270793621356 0.8289432525634766 0.016350966233473558 0.016370039719801683
0 0.6674132713904748 0.5719537734985352 0.016429314246544473 0.016624890840970553
0 0.5394117281987116 0.07496836093755868 0.015311607947716346 0.015282163253197303
0 0.865538817185622 0.20464394642756537 0.033359527587890625 0.03319905354426457
0 0.7878577159001277 0.9840311637291541 0.014992493849534255 0.014814963707557091
0 0.6661581626305213 0.5527193362896259 0.018196252676156852 0.01831216078538161
0 0.9618823711688702 0.3070058639232929 0.015515840970552884 0.01560383576613206
0 0.9641085404616135 0.6631657527043269 0.022455362173227165 0.038076547475961536
0 0.8421528155987079 0.18314706362210786 0.026827005239633415 0.026717185974121094
0 0.8620777863722581 0.42102696345402646 0.031226378220778245 0.031122207641601562
0 0.1302036688877986 0.17419173167302057 0.04691609969505897 0.04691249590653639
0 0.18495016831618089 0.461454831636869 0.01572080758901743 0.015955558189978965
0 0.5791424237764798 0.5404437872079703 0.0321650138268104 0.03421159890981821
0 0.7452467404879056 0.24561322652376616 0.15115825946514422 0.1505439831660344
0 0.8369018114530123 0.6231128986065204 0.03604903587928185 0.035376475407527044
0 0.33699376766498274 0.3007625433114859 0.04029442713810848 0.03999042510986328
0 0.8185249475332407 0.9396066665649414 0.014685850877028245 0.014744098369891826
0 0.8617490621713492 0.08958111359522893 0.029058309701772835 0.028943428626427285
0 0.14021247166853684 0.8641816652738131 0.04218580172612117 0.04213083707369291
0 0.4330570881183331 0.9640203622671274 0.08240149571345402 0.06631323007436898
0 0.2993202026073749 0.7771659264197717 0.032717227935791016 0.03333751971905048
0 0.2792833768404447 0.19441611950214094 0.020687433389516976 0.02086323958176833
0 0.7679605484008789 0.641217305110051 0.014555270855243389 0.014547348022460938
0 0.2143557255084698 0.9080889775202825 0.023421654334435098 0.02378991933969351
0 0.943207153907189 0.7751149397629958 0.03511854318472055 0.03487073458158053
0 0.2617930448972262 0.20772840426518366 0.015836752378023587 0.01574883094200721
0 0.461852293748122 0.42152188374445987 0.01563893831693209 0.015462361849271335
0 0.7066056178166316 0.552849292755127 0.017497722919170674 0.017572989830603965
0 0.24025788673987755 0.781220216017503 0.03945016860961914 0.03973388671875
0 0.9023930476262019 0.04923592163966252 0.1399712195763221 0.09679377996004544
0 0.11480527657728928 0.5434312453636756 0.1335310202378493 0.13226120288555437
0 0.16521644592285156 0.25647709919856143 0.014333248138427734 0.014487963456373949
0 0.636753669151893 0.05241165711329533 0.16414187504695013 0.10248809594374436
0 0.701722291799692 0.38155291630671573 0.028766778799203727 0.028782184307391826
0 0.2756142249474159 0.6174694207998422 0.039278397193321817 0.03924853985126202
0 0.6167541650625376 0.536965957054725 0.019060281606820915 0.01909798842210036
0 0.8473880474384015 0.3722306765042819 0.048700185922475964 0.048969415517953724
0 0.4638024110060472 0.25125708946814906 0.016564149122971755 0.016621516301081732
0 0.7449268194345328 0.7899458958552434 0.01973122816819411 0.019825568565955527
0 0.2663914973919208 0.4712253717275766 0.014550905961256761 0.014597085806039663
0 0.9306130042442908 0.2900349543644832 0.017690658569335938 0.017802972059983473
0 0.9240761536818284 0.2990857637845553 0.01722233112041767 0.017459575946514424
0 0.8045175992525541 0.48700251946082485 0.014128464918870192 0.014131252582256611
0 0.18454971680274376 0.7100460345928485 0.023913456843449518 0.023879124568058893
0 0.2329855515406682 0.7523753826434796 0.03594504869901217 0.036391918475811295
0 0.5017934212317834 0.006571728449601393 0.018312674302321214 0.012729718134953426
0 0.7620518024151142 0.014181029338103075 0.026455218975360576 0.02512394006435688
0 0.2628493492419903 0.7421303529005784 0.03451211635883038 0.034650949331430286
0 0.8301400404710036 0.2051699344928448 0.016154949481670674 0.016158030583308294
0 0.7012522770808294 0.11181792846092811 0.015000856839693509 0.015119314193725586
0 0.8692320310152494 0.20890584358802208 0.02683404775766226 0.026242806361271784
0 0.9278227732731745 0.29371907160832333 0.021613194392277643 0.021664509406456582
0 0.844383533184345 0.6053187663738544 0.013688894418569712 0.01358809837928185
0 0.6156192192664514 0.6207958368154672 0.015258495624248799 0.015059397770808293
0 0.617763666006235 0.8027783907376803 0.015669565934401292 0.01583128709059495
0 0.06093085729158842 0.6469986988947942 0.0541534607227032 0.053906954251802884
0 0.20720133414635292 0.7781911263099084 0.032396096449631914 0.03295487623948317
0 0.5136709946852464 0.7195521134596604 0.07400586054875301 0.07289416973407452
0 0.27823994709895206 0.05649435520172119 0.018698985760028545 0.01818236937889686
0 0.8382578629713792 0.6282645005446214 0.013140164888822116 0.014274303729717549
0 0.18472739366384652 0.41574485485370344 0.015368828406700721 0.015447396498460036
0 0.5625806588392991 0.8927785433255709 0.016498492314265326 0.016289344200721152
0 0.54134123141949 0.2545828635875995 0.039182809682992786 0.03966687275813176
0 0.8847675323486328 0.5949109884408804 0.015854762150691107 0.01595761225773738
0 0.3132810959449181 0.14119515052208534 0.0394292978140024 0.03949308395385742
0 0.7077751159667969 0.5981515737680289 0.013121384840745192 0.013316521277794471
0 0.9653486105111929 0.25446370931772083 0.017554649939903848 0.019470875079815205
0 0.10938493105081412 0.8345665564903846 0.02205859697782076 0.022217970628004808
0 0.16401230371915376 0.7033701676588792 0.02155579053438627 0.02245506873497596
