0 0.4671507248511681 0.5866084098815918 0.2790889006394606 0.2798484655526968
0 0.326300180875338 0.19910005422738883 0.04161629310021034 0.04147247167733999
0 0.16684680718642014 0.4511248882000263 0.039960164290208086 0.0395971444936899
0 0.6725713289701022 0.6754503983717698 0.03013478792630709 0.030234703650841348
0 0.7940895374004657 0.720990621126615 0.13638687133789062 0.23467210622934195
0 0.5881217809823843 0.7842786495502179 0.029447115384615384 0.029388867891751803
0 0.5154316241924579 0.6297338192279522 0.07634529700646034 0.0767207512488732
0 0.7269707459669846 0.35338508165799654 0.03508494450495793 0.03495319073016827
0 0.6369493191058819 0.6856324856097882 0.019797105055588942 0.019839066725510817
0 0.7820277580848107 0.3642418567950909 0.08409412090594952 0.08562623537503757
0 0.698721665602464 0.9317937264075646 0.02553074176494892 0.025643128615159255
0 0.45503711700439453 0.9729119080763596 0.03008857140174279 0.030312318068284255
0 0.7540686680720403 0.38779332087590146 0.03434430635892428 0.03461514986478365
0 0.4648582018338717 0.05974141451028677 0.01822383587176983 0.01832259618318998
0 0.4689142153813289 0.11016051585857685 0.02998638153076172 0.029811015495887168
0 0.3645735520582933 0.35708995965810925 0.31263872293325573 0.30770551241361177
0 0.17953747969407302 0.37911847921518177 0.07960230570573074 0.12086794926570012
0 0.18847113389235276 0.6115867174588717 0.01741959498478816 0.017727485069861777
0 0.5365055524385892 0.8883900275597205 0.1033945817213792 0.10607587374173678
0 0.6429979617779071 0.05909753762758695 0.0177920414851262 0.017731629885160007
0 0.283826076067411 0.6324616945706881 0.01679545182448167 0.01673126220703125
0 0.4666905036339393 0.9411371671236478 0.01680132058950571 0.01682428213266226
0 0.689053095304049 0.42636695274939906 0.02298707228440505 0.02305265573354868
0 0.6005634527940017 0.7640269352839544 0.0771470436683068 0.0774222153883714
0 0.23077610822824332 0.21875401643606332 0.015687942504882812 0.015590374286358174
0 0.7459272237924429 0.5984926223754883 0.014688051663912259 0.014571556678185096
0 0.5000572204589844 0.031055328937677238 0.01584038367638221 0.01597366424707266
0 0.2168438067803016 0.45311949803278995 0.04902164752666767 0.04890133784367488
0 0.7690297640286959 0.4429766581608699 0.03195997384878305 0.03154065058781551
0 0.7187442779541016 0.23589669741117036 0.18782190176156852 0.19297592456524187
0 0.8347490750826322 0.11194426279801589 0.01944116445688101 0.019478339415330153
0 0.6745627476618841 0.1817944233234112 0.03870685283954327 0.03838414412278395
0 0.4615207818838266 0.08598586229177621 0.02149537893442007 0.02156778023793147
0 0.2887279987335205 0.19763711782602164 0.03642148237961989 0.03696852463942308
0 0.6310408665583684 0.07234170803656945 0.017467498779296875 0.017597436904907227
0 0.5988159546485314 0.8746478007389948 0.014951339134803185 0.014896246103140024
0 0.1759309585277851 0.04905654833867 0.032649847177358776 0.03300026517647963
0 0.3050877497746394 0.638856447660006 0.015661166264460638 0.015453632061298076
0 0.4033147371732272 0.7862344888540415 0.015237661508413462 0.015275074885441707
0 0.8189744215745193 0.9324274063110352 0.06450300950270432 0.06398963928222656
0 0.6071360294635479 0.37291790888859677 0.01562918149507963 0.016082616952749398
0 0.8179864149827224 0.45536338365994966 0.022283407358022835 0.022163757911095254
0 0.7196231255164514 0.4446094219501202 0.057218111478365384 0.0572503163264348
0 0.680419188279372 0.5326053179227389 0.04825797447791466 0.04757118225097656
0 0.783230708195613 0.09149410174443172 0.06198589618389423 0.06145297563993014
0 0.670479994553786 0.3628414961007925 0.07291911198542668 0.07419153360220102
0 0.18262327634371245 0.7848004561204177 0.014894485473632812 0.015075390155498799
0 0.5351987985464243 0.007520063565327571 0.023422974806565505 0.013561478027930627
0 0.4019191815302922 0.9154462814331055 0.014567375183105469 0.014644769521859976
0 0.4945464867811937 0.006496763573243068 0.01837759751539964 0.012223817981206454
0 0.30644798278808594 0.9803901085486779 0.015367507934570312 0.015131730299729567
0 0.6094914949857272 0.0796952431018536 0.020011461698091947 0.019929450291853685
0 0.2014891917888935 0.8577214754544772 0.01666721930870643 0.01691290048452524
0 0.7223000159630408 0.9892066075251653 0.0232546879695012 0.017521784855769232
0 0.7246052668644831 0.5264714681185209 0.06592677189753605 0.0694719461294321
0 0.5005651253920335 0.9534357511080228 0.02982631096473107 0.029437431922325723
0 0.30707465685330904 0.005930512570417845 0.01746339064378005 0.011390567972109867
0 0.28320250144371617 0.5095982551574707 0.015057967259333683 0.01485905280480018
0 0.571624755859375 0.10285914861238919 0.014506853543795072 0.01456592633174016
0 0.20312798940218413 0.11862593430739182 0.02623260938204252 0.026037069467397835
0 0.4893938211294321 0.017634739096348103 0.019314986008864183 0.01962186052249028
0 0.2038414294903095 0.6884192686814529 0.013959884643554688 0.014084155742938701
0 0.30780091652503383 0.5264536417447604 0.028246072622445915 0.02829133547269381
0 0.29301859782292294 0.19995918640723595 0.04286619333120493 0.04335572169377254
0 0.29388869725740874 0.3301556293780987 0.07176967767568734 0.07051350520207332
0 0.7163709493783804 0.3365653844980093 0.025406323946439303 0.026370415320763223
0 0.15832277444692758 0.9305912898137019 0.04288072769458477 0.053046006422776446
0 0.14741939764756423 0.2935194785778339 0.015553621145395132 0.019520942981426533
0 0.5893482428330642 0.4397006034851074 0.14789324540358323 0.15226063361534706
