0 0.5307664137620193 0.6352225083571214 0.12522315979003906 0.12465873131385216
0 0.804965092585637 0.680632077730619 0.05150750967172476 0.05185552743765024
0 0.9543816493107722 0.27746233573326695 0.06006930424616887 0.07080452258770283
0 0.5423574447631836 0.7321099501389724 0.06717872619628906 0.06684816800631009
0 0.592266742999737 0.18285481746380144 0.04027762779822716 0.0404669321500338
0 0.6606635313767654 0.903504518362192 0.04974511953500601 0.04973763685960036
0 0.3454911158635066 0.510967914874737 0.05260797647329477 0.05333900451660156
0 0.19383663397568923 0.31878053225003755 0.04831204047569862 0.04822188157301683
0 0.36242492382343 0.23201715029202974 0.041039540217472956 0.04109030503493089
0 0.6689321077786959 0.0271833401459914 0.037627880389873795 0.03766003021827111
0 0.0854968657860389 0.2395475460932805 0.038810051404512845 0.03891255305363582
0 0.3780231842627892 0.5528385455791767 0.08802861433762771 0.08700810945951022
0 0.21148377198439378 0.5591953350947454 0.037991817180926986 0.037906793447641224
0 0.12055941728445199 0.8006026194645808 0.04820673282329853 0.048263256366436295
0 0.36387091416579026 0.44369932321401745 0.027064690223106973 0.02689214853140024
0 0.6190746013934796 0.9556820209209735 0.08800187477698693 0.08218970665564904
0 0.5195741653442383 0.5349274415236253 0.03347925039438101 0.03317832946777344
0 0.9515712444598858 0.39970038487361026 0.02374414297250601 0.023708636944110576
0 0.4965677628150353 0.7897161337045523 0.06434308565579928 0.0647585942195012
0 0.5558501390310434 0.8687233558067908 0.056860116811899036 0.05647483238807091
0 0.16582679748535156 0.27208640025212216 0.03587516454549936 0.035700321197509766
0 0.05541500678429237 0.2818386738116925 0.02884250420790452 0.029354022099421576
0 0.8256698021521935 0.8921199211707482 0.021802755502554085 0.021874060997596152
0 0.2263029538668119 0.1159818172454834 0.04855471390944261 0.0490724857036884
0 0.468621510725755 0.5684095162611741 0.02221078139085036 0.022185692420372598
0 0.528329115647536 0.24242760584904596 0.02728887704702524 0.027135042043832634
0 0.9617911118727464 0.964838614830604 0.02253106924203726 0.022719163161057692
0 0.8467840047983023 0.6836880903977615 0.025565220759465143 0.025561406062199518
0 0.19174102636484 0.6738919478196365 0.023941773634690505 0.024202493520883415
0 0.3780250549316406 0.13575345736283523 0.04370249234713041 0.04332258151127742
0 0.5903773674598107 0.714476071871244 0.019894233116736777 0.01978125939002404
0 0.047482820657583386 0.1180116946880634 0.021325054077001717 0.021506896385779746
0 0.12809076676001915 0.263698541201078 0.038535044743464544 0.038538639362041764
0 0.7325593508206881 0.6461772185105544 0.049454028789813705 0.04958695631760817
0 0.2855394436762883 0.1728339562049279 0.03673091301551232 0.036733187161959134
0 0.4398625447199895 0.5248899459838867 0.03220426119290865 0.03231958242563101
0 0.2814034682053786 0.5506530908437876 0.020462659689096305 0.02067118424635667
0 0.5443487167358398 0.4040188422569862 0.02080227778508113 0.02064792926494892
0 0.19112550295316255 0.045738357764024004 0.04105355189396785 0.041252466348501354
0 0.27656126022338867 0.1255556161587055 0.027036153353177585 0.027078573520366963
0 0.24605450263390174 0.5977119299081656 0.025016161111684945 0.025157341590294473
0 0.3310508728027344 0.17357331055861253 0.030751888568584736 0.030741398151104268
0 0.8492366350614108 0.603543574993427 0.03012422414926382 0.0301205561711238
0 0.4746258075420673 0.3651244823749249 0.01814431410569411 0.01821789374718299
0 0.3092666405897874 0.2654446088350736 0.03433498969444862 0.034120963169978216
0 0.12667622933020958 0.395015129676232 0.040227266458364636 0.040391188401442304
0 0.59078704393827 0.04892974633436937 0.02744425260103666 0.027682031576450054
0 0.36323437323937047 0.020510398424588717 0.01961825444148137 0.019344540742727425
0 0.3119144072899452 0.6475266676682693 0.025313670818622295 0.025182283841646634
0 0.268247127532959 0.8316191159761869 0.03319813654972957 0.032898976252629206
0 0.6315626731285682 0.22984878833477312 0.026990597064678486 0.026977685781625602
0 0.23576692434457633 0.07974090942969689 0.03451318007249098 0.03444583140886747
0 0.524230223435622 0.8301481833824744 0.022153267493614785 0.02238317636343149
0 0.32348445745614857 0.7362876305213342 0.024177697988656852 0.024204254150390625
0 0.45485881658700794 0.18581958917471078 0.03662806290846605 0.036365509033203125
0 0.934933589054988 0.13905853491563064 0.02289405235877404 0.02269148826599121
0 0.6473153921274039 0.06567786290095402 0.03783636826735277 0.03808953211857723
0 0.3052221261537992 0.5214564983661358 0.029694300431471605 0.029767476595365085
0 0.39068148686335635 0.48741780794583833 0.020264552189753607 0.020477881798377402
0 0.4554901123046875 0.6019791089571439 0.03969838069035457 0.03952378493088942
0 0.7010902258066031 0.682227794940655 0.03391471275916466 0.033926743727463946
0 0.6676920377291166 0.13836307709033674 0.03836778494027945 0.038525636379535384
0 0.5125565895667443 0.8850087385911208 0.03346091050368089 0.033088977520282455
0 0.40317927874051607 0.3076529869666466 0.036090777470515326 0.03661258404071514
0 0.24022736916175255 0.3499553386981671 0.017845667325533353 0.01824349623460036
0 0.10312058375431941 0.5428349421574519 0.026670015775240384 0.026885546170748197
0 0.8780632019042969 0.8040593220637395 0.047731986412635215 0.04757558382474459
0 0.22893238067626953 0.9643313334538386 0.03278050055870643 0.03265292827899639
0 0.22275453347426194 0.09492799868950477 0.01846170425415039 0.01864490142235389
0 0.7952585953932542 0.8446922302246094 0.017749639657827523 0.01775389451246995
0 0.6754463635958158 0.06145137089949388 0.01589070833646334 0.016118416419396035
0 0.13465562233558068 0.4668075488163875 0.027850224421574518 0.02800464630126953
0 0.05120269151834341 0.4921379089355469 0.024410082743718073 0.024146520174466647
0 0.6382376597477839 0.7180668757512019 0.04822085453913762 0.048783522385817304
0 0.32360164935772234 0.8608416043795072 0.019329364483173076 0.01931146474984976
0 0.43526708162747896 0.9007943960336539 0.040740673358623795 0.0416253896859976
0 0.6334360562838041 0.17342589451716497 0.041194769052358776 0.0411300567480234
0 0.10296237468719482 0.9804080082820013 0.027207154494065505 0.02699103722205529
0 0.07826066934145413 0.445127927339994 0.02081777499272273 0.020829274104191706
0 0.8298894442044772 0.023315934034494255 0.05136196429912861 0.04523224097031813
0 0.12470113314115085 0.2202438757969783 0.037139342381404 0.03756548808171199
0 0.7981940782987155 0.914024646465595 0.033741144033578724 0.03404793372521034
0 0.665125113267165 0.16903182176443246 0.020984062781700723 0.020955562591552734
0 0.9530913279606745 0.01378809603360983 0.03161547734187199 0.02654260626206031
0 0.0821452599305373 0.9474465296818659 0.033014389184805065 0.032920543964092545
0 0.7486519446739783 0.12379022744985727 0.017764751727764424 0.017725284282977764
0 0.2311853812291072 0.3347013913668119 0.03155246147742638 0.03213941133939303
0 0.057039425923274115 0.3761448493370643 0.0280154851766733 0.02777994596041166
0 0.6965754582331731 0.6197619804969201 0.039523931650015026 0.039576053619384766
0 0.7121028900146484 0.9867882361778846 0.029851473294771634 0.022262133084810697
0 0.21503773102393517 0.02938290284230159 0.03118302271916316 0.031520962715148926
0 0.5665830465463492 0.31973615059485805 0.024648226224459134 0.025120368370643027
0 0.3679504027733436 0.4638843903174767 0.018058630136343148 0.017773554875300482
0 0.09657626885634202 0.765602551973783 0.045324820738572344 0.044763418344350964
0 0.3775968551635742 0.17429935015164888 0.027567276587853067 0.027711208050067607
0 0.6421072299663837 0.09837850240560678 0.016878714928260215 0.016933514521672174
0 0.43779208109929013 0.7631868215707632 0.034883352426382214 0.034986642690805286
0 0.9567686227651743 0.5086465248694787 0.03757388775165264 0.03800641573392428
0 0.056710344094496504 0.7356312091533954 0.05803975692162147 0.05928670443021334
0 0.7805231534517728 0.8763972062330979 0.01938805213341346 0.019121463482196514
0 0.04182294240364662 0.5239722545330341 0.028620233902564414 0.029098657461313102
0 0.4538359275230995 0.8157638403085562 0.048412322998046875 0.04790643545297476
0 0.6673570046058068 0.08987932938795823 0.03624270512507512 0.03651316349322979
0 0.02958742930338933 0.47037249345045823 0.030037879943847656 0.032550811767578125
0 0.33250863735492414 0.3789837176983173 0.024341583251953125 0.024289351243239183
0 0.20082814876849836 0.38133811950683594 0.08898426936222957 0.08779188302847055
0 0.1477653430058406 0.047828458822690524 0.033354539137620196 0.03283148545485277
0 0.42957815757164586 0.4701117002047025 0.017152052659254808 0.01761040320763221
0 0.22708766277019793 0.20835355611947867 0.027905867649958685 0.027888958270733174
0 0.07490970538212703 0.1871324319105882 0.053869430835430436 0.053674551156850964
0 0.5846519470214844 0.13044621394230768 0.03168223454402043 0.032080540290245645
0 0.07878972933842586 0.36183602993304914 0.02271259748018705 0.022626950190617487
0 0.9308947049654447 0.7986610852755033 0.029256233802208535 0.029697711651141826
0 0.08970055213341346 0.15140469257648176 0.03597809259708111 0.035668519827035755
0 0.522708012507512 0.35506593264066255 0.03718207432673527 0.03674756563626803
0 0.7704698122464694 0.7841333976158729 0.021799821120042067 0.021738639244666465
0 0.4307677929217999 0.5989488454965445 0.05361087505634014 0.05414449251615084
0 0.39562357389009917 0.45450562697190505 0.026036482590895433 0.02609839806189904
0 0.7632868106548603 0.06067362198462853 0.07946029076209435 0.08042357518122746
0 0.3116389788114108 0.34530404897836536 0.02147784599891076 0.021534112783578727
0 0.6460250707773062 0.8078808417687049 0.10602114750788762 0.10749758206881009
0 0.4798738039456881 0.4227145635164701 0.1023252927339994 0.10233739706186148
0 0.26323721959040713 0.3538216810960036 0.02791910905104417 0.028105809138371393
0 0.9118432265061599 0.7498685396634616 0.02569726797250601 0.0256344721867488
0 0.043811614696796126 0.5577500049884503 0.03777298331260681 0.038303521963266224
0 0.7084484100341797 0.07736523334796612 0.01857141348031851 0.018427697511819694
0 0.6429323049692007 0.6234892331636869 0.02915822542630709 0.028810941256009616
0 0.11123468325688289 0.4573215704697829 0.02352149669940655 0.023679073040301982
0 0.8638421572171725 0.6736846336951623 0.019064976618840143 0.019182351919320915
0 0.199615478515625 0.21811364247248724 0.029327906095064603 0.02923107147216797
0 0.35440775064321667 0.19281631249647874 0.02872327657846304 0.02869132848886343
0 0.9585486191969651 0.20158096460195687 0.04338924701397236 0.043060596172626205
0 0.5235715279212365 0.5072395251347468 0.024622550377478965 0.025027348445012018
0 0.14542029454157904 0.10848502012399527 0.01496736819927509 0.015024845416729268
0 0.39401028706477237 0.03409659404021043 0.030328970689039964 0.03036353221306434
0 0.9110628274770883 0.7802151900071365 0.02819207998422476 0.028646322397085335
0 0.8580203423133264 0.7012106088491586 0.022761418269230768 0.022406944861778848
0 0.3351923869206355 0.10298728942871094 0.02911376953125 0.029005124018742487
0 0.293635918543889 0.9058723449707031 0.03992154048039363 0.04034981360802284
0 0.06233371221102201 0.16598158616286057 0.03539400834303636 0.03611858991476206
0 0.08221456637749305 0.3855719199547401 0.027211812826303337 0.02800574669471154
0 0.2597179596240704 0.7021685380202073 0.09786741550152118 0.09880241980919471
0 0.5340184065011832 0.20059787310086763 0.018204248868502103 0.01806471898005559
0 0.8016316340519831 0.7072084867037259 0.016667879544771634 0.016390286959134616
0 0.07384249797234169 0.5596415446354792 0.02842292418846717 0.028074337885929987
0 0.8273500295785757 0.8618813294630784 0.017486425546499398 0.017495081974909857
0 0.3342093320993277 0.9449729919433594 0.017678480881911058 0.017696967491736777
0 0.28278409517728365 0.7288128779484675 0.01663802220271184 0.016665825477013223
0 0.09460053077110878 0.08557757964501014 0.015038655354426457 0.01486664551955003
0 0.443754819723276 0.02426325357877291 0.024068465599646933 0.02381773178394024
0 0.7595475270197942 0.9615494654728816 0.04054964505709135 0.04010479266826923
0 0.525576298053448 0.10305168078495906 0.022353392380934495 0.022237704350398138
0 0.16907616762014535 0.5561069341806265 0.017070440145639274 0.017299138582669772
0 0.3149978197537936 0.5647021073561448 0.022768038969773512 0.023151397705078125
0 0.5060272950392503 0.49637699127197266 0.016323676476111777 0.016467754657451924
0 0.38784401233379656 0.7301472883958083 0.06176831172062801 0.061815848717322715
0 0.4355311760535607 0.09715889050410344 0.029876195467435397 0.030150780310997598
0 0.27794727912315953 0.305263115809514 0.026860163762019232 0.026160827049842246
0 0.23097746188823992 0.3832207459669847 0.043344864478478067 0.04264090611384465
0 0.4874186882605919 0.1416686773300171 0.032378123356745794 0.032572617897620566
0 0.34666332831749547 0.3931600864116962 0.015419299785907451 0.015629108135516826
0 0.11997159627767709 0.48726415634155273 0.01616039642920861 0.016509642967810996
0 0.0885017651778001 0.41019414021418643 0.020294996408315804 0.020107416006234977
0 0.44270137640146107 0.2965269455542931 0.01863993131197416 0.018829785860501803
0 0.48948243948129505 0.321409849020151 0.05124957744891827 0.05310535430908203
0 0.09170959546015812 0.06509772630838248 0.0153350646679218 0.015387241656963643
0 0.4748693612905649 0.16913566222557655 0.027074520404522236 0.026935393993671123
0 0.9107412925133338 0.6709846349862906 0.016559600830078125 0.0166928217961238
0 0.19061869841355544 0.012463938731413621 0.026054015526404746 0.023248191063220684
0 0.10278710035177377 0.7187585097092849 0.03341880211463341 0.03302955627441406
0 0.57925506738516 0.021699396463540885 0.033701603229229264 0.033658550335810736
0 0.1765755873460036 0.3852427922762357 0.05652842154869667 0.05474633436936598
0 0.1109002553499662 0.5140819549560547 0.015076930706317607 0.014990146343524639
0 0.07664845539973332 0.5323078448955829 0.02648127996004545 0.02658359821026142
0 0.633587543780987 0.2100828060737023 0.021534552940955527 0.021643748650184043
0 0.6748746725229117 0.7481016012338492 0.04515985342172476 0.045929248516376205
0 0.8384196941669171 0.7390873248760517 0.026250105637770433 0.025849268986628607
0 0.4733484708345853 0.6703325418325571 0.023050895104041465 0.023253807654747598
0 0.9555005293626052 0.9480112515963041 0.029879936805138223 0.03060003427358774
0 0.9578163440410907 0.8593221077552209 0.04585119394155649 0.047048128568209134
0 0.24956734363849348 0.9480432363656851 0.03635879663320688 0.03698877187875601
0 0.32304873833289516 0.44066286087036133 0.024157597468449518 0.023676725534292366
0 0.4682594812833346 0.9837737450232873 0.02274770003098708 0.02251404982346755
0 0.1038837066063514 0.30279823449941784 0.03475533998929537 0.034751598651592545
0 0.46697213099553037 0.14415900523845965 0.024813138521634616 0.02538141837486854
0 0.11168846717247596 0.17433005112868089 0.025194534888634317 0.02526261256291316
0 0.16900102908794695 0.43968578485342175 0.015048467195951022 0.015116031353290264
0 0.18943133720984826 0.7250003814697266 0.015111042903019832 0.014962563147911659
0 0.8947910895714393 0.9842411921574519 0.02216368455153245 0.02269598153921274
0 0.23502102264991173 0.0185822076522387 0.03371411103468675 0.03388566007980934
0 0.9371457466712365 0.18273746050321138 0.018861037034254808 0.019269503079927884
0 0.1308119297027588 0.027574248038805448 0.01854878205519456 0.018546484983884372
0 0.14732372760772705 0.9001595423771784 0.03620314598083496 0.036458382239708535
0 0.633210695706881 0.6567749610314002 0.020386475783128005 0.02051720252403846
0 0.3944882612961989 0.08228195630587064 0.01763607905461238 0.01752868523964515
0 0.08198887568253738 0.019383602417432345 0.01645517349243164 0.016248845137082614
0 0.9738630148080679 0.5345260913555439 0.016582782451923076 0.02569095905010517
0 0.44336366653442383 0.4338192939758301 0.020314803490271933 0.0203249271099384
0 0.4610683001004733 0.3396117870624249 0.015387461735652043 0.015788151667668268
0 0.27939345286442685 0.33972813532902646 0.019051405099722054 0.019178463862492487
0 0.8833832373985877 0.08870614491976224 0.029842083270733174 0.029616429255558893
0 0.06295776825684768 0.4620322080758902 0.030234437722426195 0.030902862548828125
0 0.6862942622258112 0.15764053051288313 0.01867529062124399 0.01839784475473257
0 0.7608259641207181 0.88879211132343 0.016177250788762018 0.016072786771334134
0 0.5482270167424128 0.1429300675025353 0.03754615783691406 0.0383752676156851
0 0.449709048637977 0.7890422527606671 0.035128006568321817 0.03639925443209135
0 0.11155047783484826 0.7471900353064904 0.030414049441997822 0.030833904559795674
0 0.41959535158597505 0.22049096914438102 0.02625164618858924 0.026169593517596904
0 0.31218660794771635 0.411930304307204 0.015590832783625675 0.015544451200045072
0 0.25655486033513 0.17703492824847883 0.015586522909311147 0.0156555909376878
0 0.035904645919799805 0.19318386224599984 0.027953560535724346 0.028054164006159857
0 0.12925036136920637 0.3554046704218938 0.017944849454439603 0.017912791325495794
0 0.7834250376774714 0.9391078948974609 0.06111702552208534 0.058853442852313705
0 0.22038059968214768 0.4711000002347506 0.01648719494159405 0.016318247868464544
0 0.8831402705265925 0.7361161158635066 0.01639380821814904 0.016360062819260817
0 0.25716257095336914 0.14046882666074312 0.024274055774395283 0.024701631986177884
0 0.6015368975125827 0.8875459524301382 0.03642757122333233 0.03682283254770132
0 0.6088518729576697 0.11881709098815918 0.030799278846153848 0.03155998083261343
0 0.6871273334209735 0.5672066761897161 0.027901576115534857 0.028563719529371995
0 0.16513780447152945 0.9661675966702975 0.043446870950552136 0.04323225754957933
0 0.631365702702449 0.6784012134258564 0.028079986572265625 0.028192960298978366
0 0.171080809373122 0.8845046850351187 0.020392124469463643 0.020375618567833535
0 0.2772567088787372 0.9193878173828125 0.03624303524310772 0.03668682391826923
0 0.61324798143827 0.037538803540743314 0.01737528580885667 0.017564966128422663
0 0.22739333372849685 0.6426633688119742 0.0367893805870643 0.03836969228891226
0 0.4216757921072153 0.5608723713801458 0.039531781123234674 0.04050915057842548
0 0.31329283347496617 0.2027431818155142 0.023366781381460335 0.02378419729379507
0 0.8638160412128155 0.7666897406944861 0.022221785325270433 0.02214842576246995
0 0.5619706740746131 0.1960167518028846 0.021558541517991286 0.021115669837364785
0 0.7200157458965595 0.7373272822453425 0.025137974665715143 0.025412926307091348
0 0.887273201575646 0.7624234419602615 0.03173123873197115 0.03171539306640625
0 0.10271474031301644 0.37871467150174654 0.01646535213177021 0.01650582827054537
0 0.7389165438138522 0.3919313137347882 0.35822105407714844 0.3614924504206731
0 0.9298258561354417 0.46525386663583607 0.026287078857421875 0.0265961426955003
0 0.11027854222517747 0.6946354645949143 0.022725453743567832 0.023415785569411058
0 0.2764831322890062 0.38971713873056263 0.01368573995736929 0.013845517085148739
0 0.6126518983107346 0.06572669744491577 0.03294181823730469 0.03378447202535776
0 0.9383186927208533 0.43728003135094273 0.017346015343299277 0.017358853266789362
0 0.09330091109642616 0.13019217894627497 0.01574540138244629 0.016150272809542142
0 0.4327095838693472 0.4475971735440768 0.017719855675330527 0.01808481950026292
0 0.6802017505352314 0.18942928314208984 0.034788865309495196 0.034578176645132214
0 0.709786635178786 0.7640071282019982 0.027759405282827523 0.02797420208270733
0 0.15581690348111665 0.45467417056743914 0.028812591846172627 0.028485664954552285
0 0.02651677681849553 0.49793390127328724 0.02385856555058406 0.03949693533090445
0 0.0716316241484422 0.31965208053588867 0.03736772904029259 0.03732490539550781
0 0.02395675044793349 0.702648823077862 0.016906981284801777 0.01799157949594351
0 0.6756650484525241 0.19344751651470476 0.01721323453463041 0.016916201664851263
0 0.7033955500676081 0.17123930270855242 0.025376246525691107 0.024905865009014424
0 0.4546001140887921 0.48543423872727615 0.025383142324594352 0.02537668668306791
0 0.8710019038273737 0.5358749169569749 0.024213644174429085 0.02455300551194411
0 0.39949703216552734 0.3800560144277719 0.014360647935133714 0.014230141272911659
0 0.4120029669541579 0.4667657705453726 0.013657276447002705 0.013701218825120192
0 0.10258602179013766 0.2990410878108098 0.029803881278404824 0.028562619135929987
0 0.6326409119826096 0.04472144750448374 0.020614037146935098 0.020919637038157538
0 0.2515743695772611 0.25158254916851336 0.02147337106557993 0.02180326901949369
0 0.7164140848013071 0.7177515763502854 0.02034612802358774 0.020624307485727165
0 0.4872252390934871 0.3262172845693735 0.0426176511324369 0.04442097590519832
0 0.4417448043823242 0.3965371572054349 0.01450362572303185 0.014838732205904447
0 0.062037917283865124 0.7093155200664814 0.026624074349036582 0.026722247783954326
0 0.74572020310622 0.741391108586238 0.023766590998722956 0.023839803842397835
0 0.9281240609975961 0.4688604795015775 0.019962604229266826 0.01990054203913762
0 0.14186427226433387 0.33443604982816255 0.020179381737342246 0.020573982825646035
0 0.27423803622906023 0.8496247805081881 0.029112522418682393 0.028969397911658652
0 0.41655808228712815 0.5628067896916316 0.048854681161733776 0.04692913935734676
0 0.9376504604633038 0.7662514173067533 0.029616135817307692 0.03081057621882512
0 0.3423118591308594 0.7097225189208984 0.030269696162297174 0.030424851637620192
0 0.17691542552067682 0.16757612961989182 0.014755028944749098 0.014942682706392728
0 0.43002018561730015 0.2087861941410945 0.03992007328913762 0.03984781411977915
0 0.7008122664231521 0.1712959729708158 0.020377525916466348 0.02095963404728816
0 0.4185215876652644 0.04493190692021297 0.026389342087965745 0.026755828123826247
0 0.444489075587346 0.8696080721341647 0.027674161470853366 0.028144249549278848
0 0.06437087517518264 0.4571533569922814 0.02145386659182035 0.02052461183988131
0 0.22777219919057992 0.6343734447772686 0.023790286137507513 0.024111087505634014
0 0.031035890946021445 0.14265400629777175 0.01480414317204402 0.015016775864821214
0 0.6439685821533203 0.6402337000920222 0.026437906118539665 0.02553734412560096
0 0.25092862202570987 0.3348845701951247 0.014602881211500902 0.01475216792179988
0 0.27782341150137096 0.308870608990009 0.029982346754807692 0.03043842315673828
0 0.12512665528517503 0.6801263369046725 0.023477499301616963 0.023571307842548076
0 0.6169429192176232 0.2546844482421875 0.017998658693753757 0.018837488614595853
0 0.09647148389082688 0.44440045723548305 0.017575832513662484 0.01813991253192608
0 0.901455439054049 0.904722653902494 0.021609673133263223 0.021906926081730768
0 0.07853986666752742 0.5063943129319411 0.022058088045853835 0.02218173100398137
0 0.07671825702373798 0.5087109712453989 0.0269473699422983 0.026130822988656852
0 0.16991373208852914 0.6870943216177133 0.01544490227332482 0.015547532301682692
0 0.7281634990985577 0.6616678971510667 0.024517059326171875 0.0245819091796875
0 0.11377424460190994 0.5657231991107647 0.023630692408635065 0.023457160362830527
0 0.4987362348116361 0.4427613111642691 0.021219253540039062 0.021333767817570612
0 0.07660273405221793 0.576512886927678 0.022047666402963493 0.02184948554405799
0 0.46596505091740537 0.514098937694843 0.022388604971078727 0.02231707939734826
0 0.3118995519784781 0.3067041543813852 0.017179269057053786 0.016935421870304987
0 0.16384451205913836 0.3341808319091797 0.028053833888127253 0.028066341693584736
0 0.22604890970083383 0.16122607084421012 0.02440613966721755 0.024794725271371696
0 0.3706221947303185 0.3171266775864821 0.022125097421499398 0.022147105290339544
0 0.664820304283729 0.5922467891986554 0.03895832942082332 0.03944661067082332
0 0.1467893307025616 0.7551197638878455 0.033113956451416016 0.03335160475510817
0 0.5736044370211087 0.06807786684769851 0.026816441462590143 0.027568890498234674
0 0.47817142193134016 0.010140896989749027 0.022176008958082933 0.019003361463546753
0 0.08889456895681527 0.4702283052297739 0.027374891134408805 0.02840254856989934
0 0.918512931236854 0.877444340632512 0.03834445659930889 0.0385137704702524
0 0.8362363668588492 0.8757608853853666 0.019867530235877402 0.020483750563401442
0 0.6791519751915565 0.1907037221468412 0.02672723623422476 0.025787500234750602
0 0.8557152381310096 0.23051828604478103 0.018895956186147835 0.018651925600492038
