0 0.8412148402287409 0.4152410580561711 0.19660421518179086 0.19768252739539513
0 0.2904157271751991 0.5947929529043344 0.12887976719782904 0.1290438725398137
0 0.567965214069073 0.8767039959247296 0.05127378610464243 0.051036834716796875
0 0.7152940309964694 0.8750331585223858 0.058633657602163464 0.05920498187725361
0 0.3493039057804988 0.2511334786048302 0.10844203142019418 0.10738475506122296
0 0.23080987196702224 0.9096934978778546 0.03212059461153471 0.03214337275578426
0 0.4240273695725661 0.261018679692195 0.03096155019906851 0.031145169184758112
0 0.14265923316662127 0.22335995160616362 0.023062614294198844 0.023035636314978965
0 0.20514482718247634 0.3152428406935472 0.024611253004807692 0.02463832268348107
0 0.22060133860661432 0.24532677577092096 0.028211190150334284 0.02834349412184495
0 0.7471718421349158 0.7083151890681341 0.020603766808143027 0.020722609299879808
0 0.6380540407620944 0.4795809525709886 0.019826155442457933 0.01965933579664964
0 0.13986287667201117 0.696498283973107 0.050907446787907526 0.05032847477839543
0 0.49071506353525013 0.4956525655893179 0.020729578458345853 0.020748138427734375
0 0.3697494726914626 0.3766347078176645 0.020316930917593148 0.020190605750450723
0 0.5493382673997146 0.8445818974421575 0.041506400475135215 0.04226229741023137
0 0.6516681084266076 0.4103527069091797 0.019368391770582933 0.01925827906681941
0 0.7300215501051682 0.1313317188849816 0.03841077364408053 0.03845075460580679
0 0.6281240169818585 0.1480547831608699 0.06308584946852464 0.06400288068331204
0 0.3077567907480093 0.9087219971876878 0.051110029220581055 0.0506739983191857
0 0.4903166110698993 0.10767063727745643 0.043596120981069714 0.043139164264385514
0 0.4032610379732572 0.3615937599769005 0.024915108313927285 0.02492552537184495
0 0.08040683086101826 0.6569865300105169 0.03056472998399001 0.030697749211237982
0 0.6108830525324895 0.8002556287325345 0.05085343580979567 0.05061501723069411
0 0.09513031519376315 0.17942217680124137 0.027602782616248496 0.027676178858830378
0 0.13757096804105318 0.16292839783888596 0.06306376824012169 0.06299055539644681
0 0.8160947652963492 0.06798908343681923 0.025496262770432692 0.025376925101647012
0 0.8632938678448017 0.9116252752450796 0.018604572002704326 0.018527984619140625
0 0.30439927027775693 0.15040977184589094 0.07706554119403546 0.07789197334876427
0 0.39582069103534406 0.19235856716449445 0.017955926748422477 0.018047259404109076
0 0.2712856989640456 0.5140363253079928 0.020468931931715745 0.02050363100492037
0 0.26664069982675404 0.4518687908466046 0.033890797541691706 0.03403656299297626
0 0.24508336874154898 0.0912316212287316 0.018277901869553786 0.0185244817000169
0 0.3349646788377028 0.7933270381047175 0.0182192875788762 0.018242469200721152
0 0.35046276679405797 0.045124906759995684 0.052767240084134616 0.05179447394150954
0 0.18335734880887544 0.7380313873291016 0.03173666733961839 0.03161312983586238
0 0.6236311839177058 0.2654449389531062 0.04033352778508113 0.04039896451509916
0 0.48292402120736927 0.3704385757446289 0.022127738365760215 0.02157108600323017
0 0.37189520322359526 0.6498796022855319 0.12841195326585036 0.1300324293283316
0 0.5582370758056641 0.4066324234008789 0.016727300790640023 0.016642350416917067
0 0.3736731455876277 0.19586957418001616 0.020084381103515625 0.02015825418325571
0 0.9250894693227915 0.9079659535334661 0.018985748291015625 0.018972396850585938
0 0.4453934155977689 0.7052594698392428 0.017489506648137018 0.017789693979116585
0 0.4272917233980619 0.48000210982102615 0.02877206068772536 0.028514568622295674
0 0.2202909726362962 0.12404757279616135 0.020371693831223708 0.01997657922598032
0 0.5835657119750977 0.832040053147536 0.028692979079026442 0.028628129225510817
0 0.5086657450749323 0.3078449322627141 0.05669623154860277 0.0563053717980018
0 0.568543214064378 0.5123593990619366 0.018428582411545973 0.01845088371863732
0 0.7277193803053635 0.7652521867018479 0.015382620004507212 0.01567840576171875
0 0.6716176546536959 0.04508749796794011 0.041899461012620196 0.04205640462728647
0 0.8924510662372296 0.9000566922701322 0.016591292161207933 0.016747401310847357
0 0.5942340997549204 0.7707116053654597 0.034621018629807696 0.034415905292217545
0 0.25301045637864333 0.46950586025531477 0.015872075007512018 0.015561470618614784
0 0.6067730096670297 0.5660113921532264 0.04773565439077524 0.04734714214618389
0 0.3648228278526893 0.13465002866891715 0.025140909048227165 0.02546378282400278
0 0.18491706481346717 0.9427283360407903 0.016455760368934043 0.01648858877328726
0 0.06443740771367 0.9813593350923978 0.034428853255051836 0.03548578115609976
0 0.18479526959932768 0.7964707888089694 0.026019463172325723 0.02616735605093149
0 0.771152349618765 0.8153834709754357 0.015510265643780049 0.015580250666691707
0 0.45987422649676984 0.057967534432044394 0.03454384436974159 0.03527505581195538
0 0.6804579221285306 0.11444103717803955 0.0367425771859976 0.03690006182743953
0 0.4241502101604755 0.5267391204833984 0.01567693857046274 0.01575631361741286
0 0.4337800099299504 0.1733238513653095 0.02617960709791917 0.02659181448129507
0 0.5556787710923415 0.2500476653759296 0.01966718526986929 0.019561950977032002
0 0.4223704704871544 0.015243624265377339 0.0324399654681866 0.029021639090317946
0 0.6248937753530649 0.8277096381554236 0.04114477451031025 0.04090206439678486
0 0.6296624403733474 0.5897800738994892 0.0431828132042518 0.042899058415339544
0 0.48210870302640474 0.07713070282569298 0.026176892794095553 0.026126636908604547
0 0.32904500227708083 0.495024167574369 0.032126353337214544 0.03157821068396935
0 0.7414827346801758 0.5693509028508112 0.015523323645958534 0.015322465163010817
0 0.43788964931781477 0.5683142588688777 0.04474214407113882 0.044981736403245196
0 0.8405284881591797 0.29442680799044096 0.1486490689791166 0.15194063920241135
0 0.8226108551025391 0.7376085428091196 0.05736468388484074 0.057488661545973554
0 0.7126785425039438 0.300530873812162 0.014899473923903245 0.014900647676908053
0 0.3934488296508789 0.1554605227250319 0.029528251061072715 0.02957611817580003
0 0.4386303241436298 0.2165966033935547 0.016475824209359977 0.016621956458458535
0 0.7826234377347506 0.07917768221635085 0.030912252572866585 0.031120502031766452
0 0.31319676912747896 0.10282338582552396 0.03327054243821364 0.03292931043184721
0 0.5012442148648776 0.15229357205904448 0.022422056931715745 0.022499561309814453
0 0.6703988588773288 0.6052776483389047 0.043440598707932696 0.04179103557880108
0 0.3266143798828125 0.9286701495830829 0.014949505145733174 0.01506335918719952
0 0.8925507618830755 0.967376342186561 0.06907903231107272 0.06063622694749098
0 0.5000869310819186 0.2602230952336238 0.016354780930739183 0.016221926762507513
0 0.07108389414273776 0.6871734032264123 0.04523130563589243 0.05485270573542668
0 0.23505001801710862 0.3057001554048978 0.03345676568838266 0.033208993765024036
0 0.1509069846226619 0.7944650650024414 0.016873543079082783 0.017048762394831732
0 0.4384887401874249 0.371827639066256 0.01954166705791767 0.019482832688551683
0 0.8700727316049429 0.62598940042349 0.041021493765024036 0.04066261878380409
0 0.16234414394085223 0.8449010848999023 0.033691112811748795 0.03404675997220553
0 0.41289435900174654 0.7010260361891526 0.016077555142916165 0.016101250281700723
0 0.24550716693584734 0.9714398017296424 0.033306268545297474 0.03343112652118389
0 0.8452542378352239 0.029714038738837607 0.043176504281850964 0.04331498879652757
0 0.609044075012207 0.8228995249821589 0.015582598172701322 0.01586297842172476
0 0.5182273571307843 0.44828121478740984 0.04086435758150541 0.04065293532151442
0 0.07549452781677246 0.7846368642953726 0.047803328587458685 0.04630220853365385
0 0.09084806992457463 0.13682884436387283 0.024356787021343525 0.024390440720778245
0 0.21287938264700082 0.7854605454664964 0.037263136643629804 0.03850408700796274
0 0.5106308643634503 0.18233273579524115 0.027137389549842246 0.027317560636080228
0 0.5023275888883151 0.025152208713384774 0.041936434232271634 0.04250106903222891
0 0.6207466859083909 0.42462517664982724 0.01473544194148137 0.014622028057391826
0 0.7146806716918945 0.5226162396944486 0.027490762563852165 0.028087542607234076
0 0.5341539016136756 0.5325390008779672 0.04491835374098558 0.04490823012131911
0 0.16012043219346267 0.11768326392540565 0.04629098452054537 0.04550651403573843
0 0.5774718798123873 0.48331623810988206 0.044809928307166465 0.045294688298152044
0 0.3484651125394381 0.22455846346341646 0.015190344590407152 0.015217304229736328
0 0.12346888505495511 0.24298869646512544 0.030675906401414137 0.030527848463792067
0 0.06443927379754874 0.8162743495060847 0.03256784035609318 0.0438085702749399
0 0.2745338219862718 0.39773101073045 0.020750816051776592 0.020796775817871094
0 0.6912931295541617 0.07878775780017559 0.015140826885516826 0.015084633460411659
0 0.8417676045344427 0.8217408106877253 0.044284673837515026 0.04424491295447716
0 0.520903073824369 0.1348379391890306 0.020236382117638223 0.02032929200392503
0 0.8997212189894456 0.04958038146679218 0.014556884765625 0.014211544623741737
0 0.4893200580890362 0.8876760922945462 0.033098734342134915 0.03368788499098558
0 0.42369439051701474 0.9799657968374399 0.05119617168719952 0.035711435171274036
0 0.408174074613131 0.41244616875281703 0.031969510591947116 0.03203905545748197
0 0.36507166348970854 0.23752892934359038 0.018456238966721755 0.018440429980938252
0 0.5368288847116324 0.16718633358295149 0.03418394235464243 0.03376145546252911
0 0.8319754967322717 0.9604748945969802 0.02454346876878005 0.024426386906550482
0 0.310364503126878 0.028215353305523213 0.02780921642596905 0.027755196277911846
0 0.5608345545255221 0.7706072147075946 0.015540343064528245 0.015423261202298678
0 0.5226242358867939 0.15710843526400053 0.0166778564453125 0.01709905037513146
0 0.7225049825815054 0.16266732949476975 0.026606633112980768 0.026283961076002855
0 0.6937975516686072 0.3551909373356746 0.013722052940955529 0.013771644005408654
0 0.08068986122424786 0.7844277895413913 0.03655222746042105 0.036839851966271035
0 0.4550643700819749 0.09137255411881667 0.029352408189039964 0.029770667736346904
0 0.7351967738224909 0.9903947390042819 0.028077198908879206 0.017443730280949518
0 0.20797318678635818 0.5962272057166467 0.01627507576575646 0.016545515794020433
0 0.6148306773259089 0.6676795666034405 0.02648030794583834 0.026884812575120192
0 0.14895786688877985 0.8791822286752554 0.054393419852623574 0.05519954974834736
0 0.5649125025822566 0.19072312575120193 0.024049905630258415 0.023875896747295674
0 0.633441264812763 0.7551399377676157 0.042244984553410456 0.04267971332256611
0 0.7859037839449369 0.12351109431340145 0.014587695782001201 0.014532877848698543
0 0.28887128829956055 0.42294891063983625 0.016718497643103965 0.016747694749098558
0 0.2638224821824294 0.7442660698523889 0.02605430896465595 0.02586643512432392
0 0.24382136418269232 0.05472329029670128 0.031360552861140326 0.03132409315842848
0 0.27771302369924694 0.015489518642425537 0.032729845780592695 0.029315645878131572
0 0.11182431074289176 0.12464824089637169 0.020507262303278997 0.02053374510544997
0 0.6133694281944861 0.9648610628568209 0.02025266794057993 0.019755436823918268
0 0.5964295313908503 0.20400527807382438 0.036408424377441406 0.03615914858304537
0 0.7876262664794922 0.010943266061636118 0.036388397216796875 0.020683967150174655
0 0.4271238767183744 0.3348298439612755 0.04529087360088642 0.045616443340594955
0 0.5982667116018442 0.6346164116492639 0.024739558880145732 0.024660697350135215
0 0.35966014862060547 0.014862583233759953 0.05455765357384315 0.028983226189246543
0 0.5625254924480731 0.019596106730974637 0.05194003765399639 0.03785621661406297
0 0.13239474479968733 0.08788519639235276 0.014292460221510667 0.014148675478421725
0 0.06699166848109318 0.15159987486325777 0.03170339877788837 0.03893582637493427
0 0.6726083021897536 0.5811200141906738 0.03496844951923077 0.03450562403752254
0 0.8474007386427659 0.7022997049184946 0.02752083998460036 0.028011028583233174
0 0.40865612030029297 0.562247056227464 0.015201641963078426 0.015162247877854567
0 0.1495682276212252 0.12448674898881179 0.014681155865009014 0.014751782784095177
0 0.8137820317195013 0.6222394796518179 0.030205946702223558 0.030892042013315055
0 0.33165902357835036 0.028473072327100314 0.01490020751953125 0.015205351205972524
0 0.2479399901169997 0.4137660540067233 0.03392355258648212 0.03369610126201923
0 0.6246188237116888 0.10742889917813815 0.03392590009249174 0.0351404043344351
0 0.30529253299419695 0.9687298994797927 0.041359974787785456 0.04257554274338942
0 0.5622193996722882 0.45384924228374773 0.039345961350661054 0.03894622509296124
0 0.07293447164388803 0.16173071127671462 0.01980104813208947 0.020581575540395882
0 0.16826651646540716 0.12013411521911621 0.016363767477182243 0.01698134495661809
0 0.3192761127765362 0.4110833681546725 0.02692112555870643 0.026735305786132812
0 0.5944624313941369 0.7253884535569411 0.01476588616004357 0.014900500957782451
0 0.56249266404372 0.1603222626906175 0.023186903733473558 0.023197109882648174
0 0.3931762988750751 0.20761948365431565 0.016498785752516527 0.01689324012169471
0 0.5477488591120794 0.30158207966731143 0.024662237900954027 0.02520150404710036
0 0.101547332910391 0.23403798616849458 0.01969179740318885 0.020237482511080228
0 0.6658052297738882 0.7730880150428185 0.06049420283390926 0.06134444016676683
0 0.7192140725942758 0.5601425170898438 0.0357519296499399 0.035243988037109375
0 0.682280760544997 0.6357702108529898 0.02475899916428786 0.02487784165602464
0 0.7638180072490985 0.6249335362361028 0.020301965566781852 0.020328485048734225
