0 0.4684934616088867 0.5483430715707632 0.09496762202336238 0.09515219468336839
0 0.1927806047292856 0.7607891376201923 0.06896040989802434 0.06919596745417668
0 0.49988768650935245 0.4050148450411283 0.08040882990910457 0.08072412931002103
0 0.3946016018207257 0.20129836522615874 0.1189729250394381 0.11793114588810848
0 0.16877416463998648 0.6830487618079553 0.15384149551391602 0.15836202181302583
0 0.13063650864821214 0.4278886868403508 0.0703736818753756 0.07110933157113883
0 0.8630470862755408 0.3369350800147423 0.09171632620004508 0.09686624086820163
0 0.8200872127826397 0.6127857795128455 0.06171123798076923 0.06235797588641827
0 0.5675486051119291 0.6540066645695612 0.0713182596059946 0.07139910184420072
0 0.23787566331716684 0.33716073402991664 0.10521543942964993 0.10651412376990685
0 0.42756139315091646 0.459687563089224 0.06830721635084885 0.06806307572584885
0 0.4058047074538011 0.8674494669987605 0.09644405658428486 0.09682978116548978
0 0.8137090389545147 0.6819400053757888 0.08712108318622296 0.08685009296123798
0 0.6202099873469427 0.5027223733755258 0.09295448890099159 0.0918439718393179
0 0.3231953840989333 0.21130972642164964 0.10274298374469464 0.103607544532189
0 0.6685359661395733 0.1453838715186486 0.031116779033954326 0.03127098083496094
0 0.7663718003493089 0.10942281209505521 0.1317925086388221 0.1313319206237793
0 0.37616605025071365 0.02759899772130526 0.05678118192232572 0.053297496758974515
0 0.8529356442964994 0.1520614899121798 0.09406133798452523 0.09222113169156589
0 0.14872174996596116 0.9631464297954853 0.10304373961228591 0.06742433401254508
0 0.11955672044020432 0.35148041064922625 0.05978595293485201 0.06277025662935697
0 0.21131407297574556 0.5912876862746018 0.21705014889056867 0.21644929739145133
0 0.65703978905311 0.26862078446608323 0.05260937030498798 0.05251436967116136
0 0.5238380065331092 0.8785858154296875 0.048950488750751205 0.04928427476149339
0 0.7162434504582331 0.38510975470909703 0.05495643615722656 0.05486136216383714
0 0.6121298716618464 0.9156202169565054 0.02077205364520733 0.02047421382023738
0 0.301200664960421 0.9566411238450271 0.04840384996854342 0.04817405113807091
0 0.6146161006047175 0.3812744067265437 0.04134985116811899 0.04132483555720402
0 0.7574872236985427 0.9498536036564753 0.05034505403958834 0.04943246107835036
0 0.12805524239173302 0.38622217911940354 0.02586819575383113 0.025729986337515023
0 0.2850342713869535 0.9109824987558218 0.03306803336510292 0.03319256122295673
0 0.1746534751011775 0.4119711655836839 0.025090951185960036 0.02589577894944411
0 0.4073178951556866 0.5778522491455078 0.05395727891188402 0.05444893470177284
0 0.5307890818669245 0.31617212295532227 0.034193992614746094 0.03427571516770583
0 0.22333625646737906 0.14558643561143142 0.08352264991173378 0.08478956956129807
0 0.12517686990591195 0.8714015667255108 0.02691041506253756 0.026625706599308893
0 0.7934950315035306 0.23166817885178786 0.1319715059720553 0.12993328387920672
0 0.7613840103149414 0.6219523503230169 0.05370550889235277 0.053697439340444714
0 0.5847413723285382 0.6162666907677283 0.042032681978665866 0.042266552264873795
0 0.8769319240863507 0.6778143369234525 0.05658589876615084 0.05905591524564303
0 0.4570782367999737 0.6552983063917893 0.03220682877760667 0.03231943570650541
0 0.876106702364408 0.5806256440969614 0.048949168278620794 0.049352865952711836
0 0.35401498354398286 0.37055195294893706 0.01767246539776142 0.01790010012113131
0 0.40059298735398513 0.638832532442533 0.04195330693171574 0.042218721829927884
0 0.5004304005549505 0.6135065738971417 0.06817421546349159 0.06728957249568059
0 0.3433517309335562 0.2719892721909743 0.04036081754244291 0.04047261751615084
0 0.7173729676466721 0.30210594030526966 0.09727859497070312 0.09780949812669021
0 0.4535047090970553 0.09385101611797626 0.028745504525991585 0.028913241166334886
0 0.7713460188645583 0.5775464131281927 0.04427425677959736 0.0439905019906851
0 0.586800061739408 0.4045664347135104 0.04320687514085036 0.043659283564640924
0 0.25948482293349046 0.4713656718914325 0.19767610843365008 0.19777481372539812
0 0.28737937487088716 0.8769491635836087 0.024320602416992188 0.024745060847355768
0 0.8200827378493089 0.9358559388380784 0.016228602482722357 0.016114161564753607
0 0.14309215545654297 0.23114930666410005 0.050933287693904 0.05127994830791767
0 0.32451391220092773 0.04263558296056894 0.06307095747727615 0.06295938675220196
0 0.6877519167386569 0.953334955068735 0.05799513596754808 0.05750568096454327
0 0.1182089035327618 0.13844410272744986 0.05746746063232422 0.059620288702157825
0 0.8534311147836539 0.39325648087721604 0.08417892456054688 0.0856936528132512
0 0.33911385902991664 0.8693640782282903 0.039217508756197415 0.039922274076021634
0 0.5380235818716196 0.6901549559373122 0.0469050774207482 0.04656674311711238
0 0.8688852603618915 0.5200220621549166 0.034166189340444714 0.034377758319561295
0 0.133753620661222 0.3252067199120155 0.030488032561082106 0.030835371751051683
0 0.4172251774714543 0.5149549337533804 0.04446499164287861 0.04412636390099159
0 0.3546165686387282 0.7110487130972055 0.0509027334359976 0.050780076246995196
0 0.24058077885554388 0.1074230487530048 0.07074730212871845 0.07000035506028396
0 0.2388290808751033 0.22886373446537897 0.017505682431734525 0.01764513896061824
0 0.40539660820594203 0.7147119962252103 0.02151063772348257 0.021646793072040264
0 0.5988973470834585 0.7882298689622146 0.050508352426382214 0.05083450904259315
0 0.577366095322829 0.7094483008751502 0.03213376265305739 0.03213911790114183
0 0.3106648371769832 0.8859468606802133 0.025223383536705606 0.025146484375
0 0.6520384274996244 0.8986991002009466 0.06618763850285457 0.06614861121544471
0 0.4853151027972882 0.30994154856755185 0.042064813467172474 0.041811649615948014
0 0.36239954141470104 0.9635680272028997 0.08835851229154147 0.06645877544696514
0 0.49478626251220703 0.8111315507155198 0.04235238295335036 0.04218761737530048
0 0.3708039063673753 0.6248243772066556 0.02267734821026142 0.022264663989727315
0 0.3902491056002103 0.698752183180589 0.022767287034254808 0.022775796743539665
0 0.44186184956477237 0.9475085918719952 0.040012286259577826 0.04025620680588942
0 0.5190326984112079 0.8432656801663913 0.0323785635141226 0.031883533184344955
0 0.7695241341224084 0.5403980842003455 0.028739342322716348 0.028786292442908652
0 0.7033158815824069 0.8758402604323167 0.03434401292067308 0.034426175631009616
0 0.22707033157348633 0.8845003568209134 0.026214746328500602 0.025786766639122598
0 0.875755603496845 0.47943592071533203 0.03108831552358774 0.03140933697040264
0 0.5145578384399414 0.7893631274883564 0.042529913095327526 0.041570810171274036
0 0.26123703443087065 0.1941514381995568 0.036989872272198014 0.03700967935415415
0 0.21396710322453424 0.06162327527999878 0.047600159278282754 0.04747365988217867
0 0.5774283775916467 0.8529182580801157 0.0504605953509991 0.05009269714355469
0 0.7788592118483323 0.3384240223811223 0.060660288884089544 0.061072129469651446
0 0.3353811777555026 0.7341763423039362 0.04798074869009165 0.04803554828350361
0 0.4015208024245042 0.6022159869854267 0.022927064162034255 0.022570096529447116
0 0.19457210027254546 0.4849203916696402 0.08850321402916542 0.08679874126727764
0 0.5053313328669622 0.22811508178710938 0.04219759427584135 0.042467704186072715
0 0.23693323135375977 0.0425335352237408 0.05513550685002254 0.05554606364323543
0 0.641419190626878 0.42142006067129284 0.056687575120192304 0.05672916999230018
0 0.44184717765221226 0.3277560013991136 0.04005857614370493 0.03986813471867488
0 0.6792702308067908 0.981686151944674 0.0587621835561899 0.03423734811636118
0 0.1760267477769118 0.8288082709679236 0.018830299377441406 0.019032991849459134
0 0.515052868769719 0.28133384998028094 0.04987188485952524 0.05028732006366436
0 0.6864428887000451 0.7803379939152644 0.036708831787109375 0.03653452946589543
0 0.5447221169104943 0.8385502741887019 0.02695575127234826 0.027501326340895433
0 0.32819164716280425 0.24302981450007513 0.03759413499098558 0.03731272770808293
0 0.3436117539039025 0.8831218572763296 0.016399383544921875 0.016646605271559495
0 0.4926444933964656 0.672332396874061 0.018692456758939303 0.019086250892052285
0 0.37322381826547474 0.26575741401085484 0.019094173724834736 0.01900955346914438
0 0.8916088250967172 0.06967944365281326 0.03514451246995192 0.05515786317678598
0 0.6941883380596454 0.41085103841928333 0.01687035193810096 0.016707493708683893
0 0.5983811891995944 0.1750656641446627 0.0353387685922476 0.035246115464430586
0 0.27911035831157976 0.46105076716496396 0.04256901374230018 0.04246227557842548
0 0.14654189806718093 0.0685579043168288 0.04684615135192871 0.0462646851172814
0 0.3074476718902588 0.9100229556743915 0.016917852255014274 0.017120508047250602
0 0.6555341573861929 0.3679832311776968 0.06702804565429688 0.066191526559683
0 0.6825773532573993 0.5365729331970215 0.05194355891301082 0.05154103499192458
0 0.6279810391939603 0.1551665892967811 0.05470906771146334 0.05501078642331637
0 0.6049816425030048 0.25414325640751767 0.04881961529071514 0.04921601368830754
0 0.6903324127197266 0.11760812539320725 0.03870069063626803 0.03806792772733248
0 0.16562982705923227 0.1582333491398738 0.04874896086179293 0.04828754755166861
0 0.5342289117666391 0.5020165076622596 0.0433508066030649 0.0425409170297476
0 0.37133297553429234 0.5409735899705154 0.04763016333946815 0.04678755540114183
0 0.6806738193218524 0.5048669668344351 0.015227391169621395 0.01522049537071815
0 0.49953834827129656 0.9870794736422025 0.034993538489708535 0.024599222036508415
0 0.09752253385690543 0.31514960068922776 0.014799906657292293 0.018463795001690205
0 0.3870343061593863 0.6480663006122296 0.01573049105130709 0.015414898212139424
0 0.5087644870464618 0.07684624653596145 0.015015235314002404 0.01507728833418626
0 0.8568220872145432 0.7712450761061448 0.014723264254056491 0.01469890887920673
0 0.4986166220444899 0.7451085310715896 0.05116081237792969 0.0518804696890024
0 0.8133872839120718 0.2988739747267503 0.04160778339092548 0.041008362403282754
0 0.6736255058875451 0.023085896785442647 0.05998582106370192 0.04579325822683481
0 0.47429946752694935 0.12836795586806077 0.039451965918907754 0.03895132358257587
0 0.29465693693894607 0.6708621978759766 0.02113687075101412 0.020771613487830527
0 0.19957692806537336 0.901040297288161 0.014321107130784255 0.01435103783240685
0 0.10310941476088303 0.7583293181199294 0.022378297952505257 0.03287784869854267
0 0.27538079481858474 0.02144965758690467 0.06270159207857572 0.04150107273688683
0 0.6513668940617487 0.3551884431105394 0.049087230975811295 0.04911187978891226
0 0.7959801600529597 0.5870989285982572 0.015596829927884616 0.015213452852689303
0 0.5622730988722581 0.805361821101262 0.024236532358022835 0.02321008535531851
0 0.32168949567354643 0.3452039865347055 0.07032277033879207 0.07050778315617488
0 0.6902228868924655 0.7610259422889123 0.025316825279822715 0.02500460698054387
0 0.1909917134505052 0.20439841197087213 0.015985672290508565 0.015993558443509616
0 0.4348982297457181 0.6269157116229718 0.017771354088416465 0.01794580312875601
0 0.731528062086839 0.7628209774310772 0.02911523672250601 0.028909976665790264
0 0.413972414456881 0.92907531444843 0.03351519658015324 0.03445772024301382
0 0.7258352866539588 0.011623539603673495 0.03479913564828726 0.022113733566724338
0 0.4428261976975661 0.9173338963435247 0.026969396151029147 0.026852827805739183
0 0.4433135252732497 0.11461765949542706 0.024081303523137018 0.02418316327608549
0 0.3638297594510592 0.39872602316049427 0.014162797194260817 0.014095012958233174
0 0.4980564851027269 0.11896554323343131 0.21979214594914362 0.22989428960360014
0 0.4755308444683368 0.8532519707312951 0.0346226325401893 0.03398689856896034
0 0.5463753846975473 0.9207913325383112 0.015872808603140023 0.01579108605018029
0 0.6369628172654372 0.30006625102116513 0.01959375234750601 0.019450554480919473
0 0.6901490138127253 0.6928267845740685 0.02935923062838041 0.029964740459735576
0 0.7899313706618089 0.7386830403254583 0.05432334313025841 0.055409944974459134
0 0.13842900899740365 0.027840080169531014 0.025928167196420524 0.026071122059455283
0 0.5078521508436936 0.3455340678875263 0.04609357393704928 0.04474845299353966
0 0.7308202156653771 0.34444453166081357 0.023364433875450723 0.023687436030461237
0 0.10825219521155724 0.08548272573030911 0.03908832256610577 0.06421198753210214
0 0.7111792197594275 0.7550678986769456 0.016455870408278245 0.01679053673377404
0 0.17413452955392691 0.10687022942763108 0.04259399267343374 0.043580055236816406
0 0.4977992864755484 0.9380939190204327 0.02788206247182993 0.027991808377779447
0 0.7477331895094651 0.7294333531306341 0.03143457266000601 0.031385568472055286
0 0.7282980405367337 0.7663285182072566 0.027067037729116585 0.025676874014047477
0 0.6970442258394681 0.3396766369159405 0.045883472149188705 0.04525463397686298
0 0.3379093316885141 0.5453332020686223 0.024310772235576924 0.02404946547288161
0 0.31275569475614107 0.2764553656944862 0.02558612823486328 0.025433100186861478
0 0.7769837012657752 0.43138595727773815 0.01452930157001202 0.014361088092510518
0 0.32744510357196516 0.37723658635066104 0.016025249774639424 0.01651602524977464
0 0.4316876484797551 0.6499746762789212 0.021651047926682692 0.02172704843374399
0 0.308379760155311 0.9870020059438852 0.025602193979116585 0.021846477801983174
0 0.8049660462599534 0.5686666782085712 0.018150476308969352 0.01830775921161358
0 0.8039420201228216 0.5724436686589167 0.014583881084735576 0.014917813814603366
0 0.48395468638493466 0.13367196229787973 0.05477157005896935 0.05268705808199369
