0 0.3685514743511493 0.855735338651217 0.07843267000638522 0.07983119671161358
0 0.2987985060765193 0.2637619972229004 0.07301077475914589 0.07393404153677133
0 0.350768309373122 0.19427972573500413 0.07596243344820462 0.07641297120314378
0 0.562289678133451 0.5424551597008338 0.0844879150390625 0.08543630746694711
0 0.635653569148137 0.7406294896052434 0.07342749375563401 0.07385077843299279
0 0.39499561603252703 0.42259865540724534 0.10669253422663762 0.10747828850379357
0 0.5106647931612455 0.9784921499399039 0.04153119600736178 0.03851465078500601
0 0.33011733568631685 0.45020330869234526 0.04156332749586839 0.041797784658578724
0 0.29523104887742263 0.5957534863398626 0.03526144761305589 0.0351110605093149
0 0.37871573521540713 0.04301236226008488 0.04454466012807993 0.04452499059530405
0 0.4469432830810547 0.7411636939415565 0.048772958608774036 0.048759167010967545
0 0.6159034875723032 0.16276003764225885 0.030777564415564902 0.03114469234759991
0 0.5969541989839994 0.18074771074148324 0.020775868342472956 0.021071140582744893
0 0.7156085968017578 0.06214295900785006 0.0385284423828125 0.03852558135986328
0 0.42133272611177885 0.2768189540276161 0.044450026292067304 0.04408407211303711
0 0.6889788554264948 0.95159178513747 0.035076288076547474 0.03506821852463942
0 0.6848850250244141 0.7749541356013372 0.04644613999586839 0.04652536832369291
0 0.6907212184025691 0.7124253052931565 0.024239760178786058 0.024129280677208535
0 0.4412970176109901 0.8620865161602314 0.04394450554480919 0.04399930513822115
0 0.5062317481407752 0.9295369661771334 0.05153846740722656 0.05182456970214844
0 0.3429054847130409 0.022102112953479473 0.036466158353365384 0.03647412703587459
0 0.5578338916485126 0.4226986811711238 0.026795460627629206 0.0270083500788762
0 0.48421133481539214 0.8716366107647235 0.030859727125901442 0.03073721665602464
0 0.345458434178279 0.2497547956613394 0.030126204857459433 0.02985844245323768
0 0.5554394355187049 0.25131698755117565 0.027844355656550482 0.02793598175048828
0 0.47381107623760516 0.09298959145179161 0.027399796705979567 0.027415660711435173
0 0.2995514686291034 0.9868720127986028 0.024227985968956582 0.023624713604266826
0 0.36339407700758714 0.6724799229548528 0.06237631577711839 0.06200144841120793
0 0.5832757216233474 0.16765869580782378 0.01808327894944411 0.018331234271709736
0 0.425935855278602 0.894496697645921 0.01944145789513221 0.01952978280874399
0 0.32077862666203427 0.6167559990516076 0.03711839822622446 0.03705024719238281
0 0.3161812929006723 0.0944591760635376 0.037023104154146634 0.03679598294771635
0 0.3298653089083158 0.5825205582838792 0.020032295813927285 0.02009245065542368
0 0.3081827897291917 0.8526737506573017 0.04510323817913349 0.04450152470515324
0 0.38824103428767276 0.7853287916917068 0.041919854971078724 0.04099567119891827
0 0.46770513974703276 0.3859458336463341 0.031137466430664062 0.030800599318284255
0 0.48047535236065203 0.3492089051466722 0.020170285151554987 0.020137860224797174
0 0.6620926490196815 0.8614631065955529 0.018146221454326924 0.01811805138221154
0 0.3476135180546687 0.7701851771428034 0.03562362377460186 0.03561812180739183
0 0.2739550700554481 0.9768170576829177 0.02144765853881836 0.023128216083233174
0 0.6654512698833759 0.7651951129619892 0.14690003028282753 0.17272626436673677
0 0.7276278275709885 0.6280150780310998 0.021614661583533652 0.027135702279897835
0 0.3123639913705679 0.04120462674361009 0.02151340704697829 0.021222316301785983
0 0.6152448654174805 0.6491272266094501 0.03439829899714543 0.03427212054912861
0 0.26888172443096453 0.14313167792100173 0.025514896099384014 0.035521397223839395
0 0.43124066866361177 0.5929395969097431 0.041054945725661054 0.040986134455754206
0 0.3590584168067345 0.5593588168804462 0.016295579763559196 0.016441491933969352
0 0.5493187537560096 0.20865458708543044 0.025479536790114183 0.025684356689453125
0 0.5515006138728216 0.9271074441763071 0.016308344327486478 0.016326317420372598
0 0.4291843267587515 0.7136585529033954 0.03659688509427584 0.036726731520432696
0 0.4617910385131836 0.9604836977445163 0.022859866802509014 0.022890531099759616
0 0.4803980313814603 0.3951004468477689 0.06292988703801082 0.06293825002817008
0 0.3417662107027494 0.603575926560622 0.018740727351262018 0.01877278548020583
0 0.45784777861375076 0.524604870722844 0.024619542635404147 0.024405259352463942
0 0.681886232816256 0.1450032821068397 0.023731818565955527 0.024041139162503757
0 0.3225843356205867 0.7347849332369291 0.031178621145395134 0.03143750704251803
0 0.32741575974684495 0.9015193352332482 0.05655378561753493 0.05769025362454928
0 0.5218740976773776 0.11911270251640907 0.05571255317101112 0.05391247455890362
0 0.6379742255577674 0.34750766020554763 0.02567261915940505 0.025567054748535156
0 0.5375582254849948 0.5909943947425256 0.02190252450796274 0.02228208688589243
0 0.45354498349703276 0.538604186131404 0.020836903498722956 0.020499742948091947
0 0.37175541657667893 0.9147280179537259 0.01651793259840745 0.016401144174429085
0 0.440458371089055 0.9790197519155649 0.02690916794996995 0.02662482628455529
0 0.3851164304293119 0.7486834892859826 0.03433697040264423 0.034397125244140625
0 0.6911085568941556 0.4956736931434044 0.09788175729604867 0.17089146834153396
0 0.3952917685875526 0.30613136291503906 0.01641244154710036 0.01655277839073768
0 0.5858271305377667 0.8305559891920823 0.06866066272442158 0.07017942575307992
0 0.6666437295766977 0.009747824989832364 0.031397306002103366 0.018737556842657235
0 0.7122201185960036 0.9677382982694186 0.028858771690955527 0.028531294602614183
0 0.3690501359792856 0.35648448650653547 0.02133780259352464 0.02165823716383714
0 0.7032045217660757 0.11550470498891977 0.018837561974158652 0.01898673864511343
0 0.3659995519197904 0.4808530073899489 0.038843741783728965 0.038328904371995196
0 0.3094658851623535 0.4888489062969501 0.06621830280010517 0.06546482673058143
0 0.7103066077599158 0.9339109567495493 0.03326885516826923 0.032530564528245196
0 0.3751522944523738 0.24266741825984076 0.026752178485576924 0.026808885427621696
0 0.3060394067030687 0.547425966996413 0.02731183859018179 0.027179791377140924
0 0.5275209867037259 0.11934293233431302 0.04559472891000601 0.045385544116680436
0 0.4823645811814528 0.6189591334416316 0.015384233914888822 0.015613299149733324
0 0.6380858788123498 0.350034420306866 0.02205041738656851 0.021715677701509915
0 0.4501529840322641 0.9232691251314603 0.043004402747521035 0.04328727722167969
0 0.3687780453608586 0.484099058004526 0.03170857062706581 0.03095421424278846
0 0.2895236382117638 0.8709751275869516 0.030161490807166465 0.029734391432542067
0 0.39745888343224156 0.010052658044374906 0.0717629652756911 0.020177245140075684
0 0.26908478370079625 0.4710063200730544 0.01984258798452524 0.02341461181640625
0 0.28351765412550706 0.915862670311561 0.04058236342210036 0.06393682039701022
0 0.27230314108041614 0.8291616439819336 0.015597270085261418 0.01649651160606971
0 0.6286096572875977 0.9322087214543269 0.02755150428185096 0.027285062349759616
0 0.6364249449509841 0.03892242449980516 0.015270820030799279 0.015463132124680739
0 0.3212140890268179 0.006571734180817237 0.022428512573242188 0.011095853952261118
0 0.45528294489933896 0.5348762365487906 0.024119157057542067 0.02303769038273738
0 0.707247807429387 0.6909533280592698 0.018618216881385215 0.018588726337139424
0 0.7117148912869967 0.22203962619488055 0.02130435063288762 0.021752320803128757
0 0.6380594693697416 0.35327933384821963 0.018719599797175482 0.017704303448016826
