0 0.43205965482271635 0.6586181934063251 0.058509533221905045 0.05841827392578125
0 0.27429866790771484 0.05666068425545326 0.06141794644869291 0.06204072328714224
0 0.2620578912588266 0.9719167856069711 0.039647615872896634 0.03966859670785757
0 0.34241533279418945 0.5789450865525466 0.038478777958796576 0.03834108205942007
0 0.34352434598482573 0.5245845501239483 0.03468484144944411 0.034788278432992786
0 0.2317349727337177 0.3921073766855093 0.02926811805138221 0.03798338083120493
0 0.3105521568885216 0.985390883225661 0.027387343920194186 0.026795020470252402
0 0.3398758081289438 0.7571685497577374 0.0216372563288762 0.021988795353816107
0 0.3727448903597318 0.3024146740253155 0.02991903745211088 0.029809951782226562
0 0.6202731499305139 0.6535292405348557 0.023898234734168418 0.02395805945763221
0 0.3348839833186223 0.1440133498265193 0.02423403813288762 0.02413379229032076
0 0.6202757908747747 0.8170694204477164 0.04190635681152344 0.04191853449894832
0 0.34616910494290865 0.7147206526536208 0.01977715125450721 0.019832464364858773
0 0.36822905907264125 0.9297905701857346 0.08528606708233173 0.08683424729567307
0 0.456481566795936 0.31935959595900315 0.023154405447152946 0.02317025111271785
0 0.27399389560406023 0.5768317442673904 0.019928418673001803 0.020035303556002103
0 0.30783297465397763 0.6259922614464393 0.019185212942270134 0.019209935114933893
0 0.35060372719397914 0.10309488956744854 0.018336662879356973 0.01837785427386944
0 0.7618782336895282 0.5150647530188928 0.019825862004206732 0.01960578331580529
0 0.2925707743718074 0.6781165783221905 0.03924230428842398 0.04005769582895132
0 0.4054555159348708 0.8795122733482947 0.03678571260892428 0.036885628333458535
0 0.4328433917118953 0.08300518989562988 0.021272732661320612 0.021559233848865215
0 0.6950962360088642 0.3606535838200496 0.020207331730769232 0.020184150108924277
0 0.2900075912475586 0.3512386175302359 0.022949952345628005 0.022768167349008415
0 0.347499627333421 0.2793689507704515 0.019461925213153545 0.01985799349271334
0 0.27010754438546986 0.7056617736816406 0.028517796443058893 0.028438274676983174
0 0.295166932619535 0.23490716860844538 0.01736288804274339 0.017579078674316406
0 0.4604211220374474 0.36461705427903396 0.01662921905517578 0.01669927743765024
0 0.27435192695030797 0.11464300522437462 0.01824797116793119 0.018284320831298828
0 0.48398061899038464 0.45821604361900914 0.01712806408221905 0.017034310560960036
0 0.27911189886239857 0.2964155123783992 0.024285646585317757 0.024287003737229567
0 0.4523548713097206 0.5411335138174204 0.03749392582820012 0.037776800302358776
0 0.7253297659067007 0.10071550882779635 0.017708264864408053 0.017797213334303636
0 0.6282166701096755 0.7788603856013372 0.018881871150090143 0.019195703359750602
0 0.31360714252178484 0.2868709931006798 0.022398875309870794 0.02241208003117488
0 0.5903784311734713 0.26885353601895845 0.017546947185809795 0.01757948215191181
0 0.4999504089355469 0.46767667623666614 0.01918631333571214 0.019114861121544473
0 0.45328866518460786 0.01602625846862793 0.01699095505934495 0.01709293402158297
0 0.6737761864295373 0.4173680085402269 0.0180203364445613 0.01804175743689904
0 0.3074818024268517 0.6523667849027194 0.019433901860163763 0.01963952871469351
0 0.36140981087317836 0.727660032419058 0.02046379676231971 0.02064367441030649
0 0.6005319448617789 0.2827909909761869 0.016835872943584736 0.016917668856107272
0 0.6692154957697942 0.29620786813589245 0.016344510591947116 0.01633589084331806
0 0.657261481651893 0.33550841991718 0.016973055326021634 0.017018978412334736
0 0.670498407804049 0.07578786519857553 0.01798072228064904 0.018069083874042217
0 0.2626921213590182 0.537807978116549 0.017410901876596305 0.017588688777043268
0 0.4725795158973107 0.43964125559880185 0.016193536611703727 0.016405839186448317
0 0.6903440035306491 0.41355375143197864 0.016310471754807692 0.016408920288085938
0 0.6127510070800781 0.3301556660578801 0.018164414625901442 0.017886601961576022
0 0.3775039819570688 0.7474484810462365 0.16956358689528245 0.16882793719951922
0 0.6522265214186448 0.5674276718726525 0.05308738121619591 0.052163270803598255
0 0.7448944678673377 0.4384654118464543 0.016969827505258415 0.016871085533728965
0 0.4019277279193585 0.004107387879720101 0.02307745126577524 0.008261473706135383
0 0.53911803318904 0.28568139443030727 0.015831140371469352 0.015860630915715143
0 0.3921296779926007 0.059636244407066934 0.01940433795635517 0.01939225196838379
0 0.6024677570049579 0.1479646792778602 0.016235791719876803 0.016342860001784105
0 0.3486518126267653 0.6397687471829928 0.023470511803260215 0.02359595665564904
0 0.43091766650860125 0.5403087322528546 0.04378780951866737 0.0432433348435622
0 0.710894144498385 0.8501529693603516 0.016782467181865986 0.016625037560096152
0 0.5031739014845628 0.5533690085777869 0.015518775353064904 0.015465663029597355
0 0.31184544930091274 0.4118216954744779 0.015580030588003306 0.015433164743276743
0 0.4802282406733586 0.7327139927790716 0.016346124502328727 0.016304602989783652
0 0.48900699615478516 0.31381702423095703 0.017657940204326924 0.01771097916823167
0 0.3095794457655687 0.2684918733743521 0.016149227435772236 0.01598365490253155
0 0.31365251541137695 0.8640767610990084 0.017534255981445312 0.01764811002291166
0 0.424134767972506 0.23096572435819185 0.016062369713416465 0.016293745774489183
0 0.6301300342266376 0.1704873671898475 0.01514141376201923 0.015355330247145433
0 0.6120159442608173 0.26222344545217663 0.015906407282902643 0.01591913516704853
0 0.24805637506338266 0.8434976431039664 0.04859344775860126 0.0487214601956881
0 0.25232703869159406 0.7705952570988581 0.01572586939885066 0.015787564791165866
0 0.7720106565035306 0.08991756806006798 0.016482720008263223 0.016596317291259766
0 0.5975344731257513 0.7169789534348708 0.018158105703500602 0.01837921142578125
0 0.3185620674720177 0.5248321753281814 0.015414164616511418 0.01566798870380108
0 0.25256237616905797 0.2986738131596492 0.015647704784686748 0.01580957266000601
0 0.451355714064378 0.2703159772432767 0.016502967247596152 0.016552264873798076
0 0.6267121388362005 0.24248493634737456 0.0172879145695613 0.017274783207820013
0 0.30789734767033505 0.25350024149968076 0.016785970100989707 0.016575116377610426
0 0.4354087389432467 0.6113134530874399 0.014613811786358174 0.014577865600585938
0 0.673708989070012 0.049017874094156116 0.027313379141000602 0.027966233400198128
0 0.7700686821570764 0.8705296883216271 0.013571812556340145 0.015543864323542668
0 0.24599511806781477 0.8035922417273889 0.04752922058105469 0.04821630624624399
0 0.38465558565579927 0.115462248141949 0.015128649198091947 0.015116581550011268
0 0.422087889451247 0.4336210030775804 0.014417501596304087 0.014305554903470553
0 0.5439441387469952 0.44739481119009167 0.015314395611102764 0.015236341036283053
0 0.7188398654644306 0.4298020876370944 0.014617333045372596 0.014658707838792067
0 0.3695927399855394 0.49566202897291917 0.014966231126051683 0.015020150404710036
0 0.2965687971848708 0.9284235880925105 0.018925226651705228 0.01906160207895132
0 0.23182733242328352 0.6707115906935471 0.01835918426513672 0.019052505493164062
0 0.5804178164555476 0.07123892582379855 0.01609948965219351 0.01605828908773569
0 0.49316589648907 0.9159444662240835 0.21135814373309797 0.16486593393179086
0 0.5112672952505258 0.5768624819242038 0.014109391432542067 0.014238797701322116
0 0.7183292095477765 0.4677735842191256 0.014460930457481971 0.014363362238957332
0 0.7583747276893029 0.8334972675030048 0.014649904691256009 0.014467092660757212
0 0.6368348781879132 0.9164517476008489 0.020567967341496393 0.02042359572190505
0 0.29604732073270357 0.31174659729003906 0.014829782339242788 0.014789416239811825
0 0.37451773423414964 0.5145466144268329 0.01432506854717548 0.014021800114558293
0 0.279846925001878 0.809287584744967 0.01637092003455529 0.016133528489332933
0 0.7361894754263071 0.8106991694523737 0.014096480149489183 0.014338860144981971
0 0.6250975682185247 0.21436893022977388 0.014122302715594951 0.01436600318321815
0 0.4808174280019907 0.976504399226262 0.019556485689603366 0.019948519193209134
0 0.5708233026357797 0.9177932739257812 0.10300005399263822 0.1046133774977464
0 0.2318722101358267 0.5830654731163611 0.014127401205209585 0.01412655757023738
0 0.3917557643010066 0.2598559489616981 0.01517031742976262 0.015175782717191257
0 0.47982014142549956 0.4974212646484375 0.013361197251539964 0.013248150165264424
0 0.47464840228740984 0.5125513810377854 0.01400896219106821 0.014141376201923076
0 0.7553866459773138 0.9968012296236478 0.020254868727463942 0.006251408503605769
0 0.6814768864558294 0.5117253523606521 0.016068385197566107 0.016152601975661058
0 0.663880861722506 0.9428159273587741 0.014534583458533654 0.014737936166616587
0 0.5586382792546198 0.7357237155620868 0.014125750615046574 0.014297925508939303
0 0.24917829953707182 0.63733643751878 0.01383517338679387 0.014103229229266826
0 0.6864227881798377 0.040107630766355075 0.03257340651292067 0.03212134654705341
0 0.5821592624370868 0.34074541238638073 0.013338675865760216 0.013484514676607572
0 0.7168730222261869 0.061224983288691595 0.017310215876652643 0.017309243862445537
0 0.41575952676626354 0.5695530818058894 0.013705620398888221 0.013760199913611779
0 0.3915854600759653 0.3450087033785306 0.013906038724459134 0.013808763944185697
0 0.6789219196026142 0.04636359673279982 0.03569236168494591 0.035429927018972546
0 0.508148376758282 0.4044626309321477 0.014885829045222355 0.014628923856295072
0 0.6600454770601712 0.5316449312063364 0.014374953049879808 0.014400042020357572
0 0.5997528663048377 0.7155920175405649 0.02220007089468149 0.021456204927884616
0 0.3458965008075421 0.48235328380878156 0.014010062584510216 0.014260805570162259
0 0.7767193134014423 0.21847112362201399 0.012797869168795072 0.014654709742619442
0 0.6079946664663461 0.9902289463923528 0.015184255746694712 0.01447002704326923
0 0.7759579144991361 0.10023355484008789 0.014313624455378605 0.014426158024714543
