0 0.5178897564227765 0.08372151851654053 0.1326750241793119 0.13228407272925743
0 0.11937990555396447 0.460265746483436 0.08274115048922025 0.08299944950984074
0 0.7088956099290115 0.5875745553236741 0.07147216796875 0.07110148209791917
0 0.3611727494459886 0.8272203298715445 0.03800810300386869 0.03793877821702223
0 0.35221503331111026 0.5162760661198542 0.04684653648963341 0.046904490544245794
0 0.9040211897629958 0.6675602839543269 0.06787432157076322 0.06918687086838943
0 0.22420296302208534 0.2548687641437237 0.05248553936298077 0.05247941383948693
0 0.8082335545466497 0.3866583750798152 0.03433843759390024 0.03465960575984074
0 0.7801717611459585 0.8282257960392878 0.031570141132061295 0.03167181748610277
0 0.8167426035954402 0.8618681981013372 0.02953500014085036 0.029556861290564902
0 0.5274055921114408 0.5694344227130597 0.02492391146146334 0.024984286381648138
0 0.7123121114877554 0.45869240394005406 0.018009479229266826 0.017878238971416768
0 0.10799929728874794 0.23242660669180062 0.04814008566049429 0.04830037630521334
0 0.13924257571880633 0.16840927417461687 0.02470093507033128 0.024802648104154147
0 0.38867297539344203 0.14954689832834098 0.02999247037447416 0.029746055603027344
0 0.07427120208740234 0.4368307407085712 0.02703116490290715 0.02999247037447416
0 0.7108795459453876 0.24906037403987005 0.016600975623497598 0.016688713660606973
0 0.43980913895827073 0.7674173208383414 0.018415304330679085 0.018444061279296875
0 0.20679316153893104 0.4344179446880634 0.09839872213510367 0.1015787858229417
0 0.7593766725980319 0.9367976555457482 0.01737183790940505 0.017369490403395433
0 0.49472632774939906 0.35269733575674206 0.03051302983210637 0.030449573810283955
0 0.45399086291973406 0.5855735632089468 0.018608826857346755 0.018616309532752402
0 0.7333327806912936 0.5257530945997971 0.06346335777869591 0.06416467519906852
0 0.7848322941706731 0.4587550163269043 0.033441396859975964 0.03270288614126352
0 0.7244884784405048 0.07098023708050068 0.034145355224609375 0.034168628545907825
0 0.1114505987900954 0.39946622114915115 0.03414473166832557 0.03404675997220553
0 0.15232379619891828 0.9361476164597732 0.01735379145695613 0.01749244103064904
0 0.461150389451247 0.939878903902494 0.017614217904897835 0.01763916015625
0 0.6583919525146484 0.45143677638127255 0.021905165452223558 0.022125831017127402
0 0.18381949571462777 0.9710344901451697 0.01612259791447566 0.016012925368088942
0 0.2468130771930401 0.30418900343088 0.1687140831580529 0.16797348169180062
0 0.6141185760498047 0.38408037332388073 0.015581130981445312 0.015575408935546875
0 0.7883246495173528 0.24225000234750602 0.03565274752103365 0.03620221064640926
0 0.7865635798527644 0.21279008571918195 0.029009892390324518 0.02885268284724309
0 0.8395943274864783 0.42326989540686977 0.0681303464449369 0.06909487797663762
0 0.412905399615948 0.2950811202709491 0.0727832500751202 0.07271095422598031
0 0.2699711506183331 0.49477382806631237 0.052404623765211836 0.05279460320105919
0 0.37059787603525013 0.22388406900259164 0.01881834176870493 0.018795526944673978
0 0.7520341873168945 0.5809632814847506 0.015841263991135817 0.01598226107083834
0 0.7139833890474759 0.031731642209566556 0.0228573725773738 0.02298452303959773
0 0.4771863497220553 0.8823974315936749 0.049633026123046875 0.050365447998046875
0 0.1985016235938439 0.7487357212946966 0.015137378986065205 0.015367067777193509
0 0.8112203157865084 0.8088571108304538 0.030143297635591947 0.03020447951096755
0 0.9168069546039288 0.8646213824932392 0.047860952524038464 0.053277235764723554
0 0.3368839483994704 0.32174946711613583 0.07311050708477314 0.07238842890812801
0 0.9105410209068885 0.712654920724722 0.01482406029334435 0.014838732205904447
0 0.6283035278320312 0.8398333329420823 0.037092942457932696 0.036764291616586536
0 0.4738929088299091 0.30800580978393555 0.03264977381779598 0.032648526705228366
0 0.4461328433110164 0.4698031865633451 0.015432431147648739 0.015517821678748498
0 0.6715591137225811 0.025866386982110832 0.018497760479266826 0.018591449810908392
0 0.47679402278019833 0.25687830264751726 0.034112783578725964 0.033687591552734375
0 0.15159795834467962 0.9879819429837741 0.02452850341796875 0.021880516639122598
0 0.30763699458195615 0.7764578599196214 0.01595027630145733 0.01609934293306791
0 0.8955852801983173 0.07888593123509334 0.03796958923339844 0.03789404722360464
0 0.7625563694880559 0.6760535606971154 0.018410315880408652 0.018793252798227165
0 0.8167723142183744 0.990984476529635 0.03862410325270433 0.01663031944861779
0 0.15270425723149225 0.6561216207650992 0.1412238341111403 0.1454764146071214
0 0.4144807228675255 0.8602704268235427 0.030382156372070312 0.031058678260216348
0 0.17465967398423415 0.006769928794640761 0.01589213884793795 0.012444883584976196
0 0.8305276724008414 0.4138911320612981 0.041000659649188705 0.04086729196401743
0 0.6846963442288913 0.38480318509615385 0.09177750807542068 0.09057221045860878
0 0.812220206627479 0.5350517126230093 0.06919640761155349 0.07007877643291767
0 0.13236097189096305 0.08201879721421462 0.024390257321871243 0.024474125642042894
0 0.8552864514864408 0.8629047687237079 0.0425419440636268 0.043502514178936295
0 0.33994322556715745 0.6424493789672852 0.03564893282376803 0.03641495337853065
0 0.5536024387066181 0.43523150223952073 0.017011202298677884 0.016941657433143027
0 0.4755424719590407 0.665196051964393 0.19851413139930138 0.19484241192157453
0 0.875313245333158 0.6077216955331656 0.028795535747821514 0.02897497323843149
0 0.5801118337191068 0.44279149862436146 0.014014757596529447 0.01396956810584435
0 0.4994469422560472 0.4880325977618878 0.01760688194861779 0.017668870779184196
0 0.6064273394071139 0.8863162994384766 0.04096691425030048 0.04026471651517428
0 0.13949076945965105 0.021078038674134474 0.016227300350482646 0.015933779569772575
0 0.4051962632399339 0.5426611533531775 0.04725867051344652 0.046994576087364785
0 0.2290314527658316 0.43451874072735125 0.04651187016413762 0.045285738431490384
0 0.6647500258225661 0.5366081824669471 0.013765188363882212 0.013803335336538462
0 0.48237162369948167 0.41540156877957857 0.018352361825796273 0.01834414555476262
0 0.2850983693049504 0.38114694448617786 0.08221186124361478 0.08089197598970853
0 0.2764160633087158 0.48375459817739636 0.019662820375882663 0.020139694213867188
0 0.49406744883610654 0.39146878169133115 0.026786290682279147 0.026694224430964544
0 0.6192478766808143 0.008078387150397668 0.022641695462740384 0.014920062743700467
0 0.2765086797567514 0.28356277025662935 0.09002183033869816 0.08689814347487229
