0 0.25957566041212815 0.6092430261465219 0.14745081388033354 0.14769319387582633
0 0.8907024676983173 0.31040198986346906 0.06282600989708534 0.06260272172781137
0 0.8722130702092097 0.5001630783081055 0.062102978046123795 0.06250440157376803
0 0.39740313016451323 0.7576039387629583 0.14578687227689302 0.14701021634615385
0 0.21076156542851374 0.5492691626915565 0.09157191790067233 0.09060742304875301
0 0.24007586332467887 0.8613604032076322 0.11049791482778695 0.10825377244215745
0 0.51025207226093 0.16399889725905198 0.06460336538461539 0.06480040917029747
0 0.8934367253230169 0.2613237821138822 0.031836289625901446 0.031837096581092246
0 0.9405265221228967 0.17934566277724046 0.04358585064227764 0.04300062473003681
0 0.4239862882173978 0.9801493424635667 0.02407983633188101 0.024395282451923076
0 0.8301717318021334 0.8243650289682242 0.022212835458608773 0.022283407358022835
0 0.2914574696467473 0.833558596097506 0.021979478689340446 0.021897242619441107
0 0.9611548643845779 0.4090495476355919 0.037593694833608776 0.03773689270019531
0 0.8812788449800931 0.40628506587101865 0.057363069974459134 0.05778635465181791
0 0.28147451694195086 0.42205047607421875 0.05065419123722957 0.05113557668832632
0 0.42470513857327974 0.9408413813664362 0.021316088162935697 0.02155127892127404
0 0.3505703852726863 0.44697805551382214 0.022407971895658053 0.022541192861703727
0 0.7805411265446589 0.42059957064115083 0.028495641855093148 0.02860113290640024
0 0.9046212709867038 0.3776970643263597 0.030672806959885817 0.030574578505295973
0 0.5956243368295523 0.23631761624262884 0.03284146235539363 0.032520330869234525
0 0.5837514950678899 0.8489179611206055 0.057294992300180286 0.058065561147836536
0 0.4438769267155574 0.32902387472299427 0.03330443455622746 0.03313651451697716
0 0.4003175955552321 0.08626483036921574 0.0281219482421875 0.027987338029421292
0 0.8468306614802434 0.3729725617628831 0.04359876192533053 0.04364629892202524
0 0.5611681571373572 0.713139900794396 0.022350604717548076 0.02240885221041166
0 0.9182781806358924 0.8020188991840069 0.0196990966796875 0.019651119525615986
0 0.39623018411489636 0.857151618370643 0.13180248553936297 0.13343664316030648
0 0.23833874555734488 0.20471980021550104 0.04051986107459435 0.04144778618445763
0 0.9064245223999023 0.9804230469923753 0.019054266122671273 0.019248228806715745
0 0.3778808300311749 0.7008296526395358 0.07254996666541466 0.07261936481182392
0 0.16476299212529108 0.04380349929516132 0.02371810032771184 0.023522395354050856
0 0.8274084237905649 0.9676014826847956 0.017772087684044473 0.017718388484074518
0 0.5661830168503982 0.1638773404634916 0.04096280611478365 0.041095816172086276
0 0.6498925135685847 0.8389116433950571 0.019109285794771634 0.01898780235877404
0 0.2933036730839656 0.2104037358210637 0.042765103853665866 0.04140156965989333
0 0.04243980004237248 0.4854259490966797 0.025433854414866522 0.025605421799879808
0 0.706580822284405 0.9917296629685622 0.021652808556189902 0.014299979576697716
0 0.546169794522799 0.7229862213134766 0.017841485830453727 0.017742743858924277
0 0.5980517314030573 0.6386263187115009 0.017547167264498197 0.017342787522536058
0 0.7200489044189453 0.41365671157836914 0.03126731285682091 0.03154468536376953
0 0.8579706778893104 0.787453137911283 0.017659554114708535 0.017805979802058294
0 0.7286120194655198 0.4878596525925856 0.0256045414851262 0.025804593012883112
0 0.6966089101938101 0.9642920127281775 0.016743586613581732 0.016903803898737982
0 0.8910928139319787 0.8499654623178335 0.016789362980769232 0.016582782451923076
0 0.5445689054635855 0.09389798457805927 0.018884658813476562 0.01906248239370493
0 0.18997665551992562 0.4888971768892728 0.03897366156944862 0.038682130666879505
0 0.32731078221247745 0.05840174051431509 0.019894233116736777 0.01993569960960975
0 0.24519542547372672 0.2536131418668307 0.03201968853290264 0.03226467279287485
0 0.7748520190899189 0.9655675154465896 0.015660212590144232 0.015778468205378607
0 0.18459980304424578 0.9828905692467322 0.03367739457350511 0.028725550724909857
0 0.28538931333101714 0.9674162497887244 0.01784541056706355 0.01767701369065505
0 0.3376779923072228 0.2597845701070932 0.024315027090219352 0.024312202747051533
0 0.8272159282977765 0.9058680901160607 0.016260147094726562 0.016083350548377402
0 0.20981872998751128 0.23811850180992714 0.03349604973426232 0.03303813934326172
0 0.589025277357835 0.7726644369272085 0.018194051889272835 0.018074622521033652
0 0.2972537370828482 0.25014063028188854 0.03478369346031776 0.03493309020996094
0 0.40996485490065354 0.029138140953504123 0.02066318805401142 0.02069319670016949
0 0.6800569387582632 0.6276028706477239 0.016198231623722956 0.016095821674053486
0 0.7512677999643179 0.19354591002831092 0.018536200890174277 0.01845348798311674
0 0.4205355644226074 0.41403623727651745 0.01565852532019982 0.01580502436711238
0 0.8379317797147311 0.5627546310424805 0.020584840040940505 0.02065555865948017
0 0.5961360197800857 0.727323972261869 0.019534477820763223 0.019561033982496995
0 0.10909707729633038 0.3522155468280499 0.025550292088435247 0.025765639085036058
0 0.9581750723031851 0.5424368198101337 0.019099895770733174 0.01919210874117338
0 0.06734475722679725 0.44022226333618164 0.021399277907151442 0.021854620713454027
0 0.5078907012939453 0.2525663742652306 0.01906438974233774 0.019193355853740986
0 0.0611156729551462 0.7881871003371018 0.059986655528728776 0.061113944420447715
0 0.6124093715961163 0.8630711482121394 0.03893910921536959 0.03914172832782452
0 0.0764917593735915 0.28813998515789324 0.04212704071631798 0.041961853320782
0 0.5059557694655198 0.9314085153432993 0.016276139479417067 0.016336587759164665
0 0.08846596571115348 0.5437751916738657 0.01687145233154297 0.016855533306415264
0 0.3233991036048302 0.7070687367365911 0.036100369233351484 0.03642478355994591
0 0.5623747018667368 0.6109738349914551 0.01602598337026743 0.016078728895920973
0 0.5566624861497146 0.5175990324753982 0.018247310931865986 0.018170650188739482
0 0.34257213885967547 0.95428833594689 0.09510023777301495 0.08840150099534255
0 0.9217234391432542 0.3488008792583759 0.028898972731370192 0.029062491196852464
0 0.17231002220740685 0.38869535006009615 0.05122503867516151 0.05219415517953726
0 0.7578315734863281 0.07846383865063007 0.01720267075758714 0.017235389122596152
0 0.16243850267850435 0.42732840317946214 0.04775293056781475 0.047962115361140326
0 0.32530381129338193 0.07194134822258583 0.01885824937086839 0.018646698731642503
0 0.45550016256479114 0.6879524817833533 0.019267742450420674 0.019385411189152643
0 0.0638194542664748 0.025434356469374437 0.015339007744422326 0.015300107690004202
0 0.12189061825092022 0.23565910412715033 0.01978613780095027 0.02005738478440505
0 0.6097087860107422 0.5468532122098483 0.01771692129281851 0.01763006357046274
0 0.7462552877572867 0.6097062184260442 0.015716552734375 0.01567972623384916
0 0.9049838873056265 0.7517940814678485 0.02231729947603666 0.022257878230168268
0 0.21432709693908691 0.39577109997089094 0.017608092381403997 0.017132098858173076
0 0.942595701951247 0.46281227698692906 0.07679895254281852 0.10731975848858173
0 0.6757508791410006 0.9228920569786658 0.015910515418419473 0.015850360576923076
0 0.09945060656620906 0.08733164347135104 0.018012156853309043 0.017943492302527793
0 0.9061865439781775 0.720156376178448 0.05516873873197115 0.05510080777681791
0 0.4471350082984337 0.41764530768761265 0.03761761005108173 0.03733899043156551
0 0.563660401564378 0.30833295675424427 0.017743990971491888 0.01732208178593562
0 0.8697335169865534 0.7244325784536508 0.0216824458195613 0.0218502924992488
0 0.39545411330003005 0.6486645478468674 0.04362920614389273 0.043451896080603965
0 0.6548854387723483 0.5093258344210111 0.014875411987304688 0.014772855318509616
0 0.19877169682429388 0.35266714829664964 0.02955803504356971 0.029378450833834134
0 0.28185444611769456 0.9454507094163161 0.015921372633713942 0.01563409658578726
0 0.11687833529252273 0.7407976297231821 0.08982480489290677 0.09238727276141827
0 0.5884265166062576 0.9309338789719802 0.018692750197190505 0.01859415494478666
0 0.059678770028627835 0.07626506456961998 0.028011532930227425 0.0277934349500216
0 0.2580670943626991 0.23024940490722656 0.01855916243333083 0.018787604111891527
0 0.9760508904090295 0.9892384455754206 0.014583294208233174 0.01586297842172476
0 0.621024645291842 0.6286723797137921 0.01387636478130634 0.014397254356971154
0 0.5286718515249399 0.6966238755446214 0.022780198317307692 0.0228878901554988
0 0.3396727121793307 0.3961677551269531 0.08238513653094952 0.08211884131798378
0 0.2884821891784668 0.09633399890019344 0.026187383211576022 0.026174545288085938
0 0.2987833940065824 0.340638857621413 0.037741551032433145 0.03725616748516376
0 0.22214108247023362 0.7152337294358474 0.01479200216440054 0.014948624830979567
0 0.12869171912853533 0.4396246396578275 0.025832304587730996 0.025627723106971152
0 0.8330641526442307 0.24059002216045672 0.015582451453575721 0.015700450310340293
0 0.35709109673133266 0.7491696431086614 0.05369861309344952 0.054739732008713946
0 0.49361639756422776 0.39080150310809797 0.035444406362680286 0.03502955803504357
0 0.48058069669283354 0.8380495951725886 0.026966388408954326 0.02716548626239483
0 0.13196861743927002 0.18483323317307693 0.03779273766737718 0.03743586173424354
0 0.625910392174354 0.024067846628335807 0.03503296925471379 0.03481858510237474
0 0.4452850635235126 0.47785359162550706 0.02644685598520132 0.02680521744948167
0 0.9611659416785607 0.5639587549062876 0.016554905818058893 0.016704706045297477
0 0.6481751662034255 0.053984953806950495 0.022543687086838942 0.022500056486863356
0 0.7023972731370193 0.22084386532123274 0.04829729520357572 0.048342411334698014
0 0.1241758053119366 0.7948549710787259 0.017154987041766826 0.01718315711388221
0 0.6021775098947378 0.7607532647939829 0.016058848454402044 0.015968909630408652
0 0.7595071792602539 0.587706785935622 0.015112803532527043 0.015038857093224159
0 0.6477856269249549 0.05680693112886869 0.0265353276179387 0.02677471821124737
0 0.33834255658663237 0.6196978642390325 0.0737152833205003 0.07361558767465445
0 0.9159132150503305 0.5740988071148212 0.025468826293945312 0.025801585270808294
0 0.8585240290715144 0.2686462035545936 0.03782917903019832 0.03920731177696815
0 0.3297373331510104 0.8852627827570989 0.024715570303109977 0.024490796602689303
0 0.17307054079495943 0.4634982622586764 0.018226770254281852 0.0181887700007512
0 0.9201862628643329 0.919001212486854 0.014083275428185096 0.01408092792217548
0 0.41443421290471005 0.6433905821580154 0.01609149345984826 0.016250170194185697
0 0.12825588996593767 0.7936042638925406 0.07964092034559983 0.07531532874474159
0 0.8756377146794245 0.8504851414607122 0.014927497276893029 0.014582120455228366
0 0.39522112332857573 0.47498101454514724 0.027747227595402643 0.02778471433199369
0 0.16821960302499625 0.1575146638430082 0.01460420168363131 0.014577021965613732
0 0.26694435339707595 0.18927975801321176 0.023808919466458835 0.023662310380202074
0 0.5994279568011944 0.08192850993229793 0.014484552236703726 0.014235588220449595
0 0.8274255899282602 0.7127888019268329 0.01657838087815505 0.016826629638671875
0 0.9755301842322717 0.13823102070735052 0.013172736534705529 0.019979201830350436
0 0.8812679877647986 0.6561236014732947 0.015049274151141826 0.015264070951021634
0 0.673881090604342 0.2766147576845609 0.07384314903846154 0.07386269936194786
0 0.6381954779991736 0.719357050382174 0.014618800236628605 0.014403416560246395
0 0.7097129821777344 0.6851382622352014 0.014333284818209134 0.014592684232271634
0 0.697470811697153 0.042428360535548285 0.015134958120492788 0.015082909510685848
0 0.23049376561091497 0.03233085916592525 0.017699021559495192 0.01759415864944458
0 0.8759486858661358 0.8181356283334585 0.015592721792367788 0.0156097412109375
0 0.6779120518611028 0.5396534112783579 0.013597928560697116 0.013693442711463341
0 0.10476402135995719 0.8352438119741586 0.03649187088012695 0.03627571692833534
0 0.8015490311842698 0.19437316747812125 0.026671923123873197 0.027295332688551683
0 0.6437931060791016 0.2903822385347806 0.016942244309645433 0.01708360818716196
0 0.4875952647282527 0.43555516463059646 0.037756919860839844 0.037668081430288464
0 0.833016615647536 0.45832102115337664 0.022559386033278245 0.02240643134483924
0 0.6484713921180139 0.060486390040471 0.0230563237116887 0.023429668866671048
0 0.3113596989558293 0.523199778336745 0.015064514600313626 0.014895072350135216
0 0.2705519932966966 0.18903655272263747 0.030894939716045674 0.03030843001145583
0 0.6904148688683143 0.41067086733304536 0.024310772235576924 0.02478452829214243
0 0.8201917501596304 0.7537185962383564 0.023117652306189902 0.0233306884765625
0 0.3946258838360126 0.34014599139873797 0.014702870295597957 0.014812029325045072
0 0.5598301520714393 0.3953426801241361 0.015102093036358174 0.015233846811147837
0 0.22037058610182542 0.7352723341721755 0.024303509638859674 0.024001194880558893
0 0.2873817590566782 0.0746123194694519 0.01992929898775541 0.019728963191692647
0 0.8034163254957932 0.38942901904766375 0.029234666090745192 0.029126460735614482
0 0.8751996847299429 0.7046271104079026 0.015449230487530049 0.015608567457932692
0 0.04064795604118934 0.5324103282048152 0.023072483447881844 0.02289434579702524
0 0.14885457662435678 0.8682774763840896 0.07950227077190693 0.08062127920297477
0 0.5009972865764911 0.19089308151831993 0.017397146958571214 0.017347079056959886
0 0.21041624362652117 0.1964862896845891 0.02064653543325571 0.020915985107421875
0 0.7300271254319411 0.5803665748009315 0.013826810396634616 0.013957683856670674
0 0.9307359548715445 0.42880513117863583 0.03880852919358473 0.03811073303222656
0 0.6492252349853516 0.064979415673476 0.01936193612905649 0.018808713326087363
0 0.4611820807823768 0.21332841653090256 0.03387157733623798 0.033347019782433145
0 0.11055983946873592 0.9704459263728216 0.022584915161132812 0.022170433631310098
0 0.6949237676767203 0.4411035684438852 0.03711715111365685 0.0369572272667518
0 0.3099193572998047 0.12845551050626314 0.024224226291363057 0.024614902643057015
0 0.31474711344792294 0.48679879995492786 0.02750257345346304 0.0273593022273137
0 0.9278756655179538 0.5252048052274264 0.056280282827524036 0.056522296025202826
0 0.09702134132385254 0.3152178250826322 0.014239311218261719 0.01454925537109375
0 0.8289310748760517 0.6404379331148587 0.032781747671274036 0.03270398653470553
0 0.2971072013561542 0.1846592242901142 0.015110345987173228 0.015021544236403245
0 0.11708333859076867 0.01296355976508214 0.022766681817861702 0.022112591908528254
0 0.9564751111544095 0.993893183194674 0.02354284433218149 0.011262893676757812
0 0.7049986032339243 0.4668323810283954 0.035426946786733776 0.03561738821176382
0 0.5573251430804913 0.8838578737699069 0.0186923100398137 0.019237811748798076
0 0.4900676653935359 0.9704013237586389 0.013795852661132812 0.013925405649038462
0 0.06471655002007118 0.7156398479755108 0.07858201173635629 0.07825352595402645
0 0.654271859389085 0.21601431186382586 0.0384059319129357 0.039292408869816706
0 0.5797923161433294 0.5472332881047175 0.014377814072829027 0.014350304236778846
0 0.48003255403958833 0.8345625950739934 0.031075404240534857 0.031060438889723558
