0 0.32433817936823917 0.5893383392920861 0.10151188190166767 0.10098523360032302
0 0.6017824319692758 0.8833145728478065 0.04977079538198618 0.049863962026742786
0 0.41062325697678786 0.7060772088857797 0.04616121145395132 0.04625980670635517
0 0.27884776775653547 0.44673633575439453 0.29663775517390323 0.30030985978933483
0 0.4432842548076923 0.6686225304236779 0.0533146491417518 0.053536488459660456
0 0.1502364965585562 0.0881201303922213 0.020900506239670973 0.020937662858229417
0 0.1476480227250319 0.26289198948786807 0.040117630591759317 0.03986365978534405
0 0.6151468937213604 0.20517407930814302 0.051921771122859076 0.05148447476900541
0 0.5533827268160306 0.3749486483060397 0.03692898383507362 0.037122873159555286
0 0.7124423247117263 0.6172651877770057 0.021105839655949518 0.021166434654822715
0 0.10386043328505296 0.3494082964383639 0.035014922802264876 0.0348504873422476
0 0.8953518500694861 0.34166468106783354 0.03495231041541466 0.034934704120342545
0 0.47359734315138596 0.7203460106482873 0.020741756145770732 0.02061315683218149
0 0.10541008985959567 0.8621057363656851 0.024507705981914815 0.024619469275841348
0 0.5173818148099459 0.02872995688365056 0.04814221308781551 0.04782205361586351
0 0.23969707122215858 0.06835332283606896 0.020671807802640475 0.020642849115224984
0 0.5447185222919171 0.6160771296574519 0.04683377192570613 0.04711147455068735
0 0.1673879623413086 0.1313102887226985 0.024573912987342246 0.024612866915189303
0 0.5679418857281024 0.5211228590745193 0.0183871342585637 0.018263596754807692
0 0.5546208895169772 0.47791268275334287 0.022046309251051683 0.022015204796424277
0 0.10680584724132831 0.7401800889235276 0.023726885135357197 0.02363439706655649
0 0.16408700209397536 0.03352018961539635 0.035877071894132175 0.035289911123422474
0 0.5409216147202712 0.5694695252638596 0.04094343919020433 0.041135347806490384
0 0.3346707270695613 0.3934161112858699 0.02169198256272536 0.021814933189978965
0 0.5906263131361741 0.6822507564838116 0.03062901130089393 0.03121361365685096
0 0.47071728339562047 0.8912724715012771 0.06517102168156551 0.06554002028245193
0 0.3773684868445763 0.7487442310039814 0.0189511225773738 0.019195703359750602
0 0.649971081660344 0.6179508796105018 0.07001964862530048 0.0698556166428786
0 0.10978360359485333 0.8077440995436448 0.024383086424607497 0.024268223689152643
0 0.6092979724590595 0.20850045864398664 0.2747911306527945 0.25899689014141375
0 0.5770266239459698 0.2293850458585299 0.024139551016000602 0.024391761192908652
0 0.8594294327955979 0.46733625118549055 0.016772343562199518 0.01664623847374549
0 0.15465057813204253 0.1526947755080003 0.019133338561424844 0.019126305213341348
0 0.6562318068284255 0.31496642186091495 0.07808362520658053 0.07745302640474759
0 0.6255940657395583 0.06404875333492573 0.0601802239051232 0.060556585972125716
0 0.8943211482121394 0.05856298483335055 0.03981164785531851 0.04010187662564791
0 0.6274483754084661 0.6505672748272235 0.017711639404296875 0.01721323453463041
0 0.12444474146916316 0.6902547983022836 0.041863478147066556 0.04220390319824219
0 0.17435347116910493 0.5922983609713041 0.03353181252112755 0.03349979107196514
0 0.4441686410170335 0.6325526604285607 0.03491775806133564 0.03476858139038086
0 0.1849526992210975 0.05078456952021672 0.018399935502272386 0.01835176577934852
0 0.4551233878502479 0.33388299208420974 0.03730964660644531 0.037630668053260215
0 0.8050164442795974 0.38150413219745344 0.015419593224158654 0.015272580660306491
0 0.5025568008422852 0.831667973445012 0.017537043644831732 0.017349830040564902
0 0.6524133682250977 0.39144497651320237 0.07912723834698017 0.07771770770733173
0 0.6912533686711237 0.48586772038386417 0.037816561185396634 0.037803943340594955
0 0.1314859573657696 0.28947100272545445 0.019073981505173903 0.019217711228590745
0 0.8722831285916842 0.1527541600740873 0.08766717177170974 0.08834710487952599
0 0.12876083300663874 0.37152525094839245 0.023227948408860426 0.023629408616286058
0 0.639599873469426 0.8525522672213041 0.019335233248197116 0.019484299879807692
0 0.08700549602508545 0.6371486370380108 0.018290941531841572 0.022322728083683893
0 0.586232955639179 0.33249840369591344 0.01603067838228666 0.015979620126577523
0 0.24526265951303336 0.6393858102651743 0.020307027376615085 0.020204690786508415
0 0.11867028016310471 0.44222633655254656 0.0288693354679988 0.029202828040489785
0 0.692412596482497 0.5810458476726825 0.04665726881760817 0.04616502615121695
0 0.1328970377261822 0.09343025317558876 0.014396429061889648 0.014055875631479116
0 0.6630070026104267 0.9094912455632136 0.015196873591496395 0.015188804039588341
0 0.6401110429030198 0.6775710766132061 0.026341364933894232 0.026699946476862982
0 0.8125583942119892 0.20601560519291803 0.054960984450120196 0.054473583514873795
0 0.8838332983163687 0.022290349006652832 0.06706619262695312 0.043876510400038496
0 0.40027442345252406 0.7716686542217548 0.022317006037785456 0.022843580979567308
0 0.5527695142305814 0.31775830342219424 0.046678396371694714 0.047054437490609974
0 0.37146942432110125 0.6904503748967097 0.014366883497971755 0.014624082125150241
0 0.12506904968848595 0.7446577365581806 0.09321205432598408 0.10673919090857872
0 0.5647033544687124 0.9450199420635517 0.01781434279221755 0.0180361821101262
0 0.5860314002403846 0.25636639961829555 0.04129219055175781 0.041162270766038164
0 0.44981677715594953 0.8119461353008564 0.04540340717022236 0.04531772320087139
0 0.49236613053541917 0.23071076319767878 0.05486312279334435 0.0540930674626277
0 0.8293914794921875 0.6852711897629958 0.030640528752253607 0.029916029710036058
0 0.3288882695711576 0.8854754521296575 0.01571816664475661 0.015602405254657451
0 0.39963597517747146 0.7391349352323092 0.028781377352201022 0.028740516075721152
0 0.28841609221238357 0.4304228195777306 0.013428871448223408 0.013771277207594652
0 0.5728768568772536 0.9127227343045748 0.039319405188927285 0.038641709547776446
0 0.6106492922856257 0.3790165094228891 0.024586824270395134 0.024860235360952523
0 0.7394296205960788 0.5333908521212064 0.029096309955303486 0.029128001286433294
0 0.6622431094829853 0.6773490172166091 0.019923283503605768 0.02051206735464243
0 0.11316693746126615 0.6380770756648138 0.07178295575655423 0.10229932344876803
0 0.3167083446796124 0.6461430329542893 0.02181896796593299 0.022138448861929085
0 0.39432749381432164 0.3287826684805063 0.0278469966008113 0.027564562284029447
0 0.18771828137911284 0.30193020747258115 0.05627177311823918 0.05554279914269081
0 0.6549662076509916 0.1305106236384465 0.015586119431715745 0.015575555654672476
0 0.48305394099308896 0.5724755067091721 0.01532576634333684 0.015212279099684495
