0 0.244874330667349 0.9192906159621018 0.2130908232468825 0.15769224900465745
0 0.6420032794658954 0.5466370215782752 0.06378324215228741 0.06403879018930289
0 0.4331261928264911 0.7378143897423377 0.06113837315486027 0.06125347430889423
0 0.23657531004685622 0.6691415493304913 0.03769199664776142 0.03782727168156551
0 0.5925973011897161 0.2806222072014442 0.15447000356820914 0.1540499100318322
0 0.1961058469919058 0.1586606502532959 0.017783311697152946 0.017821715428278997
0 0.8094197786771334 0.060158142676720254 0.03432611318734976 0.03447165855994591
0 0.49093107076791614 0.6619221613957331 0.024037287785456732 0.024120477529672477
0 0.3170517407930814 0.19285341409536508 0.019227229631864108 0.019318360548753005
0 0.8228695209209735 0.4140172371497521 0.0419164804311899 0.04246704395000751
0 0.6962343362661508 0.28824685170100284 0.05365342360276442 0.05383740938626803
0 0.6838167630709134 0.056795624586252064 0.03212048457219051 0.03223714461693397
0 0.11473490641667293 0.7280305715707632 0.04264358373788687 0.04245317899263822
0 0.43283143410315883 0.01742240098806528 0.050315490135779746 0.03296809930067796
0 0.14726952406076285 0.6522196256197416 0.03518331967867338 0.0352473625769982
0 0.5671418996957632 0.9810640628521259 0.02115939213679387 0.021187562208909255
0 0.8418893080491286 0.07094960029308613 0.025591043325570915 0.02548868839557354
0 0.4057430854210487 0.42809691795936 0.09864968519944411 0.09911537170410156
0 0.3182830076951247 0.6805177835317758 0.037763283802912787 0.038198617788461536
0 0.859087870671199 0.32153566067035383 0.11324075552133414 0.11133656134972206
0 0.5314212945791391 0.1811073009784405 0.021716778094951924 0.022006108210637018
0 0.1272433721102201 0.5389029429509089 0.02278870802659255 0.02290490957406851
0 0.39945470369779146 0.22166191614591157 0.1021889906663161 0.10344391602736253
0 0.8082177088810847 0.014480547263072087 0.041860140286959134 0.027846519763653096
0 0.1730789037851187 0.7684447948749249 0.01691752213698167 0.016736837533804085
0 0.1943820806650015 0.6997610972477839 0.017987544719989482 0.01798849839430589
0 0.21289598024808443 0.6059469076303335 0.02472833486703726 0.024817393376277044
0 0.8144705845759466 0.23671627044677734 0.1289044893704928 0.13089473430926984
0 0.4312692422133226 0.65772217970628 0.02673486562875601 0.026808518629807692
0 0.7751288780799279 0.5626324506906363 0.015239422137920674 0.015242723318246694
0 0.48733304097102237 0.13043095515324518 0.05718150505652794 0.05689195486215445
0 0.27408603521493763 0.28988163287823016 0.015224750225360576 0.015097691462590145
0 0.2416534423828125 0.2163245861346905 0.13344111809363732 0.13250233576847956
0 0.8282508850097656 0.6319101773775541 0.04306176992563101 0.04355547978327824
0 0.59485413477971 0.05464575840876652 0.08236753023587741 0.08330269960256723
0 0.9083628287682166 0.08876628142136794 0.01632514366736779 0.017683065854586087
0 0.1775992466853215 0.739414435166579 0.03528660994309645 0.034171764667217545
0 0.7770217748788687 0.05586885488950289 0.016572952270507812 0.01656966943007249
0 0.3880425966702975 0.5151494099543645 0.017582820012019232 0.01766336881197416
0 0.29653409811166614 0.14478467060969427 0.04063217456524189 0.040474341465876654
0 0.23193058600792518 0.7660943544827975 0.020062740032489482 0.020079686091496393
0 0.15162390012007493 0.2464002829331618 0.05933569027827336 0.06002517846914438
0 0.16130902216984674 0.40947723388671875 0.01559147467980018 0.015380419217623197
0 0.21074859912578875 0.6705652383657602 0.015850360576923076 0.01605958205003005
0 0.56469359764686 0.13188551939450777 0.07862325815054086 0.07857658312870906
0 0.5311218041640061 0.8187976250281701 0.04419781611515926 0.044141329251802884
0 0.6584383891179011 0.15422586294320914 0.03503579359788161 0.034626309688274674
0 0.21294210507319525 0.7759150725144607 0.01863886759831355 0.01846166757436899
0 0.9136015085073618 0.7211531125582181 0.012749451857346755 0.020140721247746393
0 0.46577908442570615 0.2399931137378399 0.02151650648850661 0.021605418278620794
0 0.8122777205247146 0.34806214846097505 0.014679541954627404 0.014582120455228366
0 0.5161941234882061 0.38924657381497896 0.027712895320012018 0.02734829829289363
0 0.33553475600022536 0.6577521837674655 0.023824545053335335 0.02337309030386118
0 0.19368142348069411 0.06951198211083046 0.048929727994478665 0.050054110013521634
0 0.7818373166597806 0.71404662499061 0.014957281259390024 0.014832863440880409
0 0.6164368115938627 0.8237430865948017 0.018385813786433294 0.01829866262582632
0 0.08775856861701378 0.603309337909405 0.02024535032419058 0.023857263418344352
0 0.7580067561222956 0.8779993057250977 0.01579871544471154 0.015632189237154447
0 0.7217696263239934 0.15052600090320295 0.060009002685546875 0.06168484687805176
0 0.6455629788912259 0.8385856334979718 0.03457230788010817 0.034114837646484375
0 0.5618877044090858 0.4969079311077411 0.052600787236140326 0.05317086439866286
0 0.35075517801138073 0.09272066446451041 0.04628885709322416 0.046274772057166465
0 0.3204470781179575 0.42741980919471156 0.04858471797062801 0.048961639404296875
0 0.3025874908153827 0.7115038358248197 0.021762297703669622 0.021723820612980768
0 0.6718451426579402 0.4609502645639273 0.10743918785682091 0.10660068805401142
0 0.3665471443763146 0.6794840005727915 0.018639784592848558 0.0185238764836238
0 0.4710568648118239 0.8904710182776818 0.07107309194711539 0.06927196796123798
0 0.2288168210249681 0.6422590842613807 0.017874387594369743 0.018053641686072715
0 0.5293448888338529 0.8526009046114408 0.04277662130502554 0.04294732900766226
0 0.2234503672673152 0.44044069143442005 0.014074765718900241 0.014088117159329928
0 0.8690495124230018 0.3818646944486178 0.05738610487717848 0.05702356191781851
0 0.4369820081270658 0.3125056486863356 0.19527875460111177 0.19649342390207145
0 0.5385396297161396 0.9180664649376502 0.03165443126971905 0.03219824570875902
0 0.5058142588688777 0.5048459126399114 0.013932008009690505 0.014130959144005409
0 0.6378421783447266 0.9698749688955454 0.014982957106370192 0.015059691209059495
0 0.27641234031090367 0.5411360814021184 0.02855814420259916 0.028713226318359375
0 0.55310241992657 0.9887661567101111 0.02205804678109976 0.018248631403996393
0 0.5565120990459735 0.7370937787569486 0.025946397047776442 0.026060984684870794
0 0.48588730738713193 0.755130254305326 0.05436633183405949 0.05542564392089844
0 0.7664122948279748 0.3320254912743202 0.037243036123422474 0.037540289071890026
