0 0.44683544452373797 0.9563394693227915 0.1190172342153696 0.08322847806490384
0 0.6741636716402494 0.3563547501197228 0.08152213463416466 0.0831909913283128
0 0.6450240795428936 0.6065278420081506 0.08573323029738206 0.08542559697077824
0 0.4496251619779147 0.45221644181471604 0.08120940281794621 0.08226776123046875
0 0.583032277914194 0.8609925783597506 0.05705620692326473 0.05759752713716947
0 0.6786507092989408 0.4443354606628418 0.08260433490459736 0.08190499819242038
0 0.6341557869544396 0.22466219388521635 0.0493310781625601 0.049255114335280195
0 0.5342984199523926 0.34913063049316406 0.22210392585167518 0.24021031306340143
0 0.28966551560621995 0.42768614108745867 0.1213683348435622 0.1824789780836839
0 0.7099823584923377 0.7400332964383639 0.03772999690129207 0.03786189739520733
0 0.531981321481558 0.7259858204768255 0.05361248896672176 0.053956838754507214
0 0.2684991176311786 0.7506809234619141 0.0335240730872521 0.03357989971454327
0 0.7176648653470553 0.11909414254702054 0.07989501953125 0.07975073961111215
0 0.3671438143803523 0.08824907816373385 0.0310363035935622 0.03105988410802988
0 0.389194892002986 0.054373915378864 0.024141385005070612 0.024123191833496094
0 0.28511837812570423 0.25953054428100586 0.11914366942185622 0.18076243767371544
0 0.48699334951547474 0.44822065646831805 0.01945803715632512 0.019498311556302585
0 0.6888639009915866 0.2818701450641339 0.0460363534780649 0.04683076418363131
0 0.7271539247952975 0.8866927807147686 0.044958848219651446 0.045414117666391224
0 0.7469530839186448 0.7748041886549729 0.03315588144155649 0.0330358651968149
0 0.6320144946758564 0.3892329289362981 0.02596737788273738 0.025983590346116286
0 0.45207896599402797 0.23450495646550104 0.020381047175480768 0.019898047814002402
0 0.48125938268808216 0.5770899332486666 0.038785494290865384 0.039056044358473554
0 0.3791317572960487 0.5213551888099084 0.04417544144850511 0.043910980224609375
0 0.4779524069565993 0.221038451561561 0.020465924189640924 0.020186204176682692
0 0.5336045852074256 0.5294020359332745 0.02363931215726412 0.02351716848520132
0 0.7420105567345252 0.6324099027193509 0.02911655719463642 0.028952378493088942
0 0.5869224621699407 0.10933608275193435 0.03641238579383263 0.036587036572969876
0 0.3466014862060547 0.4549809969388522 0.02033688471867488 0.020377525916466348
0 0.5925156519963191 0.20423458172724798 0.0404814206636869 0.04051696337186373
0 0.4043890879704402 0.4785969073955829 0.026732811560997598 0.02647084456223708
0 0.36247678903432995 0.3203268784743089 0.0428014901968149 0.04265988790071928
0 0.40701939509465146 0.346589968754695 0.028809327345628005 0.028749612661508415
0 0.5709251990685096 0.1647162804236779 0.034036489633413464 0.034495142789987415
0 0.6488461127647986 0.5438695320716271 0.030236170842097357 0.030492048997145433
0 0.7543064997746394 0.2807788848876953 0.03743479802058293 0.0422517336331881
0 0.3679203253525954 0.28874905292804426 0.024871165935809795 0.02495435568002554
0 0.6367596846360427 0.4629962627704327 0.031335683969350964 0.031337884756234974
0 0.7529051854060247 0.5006533769460825 0.03675578190730168 0.03782096275916466
0 0.6157053433931791 0.4364190468421349 0.020819443922776442 0.02069693345289964
0 0.5374988409189078 0.35843775822566104 0.02719541696401743 0.02702668996957632
0 0.24110742715688852 0.6536726584801307 0.02350308344914363 0.03596173799954928
0 0.44791151927067685 0.5776765529926007 0.025107897244966947 0.025227179894080527
0 0.5118543918316181 0.6328524076021634 0.029035128079927884 0.029144140390249398
0 0.38735140286959135 0.5563261692340558 0.02349677452674279 0.02359771728515625
0 0.5924754509559045 0.6681431256807767 0.033820078923152044 0.03335718008188101
0 0.6985380466167743 0.05362241084759052 0.02297841585599459 0.023847048099224385
0 0.6667536222017728 0.04181345151020931 0.022517571082481973 0.022548162020169772
0 0.5506485792306753 0.9836875475369967 0.03673612154447115 0.02960659907414363
0 0.25101749713604266 0.9012009547306941 0.018178939819335938 0.0181881831242488
0 0.291608975483821 0.09732527916248028 0.02803178933950571 0.027881383895874023
0 0.6101825420673077 0.17951066677386945 0.017859972440279447 0.017748906062199518
0 0.4226472561176007 0.054068501179034896 0.039814142080453724 0.03992207233722393
0 0.6286258697509766 0.4139677928044246 0.02669206032386193 0.026674270629882812
0 0.7617381169245794 0.4671964645385742 0.019797105055588942 0.028476568368765023
0 0.6013424213115985 0.04205551972756019 0.037676297701322116 0.03704525874211238
0 0.7014378767747146 0.19124878369844878 0.05482072096604567 0.054563742417555586
0 0.6389810121976413 0.93244141798753 0.019902449387770433 0.020060319166917067
0 0.28261346083420974 0.4504865499643179 0.016887518075796273 0.01669913071852464
0 0.46204324869009167 0.43671424572284406 0.016231683584359977 0.015998106736403245
0 0.38360349948589617 0.9560602628267728 0.07039891756497897 0.07025381234975961
0 0.5267948370713454 0.7575651315542368 0.037726328923152044 0.03770857590895433
0 0.2900515703054575 0.7996235627394456 0.07333183288574219 0.0733630840594952
0 0.5533186472379245 0.14043466861431414 0.022379948542668268 0.022522669572096605
0 0.7519928858830378 0.6611789556650015 0.03514011089618389 0.03831203167255108
0 0.7394588910616361 0.1691556710463304 0.03902787428635817 0.03983372908372145
0 0.601009148817796 0.015322781526125394 0.06293003375713642 0.030971187811631423
0 0.33933331416203427 0.8613978165846604 0.015180441049429087 0.015209491436298076
0 0.678693257845365 0.09574253742511456 0.021642098060021035 0.021416260645939753
0 0.6428681153517503 0.7436318030724158 0.031685168926532455 0.03240761390099159
0 0.6649106832650992 0.9885506263146033 0.032819307767427884 0.020842918982872598
0 0.7326173048753005 0.8577134059025691 0.032362130972055286 0.03286126943734976
0 0.35111075181227464 0.7744822868934045 0.020715713500976562 0.02110129136305589
0 0.6987339900090144 0.48795443314772385 0.019846989558293268 0.019876773540790264
0 0.6415987748366135 0.0303610242330111 0.0157315180851863 0.015603519403017484
0 0.6594063685490534 0.6913129366361178 0.0261074946476863 0.026068467360276442
0 0.6564045685988206 0.5174410893366888 0.027873846200796273 0.02768677931565505
0 0.7375784653883714 0.5792288413414588 0.030684251051682692 0.03066869882436899
0 0.7499479880699744 0.6095991868239182 0.020248999962439902 0.02040437551645132
0 0.7535633674034705 0.5601531175466684 0.027790069580078125 0.02781809293306791
0 0.4464833186222957 0.2088492466853215 0.020085921654334433 0.02031263938316932
0 0.595456416790302 0.07181339539014377 0.03195505875807542 0.03176277417403001
0 0.7308372350839468 0.7944231033325195 0.02123260498046875 0.022049683790940505
0 0.5306913302494929 0.9459635661198542 0.059662965627817005 0.05906471839317909
0 0.6654335902287409 0.7867140403160682 0.015929588904747598 0.016162578876201924
0 0.5043741372915415 0.49413482959453875 0.03024424039400541 0.030825688288762018
0 0.6784497774564303 0.5386353272658128 0.032759446364182696 0.033354539137620196
0 0.3507717572725736 0.929451062129094 0.01867191608135517 0.018727669349083535
0 0.2432866096496582 0.08925887254568246 0.03561951563908504 0.036428011380709134
0 0.2904060803926908 0.07812444063333365 0.029988655677208535 0.029558420181274414
0 0.33773282858041614 0.8172557537372296 0.016477438119741585 0.01635918250450721
0 0.3656300764817458 0.4667360966022198 0.02350792518028846 0.023607474107008714
0 0.6447046720064603 0.1970526621891902 0.0549464592566857 0.05377688774695763
0 0.24429693588843712 0.9382759974553034 0.024103678189791165 0.025730426494891826
0 0.4816595224233774 0.5360124661372259 0.017603140610914964 0.017185724698580228
0 0.5101203918457031 0.23698135522695687 0.01942590566781851 0.01960123502291166
0 0.5286589035621057 0.8280261846689078 0.020133825448843148 0.020648956298828125
0 0.6342046444232647 0.6742200117844802 0.024004129263070915 0.02419002239520733
0 0.6261765406681941 0.011334922451239366 0.020188551682692308 0.01997282184087313
0 0.7261296785794772 0.7971108509944036 0.03528683002178486 0.0346067868746244
0 0.28611366565410906 0.5539971131544846 0.028407463660606973 0.028168751643254206
0 0.4059773225050706 0.02605112470113314 0.017664249126727764 0.017810349281017598
0 0.5970810376680814 0.6953798440786508 0.03291467519906851 0.03264764639047476
0 0.350128173828125 0.06399830488058236 0.044947257408728965 0.04407957883981558
0 0.4406725810124324 0.6438437241774339 0.032072947575495794 0.03220044649564303
0 0.7380745227520282 0.5138249764075646 0.04697770338792067 0.04766537592961238
0 0.5271756098820612 0.22752046585083008 0.01570276113656851 0.015529302450326772
0 0.722805903508113 0.2269109029036302 0.028439741868239183 0.02815873806293194
0 0.3657864790696364 0.4194849454439603 0.03846924121563251 0.03849880511944111
0 0.7459716796875 0.4500439717219426 0.0484771728515625 0.051979358379657455
0 0.6158351898193359 0.822884779710036 0.03931628740750826 0.03860561664287861
0 0.28115089123065656 0.5985872928912823 0.03451882875882662 0.03411681835467999
0 0.37323749982393706 0.7487665323110727 0.022098834698016826 0.022214742807241585
0 0.3036849315349872 0.36546578774085414 0.025175021244929388 0.02500805487999549
0 0.24369536913358247 0.5362815123337966 0.015156232393704928 0.014975327711838942
0 0.35699323507455677 0.3810562720665565 0.04354168818547176 0.04351938687838041
0 0.7026285024789664 0.5260142546433669 0.023779649000901442 0.0242465092585637
0 0.25053834915161133 0.09960492757650521 0.052289375892052285 0.05500334959763747
0 0.350432616013747 0.43778316791240984 0.01771090580866887 0.018076383150540866
0 0.6539418147160456 0.768590707045335 0.025545560396634616 0.025345728947566107
0 0.7036803318903997 0.2428736686706543 0.03286200303297777 0.03265380859375
0 0.30967774757972133 0.43051870052631086 0.016087458683894232 0.016089219313401442
0 0.5986035053546612 0.010582546775157634 0.05576815971961388 0.02114408979049096
0 0.43464961418738735 0.5576449907743014 0.01856393080491286 0.018578309279221755
0 0.4607426570012019 0.24439239501953125 0.04255764301006611 0.042037010192871094
0 0.2926122225247897 0.4707032717191256 0.014380088219275841 0.01431729243351863
0 0.30828534639798677 0.7175761002760667 0.025044642961942233 0.024880335881159857
0 0.455722662118765 0.5291147965651292 0.019665351280799277 0.019375947805551384
0 0.7472361784714919 0.443640085367056 0.043186187744140625 0.04076965038592999
0 0.5866681245657114 0.7246905840360202 0.042860984802246094 0.043916555551382214
0 0.7313564740694486 0.5355412043057955 0.03928698026216947 0.038222899803748496
0 0.5388115369356595 0.7915652348445013 0.04366845350999098 0.04191912137545072
0 0.7329425811767578 0.4164242377647987 0.026989276592548076 0.02735768831693209
0 0.48891698397122896 0.8117240025446966 0.023405808668870192 0.023705262404221755
0 0.4533900481003981 0.7778296837439904 0.016536565927358773 0.016374881450946514
0 0.40659148876483625 0.6453883831317608 0.02009714566744291 0.020575596736027643
0 0.6827005239633414 0.8871687375582181 0.01656194833608774 0.01639278118426983
0 0.2683245585514949 0.4959405752328726 0.014624595642089844 0.014599873469426082
0 0.34081106919508714 0.9450898537269006 0.01632059537447416 0.01608129648061899
0 0.6367165492131159 0.6717684819148138 0.019632779634915866 0.019559126633864183
0 0.5903489039494441 0.9892966930682843 0.02859951899601863 0.017534402700570915
