0 0.03844216695198646 0.38994701092059797 0.07341193235837497 0.08333367567795974
0 0.5940455656785232 0.7705622452955979 0.16988519521859977 0.1707892784705529
0 0.8752530904916617 0.20420169830322266 0.05653528066781851 0.056127108060396634
0 0.9025062414316031 0.4560211988595816 0.045435538658728965 0.04583894289456881
0 0.9731856126051682 0.17024396016047552 0.04495943509615385 0.05657402368692251
0 0.3572545051574707 0.9718761444091797 0.053926247816819414 0.05171966552734375
0 0.7526914156400241 0.597526110135592 0.055908496563251205 0.05607795715332031
0 0.13596502634195182 0.6283750534057617 0.053195531551654525 0.052998909583458535
0 0.9715791848989633 0.46055177541879505 0.03414828960712139 0.03397567455585186
0 0.5893421906691331 0.05531399066631611 0.03720694321852464 0.03721413474816542
0 0.4586303784297063 0.9514020039485052 0.024187748248760518 0.024250177236703727
0 0.02883781148837163 0.7337640615609976 0.05431419610977173 0.07744246262770432
0 0.8090069844172552 0.6033010482788086 0.051525115966796875 0.051329392653245196
0 0.747601215655987 0.1157747873893151 0.025102762075570915 0.024976510267991286
0 0.06550168991088867 0.6163060114933894 0.02799114814171424 0.027991368220402643
0 0.5762937985933744 0.3045640725355882 0.04011205526498648 0.04048068706805889
0 0.543301508976863 0.27741490877591646 0.02843475341796875 0.02828671382023738
0 0.5290253712580755 0.1761184839101938 0.025330030001126803 0.025337732755220853
0 0.6755071786733774 0.8963250380295974 0.05517900907076322 0.05526029146634615
0 0.08507247154529278 0.5110775874211237 0.04394965905409593 0.04430411412165715
0 0.26362791428199184 0.6645425649789664 0.029062344477726862 0.029131082388070915
0 0.3782689021183894 0.8804058661827674 0.01855131296011118 0.018772712120643027
0 0.8030423384446365 0.33173227310180664 0.03463070209209736 0.03426911280705379
0 0.869354248046875 0.4592913114107572 0.028597905085637018 0.028568341181828424
0 0.28989065610445464 0.2958762278923622 0.030693641075721152 0.03070666239811824
0 0.9538594759427584 0.5436589167668269 0.04472277714655949 0.04495452000544621
0 0.059594507400806136 0.7804423112135667 0.06488098548008846 0.06400181696965145
0 0.8744794405423678 0.057186823624830976 0.03179931640625 0.03190069932204027
0 0.19660421518179086 0.712899428147536 0.02918074681208684 0.029364365797776442
0 0.8266840714674729 0.5784921646118164 0.018887446476862982 0.019042822030874398
0 0.33460283279418945 0.23657017487746018 0.0261382323044997 0.026158699622521035
0 0.2644333839416504 0.5273903333223783 0.02121727283184345 0.02142172593336839
0 0.8650068136361929 0.31809080564058745 0.04058339045597957 0.039980209790743314
0 0.14603654237893912 0.6621554448054388 0.019513441966130182 0.019805027888371393
0 0.7939263123732346 0.5019914186917819 0.022697008573091947 0.022839179405799277
0 0.7261604895958533 0.7677901341364934 0.04068198570838341 0.04007222102238582
0 0.9698295593261719 0.1254105017735408 0.026100745567908652 0.02600259047288161
0 0.9071022914006159 0.24359686558063215 0.019852564885066107 0.019878864288330078
0 0.5345125931959885 0.9566207298865685 0.02139913118802584 0.021469703087439902
0 0.43318469707782453 0.738339350773738 0.025516803448016826 0.025424957275390625
0 0.341493900005634 0.703276854294997 0.028690484853891227 0.028775141789362982
0 0.03568997520666856 0.1446528067955604 0.04139950183721689 0.04109030503493089
0 0.4048010019155649 0.9508328071007361 0.017926729642427884 0.017926582923302285
0 0.02115504787518428 0.7973895439734826 0.029247957926530104 0.029351454514723558
0 0.22219122373140776 0.09397994554959811 0.0204618160541241 0.020406099466177132
0 0.12712214543269232 0.03203946122756371 0.02835559844970703 0.02862581381430993
0 0.9317519848163311 0.4772341067974384 0.028965876652644232 0.02896264883188101
0 0.8546392000638522 0.011552879443535438 0.025745391845703125 0.02171398584659283
0 0.8749438799344577 0.4358719312227689 0.01700870807354267 0.016731115487905648
0 0.6513420985295222 0.5183516282301682 0.02461829552283654 0.024508256178635817
0 0.3213210105895996 0.8541005207942083 0.02007711850679838 0.020322799682617188
0 0.13394537338843712 0.7074274649986854 0.034491465641902044 0.03430307828463041
0 0.3614320755004883 0.5430185611431415 0.017396193284254808 0.017336331881009616
0 0.03699830862192007 0.9245579059307392 0.017939164088322565 0.018194051889272835
0 0.8845169360821064 0.5265143101031964 0.023730351374699518 0.023813321040226862
0 0.6524284069354718 0.09125052965604342 0.020711165208082933 0.02065616387587327
0 0.38555416694054234 0.08313433023599479 0.027782440185546875 0.027897046162531927
0 0.7685894599327674 0.2236948563502385 0.02756632291353666 0.02775683769812951
0 0.47908504192645734 0.8480966274554913 0.08241448035606971 0.08206778306227464
0 0.8749351501464844 0.6229054377629206 0.01796869131234976 0.01802800251887395
0 0.5847682219285232 0.1412366903745211 0.01740719721867488 0.017495448772723857
0 0.119804886671213 0.5707340240478516 0.02982044219970703 0.029579309316781852
0 0.31481075286865234 0.7664926969088041 0.050743965002206654 0.050995166485126205
0 0.13944237048809344 0.40708303451538086 0.025899520287146933 0.025891230656550482
0 0.7451766087458684 0.15925323046170747 0.023379986102764424 0.023604062887338493
0 0.5113055889423077 0.4444479208726149 0.017297891470102165 0.017249180720402643
0 0.06288708173311673 0.689293201153095 0.020140611208402194 0.020262498121995192
0 0.2809552596165584 0.1895585060119629 0.019913490001971904 0.0197450931255634
0 0.4185513716477614 0.22014463864839995 0.022705518282376803 0.022371512192946214
0 0.9803592241727389 0.3888114782480093 0.034487357506385215 0.03741924579326923
0 0.6626068995549128 0.4207147451547476 0.03591713538536659 0.0351710686316857
0 0.9733032813439002 0.7381980602557843 0.015776414137620192 0.015779641958383415
0 0.8697729110717773 0.40618184896615833 0.017035704392653245 0.01662591787484976
0 0.25790911454420823 0.14106659705822283 0.041565968440129206 0.04191701228802021
0 0.4201933787419246 0.9764484258798453 0.01958289513221154 0.01958891061636118
0 0.010938699428851787 0.5137345974261944 0.017672653381641094 0.01857904287484976
0 0.31995303814227766 0.11327446424044095 0.01972477252666767 0.019764203291672926
0 0.698539293729342 0.0418319977246798 0.02281805185171274 0.022707849740982056
0 0.06899834137696487 0.7120816157414362 0.03381244035867544 0.034294421856219955
0 0.48575093195988583 0.31963942601130557 0.01609626183143029 0.015900465158315804
0 0.3611764174241286 0.24463409643906814 0.020388676570012018 0.020554285783034105
0 0.37592077255249023 0.9228505354661208 0.06349974412184495 0.06310594998873197
0 0.2983493988330548 0.34836893815260667 0.020856527181772087 0.020755621103140023
0 0.2829435605269212 0.1651448836693397 0.01631615712092473 0.016444646395169772
0 0.919156001164363 0.1069104212981004 0.021590599646935098 0.021683527873112604
0 0.7450970869797927 0.17702784905066857 0.022524613600510817 0.022771468529334433
0 0.891064717219426 0.42200462634746844 0.02959266075721154 0.030029737032376803
0 0.8504180908203125 0.7075650141789362 0.018512579110952523 0.018574054424579326
0 0.6429456564096304 0.34574075845571667 0.02036901620718149 0.020311502309945915
0 0.8598232269287109 0.3815487348116361 0.01998754648061899 0.019992534930889424
0 0.15126481423011193 0.2003775926736685 0.05757306172297551 0.057609814863938555
0 0.945561042198768 0.4984684724074144 0.02191338172325721 0.021796153141902044
0 0.5201602715712327 0.07099614693568303 0.0168764407818134 0.01682259486271785
0 0.01824763875741225 0.9461997105525091 0.033158609500298135 0.03820184560922476
0 0.24767809647780198 0.7520181215726413 0.015726456275353067 0.015770545372596152
0 0.33193060067983776 0.6066417327293983 0.09789043206434983 0.10248969151423527
0 0.5519636961129996 0.4436839543856107 0.017545626713679388 0.017731373126690205
0 0.5505710014930139 0.4249321130605844 0.014237330510066105 0.014363875755896935
0 0.891518079317533 0.7170936877910907 0.015290186955378605 0.015296642596905049
0 0.21202710958627555 0.6377140191885141 0.02568398989163912 0.025609383216271035
0 0.9428171011117789 0.6112137941213754 0.10854368943434495 0.11841928041898288
0 0.5027176416837252 0.8251539377065805 0.14922017317551833 0.13550215501051682
0 0.4693302741417518 0.2567744438464825 0.01673757112943209 0.016930103302001953
0 0.7696097447321966 0.4481625190147987 0.022478250356820915 0.02275877732496995
0 0.10227014468266414 0.07126363424154428 0.0191195928133451 0.01945644158583421
0 0.8290846898005559 0.4860981794504019 0.027417403001051683 0.02774201906644381
0 0.5374834354107196 0.3132514220017653 0.018663846529447116 0.0187225341796875
0 0.6265947635357196 0.9105163720937876 0.014879373403695913 0.014806747436523438
0 0.018374878626603346 0.23447000063382661 0.02614256051870493 0.028133465693547174
0 0.4487749980046199 0.3780527114868164 0.018068313598632812 0.018108661358173076
0 0.4418927706204928 0.552523319537823 0.031335097092848554 0.03113218454214243
0 0.9230643052321214 0.7767420548659104 0.04709082383375902 0.04749136704664964
0 0.909848139836238 0.6586223749014047 0.016177250788762018 0.01635434077336238
0 0.8487444657545823 0.2883919569162222 0.02400691692645733 0.024292358985314004
0 0.7247709127572867 0.3167754319997934 0.03216288639948918 0.03272599440354567
0 0.43801359029916614 0.26270804038414586 0.022143437312199518 0.02254904233492338
0 0.5886771495525653 0.8944369829618014 0.015563891484187199 0.016058995173527643
0 0.14681267738342285 0.37108582716721755 0.018942759587214544 0.01894804147573618
0 0.8073479579045222 0.8393042637751653 0.02353066664475661 0.023609161376953125
0 0.4259288494403546 0.23370599746704102 0.020494461059570312 0.020552928631122295
0 0.35777678856482875 0.6566832615778997 0.020285826462965745 0.019915360670823317
0 0.41924355580256534 0.8662950075589694 0.020482283372145433 0.020621079664963942
0 0.05530309218626756 0.21757096510667068 0.015031732045687161 0.015070291665884165
0 0.6646289091843826 0.4949962542607234 0.018326685978816107 0.01831502180833083
0 0.4951237165010892 0.25508524821354794 0.016633327190692607 0.016714169428898737
0 0.16554454656747672 0.24860638838547927 0.05207615632277269 0.05220193129319411
0 0.5566136286808894 0.6107901059664212 0.016587477463942308 0.016747694749098558
0 0.6875728460458609 0.5765601304861215 0.021982633150540866 0.022388751690204326
0 0.9358718578632061 0.6448128040020282 0.014948624830979567 0.015145521897536058
0 0.8326922196608323 0.4543232550987831 0.039862412672776446 0.039386602548452526
0 0.4602965574998122 0.327026000389686 0.013885938204251803 0.013938977168156551
0 0.491481194129357 0.7739303295428936 0.033555104182316706 0.03347616929274339
0 0.7237395506638747 0.29656593616192156 0.02219420212965745 0.022832430326021634
0 0.9877300262451172 0.7269706726074219 0.019213309654822715 0.023969503549429085
0 0.037639147960222684 0.6239672440748948 0.025489793373988226 0.02537712684044471
0 0.6860683147723858 0.34180553142841047 0.021191230187049277 0.021512985229492188
0 0.6941120441143329 0.13214621177086464 0.019374847412109375 0.019153338212233324
0 0.5367355346679688 0.8854488959679236 0.08779063591590294 0.08588204017052284
0 0.7001631810114934 0.2531431088080773 0.017534696138822116 0.01728373307448167
0 0.1256256470313439 0.07659167968309842 0.028335754687969502 0.02822898901425875
0 0.9018540749183068 0.6025043267470139 0.015805904681865986 0.01597749269925631
0 0.7702988844651443 0.7237233382004958 0.019648918738731973 0.019881761991060697
0 0.8065647712120643 0.5799598693847656 0.016314286452073317 0.01632837148813101
0 0.5976129678579477 0.17060657647939828 0.015250059274526743 0.015291140629695011
0 0.8171480618990384 0.22966366547804612 0.040729522705078125 0.03962003267728365
0 0.3094741381131686 0.7136698502760667 0.014532657770010142 0.014991173377403846
0 0.37873070056621844 0.12745610567239615 0.029745835524338942 0.02971368569594163
0 0.6162854708158053 0.31456756591796875 0.027589101057786208 0.027881493935218223
0 0.9134521484375 0.780919441810021 0.0296938969538762 0.0309451176570012
0 0.5310459136962891 0.689938838665302 0.014291616586538462 0.014338273268479567
0 0.04408939526631282 0.47686320084791917 0.022086730370154746 0.022727085993840143
0 0.832858525789701 0.20309059436504656 0.029432296752929688 0.02960381141075721
0 0.6976410792424128 0.514463681441087 0.02248558631310096 0.022726058959960938
0 0.9893330794114333 0.26151339824383074 0.013840015117938701 0.016406499422513522
0 0.8714320843036358 0.8310283514169546 0.018839909480168268 0.019212722778320312
0 0.04782984348443838 0.4793979204618014 0.028848712260906514 0.02845918215238131
