0 0.3537706228402945 0.7231492262620193 0.0657662611741286 0.06528003399188702
0 0.2844260655916654 0.31619710188645583 0.028359156388502855 0.028228007830106296
0 0.5315592839167669 0.37406261150653547 0.03448794438288762 0.03411953265850361
0 0.6856905130239633 0.49668158017672026 0.03360895010141226 0.03381846501277043
0 0.4272620127751277 0.5144314399132361 0.034969256474421576 0.035135709322415866
0 0.755706420311561 0.2516929186307467 0.020612569955679085 0.020572772392859824
0 0.39274120330810547 0.42981631939227766 0.02388418637789213 0.023704968965970553
0 0.6480416517991286 0.49595146912794846 0.031064400306114785 0.03129496941199669
0 0.3160700798034668 0.058774746381319486 0.020178721501277044 0.020240196814903848
0 0.606630435356727 0.4043725087092473 0.021991509657639723 0.022034645080566406
0 0.6018256407517654 0.6446019686185397 0.020358745868389424 0.020496515127328727
0 0.3853131807767428 0.6658270909236028 0.059448535625751205 0.05885608379657452
0 0.5118201329157903 0.5935845375061035 0.02128879840557392 0.02117501772367037
0 0.7713580498328576 0.278752143566425 0.02071409959059495 0.02085274916428786
0 0.6166662803063025 0.7141183706430289 0.02301450876089243 0.02314582237830529
0 0.6626645601712741 0.7210833476139948 0.022627610426682692 0.022582567655123197
0 0.6111383438110352 0.5608310332665076 0.016922143789438102 0.01669795696551983
0 0.3730479387136606 0.46509478642390323 0.0163876460148738 0.01631766099196214
0 0.6150231728186975 0.022902236534998968 0.018683653611403245 0.01861732739668626
0 0.7672885748056265 0.511779418358436 0.025734094473031852 0.025878466092623197
0 0.3099225851205679 0.7510973123403696 0.023178962560800407 0.023399939903846152
0 0.7111239800086389 0.38664106222299427 0.017105982853816107 0.017070623544546273
0 0.6188002366286057 0.05496410223153921 0.017753160916841947 0.01789413048670842
0 0.37757081251878005 0.6145152312058669 0.015578710115872897 0.01550762469951923
0 0.7683433385995718 0.9710819537823017 0.044573270357572116 0.04541719876802885
0 0.5277951313899114 0.15918177824753982 0.016446333665114183 0.01621577372917762
0 0.7343303240262545 0.9481770442082331 0.023757494412935697 0.02376380333533654
0 0.2941624934856708 0.7845322535588191 0.015198854299692007 0.015347847571739784
0 0.4918076441838191 0.4557983691875751 0.015917851374699518 0.016021728515625
0 0.4543977150550255 0.3332180610069862 0.015084193303034855 0.015246758094200721
0 0.546393871307373 0.9473648071289062 0.04871449103722206 0.04905260526216947
0 0.4345522660475511 0.8130097756019006 0.016022755549504206 0.01592283982496995
0 0.3296443499051608 0.5649408193734976 0.015602918771597056 0.015681927020733174
0 0.34369949194101185 0.48946512662447417 0.014836751497708835 0.014824940608097957
0 0.770237555870643 0.3719153037438026 0.020090836745042067 0.01972330533541166
0 0.7497788209181565 0.4842351033137395 0.03691013042743389 0.03689428476186899
0 0.6266124431903546 0.46053431584284854 0.015163715069110576 0.015105761014498197
0 0.7070658757136419 0.24421020654531625 0.016221266526442308 0.016637361966646634
0 0.47841684634868914 0.01602494143522703 0.016223614032451924 0.016445565682191115
0 0.5411926416250376 0.8046621909508338 0.014784152691180889 0.01486954322228065
0 0.6707342587984525 0.39944252601036656 0.014583587646484375 0.014510374802809495
0 0.5626438581026517 0.5288102076603816 0.014800145075871395 0.015008192795973558
0 0.35551122518686146 0.6623291602501502 0.06459727654090294 0.06496282724233773
0 0.7509246239295373 0.9482917785644531 0.015476813683143029 0.0157778813288762
0 0.6282378710233248 0.7626620806180514 0.043521734384390026 0.043455857496995196
0 0.7722545770498422 0.36088950817401594 0.01880645751953125 0.018406794621394232
0 0.5842610139113206 0.785957776583158 0.01609978309044471 0.016058701735276442
0 0.39767162616436297 0.6185720883882962 0.013784408569335938 0.01378019039447491
0 0.30238855802095854 0.7671287243182843 0.020618952237642728 0.020731999323918268
0 0.5196426831758939 0.6333552140455979 0.014558792114257812 0.014639047475961538
0 0.43885348393366885 0.4327391844529372 0.014908130352313701 0.014765592721792368
0 0.6624336242675781 0.16977167129516602 0.015085660494290866 0.014831909766564002
0 0.580562004676232 0.9579010009765625 0.016577500563401442 0.01674035879281851
0 0.3721103301415077 0.8569137866680439 0.014953246483435998 0.014856778658353366
0 0.6125683417687049 0.08432208574735202 0.014391092153695913 0.01437517312856821
0 0.4116362791794997 0.843453627366286 0.05008066617525541 0.05055383535531851
0 0.6756596198448768 0.6745727245624249 0.014712700477013221 0.014444057758037861
0 0.7635264029869666 0.7125682830810547 0.05665382972130409 0.06505408653846154
0 0.550503657414363 0.2931611171135536 0.013987467839167668 0.013901160313532902
0 0.5849624780508188 0.4335335217989408 0.01435558612530048 0.0142974853515625
0 0.6718871776874249 0.7944186283991888 0.018986628605769232 0.018754225510817308
0 0.6584438910851111 0.06232591775747446 0.014467972975510817 0.014655590057373047
0 0.5926593633798453 0.1254417346074031 0.014193461491511418 0.014190343710092397
0 0.5377018635089581 0.6386438516470102 0.014738156245304989 0.014928084153395433
0 0.7713777101956881 0.36725462399996245 0.022514489980844352 0.023966862605168268
0 0.6990026327279898 0.8249031947209284 0.022711533766526442 0.0228271484375
0 0.6732934805063101 0.412898430457482 0.013892540564903846 0.014085769653320312
0 0.5734650171720065 0.36414450865525466 0.013672241797814002 0.013659110436072716
0 0.5409677945650541 0.6163553824791541 0.013895915104792668 0.013570051926832933
0 0.24627003302940956 0.2618695405813364 0.013941324674166165 0.013944552494929386
0 0.649989861708421 0.709223380455604 0.018712410560021035 0.01889771681565505
0 0.26737330510066104 0.30145942247830904 0.013703126173753005 0.013694249666654147
0 0.5868331469022311 0.34156351823073167 0.013396189762995793 0.013640477107121395
0 0.2344198226928711 0.6063940341656024 0.013257356790395884 0.0132597409761869
0 0.3728516652033879 0.5107666162344126 0.013515545771672176 0.013404259314903846
0 0.29579995228694034 0.4702452146089994 0.013758659362792969 0.01363967015193059
0 0.7585849028367263 0.7488194245558518 0.06105540348933293 0.06152974642240084
0 0.4129505157470703 0.5971725904024564 0.013708701500525841 0.013746408315805288
0 0.6875359461857722 0.8101564554067758 0.022853998037484977 0.023035636314978965
