0 0.22802506960355318 0.49253001579871547 0.021464017721322868 0.021489363450270433
0 0.6216759314903846 0.032268831363091104 0.022943936861478366 0.023042174486013558
0 0.5049578593327448 0.9540477165809045 0.02329841026893029 0.023398766150841348
0 0.25155162811279297 0.24679227975698617 0.02925982842078576 0.029410508962777946
0 0.5716114777785081 0.011737965620481051 0.029216766357421875 0.02187157594240629
0 0.32982088969304013 0.1280658611884484 0.027943831223707933 0.028018474578857422
0 0.6306808178241436 0.5020344073955829 0.018611907958984375 0.018388674809382513
0 0.5229417727543757 0.7696500924917368 0.032527776864858776 0.03243064880371094
0 0.44362567021296573 0.22987758196317232 0.01912967975323017 0.019361495971679688
0 0.22626812641437238 0.24384737014770508 0.015939602485069863 0.01602018796480619
0 0.7694417513333834 0.8058534768911508 0.02063164344200721 0.02073053213266226
0 0.6099684788630559 0.8442101111778846 0.01650238037109375 0.01655402550330529
0 0.3568216103773851 0.9405000393207257 0.01689008566049429 0.01688414353590745
0 0.6400233048659104 0.9530897874098557 0.01809971149151142 0.01822633009690505
0 0.2267009294950045 0.2284240355858436 0.014779751117412861 0.015170940986046424
0 0.6618209251990685 0.974516355074369 0.033123016357421875 0.03310042161207933
0 0.7387159054095929 0.37035149794358474 0.015436759361853966 0.015420473538912259
0 0.2749818288362943 0.2375650405883789 0.014441856971153846 0.014728986299954928
0 0.22867675927969125 0.8235237415020282 0.015169583834134616 0.015319237342247596
0 0.4358685566828801 0.15386128425598145 0.02030666057880108 0.020363660959097054
0 0.6161689758300781 0.9210263765775241 0.01690824215228741 0.017136206993689902
0 0.2685697262103741 0.3574053690983699 0.01684731703538161 0.016909085787259616
0 0.7466908968411959 0.23310015751765326 0.022662969735952523 0.022663116455078125
0 0.4009847640991211 0.23546372927152193 0.015463462242713341 0.015488257774939904
0 0.44696653806246245 0.045869020315317005 0.014609850369966947 0.01472942645733173
0 0.7887992858886719 0.24245320833646333 0.0205233647273137 0.02028487278864934
0 0.6309131475595328 0.9813936673677884 0.03621350801908053 0.032369173490084134
0 0.4446926483741173 0.2516968066875751 0.02093791961669922 0.020902120150052585
0 0.42391131474421573 0.1851490094111516 0.022738310006948616 0.023050308227539062
0 0.6342408106877253 0.07125649543908927 0.02637481689453125 0.026312635495112494
0 0.6117820739746094 0.07961082458496094 0.014257137592022236 0.014260090314424954
