0 0.5621413084176871 0.8792130396916316 0.0565190682044396 0.05704938448392428
0 0.5612795903132513 0.9786520737868089 0.04175508939302885 0.03274990962101863
0 0.6155658135047326 0.8900169959435096 0.02422505158644456 0.024287884051983174
0 0.6797612263606145 0.48032580889188325 0.024171095628004808 0.023903259864220254
0 0.5593489133394681 0.8250410373394306 0.042032681978665866 0.04273077157827524
0 0.5965531422541692 0.5810399789076585 0.020085701575646035 0.020007940439077523
0 0.520438707791842 0.8986395322359525 0.034395584693321817 0.03473722017728365
0 0.6351275077232947 0.9132517301119291 0.04032589839054988 0.04110277616060697
0 0.6501088509192834 0.65740599999061 0.023077011108398438 0.023015829233022835
0 0.6513449595524714 0.5463757514953613 0.01824496342585637 0.018273426936222956
0 0.6374246157132663 0.6296910506028396 0.019310584435096152 0.018909454345703125
0 0.6046253351064829 0.9720786168025091 0.04874112055851863 0.046726226806640625
0 0.4821583674504207 0.9118485083946815 0.02348606403057392 0.023335970365084134
0 0.6861108633188101 0.8083871694711539 0.017094538762019232 0.017155573918269232
0 0.6236367592444787 0.7743583092322717 0.02054287837101863 0.02058249253493089
0 0.4697407575754019 0.8724952844473032 0.02834459451528696 0.028185477623572715
0 0.6889980756319486 0.9333635476919321 0.04057854872483473 0.043235485370342545
0 0.6544308295616736 0.8555923608633188 0.06479850182166466 0.06503692040076622
0 0.597357859978309 0.538392580472506 0.018810198857234076 0.018806017362154447
0 0.521172413459191 0.927523686335637 0.02827901106614333 0.028301092294546273
0 0.6389868076031024 0.566105842590332 0.02018400338979868 0.020113504849947415
0 0.6133070725661057 0.8411985544057993 0.019023601825420674 0.019234437208909255
0 0.5076503753662109 0.9709289257342999 0.05745858412522536 0.04505084111140324
0 0.6475906372070312 0.6904680545513446 0.01514889643742488 0.014928377591646634
0 0.6676178712111253 0.5549882008479192 0.015016115628756009 0.014568548936110277
0 0.6586080697866586 0.7305462910578802 0.017555823692908652 0.017438595111553486
0 0.628200677724985 0.7387868441068209 0.015345206627478966 0.015134664682241587
0 0.5529701893146222 0.8431507257314829 0.017112291776216947 0.016602589533879206
0 0.6658620100754958 0.9020603620089017 0.032125032865084134 0.03166418809157152
0 0.6308134519136869 0.5405690119816706 0.017197829026442308 0.016919062687800482
0 0.6390277422391452 0.7258431361271784 0.019485913790189303 0.0189511225773738
0 0.5107356584989108 0.885428942166842 0.05391766474797176 0.05543928879957933
0 0.6414037851186899 0.5670382426335261 0.023415198692908652 0.02314332815317007
0 0.6778050936185397 0.7274334247295673 0.015292681180513822 0.015151390662560096
0 0.6954369178185096 0.5084391373854417 0.015679579514723558 0.015482242290790264
0 0.5888471603393555 0.6443397815410907 0.017821678748497598 0.017745238084059495
