0 0.5187184994037335 0.6476558538583609 0.07175137446476863 0.07190014765812801
0 0.27733931174645055 0.8529925713172326 0.061541263873760514 0.06130130474384014
0 0.8139043954702524 0.05177253026228685 0.11772595919095553 0.09978490609389085
0 0.7210537837101862 0.5583093349750226 0.06466748164250301 0.06476593017578125
0 0.738068360548753 0.7525349396925706 0.04949511014498197 0.049459017240084134
0 0.7599769005408654 0.9525963709904597 0.030108818641075723 0.030068177443284255
0 0.5180409504817083 0.8591673924372747 0.029177445631760817 0.028873443603515625
0 0.3757762908935547 0.12507512019230768 0.04963390643780048 0.05021212651179387
0 0.45032743307260364 0.9063108884371244 0.060647230881911054 0.06101300166203426
0 0.31099546872652495 0.17767814489511344 0.027527754123394307 0.027366124666654147
0 0.4154207523052509 0.7620754975538987 0.022282820481520433 0.022456829364483174
0 0.6874848879300631 0.17747050065260667 0.04538873525766226 0.0452887461735652
0 0.38806966634897083 0.6427235970130334 0.0418237539438101 0.04133253831129808
0 0.620846674992488 0.8087043762207031 0.05139732360839844 0.05065829937274639
0 0.21822978900029108 0.5681214332580566 0.06039982575636644 0.061143728402944714
0 0.1541883945465088 0.4874233099130484 0.048114813291109525 0.04770953838641827
0 0.15392463023845965 0.6225896248450646 0.05264571996835562 0.05259557870718149
0 0.43139039553128755 0.3045319593869723 0.04204911452073317 0.042070865631103516
0 0.2276944747337928 0.45006399888258714 0.04324883681077223 0.04310270456167368
0 0.7268461080697867 0.669888423039363 0.027095207801231973 0.0271298335148738
0 0.5023262317364032 0.05329363621198214 0.0215301513671875 0.02147090435028076
0 0.3368349808913011 0.3660074013930101 0.020328375009390023 0.020347008338341348
0 0.4246813700749324 0.27634015450110805 0.045857869661771335 0.04644423264723558
0 0.41920170417198765 0.05679793999745296 0.017721176147460938 0.017658077753507175
0 0.8474574455848107 0.2570596474867601 0.050996046799879804 0.05083018082838792
0 0.3309734051044171 0.09180257870600773 0.030688652625450723 0.030739788825695332
0 0.26926671541654146 0.46236889178936297 0.03246178993811974 0.0325311514047476
0 0.46987592256986177 0.19931668501633865 0.03255873460036058 0.03256995861346905
0 0.31403570908766526 0.8357315063476562 0.03865242004394531 0.03826552170973558
0 0.15054051692669207 0.9727957798884466 0.049882081838754505 0.05157323983999399
0 0.6644589350773737 0.30231551023629993 0.15976718755868766 0.15811821130605844
0 0.6329080141507663 0.0073280844550866345 0.01665071340707632 0.013721872980778035
0 0.4751163629385141 0.6924026929415189 0.05846052903395433 0.05926234905536358
0 0.25873220883882964 0.7129664787879357 0.037982243757981524 0.038129366361177884
0 0.610678452711839 0.4758344063392052 0.02037532512958233 0.02032786149245042
0 0.3807086944580078 0.8677040980412409 0.03582470233623798 0.035649813138521634
0 0.5307946938734788 0.7144479017991286 0.0469664793748122 0.04680692232572115
0 0.5915256646963266 0.7814169663649339 0.05056982774000902 0.04892466618464543
0 0.6289988297682542 0.20312373454754168 0.07151603698730469 0.07103512837336613
0 0.6251442249004657 0.7492856979370117 0.043403918926532455 0.04368884746844952
0 0.39079798184908354 0.7111643277681791 0.04948880122258113 0.04980762188251202
0 0.6033463844886193 0.6920412503756009 0.08353380056527945 0.08149572519155648
0 0.19145411711472732 0.4960230313814603 0.037797194260817304 0.037895496074969955
0 0.29412192564744216 0.6971894777738131 0.022211808424729567 0.022004054142878607
0 0.7341516934908353 0.5898714799147385 0.015907874474158652 0.015877283536470853
0 0.7877242748553936 0.04678285580414992 0.017286153940054085 0.017351095493023213
0 0.6738078044011042 0.48634917919452375 0.018897863534780648 0.019072312575120192
0 0.6556857916025015 0.4632396697998047 0.04143304091233473 0.04173601590670072
0 0.6346513308011569 0.4262315309964694 0.0636599247272198 0.06458693284254807
0 0.4126111910893367 0.2282418654515193 0.03790136483999399 0.037175471966083236
0 0.3703447488638071 0.041825211965120755 0.027337294358473558 0.02798311526958759
0 0.2632955037630521 0.5594494159405048 0.03912918384258564 0.03916080181415264
0 0.43062283442570615 0.1504713113491352 0.020409070528470553 0.020396030866182767
0 0.4838051429161659 0.7469896169809195 0.019144351665790264 0.019246761615459736
0 0.8591645314143255 0.1812741573040302 0.03814961360051082 0.06459398453052227
0 0.5715007048386794 0.0648415547150832 0.02326209728534405 0.023129811653724082
0 0.18949422469505897 0.26677443430973935 0.02935640628521259 0.02910643357496995
0 0.6803025465745193 0.5287116124079778 0.01860383840707632 0.018783422616811898
0 0.2433620966397799 0.8168605657724234 0.03513600276066707 0.03445287851186899
0 0.4639741457425631 0.6527046056894156 0.01991404019869291 0.020418607271634616
0 0.3010380818293645 0.47479922954852766 0.033824994013859674 0.03371920952430138
0 0.17478183599618766 0.931338383601262 0.0368193112886869 0.03707328209510216
0 0.815691507779635 0.02596569978273832 0.016106532170222357 0.016035313789661113
0 0.29667025346022385 0.5105979625995343 0.01674795150756836 0.016583956204927884
0 0.8286336752084585 0.21319172932551458 0.040381211500901446 0.0407715577345628
0 0.3546282694889949 0.7323788129366361 0.016147906963641826 0.016230949988731973
0 0.291866082411546 0.44794427431546724 0.02594272906963642 0.025974493760329027
0 0.8374492938701923 0.7762561944814829 0.04341565645658053 0.04316799457256611
0 0.1386474370956421 0.711901591374324 0.027785337888277493 0.040777353140024036
0 0.7020705296443059 0.7059443547175481 0.025549961970402643 0.025511668278620794
0 0.7978822267972506 0.7194340045635517 0.04189858069786659 0.04180600092961238
0 0.1952057985159067 0.28763290551992565 0.032196338360126205 0.03344022310697115
0 0.1888885681445782 0.08902007799882156 0.020606114314152643 0.020355352988609902
0 0.8453633235051081 0.5056405801039475 0.044887542724609375 0.04535821767953726
0 0.25363940459031326 0.6863736372727615 0.026946654686560996 0.02700072068434495
0 0.7094769844642053 0.8709823168241061 0.06876974839430589 0.06666623629056491
0 0.6747384438147912 0.1398393465922429 0.02062357389009916 0.02053064566392165
0 0.7686042785644531 0.5896364358755258 0.06380330599271335 0.06621096684382512
0 0.3532895308274489 0.9821624755859375 0.040838388296274036 0.03280228834885817
0 0.8326248755821815 0.6449693533090445 0.03745357806865986 0.03743743896484375
0 0.5775862840505747 0.8496503829956055 0.017852049607496995 0.017972212571364183
0 0.5571375993581918 0.764697368328388 0.0542748524592473 0.05214881896972656
0 0.5959271284250113 0.050847191077012285 0.03062299581674429 0.03100384198702299
0 0.3171578554006723 0.8836009685809796 0.04144918001615084 0.04099479088416466
0 0.5884597118084247 0.5598788995009202 0.05547017317551833 0.05623810107891376
0 0.4541062575120192 0.007187645022685711 0.023045466496394232 0.013946517155720638
0 0.47040719252366286 0.09045595389146072 0.016942317669208232 0.016951927771935098
0 0.7521244929387019 0.3399982819190392 0.039161388690655045 0.03925763643704928
0 0.45155723278339094 0.84692933009221 0.04159472538874699 0.04142599839430589
0 0.3205908995408278 0.04175241635395931 0.024032446054311898 0.024091619711655837
0 0.32517521197979266 0.4065197797921988 0.01739780719463642 0.017481070298414964
0 0.46325544210580677 0.5076090739323542 0.07810079134427585 0.07504976712740384
0 0.3998406116779034 0.5261114560640775 0.05823861635648287 0.05806864224947416
0 0.3599114784827599 0.6091425969050481 0.0609133060161884 0.05850131695087139
0 0.7099717947152945 0.6437439551720252 0.02797552255483774 0.02783027062049279
0 0.2564268478980431 0.9759974846473107 0.04477816361647386 0.043206434983473554
0 0.31826041294978213 0.1298825557415302 0.01689910888671875 0.017032806689922627
0 0.8031693972074069 0.6240316537710336 0.039191025954026446 0.03988075256347656
0 0.5566541598393366 0.045113105040330156 0.02527339641864483 0.02496831462933467
0 0.2801639116727389 0.010792935123810401 0.016233370854304388 0.016134807696709268
0 0.24063977828392616 0.21381376339839056 0.028533275310809795 0.028958760775052585
0 0.20166952793414777 0.024060891224787787 0.020494754497821514 0.02028534045586219
0 0.6457054431621845 0.21947849713839018 0.0243685795710637 0.02358091794527494
0 0.24244123238783616 0.9061987950251653 0.022852750924917366 0.02264991173377404
0 0.26839256286621094 0.2995889920454759 0.01641082763671875 0.01638203400831956
0 0.13540762204390305 0.535403325007512 0.024186171018160306 0.028088129483736478
0 0.5762091049781213 0.6347848452054538 0.030519412114070013 0.030188633845402643
0 0.7635894188514123 0.6434085552509015 0.014941582312950721 0.01482684795673077
0 0.4948582282433143 0.3384123948904184 0.015112216656024639 0.014986331646259014
0 0.3448069645808293 0.5005973669198843 0.06713001544658954 0.06669778090256911
0 0.17175953204815203 0.5797543158897986 0.030954434321476862 0.03082737555870643
0 0.4057937768789438 0.5765922252948468 0.020524978637695312 0.020799783559945915
0 0.5545193598820612 0.7585398600651667 0.06323975783128005 0.06262016296386719
0 0.5567989349365234 0.0173430832532736 0.04284946735088642 0.03309860596290001
0 0.3420908267681415 0.03404830969296969 0.021685380202073317 0.022260216566232536
0 0.16253779484675482 0.45004888681265026 0.014566384829007663 0.014672646155724159
0 0.6542022411639874 0.7944601499117337 0.02249570993276743 0.022516397329477165
0 0.8648116038395808 0.5968820131742038 0.02214534466083233 0.024149014399601862
0 0.6283134313730093 0.44313786580012393 0.028766338641826924 0.028257443354679987
0 0.39318957695594203 0.09028485188117394 0.01772440396822416 0.0177310613485483
0 0.7288975348839393 0.7037528844980093 0.024439885066105768 0.024247096135066107
0 0.3636465072631836 0.832889776963454 0.03380716764009916 0.03430586594801683
0 0.6462553464449369 0.84375733595628 0.030281653771033652 0.030306009145883415
0 0.3460817337036133 0.20666668965266302 0.014030163104717549 0.01385813492995042
0 0.7161304767315204 0.5953024350679837 0.03143310546875 0.03190539433405949
0 0.3654201947725736 0.07618041680409358 0.04340861393855168 0.041921019554138184
0 0.33893365126389724 0.4887391603910006 0.04951785160945012 0.04767403235802284
0 0.14123979898599479 0.11139950385460487 0.01465454468360314 0.014741274026724009
0 0.6902028597318209 0.6693735122680664 0.017641214224008415 0.017523692204402044
0 0.24958208891061637 0.9377848551823542 0.028051119584303636 0.027636161217322715
0 0.7940665024977464 0.5458088654738206 0.021877582256610576 0.02137418893667368
0 0.28153133392333984 0.06107188188112699 0.017494935255784255 0.017399696203378532
0 0.3476613484896146 0.041020718904641956 0.01967936295729417 0.018742973987872783
0 0.6125935040987455 0.9608854147104117 0.034160614013671875 0.03430645282451923
0 0.31169931705181414 0.4174810556265024 0.019595879774827223 0.019977716299203727
0 0.759864880488469 0.9762202042799729 0.020065894493689902 0.020128690279447116
0 0.6573347678551307 0.6499419579139123 0.02868168170635517 0.028804485614483174
0 0.3438575084392841 0.14523834448594314 0.022009556110088643 0.022574681502122145
0 0.24180307755103478 0.07789084544548622 0.014122999631441556 0.014104256263146034
0 0.8045623485858624 0.8079126798189603 0.020108149601862982 0.020029801588792067
0 0.6839761000413161 0.2148285645705003 0.043262481689453125 0.04315889798677885
0 0.669922608595628 0.8148630582369291 0.025059333214393027 0.024232130784254808
0 0.8091344833374023 0.8388946239764874 0.041108204768254206 0.04029171283428486
0 0.1591329207787147 0.21578566844646746 0.016303319197434645 0.016453963059645433
0 0.6360271894014798 0.18889687611506537 0.017247420090895433 0.017227796407846305
0 0.33756465178269607 0.05997917285332313 0.023928055396446817 0.023936986923217773
0 0.8654353802020733 0.7982039084801307 0.014449192927433895 0.014757889967698317
0 0.2205210098853478 0.2704819899338942 0.01586495912992037 0.015740247873159554
0 0.39736164533174956 0.43569374084472656 0.015504176800067607 0.015438519991361178
0 0.3535301135136531 0.6078207309429462 0.04856182978703426 0.04831240727351262
0 0.5095598881061261 0.263240410731389 0.026773379399226263 0.026773526118351862
0 0.2554170535160945 0.4951465313251202 0.0312192623431866 0.03140405508188101
0 0.133575806250939 0.4052220858060397 0.013509126809927134 0.01362309089073768
0 0.780783433180589 0.9298179333026593 0.030182765080378607 0.03034547659067007
0 0.5802164077758789 0.07892974523397592 0.017746558556189902 0.018330207237830527
0 0.689537341778095 0.42816484891451323 0.030461237980769232 0.030515303978553183
0 0.3559535833505484 0.6324658027062049 0.01804835979755108 0.0177920414851262
0 0.24987327135526216 0.50677306835468 0.049676088186410755 0.051351107083834134
0 0.1589043690608098 0.8993855989896334 0.03993078378530649 0.04025180523212139
0 0.25742417115431565 0.793208489051232 0.020469152010404147 0.021015754112830527
0 0.3756813636192909 0.08686247238746056 0.01939978966346154 0.019257288712721605
0 0.5001901479867789 0.9398078918457031 0.05385178786057692 0.05335529033954327
0 0.6519177510188177 0.43241178072415865 0.029143406794621393 0.0282134276169997
