0 0.1548311893756573 0.6831438358013446 0.040660931513859674 0.04014939528245192
0 0.48470486127413237 0.14515990477341872 0.046875 0.0469672496502216
0 0.39868054023155797 0.945613641005296 0.02136655954214243 0.021518120398888223
0 0.6407636495736929 0.25889033537644607 0.023334796612079326 0.023375181051400993
0 0.07367652196150559 0.5074275456942045 0.02842989334693322 0.028949737548828125
0 0.2203044707958515 0.5968770247239333 0.018132099738487832 0.018180113572340745
0 0.8673171997070312 0.321748476762038 0.019823661217322715 0.019654273986816406
0 0.8767832242525541 0.6936403421255258 0.07995942922738883 0.08054586557241586
0 0.3535030438349797 0.35603989087618315 0.09689851907583383 0.09459561568040115
0 0.8256291609544021 0.780978276179387 0.11495443490835336 0.11439308753380409
0 0.22693380942711464 0.690145859351525 0.017543719365046576 0.01739986126239483
0 0.8720439030573919 0.9441757202148438 0.17242754422701323 0.11082077026367188
0 0.8442709996150091 0.021413246026405923 0.018903585580679085 0.0188939800629249
0 0.3179595653827374 0.5276341438293457 0.0950636496910682 0.09720780299260066
0 0.24556115957406852 0.6218494268564078 0.15677928924560547 0.1579416715181791
0 0.4824029482327975 0.4449608876154973 0.033557745126577526 0.03359017005333534
0 0.776297349196214 0.64905151954064 0.019049571110652044 0.019080528846153848
0 0.09036642771500808 0.4142872737004207 0.02329716315636268 0.023411970872145433
0 0.5081023803124061 0.4745239477891188 0.019319974459134616 0.019292317903958835
0 0.1851680828974797 0.3599360539362981 0.02925395965576172 0.029263863196739785
0 0.23100603543795073 0.8759806706355169 0.017548194298377402 0.017483344444861777
0 0.20668748708871695 0.6380694462702825 0.024193250215970553 0.024449568528395433
0 0.21212055132939264 0.7492822500375601 0.017038418696476862 0.01701193589430589
0 0.42679375868577224 0.02079751858344445 0.03260326385498047 0.0327798632475046
0 0.469903432405912 0.6077293982872596 0.01667301471416767 0.01656649662898137
0 0.15994961445148176 0.6516969387347882 0.020673311673677884 0.02062063950758714
0 0.05516154490984403 0.5611215004554162 0.019512589161212627 0.01939054635854868
0 0.9389435694767878 0.021965980529785156 0.04691505432128906 0.0415795399592473
0 0.0831305063687838 0.9169538204486554 0.01620929057781513 0.01645176227276142
0 0.08524688390585092 0.883206294133113 0.020322744662945088 0.020629002497746393
0 0.34587786747859073 0.13599426929767316 0.042177640474759616 0.04205050835242638
0 0.15791709606464094 0.8592165433443509 0.01652680910550631 0.01637854942908654
0 0.4658349110529973 0.18100975109980658 0.08475883190448467 0.0844714824969952
0 0.8210921654334435 0.27834609838632435 0.026600470909705527 0.026736993056077223
0 0.5542162748483511 0.19838461509117714 0.06479468712439904 0.06460204491248497
0 0.6259498596191406 0.14233723053565392 0.12461662292480469 0.12424692740807167
0 0.9013159825251653 0.02512668646298922 0.015596536489633413 0.015674766439657945
0 0.0550305751653818 0.9449377793532151 0.02475457925062913 0.025387690617487982
0 0.5353045830359826 0.10155754822951096 0.09194623506986178 0.09144518925593449
0 0.04807111850151649 0.6296493090116061 0.01336207756629357 0.021192403940054085
0 0.9347812946026142 0.8864596440241888 0.04598529522235577 0.07676520714393029
0 0.24685577245859 0.22026289426363432 0.07044440049391526 0.07146732623760517
0 0.7048370654766376 0.12751284929422232 0.09026806171123798 0.09117729847247784
0 0.6559126927302434 0.759914544912485 0.016396155724158652 0.016216571514423076
0 0.6613326439490685 0.3515431330754207 0.05657401451697716 0.05752380077655499
0 0.3750707186185397 0.12213340172400841 0.04524920536921574 0.04570957330557016
0 0.7581729888916016 0.9704140883225661 0.06124408428485577 0.0532073974609375
0 0.25741811899038464 0.9477352729210486 0.015956878662109375 0.01624474158653846
0 0.10096923204568717 0.7175522584181565 0.017699406697199896 0.018070367666391227
0 0.4338553868807279 0.3431850946866549 0.08445673722487229 0.08494061690110427
0 0.20969302837665266 0.9518406207744892 0.016555345975435697 0.01645836463341346
0 0.6566946323101337 0.9378239558293269 0.08136925330528846 0.08117294311523438
0 0.07378883545215313 0.7270211439866286 0.02031282278207632 0.020888108473557692
0 0.45511964651254505 0.28579262586740345 0.053125968346228965 0.05366387734046349
0 0.19118323692908654 0.6900964883657602 0.014030529902531551 0.014015784630408654
0 0.8340536264272836 0.5098509421715369 0.09103217491736779 0.09073081383338341
0 0.8581297214214618 0.039730924826401934 0.015180881206805889 0.015045645145269541
0 0.3796969927274264 0.26488648928128755 0.015102899991548978 0.015336843637319712
0 0.13270427630497858 0.4064097771277794 0.01439806131216196 0.014479270348182091
0 0.39971212240365833 0.41582632064819336 0.06693766667292668 0.06583778674785908
0 0.8714200533353366 0.5843337132380559 0.1437809283916767 0.14511401836688703
0 0.7079052558312049 0.7898467137263372 0.015056463388296274 0.014961536114032451
0 0.4932724879338191 0.39587761805607724 0.06871502216045673 0.06883430480957031
0 0.3460666583134578 0.8957323661217322 0.01612553229698768 0.01616052480844351
0 0.5196552276611328 0.8559426527756911 0.015562350933368389 0.015407268817608174
0 0.6774014693040115 0.7785477271446815 0.01836527310884916 0.018570973322941706
0 0.840422850388747 0.8926650560819186 0.015563671405498799 0.015538288996769832
0 0.8220984385563777 0.22285092793978178 0.015976685744065505 0.015880107879638672
0 0.8196018659151517 0.34022125831017125 0.014191260704627404 0.014206666212815505
0 0.11410378492795505 0.7800631889930139 0.14519597933842585 0.21201089712289664
0 0.48004836302537185 0.2667375711294321 0.08390529339130108 0.08190074333777794
0 0.40264015931349534 0.9775223365196815 0.017559565030611478 0.01775389451246995
0 0.8423541142390325 0.09762762143061711 0.014857218815730168 0.014668648059551533
0 0.7655134201049805 0.7468713613656851 0.014605448796198918 0.014798971322866587
0 0.09305966817415677 0.5749008472149189 0.018585791954627402 0.01862203157865084
0 0.08706157024090107 0.3665021749643179 0.015412000509408804 0.015472852266751803
0 0.4501467851492075 0.41033267974853516 0.04035054720365084 0.04093727698692909
0 0.8436908721923828 0.22725325364332932 0.017370957594651442 0.017516723045935996
0 0.6826363343458909 0.04268330794114333 0.12098532456618089 0.08221494234525241
0 0.3377417784470778 0.44316401848426235 0.16220897894639236 0.15676146287184495
0 0.9106751955472506 0.1741624245276818 0.019937661977914665 0.019916387704702523
0 0.4905672806959886 0.608337585742657 0.01439373309795673 0.014636626610389123
0 0.682399162879357 0.30785208482008714 0.03700667161207933 0.037642405583308294
0 0.22194921053372896 0.26099542471078724 0.11009135613074669 0.1082301506629357
0 0.2965386647444505 0.831051753117488 0.014257137592022236 0.014171893780048076
0 0.6498760810265174 0.10664046727693997 0.20661515455979568 0.20037449323214018
