0 0.3062001558450552 0.946440916794997 0.22017431259155273 0.10593003493088943
0 0.9083074422983023 0.4165349373450646 0.027753683236929085 0.02763498746431791
0 0.23764812029325044 0.41316582606388974 0.01941508513230544 0.019370299119215745
0 0.6366651975191556 0.47313822232759917 0.0332037118765024 0.03307900061974159
0 0.7721338272094727 0.6468918140117939 0.021833419799804688 0.021816840538611777
0 0.8612823486328125 0.5712856146005484 0.024476271409254808 0.024449788607083835
0 0.7321797884427584 0.5267758002647986 0.020799930279071514 0.020963081946739785
0 0.11711361775031456 0.48231337620661807 0.017232913237351637 0.01721961681659405
0 0.26536261118375337 0.0128803551197052 0.038795177753155045 0.024561904943906344
0 0.9183725210336539 0.7377075782189002 0.02065130380483774 0.020650716928335335
0 0.1755805382361779 0.75781983595628 0.02085395959707407 0.020915691669170674
0 0.8873494221613958 0.47537708282470703 0.01728395315317007 0.017346015343299277
0 0.8412179213303786 0.880677736722506 0.016997410700871393 0.016843355618990384
0 0.728611946105957 0.43666773576002854 0.024373274583082933 0.024143072275015023
0 0.9056531465970553 0.44107598524827224 0.017199296217698317 0.016960950998159554
0 0.06616756090751061 0.24021737392132098 0.021336032794072077 0.021376609802246094
0 0.3574080834021935 0.8061476487379807 0.019144351665790264 0.018961099477914665
0 0.9094314575195312 0.8533525466918945 0.017156014075646035 0.017143102792593148
0 0.44052446805513823 0.6938683436467097 0.015436319204477163 0.015613849346454326
0 0.47292305872990537 0.1725002802335299 0.05217801607572115 0.05183189648848314
0 0.8845186967116135 0.7886034158559946 0.021999065692608174 0.02197265625
0 0.7420335916372446 0.16324300032395583 0.015229151799128605 0.015439547025240384
0 0.8534801189716046 0.39775745685283953 0.015567486102764424 0.015744722806490384
0 0.6672658920288086 0.8497537466195914 0.027693675114558294 0.027839073768028848
0 0.1898635350740873 0.37186402540940505 0.015471715193528395 0.015346086942232572
0 0.620606569143442 0.4464726814856896 0.018574934739332933 0.01846445523775541
0 0.2118065357208252 0.6190591958852915 0.017772417802077074 0.01784313642061674
0 0.6610992138202374 0.5709992188673753 0.015519802386944111 0.015464415917029748
0 0.5730350934542142 0.26198874987088716 0.015105320857121395 0.014980756319486178
0 0.12443251793201153 0.7615729845487155 0.018918422552255485 0.01937264662522536
0 0.8957331730769231 0.14138789360339826 0.016097142146183893 0.016118929936335638
0 0.13265169583834135 0.7470426559448242 0.0209963505084698 0.020789953378530648
0 0.9287545130803034 0.03199997315040001 0.019423851600060098 0.019203910460838906
0 0.7617598313551682 0.5010064932016226 0.014566421508789062 0.014647850623497596
0 0.879371716425969 0.8103433755727915 0.01761773916391226 0.017319752619816706
0 0.6703017308161809 0.45517576657808745 0.018221048208383415 0.018204909104567308
0 0.7534891275259165 0.6104175127469577 0.014904315655048076 0.014668978177584134
0 0.09498443970313439 0.7783579459557166 0.01570551212017353 0.015503369844876803
0 0.8635570819561298 0.6681302877572867 0.014911064734825721 0.015068934513972355
0 0.6748967537513146 0.06661979051736686 0.013639450073242188 0.013524293899536133
0 0.4453737552349384 0.7569396679217999 0.04876386202298678 0.04831636868990385
0 0.09359976878532997 0.3502316108116737 0.014286463077251729 0.01429455096905048
0 0.34664315443772536 0.5539010121272161 0.06996815021221454 0.07045291020320012
0 0.1464788822027353 0.7304534912109375 0.017544104502751276 0.017532935509314902
0 0.5019841560950646 0.7123895791860727 0.0465236076941857 0.046661376953125
0 0.4964509377112755 0.8586364892812876 0.04669614938589243 0.046747647798978366
0 0.5849317403940054 0.1565378445845384 0.01453230931208684 0.014556481288029598
0 0.8804043256319486 0.7773585686316857 0.0148924314058744 0.013907799353966346
