0 0.7947543217585638 0.7672996520996094 0.042789459228515625 0.045626126802884616
0 0.7607906048114483 0.9692227290226862 0.06627053480881911 0.057181138258713946
0 0.3013739585876465 0.7921056013840896 0.041613138639009915 0.041561126708984375
0 0.6887184289785532 0.5135967548076923 0.03863231952373798 0.03831907419057993
0 0.7163771115816556 0.35245392872737 0.05048370361328125 0.05074457021859976
0 0.5488432370699369 0.36722931495079625 0.040197005638709433 0.04041569049541767
0 0.2624055789067195 0.26853245955247146 0.03026404747596154 0.0300137446476863
0 0.7729916205772986 0.85401124220628 0.03508318387545072 0.03524017333984375
0 0.48972713030301607 0.6087005321796124 0.027153748732346755 0.027190721951998197
0 0.6208820343017578 0.055253331477825456 0.02289614310631385 0.023039799470167894
0 0.3393873068002554 0.7706325971163236 0.02507635263296274 0.02513724107008714
0 0.7779428041898288 0.2907590866088867 0.028383695162259616 0.028499309833233174
0 0.5209889778724084 0.8924732208251953 0.02305940481332632 0.02310767540564904
0 0.19664802918067345 0.874572020310622 0.02728414535522461 0.030269329364483174
0 0.2341305659367488 0.3569316864013672 0.025421582735501803 0.025696534376878005
0 0.2847967514624962 0.964203614455003 0.019373673659104567 0.019505720872145433
0 0.3638163346510667 0.7348664357112005 0.022185692420372598 0.022051591139573317
0 0.6761247194730319 0.4810913892892691 0.024414649376502402 0.02419706491323618
0 0.4160631619966947 0.6944468571589544 0.020608021662785456 0.02063604501577524
0 0.6198021815373347 0.5413400943462665 0.022412520188551683 0.022475315974308893
0 0.3207412866445688 0.40595868917611927 0.018865511967585638 0.018997632540189303
0 0.6749814840463492 0.18887763756972092 0.036062974196213946 0.03643531065720778
0 0.6986729548527644 0.15987121141873872 0.022976508507361777 0.022842911573556755
0 0.6529815380389874 0.5603294005760779 0.01864477304311899 0.01860193105844351
0 0.717778572669396 0.4261357234074519 0.018765082726111777 0.018559382512019232
0 0.6241580522977389 0.08919904782221867 0.026793699998121995 0.026681203108567458
0 0.28890180587768555 0.29764094719519985 0.019511589637169473 0.019664984482985277
0 0.7686340625469501 0.6962510622464694 0.022239831777719352 0.02205966069148137
0 0.7994354688204252 0.7198123931884766 0.022043228149414062 0.02233431889460637
0 0.5816220870384803 0.48395299911499023 0.03307907397930439 0.03295619671161358
0 0.5313766919649564 0.4895610442528358 0.06683349609375 0.06774601569542518
0 0.31714512751652646 0.24283931805537298 0.018180993887094352 0.017934102278489333
0 0.36796987973726714 0.5514158835777869 0.019615320058969352 0.019786247840294473
0 0.7855889247013972 0.24412037776066706 0.02003625723031851 0.019980834080622747
0 0.7675734299879807 0.5107130637535682 0.023459801307091348 0.023606520432692308
0 0.23677701216477615 0.454987122462346 0.017385189349834736 0.017316744877741888
0 0.4423360824584961 0.26330307813791126 0.021279114943284255 0.02106761932373047
0 0.5675535568824182 0.8790132082425631 0.0229342533991887 0.022730313814603366
0 0.7332203204815204 0.7852718646709735 0.018283550555889424 0.01827093271108774
0 0.6574057065523587 0.716403080866887 0.0268402099609375 0.026574061467097357
0 0.5782918196458083 0.9633269676795373 0.020904687734750602 0.021180372971754808
0 0.42445982419527495 0.4689303178053636 0.023082586435171273 0.023186757014347956
0 0.23130453549898589 0.6969631635225736 0.023979847247783955 0.02420322711651142
0 0.5628585815429688 0.337247188274677 0.025942142193134014 0.02601924309363732
0 0.6900581946739783 0.6259048168475811 0.018733684833233174 0.018565838153545674
0 0.5866206976083609 0.45664523198054385 0.01886294438288762 0.018951562734750602
0 0.20631707631624663 0.1039724349975586 0.018067433283879206 0.018063765305739183
0 0.30765052942129284 0.01418913327730619 0.020217308631310098 0.020721476811629076
0 0.6817779541015625 0.7142969278188852 0.02062078622671274 0.020821351271409255
0 0.3126106629004845 0.9763902517465445 0.022694514347956732 0.022510528564453125
0 0.22136545181274414 0.2986990488492526 0.01852761782132662 0.018390875596266527
0 0.2852908647977389 0.5094233292799729 0.016755324143629808 0.01672231234036959
0 0.5262549473689153 0.4073121731097882 0.02337338374211238 0.023357538076547477
0 0.5920374210064228 0.1872702378493089 0.016811957726111777 0.016819073603703424
0 0.5943362896259015 0.2501437480633075 0.01781492966871995 0.017861072833721455
0 0.7123873783991888 0.12686694585360014 0.02309241661658654 0.02366040303156926
0 0.6980306918804462 0.7565109546367939 0.017725137563852165 0.017589275653545674
0 0.642081040602464 0.754855962900015 0.01898780235877404 0.01917120126577524
0 0.5631223458510178 0.9828585111177884 0.018476192767803486 0.018254646888146035
0 0.44765971257136417 0.44426672275249773 0.018813500037560098 0.018970709580641527
0 0.6342989848210261 0.5782902057354267 0.01610110356257512 0.016207474928635817
0 0.6552956654475286 0.27400944783137393 0.016719231238731973 0.016744173490084134
0 0.7555450292734 0.917628655066857 0.01955692584698017 0.019385264470027044
0 0.38261677668644833 0.7615594130295974 0.02009758582481971 0.020243424635667067
0 0.7190268589900091 0.6606979370117188 0.01659363966721755 0.016309004563551683
0 0.5911643688495343 0.6821902348445013 0.01767114492563101 0.017590742844801683
0 0.5657779620243952 0.8514752021202674 0.017555750333345853 0.017510047325721152
0 0.585441149198092 0.9303757594181941 0.022290596595177285 0.022611324603740986
0 0.4835674579326923 0.12048527827629676 0.016796258779672477 0.01668231303875263
0 0.3579764732947716 0.4586299015925481 0.016614473783052884 0.016614693861741286
0 0.4247441658606896 0.7965485499455378 0.02456833766056941 0.0247342036320613
0 0.7575143667367789 0.6548784696138822 0.01840943556565505 0.018535614013671875
0 0.6194771253145658 0.1889801758986253 0.016367545494666465 0.016361383291391227
0 0.5395264992347131 0.6202853276179388 0.02540104205791767 0.02545474125788762
0 0.49681678185096156 0.14062938323387733 0.017348656287560098 0.01725345391493577
0 0.7015264951265775 0.5443340448232797 0.021039669330303486 0.021217933067908652
0 0.6529593834510217 0.2904821175795335 0.019812950721153848 0.019623756408691406
0 0.770024666419396 0.18667224737314078 0.016475677490234375 0.016345794384296123
0 0.5102239021888146 0.20033950072068435 0.01966747870812049 0.01955831967867338
0 0.24109943096454328 0.7210636872511643 0.03262747251070463 0.03271146921011118
0 0.32065974749051607 0.2781555652618408 0.016260073735163763 0.0160979124215933
0 0.7455487618079553 0.9431801575880784 0.037729116586538464 0.03973388671875
0 0.43827489706186146 0.19119695516733023 0.08863236353947566 0.08730510564950797
0 0.6835759969858023 0.1346906148470365 0.01697672330416166 0.01705019290630634
0 0.7905016679030198 0.36635032066932094 0.019396855280949518 0.01965640141413762
0 0.4868920399592473 0.8197825505183294 0.019741645226111777 0.019411380474384014
0 0.2174539749438946 0.617108418391301 0.01582475808950571 0.015700560349684495
0 0.752619376549354 0.10003251295823318 0.019519219031700723 0.019416992480938252
0 0.5578192197359525 0.6126510913555439 0.016229922954852764 0.01610389122596154
0 0.2647111966059758 0.6986896074735202 0.04258456596961388 0.042509959294245794
0 0.4282075808598445 0.27778242184565616 0.017424876873309795 0.01723318833571214
0 0.6037424894479605 0.8234470807589017 0.020838590768667366 0.020980688241811898
0 0.4778158481304462 0.5081163186293381 0.016240780170147236 0.016193683330829326
0 0.4704264860886794 0.44867625603309047 0.020326981177696817 0.020430491520808294
0 0.42881166017972505 0.8132767310509315 0.026690923250638522 0.027240166297325723
0 0.4022574791541466 0.4596067942105807 0.019869364224947415 0.019805908203125
0 0.28761614285982573 0.72291322854849 0.016047954559326172 0.01587192828838642
0 0.6671478564922626 0.8296849177433894 0.016764127291165866 0.016571044921875
0 0.41539448958176833 0.6276927361121545 0.017827987670898438 0.018030313345102165
0 0.4385120685283954 0.7683121607853816 0.014715488140399639 0.015069814828725962
0 0.23168395115778997 0.7503405350905198 0.04220276612501878 0.04252536480243389
0 0.6442320897028997 0.6945805182823768 0.015269939716045674 0.015331855187049279
0 0.5529380211463342 0.6652484306922326 0.021694770226111777 0.021396636962890625
0 0.7026196993314303 0.8002015627347506 0.021872740525465745 0.02202474153958834
0 0.7918525108924279 0.7349799963144156 0.020504144521859977 0.02038735609788161
0 0.4796463893010066 0.26153698334327113 0.018540309025691107 0.018511845515324518
0 0.4853404118464543 0.6796785501333383 0.026717112614558294 0.026966975285456732
0 0.6083756960355319 0.7411902501032903 0.01667961707481971 0.016519693227914665
0 0.5418974803044245 0.6756983536940354 0.02133318094106821 0.02091525151179387
0 0.26095067537747896 0.6658238631028396 0.020900176121638372 0.020400854257436898
0 0.6554132608266977 0.41185643122746396 0.023713331956129808 0.024035086998572715
0 0.47690464900090146 0.8036102881798377 0.016798753004807692 0.017084855299729567
0 0.2351234325995812 0.43378199063814604 0.015323162078857422 0.015448350172776442
0 0.5127195945152869 0.04648141677563007 0.015311901385967549 0.015309828978318434
0 0.4636787267831656 0.7322750091552734 0.019139656653771035 0.019190274752103366
0 0.5809883704552283 0.7104082841139573 0.02049108651968149 0.02057060828575721
0 0.4503437922551082 0.9750822507418119 0.018504509559044473 0.018651522122896634
0 0.6122996256901667 0.13065290451049805 0.01696909390963041 0.017092191256009616
0 0.2147041284121 0.32164592009324294 0.015782759739802435 0.01612575237567608
0 0.37852272620567906 0.4106865662794847 0.015044579139122596 0.015059691209059495
0 0.6939060504619892 0.3865500230055589 0.034791799692007214 0.03517466325026292
0 0.3908218237069937 0.5568960629976712 0.02152875753549429 0.021999946007361777
0 0.506583360525278 0.414788869711069 0.020517569321852464 0.02061909895676833
0 0.6996558262751653 0.5785983892587515 0.016200432410606973 0.01619375669039213
0 0.5319641553438627 0.6882929435143104 0.015706722552959736 0.015233113215519832
0 0.7165062977717473 0.7034903306227464 0.023381600013146035 0.02283316392164964
0 0.3910229022686298 0.8064190791203425 0.023180081294133112 0.022997049184945915
0 0.1889808728144719 0.4414361807016226 0.014985157893254207 0.01595761225773738
0 0.674403557410607 0.052554231423598066 0.01653876671424279 0.016518171016986553
0 0.6258010864257812 0.3756839312039889 0.015141707200270433 0.014894925631009616
0 0.36780845201932466 0.9675005399263822 0.0153810060941256 0.01537308326134315
0 0.37099295396071214 0.9837086017315204 0.019524500920222357 0.01905089158278245
0 0.3818196149972769 0.5723246794480544 0.026584771963266227 0.02668138650747446
0 0.5547133959256686 0.2879497821514423 0.014785473163311299 0.014841446509728065
0 0.26211859629704404 0.45125711881197417 0.017769886897160456 0.018021656916691706
0 0.7389830075777494 0.5373903054457444 0.014910624577448918 0.014792075523963341
0 0.5618893549992487 0.9480799161470853 0.015320117657001201 0.015350928673377404
0 0.20396205095144418 0.9792754099919245 0.015363949995774489 0.015249105600210337
0 0.6526120259211614 0.06995602295948909 0.01665320763221154 0.0167159025485699
0 0.6578301649827224 0.16773179861215445 0.016049605149489183 0.016621516301081732
0 0.35046122624323917 0.09484419455895057 0.024548750657301683 0.024283775916466348
0 0.624175291794997 0.8298442547137921 0.016659076397235576 0.016767208392803486
0 0.7496042985182542 0.7567100524902344 0.015982994666466348 0.01624268751878005
0 0.29926586151123047 0.23940508182232195 0.019251309908353366 0.019250943110539362
0 0.6499824523925781 0.1531368218935453 0.016718350923978366 0.01682872038621169
0 0.5189949182363657 0.9831132888793945 0.015661239624023438 0.01592107919546274
0 0.3538225247309758 0.9614841021024264 0.016013145446777344 0.015678259042593148
0 0.5725279587965745 0.8098389552189753 0.016492623549241286 0.016178424541766826
0 0.5369176497826209 0.3961680485652043 0.018817681532639723 0.018397771395169772
0 0.3381988818828876 0.04008943300980788 0.028695326585036058 0.028431926782314595
0 0.5604764131399301 0.559487196115347 0.01614511930025541 0.016228162325345553
0 0.5202709344717172 0.3855127921471229 0.01635111295259916 0.016570164607121393
0 0.36305453227116513 0.9922858751737155 0.022672579838679388 0.0140531980074369
0 0.32872838240403396 0.022175990618192233 0.023369422325721152 0.022902708787184495
0 0.6978106865516076 0.6887091123140775 0.022042201115534857 0.022026648888221152
0 0.4133768448462853 0.7747947986309345 0.019485033475435697 0.019794757549579326
0 0.7461147308349609 0.26375568830049956 0.0159909174992488 0.016158324021559495
0 0.19687868998600885 0.7634109350351187 0.02639425717867338 0.02736634474534255
0 0.4667223416841947 0.351501831641564 0.014630464407113882 0.014850323016826924
0 0.1865215668311486 0.32269675915057844 0.014493722182053786 0.02420190664438101
0 0.6686674264761118 0.11583304405212402 0.0157315180851863 0.015945617969219502
0 0.5692828251765325 0.4309452497042142 0.015251599825345553 0.015201715322641226
0 0.696012937105619 0.3820784642146184 0.041482778695913464 0.042090195875901446
0 0.34940991034874547 0.6396755805382361 0.014207399808443509 0.014067136324368991
0 0.3159209398122934 0.3289189705481896 0.0148619138277494 0.014742777897761418
0 0.33943565075214094 0.84154539841872 0.01591344980093149 0.015855789184570312
0 0.23167076477637658 0.9904886392446665 0.018451874072735127 0.016399090106670674
0 0.6198896261361929 0.4749147708599384 0.01800698500413161 0.01821738023024339
0 0.4648973024808444 0.992894539466271 0.04457649817833534 0.01360321044921875
0 0.2930575150709886 0.1057975567304171 0.014838805565467248 0.014715139682476338
0 0.7107795568612906 0.8945704240065354 0.014810268695537861 0.015252920297475962
0 0.7067960592416617 0.940945551945613 0.02575507530799279 0.024813725398137018
0 0.5679925771859976 0.8238372802734375 0.01574244866004357 0.015825418325570915
0 0.21577101487379807 0.5608264116140512 0.014231094947228065 0.014379427983210636
0 0.1974771939791166 0.8111628752488357 0.01445784935584435 0.014568915733924279
0 0.7137011014498197 0.6098597599909856 0.015046339768629808 0.01506820091834435
0 0.6202379373403696 0.8175193346463717 0.01771413362943209 0.016662157498873197
0 0.23466262450585 0.7436589461106521 0.035104604867788464 0.03568311838003305
0 0.44690983112041766 0.5722465515136719 0.01867220951960637 0.018999613248384915
0 0.21572303771972656 0.4746115024273212 0.014186785771296574 0.014388157771183895
0 0.7068210014930139 0.49529823890099156 0.014349717360276442 0.014614618741548978
0 0.7973547715407151 0.14228041355426496 0.01578375009390024 0.015707639547494743
0 0.49608784455519456 0.9078989762526292 0.016095674954927884 0.016483306884765625
0 0.6041393280029297 0.21707300039438102 0.014305848341721755 0.014159642733060397
0 0.7107141934908353 0.6733848865215595 0.015495887169471154 0.015477693997896634
0 0.5462579727172852 0.7162847518920898 0.01579563434307392 0.01623050983135517
0 0.59161193554218 0.6949589069073017 0.015092262854942909 0.015654343825120192
0 0.35144703204815203 0.5802407264709473 0.014418968787560096 0.014464818514310397
0 0.6170717386099008 0.8393575228177584 0.014610620645376353 0.01454925537109375
0 0.22922486525315505 0.9113443814791166 0.01555340106670673 0.015842291025015023
0 0.5391767575190618 0.9387337611271784 0.014258384704589844 0.014330350435697116
0 0.5461119138277494 0.5188834117009089 0.030886430006760817 0.03053430410531851
0 0.4191884260911208 0.09047385362478402 0.014307975769042969 0.014182494236872746
0 0.4775199890136719 0.7060963557316706 0.014644622802734375 0.014627016507662259
0 0.6716692997859075 0.16974764603834885 0.014517857478215145 0.015018609853891226
0 0.34226534916804385 0.04362969215099628 0.03702002305250902 0.03490939507117638
0 0.20189934510451096 0.7158622741699219 0.03820052513709435 0.052098787747896634
0 0.31482579157902646 0.7198788569523737 0.01427929217998798 0.01433548560509315
0 0.4113002923818735 0.7726007608266977 0.02270229046161358 0.022313338059645433
0 0.19957883541400617 0.7600927352905273 0.028670017535869893 0.029506096473106973
0 0.612208366394043 0.945992689866286 0.015408882727989784 0.015796074500450723
0 0.712057847243089 0.937233411348783 0.019749861497145433 0.019406245304987982
0 0.6052242792569674 0.33773480928861177 0.01923539088322566 0.019314986008864183
0 0.7278803311861478 0.6159645960881159 0.014046889085036058 0.01405191421508789
0 0.4804556919978215 0.7005704733041617 0.021608939537635215 0.023068061241736777
0 0.7062598008375901 0.9627414116492639 0.03574356665978065 0.036071483905498795
0 0.6921106485220102 0.984579453101525 0.038178663987379804 0.027877367459810697
0 0.6104452426616962 0.27570502574627215 0.014537957998422476 0.014618616837721605
0 0.2273420553940993 0.326904296875 0.01392225118783804 0.013988641592172476
0 0.3633560033944937 0.6740836363572341 0.015343152559720553 0.015395824725811299
0 0.48403453826904297 0.6969981560340295 0.01638163053072416 0.0172122075007512
0 0.23194184670081505 0.1551072230705848 0.014123623187725361 0.01423476292536809
0 0.7840967911940354 0.8353030131413386 0.016979510967548076 0.017073704646183893
0 0.6756401062011719 0.2938614808596097 0.013809790978064904 0.013875667865459736
0 0.7651530045729417 0.7304524641770583 0.015573648306039663 0.015603285569411058
