0 0.16338471265939566 0.648913310124324 0.16378461397611177 0.1663029010479267
0 0.5535473456749549 0.7473832643949069 0.03858272845928486 0.038382310133713946
0 0.2973421353560228 0.242706115429218 0.11232570501474234 0.11401220468374398
0 0.6505698424119216 0.21807410166813776 0.09192320016714242 0.094147095313439
0 0.5097234799311712 0.7289745624248798 0.036051163306603067 0.0359808114858774
0 0.5967478385338416 0.7812363551213191 0.03531984182504507 0.03527509249173678
0 0.41157153936532825 0.3010826844435472 0.0663004655104417 0.06651643606332633
0 0.319669430072491 0.8251287020169772 0.06147685417762169 0.06182597233698918
0 0.6797414192786584 0.9827047494741586 0.03390634976900541 0.03113731971153846
0 0.5720704518831693 0.5708144261286809 0.03366866478553185 0.03376902066744291
0 0.8820323210496169 0.01810581638262822 0.0557099855863131 0.034450879463782676
0 0.6980176338782678 0.5334236071659968 0.07785474337064303 0.07848013364351712
0 0.20271770770733172 0.17235310261066145 0.07245863400972806 0.07289534348707932
0 0.8525235102726862 0.2715103809650128 0.024044917179987982 0.024003028869628906
0 0.8618078965407151 0.34510377737192005 0.05100925152118389 0.05046932513897236
0 0.8735477740948017 0.20139125677255484 0.024607438307542067 0.024535325857309196
0 0.124572203709529 0.2220753523019644 0.029554000267615683 0.02976226806640625
0 0.6449596698467548 0.2687232310955341 0.02372140150803786 0.023812367365910456
0 0.9520812401404748 0.11683975733243503 0.02353829603928786 0.0234371698819674
0 0.023062981092012845 0.9138532051673303 0.026363822130056527 0.02637657752403846
0 0.3804476811335637 0.9682762439434345 0.030906017010028545 0.031106215256911058
0 0.4859749720646785 0.5873102774986854 0.025495089017427884 0.025835477388822116
0 0.9442637516902044 0.3869729775648851 0.020739628718449518 0.021065418536846455
0 0.3373264899620643 0.7959789862999549 0.03455206064077524 0.03478681124173678
0 0.03002379949276264 0.8842635521521935 0.021446393086360052 0.02172704843374399
0 0.8003337566669171 0.8302403963529147 0.04359993567833534 0.04388163639948918
0 0.20062387906588042 0.9352725102351263 0.028139517857478216 0.028147477370042067
0 0.16949637119586652 0.7895138080303485 0.021691579085129958 0.021609673133263223
0 0.06384479541044968 0.2877076038947472 0.020619750022888184 0.020583042731651895
0 0.8893560262826773 0.3989782700171837 0.049903576190655045 0.05114071185772236
0 0.06603651780348557 0.765463608961839 0.044188462770902194 0.04363544170673077
0 0.2463988891014686 0.830683341393104 0.03262483156644381 0.0327447744516226
0 0.9665106259859525 0.06504433888655442 0.02114560053898738 0.021326560240525465
0 0.7842119657076322 0.46855493692251354 0.04667120713454027 0.04674735436072716
0 0.32291577412531924 0.8605114129873422 0.026779761681189902 0.026665760920597956
0 0.20980013333834135 0.4396825937124399 0.02376842498779297 0.023976839505709134
0 0.2626065474290114 0.6538304548997146 0.03073890392596905 0.030617640568659857
0 0.10441972659184383 0.34897892291729266 0.02093659914456881 0.020966309767503005
0 0.17448709561274603 0.4133195143479567 0.03166983677790715 0.03193803933950571
0 0.9023242363562951 0.7237016237699069 0.03396313007061298 0.03401389488807091
0 0.9658321967491736 0.7617944570688101 0.045028979961688705 0.046883803147536054
0 0.2509896388420692 0.38353912646953875 0.02362196262066181 0.023411677433894232
0 0.7593355912428635 0.7963149730975811 0.030095907358022835 0.030188340407151442
0 0.08881150759183444 0.7103466620812049 0.019542877490703877 0.019873399000901442
0 0.9067299182598407 0.43001651763916016 0.052040393535907455 0.05263255192683293
0 0.15570680911724383 0.8183662707989032 0.0296172362107497 0.029598529522235576
0 0.618743162888747 0.3897469960726224 0.19194826712975135 0.1977401880117563
0 0.10979168231670673 0.5472261722271259 0.12016776891855094 0.12166698162372296
0 0.9090621654803936 0.4817638397216797 0.04605249258188101 0.0459742912879357
0 0.5389088850754958 0.5380096435546875 0.021579155555138223 0.02174538832444411
0 0.05924027699690599 0.7079766346858098 0.042783682162945084 0.04294630197378305
0 0.46248630376962513 0.5168542128342849 0.018621297983022835 0.01842946272629958
0 0.7474806858943059 0.7737175868107722 0.024298447829026442 0.0243222163273738
0 0.9824171799879807 0.28144572331355167 0.01775638873760517 0.022727379432091348
0 0.9798702826866736 0.22067007651695839 0.02234620314378005 0.02780613532433143
0 0.9676403632530799 0.4731084383451022 0.04252022963303786 0.04459997323843149
0 0.577758605663593 0.09618680293743427 0.020094798161433294 0.020079759451059196
0 0.37277592145479643 0.9900015317476712 0.0174863521869366 0.015869727501502402
0 0.396847834953895 0.3774957290062538 0.018596722529484674 0.018549699049729567
0 0.27422618865966797 0.6046309104332557 0.020895737868088942 0.021134156447190505
0 0.13737305311056283 0.0446747220479525 0.03599032988915077 0.03589909810286302
0 0.2566211407001202 0.1307516648219182 0.058887481689453125 0.05905562180739183
0 0.22624608186575082 0.9093488546518179 0.02082666983971229 0.020689744215745192
0 0.08905221865727352 0.7391175490159255 0.024005303016075723 0.02390289306640625
0 0.3208626233614408 0.9131302466759315 0.02936067947974572 0.02905728266789363
0 0.5013756018418533 0.2171010054074801 0.05509486565223107 0.05792643473698543
0 0.5675003711993878 0.19829977475679839 0.016971734853891227 0.016962564908541165
0 0.06582414186917819 0.6509260030893179 0.04131196095393254 0.04131537217360277
0 0.2220917114844689 0.49113277288583607 0.018845484806941107 0.018931022057166465
0 0.4402618408203125 0.3454785713782677 0.055342600895808294 0.05417647728553185
0 0.8185137235201322 0.16847551785982573 0.01766234177809495 0.017864520733173076
0 0.417693358201247 0.6113734612098107 0.016160011291503906 0.016001774714543268
0 0.6654340303861178 0.6903324127197266 0.016048724834735576 0.015963040865384616
0 0.592127066392165 0.7233292506291316 0.02651067880483774 0.026332268348106973
0 0.20865090076739973 0.18017508433415338 0.021292833181527946 0.02044090857872596
0 0.13160602863018328 0.7960401681753305 0.02296246015108549 0.02292501009427584
0 0.19755976016704851 0.9885944219735953 0.015475860008826623 0.014631711519681491
0 0.07574318005488469 0.41672218762911284 0.02598711160513071 0.026546184833233174
0 0.7197745396540716 0.8019260993370643 0.025803786057692308 0.025797330416165866
0 0.5967297187218299 0.06053316593170166 0.051237839918870196 0.05191405002887432
0 0.9670769618107722 0.6976476816030649 0.04224410423865685 0.04394208467923678
0 0.8302591764009916 0.539543995490441 0.03939613929161659 0.039437440725473255
0 0.015613152430607723 0.9921471522404597 0.014413801523355337 0.013573279747596154
0 0.9404179499699519 0.5076493116525503 0.04669042733999399 0.04746517768272987
0 0.7939257988562951 0.9730475499079778 0.018032367412860576 0.01799319340632512
0 0.9830524738018329 0.7248624654916617 0.013057708740234375 0.01805877685546875
0 0.3243707510141226 0.7524590125450721 0.04413911012502817 0.04413516704852764
0 0.09959565676175632 0.06899409110729511 0.019400303180401143 0.019720957829402044
0 0.7284214313213642 0.08052918544182411 0.026717259333683893 0.027040426547710713
0 0.8315643897423377 0.2206256756415734 0.037204742431640625 0.03729413105891301
0 0.8148061312161959 0.3564629921546349 0.01625677255483774 0.016355074368990384
0 0.24843835830688477 0.19295674103956956 0.03318221752460186 0.03378596672644982
0 0.8720256365262545 0.37172805345975435 0.036754461435171276 0.03764812762920673
0 0.21388756311856782 0.7628565568190354 0.015957355499267578 0.015890121459960938
0 0.45673869206355167 0.6778989938589243 0.015321731567382812 0.01528461162860577
0 0.5929213303786057 0.6973940042349008 0.01648888221153846 0.01653113731971154
0 0.6656874143160306 0.6316011868990384 0.015188363882211538 0.015172371497521034
0 0.9339640690730169 0.1985185696528508 0.016551384559044473 0.01641559600830078
0 0.396083795107328 0.8881674546461839 0.044456848731407754 0.045625539926382214
0 0.6574467879075271 0.517118894136869 0.06624221801757812 0.06460219163161057
0 0.5261324368990384 0.5023670930128831 0.046044423029972956 0.04517445197472206
0 0.22054100036621094 0.8744732049795297 0.02155003180870643 0.02197603078988882
0 0.25556545991163987 0.617483872633714 0.01831216078538161 0.018599290114182692
0 0.8555053564218374 0.8136614285982572 0.040049186119666465 0.040311960073617786
0 0.08577057948479286 0.8689862764798678 0.015220220272357646 0.015542690570537861
0 0.025478411179322463 0.07925325173598069 0.0161551466354957 0.015879259659693792
0 0.5775334284855769 0.22352027893066406 0.05719962486853966 0.05692217900202824
0 0.445774665245643 0.992871357844426 0.025051263662484977 0.013158358060396634
0 0.7593092551598182 0.49742603302001953 0.022501725416917067 0.02279076209435096
0 0.11433229079613319 0.7301352574275091 0.02284660706153283 0.02301817673903245
0 0.8404059776893029 0.5007576575646033 0.03437130267803486 0.0346837410560021
0 0.8815188774695764 0.8798929361196665 0.01628905076246995 0.016390873835637018
0 0.8703586138211764 0.1073907522054819 0.019317040076622598 0.0192412963280311
0 0.02218481210561899 0.6247060482318585 0.01648996426508977 0.016524094801682692
0 0.7468440716083233 0.9513370807354267 0.0365147223839393 0.036598499004657455
0 0.12379185970012958 0.9906379993145282 0.029492598313551683 0.0176388667179988
0 0.43698886724618763 0.8717071093045748 0.031514534583458535 0.031441028301532455
0 0.4320383805495042 0.3767390617957482 0.03842735290527344 0.03834210909329928
0 0.3029312353867751 0.9309887519249549 0.030936167790339544 0.030890831580528848
0 0.03893730273613563 0.31001850274892956 0.03514874669221731 0.03523863278902494
0 0.24166545501122108 0.7462614499605619 0.01977964547964243 0.019686772273137018
0 0.14362164644094613 0.9881233068612906 0.020783717815692607 0.019377928513746995
0 0.26281015689556414 0.7730401846078726 0.020407456618088942 0.020457634559044473
0 0.561337397648738 0.3122220772963304 0.16292513333834135 0.1644130853506235
0 0.12919487402989313 0.8585130251370944 0.015389442443847656 0.015359144944411058
0 0.39945008204533505 0.08744481893686148 0.01785762493426983 0.017730712890625
0 0.7531707470233624 0.8414451158963717 0.0171816899226262 0.017325768103966348
0 0.933245585514949 0.3189492959242601 0.01754144521859976 0.017423629760742188
0 0.7845636514516977 0.3109024488008939 0.022126417893629808 0.021977332922128532
0 0.6921870158268855 0.1438447512113131 0.03168428861177885 0.031832108130821817
0 0.2736007250272311 0.9387788772583008 0.02291140189537635 0.022901535034179688
0 0.14921104907989502 0.8733812478872446 0.02927686617924617 0.029724267812875602
0 0.5905839479886569 0.6227127955510066 0.015478867750901442 0.015555491814246545
0 0.0883030524620643 0.47538456550011265 0.0186765010540302 0.01865276923546424
0 0.2337632912855882 0.9837892238910382 0.019689413217397835 0.019683984609750602
0 0.16452847994290865 0.6808361640343299 0.01865108196551983 0.018779461200420674
0 0.4813814896803636 0.8755855560302734 0.0159915043757512 0.015902592585637018
0 0.21138869799100435 0.5696224799522986 0.08267916165865384 0.08255415696364182
0 0.48128564541156477 0.30588725896982044 0.05723916567288912 0.05687720959003155
0 0.6457881927490234 0.23689046272864708 0.020703682532677285 0.020157593947190505
0 0.2218456268310547 0.05167992298419659 0.10209332979642428 0.09858401005084698
0 0.4142875671386719 0.9274928753192608 0.022546914907602165 0.022918114295372598
0 0.841107441828801 0.9291671606210562 0.019269209641676683 0.018812179565429688
0 0.9797946489774264 0.6263196651752179 0.01900144723745493 0.03088232187124399
0 0.1912360924940843 0.8060254317063552 0.033770194420447715 0.033979562612680286
0 0.31664100060096156 0.48264151353102464 0.043510143573467545 0.043195284329927884
0 0.304429842875554 0.3879260283250075 0.0815432255084698 0.0825818868783804
0 0.6073442605825571 0.6067072428189791 0.014932045569786659 0.014990879939152645
0 0.16370182770949143 0.9178708883432242 0.037666724278376654 0.03812892620380108
0 0.1513999975644625 0.9179840087890625 0.01609006294837365 0.016094207763671875
0 0.2254962921142578 0.2230970676128681 0.05340737562913161 0.05284720200758714
0 0.15064094616816595 0.8000433995173528 0.013889789581298828 0.014159275935246395
0 0.31721797356238735 0.49122414222130406 0.05279042170597957 0.05555857144869291
0 0.9234211261455829 0.7548295534574069 0.04777174729567308 0.049452561598557696
0 0.1029511598440317 0.26668442212618315 0.014758770282451924 0.014689298776479868
0 0.9749379524817834 0.6750266735370343 0.028368583092322715 0.04109397301307091
0 0.36797171372633714 0.8858145933884841 0.02081020061786358 0.020663628211388223
0 0.21801222287691557 0.392056941986084 0.01884904274573693 0.0185239498431866
0 0.08608530117915227 0.7812045170710638 0.014722622357881986 0.014725318321814904
0 0.25794390531686634 0.5311602078951322 0.014922875624436598 0.014887296236478366
0 0.9792180428138146 0.5298084112314078 0.01947916471041166 0.02375177236703726
0 0.08909808672391452 0.03479157044337346 0.015352872701791616 0.01495674940255972
0 0.814063732440655 0.9127448888925406 0.02243775587815505 0.022455802330603965
0 0.22655476056612456 0.8959105564997747 0.014695827777569111 0.014419995821439303
0 0.09905734428992638 0.43871267025287336 0.017323640676645134 0.017427884615384616
0 0.08980978452242337 0.3668196751521184 0.021081300882192757 0.021418351393479567
0 0.27719987355745757 0.8038780505840595 0.03240805405836839 0.03294724684495192
0 0.021219248955066387 0.8074700282170222 0.017256598059947673 0.017418494591346152
0 0.7135615715613732 0.9495409451998197 0.05806292020357572 0.05877846937913161
0 0.11215256727658786 0.3014857585613544 0.01817499674283541 0.018290593073918268
0 0.6628307929405799 0.6716545545137845 0.01681063725398137 0.016757671649639424
0 0.6957061474139874 0.16741648087134728 0.026224576509915866 0.02637925514808068
0 0.027988241269038275 0.038477219068087064 0.04513833155998817 0.07639406277583195
0 0.8290437551645132 0.7946712053739108 0.027523921086237982 0.027410213763897236
0 0.3861378889817458 0.7742110032301682 0.05615439781775841 0.05379398052509014
0 0.017379802006941576 0.8571834564208984 0.014718046555152306 0.014767720149113582
0 0.9220927311823919 0.7609220651479868 0.04010684673602764 0.03882804283728966
0 0.07802631304814266 0.33788666358360875 0.01627915180646456 0.016336734478290264
0 0.036013163053072415 0.6668626345120944 0.026036721009474535 0.02699426504281851
0 0.8518440540020282 0.9230987842266376 0.031204663790189303 0.029242295485276442
0 0.2973507367647611 0.9777749868539664 0.03803341205303486 0.03765370295597957
0 0.31648995326115537 0.389249508197491 0.01815518966087928 0.01764840346116286
0 0.7046014345609225 0.19917845726013184 0.02809729942908654 0.02814769744873047
0 0.6335510840782752 0.7022399168748122 0.014581240140474759 0.014654452984149639
0 0.40455113924466646 0.7840372232290415 0.019684571486253005 0.019852564885066107
0 0.7864214823796198 0.04887164097565871 0.03011468740609976 0.03058965389545147
0 0.030705151649621818 0.4136787561269907 0.016667178043952353 0.016666118915264424
0 0.23569400493915266 0.8860990817730243 0.013921444232647236 0.014379061185396634
0 0.01240226855644813 0.43516947672917294 0.011690245224879338 0.015938245333158053
0 0.13089812718904936 0.7826812450702374 0.015205933497502254 0.015156379112830529
0 0.6838428790752704 0.3020584766681378 0.029229384202223558 0.028817103459284857
0 0.21460883434002215 0.9920855302077073 0.01930992419903095 0.014231168306790866
0 0.19591149917015663 0.2640900978675255 0.02223631051870493 0.021875968346228965
0 0.43996055309589094 0.2587086604191707 0.0453495612511268 0.04684653648963341
0 0.19303178787231445 0.8245073465200571 0.013793725233811598 0.0132444821871244
0 0.2501887541550856 0.04247794243005606 0.015180220970740685 0.015310342495258037
0 0.6446524399977464 0.19028447224543646 0.015059251051682692 0.015014281639685998
0 0.25184319569514346 0.47699986971341646 0.037738653329702526 0.037544543926532455
0 0.419891907618596 0.5818455035869892 0.014420656057504507 0.014259925255408654
0 0.7468629983755258 0.04602658748626709 0.04731325002817007 0.04721166537358211
0 0.1567681202521691 0.4813542732825646 0.020911987011249248 0.020745350764347956
0 0.5309960658733661 0.5015329214242789 0.037995411799504206 0.037934376643254206
0 0.44243797889122594 0.9744305977454553 0.017188879159780648 0.01718565133901743
0 0.6428376711331881 0.4837460151085487 0.041458423321063705 0.042355904212364785
0 0.8640641432542068 0.049546507688669056 0.015871781569260817 0.01610260743361253
0 0.4378241759080153 0.591985115638146 0.014986625084510216 0.015408589289738582
0 0.8676667580237756 0.17020764717688927 0.01812597421499399 0.018404410435603216
0 0.37361724560077375 0.009422632364126353 0.03623478229229267 0.01749506821999183
0 0.8292463742769681 0.9946445318368765 0.019862835223858174 0.00988006591796875
0 0.26986322036156285 0.5742745766272912 0.016205017383282002 0.016542434692382812
0 0.7018357790433444 0.11433999355022724 0.03286948570838341 0.03308558464050293
0 0.4627656936645508 0.27014732360839844 0.044121742248535156 0.04475842989408053
0 0.9319218855637771 0.7387909522423377 0.03279876708984375 0.03278438861553486
0 0.9791299379788913 0.5092636621915377 0.020150404710036058 0.030838599571814902
0 0.13225295910468468 0.6761236924391526 0.015079626670250526 0.015119699331430288
0 0.7895117539625901 0.04525237358533419 0.035550631009615384 0.03515679102677565
0 0.10781837426699124 0.24457258444565994 0.03357225198012132 0.03386222399198092
