0 0.5959584529583271 0.15009049268869254 0.09487614264855018 0.09606064282930814
0 0.5006493788499099 0.2034584375528189 0.03682862795316256 0.03693191821758564
0 0.30208367567795974 0.673718525813176 0.05308444683368389 0.05283502432016226
0 0.3338313102722168 0.5840478310218225 0.10384750366210938 0.10510664719801682
0 0.6449932685265174 0.29005927305955154 0.022197429950420674 0.022364469674917366
0 0.3838293735797589 0.04647393410022442 0.02763711489163912 0.02740056927387531
0 0.3533006814809946 0.7968959808349609 0.04181759174053486 0.0418243408203125
0 0.46378113673283505 0.281383752822876 0.028454707219050482 0.028344117678128757
0 0.6434167715219351 0.9388677156888522 0.25122935955341047 0.12186314509465145
0 0.39940720338087815 0.6502943772536057 0.09606867570143479 0.09457133366511418
0 0.5540837507981521 0.19983232938326323 0.024391614473783053 0.02464015667255108
0 0.730237080500676 0.10285526055556077 0.027105331420898438 0.02705553861764761
0 0.3229949657733624 0.008691038076694194 0.020111817580003005 0.016667794722777147
0 0.6381461803729718 0.6991704060481145 0.03482759915865385 0.03493807866023137
0 0.3357406762930063 0.8969745635986328 0.02073067885178786 0.020822965181790866
0 0.47501424642709583 0.22654008865356445 0.01623227046086238 0.01611929673414964
0 0.325991337115948 0.3275823959937462 0.016799193162184495 0.016750042255108174
0 0.309664432819073 0.7883622096135066 0.03608833826505221 0.03592417790339543
0 0.6992232982928936 0.6769857406616211 0.01613440880408654 0.01631502004770132
0 0.4713651950542743 0.887273201575646 0.016708227304311898 0.01661858191856971
0 0.28062132688669056 0.10165223708519569 0.015893165881817158 0.01596234394953801
0 0.45922007927527797 0.055069602452791654 0.01629506624661959 0.016148475500253532
0 0.2601178792806772 0.7405106471135066 0.0570068359375 0.05784342839167668
0 0.4375764406644381 0.6786589989295373 0.09453626779409555 0.09206713162935697
0 0.28015448496891904 0.6018209457397461 0.027331058795635518 0.027084203866811898
0 0.524778806246244 0.8971029428335336 0.04648729471059946 0.04649059589092548
0 0.2727413544288048 0.9508934020996094 0.07963151198167068 0.09284268892728366
0 0.4431892174940843 0.8699356959416316 0.01834583282470703 0.018267411452073317
0 0.6405475323016827 0.05666060631091778 0.015287692730243389 0.015408057432908278
0 0.4374199647169847 0.5211841876690204 0.05341001657339243 0.053435252262995794
0 0.2692703650547908 0.8413119682898889 0.04864204846895658 0.04909574068509615
0 0.42033063448392427 0.7368816962608924 0.06446632972130409 0.06642004159780648
0 0.30156922340393066 0.883343403155987 0.018558318798358623 0.01876214834359976
0 0.2502464147714468 0.9206969921405499 0.01802796583909255 0.017950791579026442
0 0.24378859079801118 0.8997077941894531 0.015897310697115384 0.015971550574669473
0 0.43712414227999175 0.7658387697660006 0.05364542741041917 0.052886962890625
0 0.333868540250338 0.19592767495375413 0.014863087580754207 0.014783859252929688
0 0.7305930210993841 0.48769195263202375 0.07341825045072116 0.0729841085580679
0 0.4541149872999925 0.9853895627535306 0.019614733182466947 0.018953470083383415
0 0.7536455301138071 0.5531794474675105 0.03479268000676082 0.055919500497671276
0 0.555107960334191 0.02194538712501526 0.014792662400465745 0.014642518300276536
0 0.5487345915574294 0.7360223623422476 0.03394948519193209 0.03359706585223858
0 0.33247896341177136 0.8380992595966046 0.03764790755051833 0.03685276324932392
0 0.5773491859436035 0.010927844506043654 0.014204025268554688 0.014269374884091891
0 0.23917212853064904 0.6864129579984225 0.015563304607684795 0.01696190467247596
0 0.28637335850642276 0.8275602780855619 0.041818985572228067 0.041978689340444714
0 0.3256678214439979 0.7014205639178936 0.023513940664438102 0.023970383864182692
0 0.3887385588425856 0.29532379370469314 0.014345755943885216 0.014511658595158504
0 0.4260980165921725 0.47734774076021635 0.04325103759765625 0.04331119243915264
0 0.5765013694763184 0.02708159960233248 0.013630500206580529 0.01372448756144597
0 0.7683872809776893 0.006436432783420269 0.013072380652794471 0.01234275561112624
0 0.5576904737032377 0.7686761709359976 0.028715867262620192 0.029376983642578125
0 0.2640213966369629 0.7505298027625451 0.06724350269024189 0.07280775216909555
