0 0.6561667368962214 0.9095288056593674 0.1326751708984375 0.13542864872859076
0 0.6312721692598783 0.13621598940629226 0.12173403226412259 0.12212186593275803
0 0.5236142231867864 0.5753065989567683 0.04497330005352314 0.044896492591271035
0 0.16472941178541917 0.29080625680776745 0.05096875704251803 0.051509857177734375
0 0.6070112815270057 0.02203105963193453 0.05724804217998798 0.04227350308344914
0 0.6220042888934796 0.7423855708195612 0.05783917353703426 0.05740561852088341
0 0.728436176593487 0.9739777491642878 0.06437888512244591 0.04725353534405048
0 0.19154919110811675 0.6028426243708684 0.041780838599571817 0.04115515488844652
0 0.7194965069110577 0.8394162838275616 0.049818772536057696 0.04964931194598858
0 0.4978357461782602 0.226256590623122 0.044309249291053183 0.044463084294245794
0 0.7453274360069861 0.9113451884343073 0.08132098271296574 0.08192928020770733
0 0.1992769057934101 0.830320798433744 0.06990649149968074 0.07094163161057693
0 0.5013613700866699 0.7496820596548227 0.0553888174203726 0.05557162945087139
0 0.5293772770808294 0.6986884337205154 0.04563470987173227 0.045346626868614785
0 0.7370591530433068 0.019424388041863076 0.027773930476262018 0.027901264337392952
0 0.5207901367774377 0.8710793715256911 0.05842186854435848 0.05791825514573317
0 0.9119390340951773 0.25944201762859637 0.02601021986741286 0.02981284948495718
0 0.46729201536912185 0.6329730107234075 0.033773568960336536 0.033535003662109375
0 0.9001492720383865 0.7393112182617188 0.05435855572040264 0.08666258591871995
0 0.6786355238694411 0.7109543726994441 0.08624619704026443 0.08635447575495793
0 0.41675824385422927 0.494414733006404 0.025041653559758112 0.02516929919903095
0 0.3336662512559157 0.5013764454768255 0.02121580564058744 0.02088018564077524
0 0.2717993442828839 0.10497263761667106 0.026516547569861777 0.026456062610332783
0 0.8507669889009916 0.7269514524019681 0.07679807222806491 0.07842460045447716
0 0.7642456935002253 0.5369323583749624 0.022986778846153848 0.023108702439528245
0 0.3189135698171762 0.8930438115046575 0.05887919205885667 0.059509570782001205
0 0.869046504680927 0.5799400623028095 0.02765787564791166 0.027663010817307692
0 0.4266778505765475 0.6868487138014573 0.03415254446176382 0.03393642718975361
0 0.16732269067030686 0.1852704011476957 0.06534594755906326 0.06535108272845928
0 0.7414751786452073 0.2573387256035438 0.0238339350773738 0.02375624730036809
0 0.8319311875563401 0.16320388133709246 0.016994476318359375 0.017078399658203125
0 0.7308938686664288 0.8077842272244967 0.04988406254695012 0.04945637629582332
0 0.21842127579909104 0.23498069323026216 0.07370141836313102 0.07344854795015775
0 0.5648477627680852 0.1864899488595816 0.024114608764648438 0.02406963935265174
0 0.4619594720693735 0.441742310157189 0.020060025728665866 0.02003170893742488
0 0.31529844724214995 0.08378219604492188 0.02180319565993089 0.02189484009375939
0 0.8742841573861929 0.030167990005933322 0.018354415893554688 0.018307690437023457
0 0.44216713538536656 0.09166459853832538 0.1378344022310697 0.1340449589949388
0 0.42536662175105167 0.3378310203552246 0.022966678325946514 0.02279817141019381
0 0.11339658957261306 0.8414455560537485 0.07574345973821786 0.07657168461726262
0 0.5918818253737229 0.3107756834763747 0.01811497028057392 0.017932029870840218
0 0.5770514928377591 0.23605022063622108 0.09931087493896484 0.09998515936044547
0 0.8590821486253005 0.8225812178391677 0.021670708289513223 0.021698144766000602
0 0.8948565263014573 0.03283361517466032 0.029136510995718148 0.029678275951972373
0 0.8816541525033804 0.4051591433011569 0.020995213435246393 0.021057495704064004
0 0.540322890648475 0.1499485052548922 0.022545007558969352 0.02263340583214393
0 0.1562036917759822 0.35896602043738735 0.05118120633638822 0.0510713137113131
0 0.232680999315702 0.3920298356276292 0.047528670384333685 0.04720790569598858
0 0.6386797978327825 0.33340131319486177 0.023634983943058893 0.02357028080866887
0 0.23233593427217925 0.5875076147226187 0.051971142108623795 0.05193006075345553
0 0.8784107795128455 0.11152800229879525 0.03924296452448918 0.039064719126774713
0 0.6177619053767278 0.5569350169255183 0.0288540399991549 0.028525865994966947
0 0.5569546406085675 0.5039723469660833 0.019846182603102464 0.019897314218374398
0 0.3263282042283278 0.13984293204087478 0.030036412752591647 0.03037269298846905
0 0.7137133524968073 0.4616895822378305 0.017451946551983174 0.017603947566105768
0 0.24721325360811675 0.6302683903620794 0.03612709045410156 0.03594515873835637
0 0.3506922355064979 0.20040167295015776 0.017612603994516227 0.017574457021859977
0 0.36443732335017276 0.9419367863581731 0.2840445408454308 0.11611058161808895
0 0.12117752662071815 0.3358689821683444 0.045115214127760664 0.046184539794921875
0 0.5222280942476712 0.12738120555877686 0.042267139141376205 0.042708983788123496
0 0.26335934492257923 0.23923349380493164 0.018331491030179538 0.018441053537222054
0 0.4162742541386531 0.8935103783240685 0.041065362783578724 0.04047584533691406
0 0.434510010939378 0.3739769642169659 0.03527553264911358 0.035260714017427884
0 0.5352767064021184 0.34644633073073167 0.09700320317195012 0.09779607332669772
0 0.9170901958759015 0.09566824252788837 0.01487438495342548 0.01681346159714919
0 0.14941196258251482 0.7530712714562049 0.13312558027414176 0.1337758577786959
0 0.1817629520709698 0.49629761622502255 0.022842553945688102 0.022638761080228366
0 0.22021011205819938 0.8929901123046875 0.037045955657958984 0.03702750572791466
0 0.4613092862642728 0.8775074298565204 0.02615701235257662 0.0262753413273738
0 0.5488404494065505 0.05484426938570463 0.02017974853515625 0.02016586523789626
0 0.8674903282752404 0.136627197265625 0.025184044471153848 0.025446653366088867
0 0.8064705775334284 0.935633292564979 0.0656136732835036 0.06438724811260517
0 0.2884395122528076 0.35812774071326625 0.028382338010347806 0.028409371009239785
0 0.4237858698918269 0.5955438613891602 0.03890521709735577 0.03883039034329928
0 0.8195661398080679 0.5179594480074369 0.02904686560997596 0.02887271000788762
0 0.47425090349637544 0.7297859191894531 0.021390841557429388 0.02126899132361779
0 0.25164655538705677 0.3355417251586914 0.05629715552696815 0.055845994215745196
0 0.0963301291832557 0.501675899212177 0.032781747671274036 0.03316365755521334
0 0.8204448406512921 0.12983950284811166 0.025383875920222357 0.025618369762714092
0 0.4484223219064566 0.7456819094144381 0.05145579117995042 0.050873976487379804
0 0.33038909618671125 0.385646599989671 0.022757750291090745 0.022678962120643027
0 0.77996826171875 0.7787416898287259 0.03616817180926983 0.03666364229642428
0 0.8213120974027194 0.6390641285822942 0.02309447068434495 0.023064393263596755
0 0.7846631270188552 0.8028362714327298 0.040850125826322116 0.040277334359975964
0 0.7025373899019681 0.6777260120098407 0.03375390859750601 0.0334020761343149
0 0.7835137293888972 0.10392412772545448 0.016217745267427884 0.016163385831392728
0 0.20968972719632661 0.06741079917320839 0.019326503460223857 0.01943377348092886
0 0.3986704166118915 0.1791537358210637 0.027878467853252705 0.027820073641263522
0 0.2497265522296612 0.06642536933605488 0.05557449047382061 0.05611520547133226
0 0.5230225049532377 0.636111699617826 0.029617823087252103 0.029725001408503607
0 0.6585286213801458 0.8055802858792819 0.02445059556227464 0.024131041306715745
0 0.1377647014764639 0.1605235796708327 0.04626301618722769 0.04638206041776217
0 0.8535317641038161 0.6659463735727164 0.02202752920297476 0.022335932804987982
0 0.7502734844501202 0.7648035196157602 0.046671353853665866 0.04615284846379207
0 0.41155030177189755 0.8301460559551532 0.029127854567307692 0.029116410475510817
0 0.2745650548201341 0.13158880747281587 0.01821580299964318 0.017928050114558294
0 0.6455578437218299 0.06548394148166363 0.03331683232234074 0.03351179453042837
0 0.09035810140463021 0.9786701202392578 0.03811322725736178 0.03766778799203726
0 0.33494267096886265 0.6983192150409405 0.01929503220778245 0.019206707294170674
0 0.40162768730750453 0.3828578362098107 0.016845556405874398 0.016945912287785456
0 0.6162159259502704 0.41715112099280727 0.016684348766620342 0.016593786386343148
0 0.8008507948655349 0.7357168931227464 0.032440185546875 0.032312833345853366
0 0.49965429306030273 0.05011089948507456 0.0356297859778771 0.035288093181756824
0 0.18864147479717547 0.9300748384915866 0.05475066258357121 0.05560566828801082
0 0.7104480449969952 0.17911056371835563 0.018072861891526442 0.018047919640174277
0 0.5007049853985126 0.5218747212336614 0.03902919475848858 0.03946084242600661
0 0.16452129070575422 0.1010889456822322 0.08306957208193265 0.08737516403198242
0 0.850695903484638 0.9500924623929538 0.0348048576941857 0.03503564687875601
0 0.8229962862454928 0.9005315487201397 0.02244259760929988 0.022369824923001803
0 0.13273606850550726 0.4440432695242075 0.02964507616483248 0.029049139756422777
0 0.3868257082425631 0.01096204610971304 0.0317987295297476 0.020949088610135592
0 0.8764155461237981 0.9101808254535382 0.01510150615985577 0.015027853158804087
0 0.7738860203669622 0.8537324758676382 0.07053287212665264 0.0683287107027494
0 0.371430727151724 0.8747379596416767 0.03449689424954928 0.03406935471754808
0 0.22518073595487154 0.1396060173328106 0.018334462092472956 0.01811528205871582
0 0.8969007638784555 0.9822463989257812 0.06141046377328726 0.03378149179311899
0 0.179898922259991 0.5617561340332031 0.0239105224609375 0.023911035977877103
0 0.11932991101191594 0.01757711745225466 0.045520635751577526 0.0343106916317573
0 0.28286490073570836 0.851139655480018 0.06082828228290264 0.05814273540790264
0 0.7338689657358023 0.6060665570772611 0.015007312481219951 0.014973200284517728
0 0.18204509294950044 0.09900799164405236 0.015399859501765324 0.015503993401160607
0 0.25970884469839245 0.9085521697998047 0.053103116842416614 0.05308327308067909
0 0.308805539057805 0.350795892568735 0.01651912469130296 0.016886491041917067
0 0.7994208702674279 0.059149169004880466 0.016537006084735576 0.01656992618854229
0 0.8447330181415265 0.6302529848538913 0.016896761380709134 0.01677879920372596
0 0.8944201836219201 0.6073166773869441 0.027143331674429085 0.02734536391038161
0 0.15251241280482367 0.7959962991567758 0.055585659467256986 0.05626385028545673
0 0.20605547611530012 0.438444577730619 0.0565331165607159 0.05746885446401743
0 0.8953144366924579 0.8035130133995643 0.055660247802734375 0.05401816734900841
0 0.48434991102952224 0.49890657571645886 0.015563084528996395 0.015146989088792067
0 0.6274700164794922 0.6796083450317383 0.01658777090219351 0.016831324650691107
0 0.46170836228590745 0.6881823906531701 0.028015723595252402 0.027683111337515023
0 0.4831635035001315 0.9087420977078952 0.048148742088904746 0.04780842707707332
0 0.5678883332472581 0.058984774809617266 0.024422572209284857 0.024425268173217773
0 0.5995320540208083 0.6105455618638259 0.0248416020320012 0.025208033048189603
0 0.5930328369140625 0.5259812061603253 0.014702210059532752 0.01466663067157452
0 0.8465462464552659 0.18367429879995492 0.1490047161395733 0.15218206552358773
0 0.2843234355633075 0.6055324994600736 0.015059911287747897 0.015313221858097957
0 0.9117004687969501 0.9510602217454177 0.03245250995342548 0.044250194842998795
0 0.5194265659038837 0.9207605215219351 0.016242100642277643 0.016466287466195915
0 0.4029841056236854 0.4683111630953275 0.06706384512094352 0.0685721177321214
0 0.3622147486760066 0.010833510985741248 0.020760022676908053 0.019453805226546068
0 0.8034279163067157 0.6543516012338492 0.017037024864783652 0.017102755033052884
0 0.25134937579815203 0.8866625565748948 0.03144337580754207 0.032018221341646634
0 0.28641854799710786 0.030149656992692214 0.020009701068584736 0.020226506086496208
0 0.3730003650371845 0.2623924108651968 0.03895766918475811 0.038983931908240683
0 0.7957916259765625 0.6270370483398438 0.027155069204477165 0.027491386120135967
0 0.48565673828125 0.229475553219135 0.019152127779447116 0.021346422342153695
0 0.5752235559316782 0.7390270233154297 0.03344931969275841 0.03438480083759014
0 0.7939174358661358 0.011150895402981685 0.031486804668719955 0.02169805994400611
0 0.16401111162625825 0.11010319453019363 0.014836494739239033 0.014235771619356595
0 0.544448449061467 0.8208737006554236 0.0159909908588116 0.015778174767127402
0 0.2607601972726675 0.03811225982812735 0.024815962864802435 0.024184566277724046
0 0.7039539630596454 0.23899360803457406 0.019564701960637018 0.01941834963285006
0 0.814736586350661 0.5354891190162072 0.018132870013897236 0.01835801051213191
0 0.8316860932570237 0.8724909562330979 0.024344370915339544 0.024543615487905648
0 0.36032962799072266 0.03749726598079388 0.031585693359375 0.03175241672075712
0 0.44871036822979266 0.8961237393892728 0.02027746347280649 0.020533928504356973
0 0.5233511191148025 0.6329675821157602 0.02540727762075571 0.025853083683894232
0 0.6396449162409856 0.784489264855018 0.035164172832782455 0.03499867365910457
0 0.25464560435368466 0.0214498730806204 0.04007588900052584 0.03994753727546105
0 0.39125970693734974 0.037272705481602594 0.02425494560828576 0.024367900995107796
0 0.5460491180419922 0.6331904484675481 0.025518270639272835 0.025597498967097357
0 0.5467840708219088 0.8022901094876803 0.036477088928222656 0.036668043870192304
0 0.3668484321007362 0.7442376063420222 0.02163520226111779 0.021225709181565505
0 0.5652725513164814 0.6728272071251502 0.02950286865234375 0.02912169236403245
0 0.31043177384596604 0.11196933342860295 0.02233299842247596 0.022994573299701396
0 0.5912245236910306 0.6546821594238281 0.026986195490910456 0.026915623591496393
0 0.5664132925180289 0.7073841094970703 0.04676672128530649 0.045601184551532455
0 0.6015230692349948 0.7821091871995193 0.024244015033428486 0.024068392240084134
0 0.12492340344649094 0.42394436322725737 0.014899143805870643 0.015082726111778846
0 0.5792509959294245 0.8693094987135667 0.01824217576246995 0.01818055372971755
0 0.41086981846736026 0.7126615964449369 0.02741080064039964 0.02733788123497596
0 0.28022014177762544 0.6725491743821365 0.030974828279935397 0.030789301945612982
0 0.3515213086054875 0.5373241717998798 0.0345006355872521 0.035250296959510215
0 0.5692930955153245 0.7671027550330529 0.04488930335411659 0.0457757803109976
0 0.6445556053748498 0.41939353942871094 0.014222071721003605 0.014043367826021634
0 0.4456610679626465 0.46978330612182617 0.014465992267315205 0.014274230370154748
0 0.7577862372765174 0.0828395990224985 0.17730302077073318 0.16192949735201323
0 0.4033096386836125 0.19824499350327712 0.033707838792067304 0.033586978912353516
0 0.7245332277738131 0.2409189481001634 0.016156710111177884 0.016300018017108623
0 0.5082037999079778 0.7907723646897536 0.026624239408052884 0.027189108041616585
0 0.24970698356628418 0.9194093850942758 0.03231602448683519 0.03181017362154447
0 0.28290321276738095 0.5404627873347356 0.026611328125 0.025715167705829326
0 0.4919380774864784 0.2585882773766151 0.014625842754657451 0.014946790841909556
0 0.6009199435894306 0.6912290132962741 0.033321527334359974 0.03292406522310697
0 0.7329448553232046 0.42569982088529146 0.01759485098031851 0.017360100379356973
0 0.12054136166205773 0.24181501681988055 0.08993733846224271 0.11872790409968449
0 0.5454668631920447 0.6500675494854267 0.016372167147122897 0.01625691927396334
0 0.5722913375267615 0.5184798607459435 0.02811263157771184 0.027863575862004206
0 0.7759293776292068 0.3987814463101901 0.017728658822866585 0.018027672400841348
0 0.916867182804988 0.5890671656681941 0.020003392146183893 0.026918704693134014
0 0.7903459989107572 0.2589192023644081 0.027820880596454326 0.02885752457838792
0 0.3769988280076247 0.5875139236450195 0.024179752056415264 0.023948082557091348
0 0.8637729057898889 0.3970788075373723 0.015175452599158654 0.0153656005859375
0 0.37625653927142805 0.05483574592150175 0.022084602942833535 0.022177283580486592
0 0.33078644825862 0.6532099797175481 0.07774272331824669 0.07683889682476337
0 0.9173674216637244 0.8566620166485126 0.020243718073918268 0.032821361835186295
0 0.6204415101271409 0.9857705923227164 0.018810859093299277 0.018798241248497598
0 0.09320458999046913 0.3191947937011719 0.03878714946600107 0.06274678156926082
0 0.7635875115027795 0.6882806924673227 0.09106650719275841 0.09167744563176082
0 0.2763228783240685 0.21370445764981782 0.0360716306246244 0.036069209759051986
0 0.28537757580096906 0.5519459064190204 0.03431228490976187 0.03506939227764423
0 0.5558245732234075 0.9716003124530499 0.01698024456317608 0.016933294442983773
0 0.28535114801847017 0.5572834014892578 0.02869389607356145 0.026850333580603965
0 0.2445677977341872 0.2636103996863732 0.02348951193002554 0.023790579575758714
0 0.3388513418344351 0.18480531985943133 0.02497526315542368 0.0254208491398738
0 0.5434166834904597 0.28858626805819 0.03175691457895132 0.031640823070819564
0 0.3587594765883226 0.04101295654590313 0.02682773883526142 0.02697820159105154
0 0.7890435732327975 0.26233790471003604 0.0232846186711238 0.023286966177133415
0 0.12233529641078068 0.7355966567993164 0.014436813501211314 0.01433548560509315
0 0.3442577582139235 0.4171932660616361 0.021536900446965143 0.021588618938739482
