0 0.08368303225590633 0.20834737557631272 0.026587541286761943 0.026449900407057542
0 0.5475687613854041 0.8521884771493765 0.020004125741811898 0.01981016305776743
0 0.19159278502831092 0.3419822546151968 0.024177991426908053 0.024383544921875
0 0.40842437744140625 0.09068395541264461 0.02660223153921274 0.02646945073054387
0 0.8734703063964844 0.7210418994610126 0.018775059626652643 0.018859276404747598
0 0.6276224576509916 0.5252681145301232 0.021599696232722357 0.02159265371469351
0 0.14136853584876427 0.31836355649507964 0.018919614645150993 0.01876963101900541
0 0.15388754697946402 0.7216780735896184 0.026309490203857422 0.026559096116286058
0 0.20427348063542292 0.7779221901526818 0.02004208931556115 0.02012003385103666
0 0.5712306682880108 0.20380588678213266 0.02390296642596905 0.023967229402982272
0 0.38365745544433594 0.8739634293776292 0.018602811373197116 0.018631861760066107
0 0.08665106846736027 0.9129534501295823 0.01936644774216872 0.01957541245680589
0 0.16578021416297326 0.7435458256648138 0.024916804753817044 0.02480140099158654
0 0.8759049635667068 0.8802627416757437 0.017962822547325723 0.017808180588942308
0 0.8131565680870643 0.7908697861891526 0.017800404475285456 0.017758002647986777
0 0.20408050830547625 0.7455794261052058 0.018355883084810697 0.018280176016000602
0 0.05672599719120906 0.8823683078472431 0.018594870200523965 0.018947454599233773
0 0.14519003721383902 0.649375842167781 0.016542691450852614 0.016724513127253607
0 0.20104223031264085 0.6156082153320312 0.016776891855093148 0.016800660353440505
0 0.2037191757789025 0.23090153474074143 0.016730675330528848 0.01697085453913762
0 0.07563138008117676 0.833163701570951 0.017258424025315505 0.017121094923753005
0 0.0645322111936716 0.7091798782348633 0.018071935727046087 0.017557877760667067
0 0.2039783551142766 0.8483028411865234 0.016501646775465745 0.016651153564453125
0 0.2793746361365685 0.8126960167518029 0.016771720005915716 0.016930066622220553
0 0.5735820623544546 0.5261642749492939 0.016860521756685697 0.016799486600435697
0 0.8760951849130484 0.3478218592130221 0.016134262084960938 0.015980940598707933
0 0.08014370844914363 0.24036759596604568 0.016784369945526123 0.016973128685584433
0 0.3525365682748648 0.8203783768873948 0.01681217780480018 0.016759138840895433
0 0.22363383953387922 0.2514228820800781 0.015208024245042067 0.01518715344942533
0 0.16213226318359375 0.19287828298715445 0.017545369955209587 0.017435587369478665
0 0.8282475104698768 0.8713315817025992 0.015224896944486178 0.015599764310396634
0 0.16149674929105318 0.8895614330585186 0.01571050057044396 0.015698946439302884
0 0.596282225388747 0.3530183205237755 0.01572418212890625 0.015662266657902643
0 0.11408468393179086 0.7238684434157151 0.015318613785963792 0.015371762789212741
0 0.9405166919414814 0.5701393714317908 0.015247051532451924 0.01707619887131911
0 0.8170714745154748 0.4648179274338942 0.015476813683143029 0.015494933495154748
0 0.3600058922400841 0.04071273712011484 0.01770356985238882 0.01781918452336238
0 0.8705853682297927 0.8511651846078726 0.015439400306114784 0.015749124380258415
0 0.8292037523709811 0.8072308760422927 0.014373339139498197 0.014462104210486779
0 0.15268909014188325 0.8411432412954477 0.014833707075852614 0.014977675217848558
0 0.3961813266460712 0.6020872776324933 0.014944076538085938 0.015132830693171574
0 0.5659701640789325 0.9092062436617337 0.015605559715857873 0.015525230994591346
0 0.34049514623788685 0.8327007293701172 0.015303538395808293 0.015426195584810697
0 0.06070858698624831 0.2106345800253061 0.015397126858051006 0.015590337606576772
0 0.7997035980224609 0.4287880384005033 0.015112069936899038 0.015468450692983774
0 0.5679512757521409 0.32599566533015323 0.015495740450345553 0.015542103694035457
0 0.4122886657714844 0.71240601172814 0.015491045438326322 0.015445709228515625
0 0.20032772651085487 0.6858676763681265 0.01499638190636268 0.015033721923828125
0 0.42415791291456956 0.14565086364746094 0.014896026024451623 0.014838878925030049
0 0.38022661209106445 0.5661525726318359 0.015118158780611478 0.015090869023249699
0 0.2037828151996319 0.04459846936739408 0.015085330376258263 0.015150549320074229
0 0.29944570247943586 0.8196372985839844 0.014700962946965145 0.014845334566556491
0 0.6137032875647912 0.8057080782376803 0.01484973614032452 0.014860299917367788
0 0.4044782565190242 0.2003023074223445 0.014652839073768029 0.014870350177471455
0 0.09459500129406269 0.7894478577833909 0.014326792496901292 0.014375246488131009
0 0.6069878798264724 0.07839067165668194 0.014549475449782152 0.014614357398106502
0 0.38608448322002703 0.14655091212346003 0.014515069814828726 0.014661275423490085
0 0.08060570863577035 0.6440027677095853 0.014045793276566725 0.013913961557241587
0 0.18705166303194487 0.08102005261641282 0.013950494619516226 0.014072363193218525
0 0.3969089067899264 0.1228477954864502 0.014037645780123197 0.01432187740619366
0 0.937099603506235 0.1124359919474675 0.0139312744140625 0.014133343329796424
0 0.5204775883601263 0.7910220806415265 0.015233553372896634 0.015568072979266826
0 0.8423436971811148 0.763554206261268 0.014325361985426683 0.014469586885892428
0 0.9094313841599685 0.7025412045992337 0.015319530780498799 0.015212425818810096
0 0.24059269978449896 0.9348940482506385 0.014166795290433444 0.014206812931941105
0 0.9399301822368915 0.3006892020885761 0.011818665724534255 0.014090207906869741
0 0.1245569265805758 0.2620564240675706 0.014699954252976637 0.014885462247408353
0 0.20807754076444185 0.29093038118802583 0.014203181633582482 0.014133233290452223
0 0.364752329312838 0.6263706500713642 0.014243199275090145 0.014207106370192308
0 0.9384630643404447 0.6016741532545823 0.014902114868164062 0.015219688415527344
0 0.9283103942871094 0.6099891295799842 0.014512869027944712 0.014673306391789364
0 0.6309319276076096 0.18471358372614935 0.014265940739558293 0.014281126169057993
0 0.2358719385587252 0.6934978778545673 0.013862903301532451 0.013842069185697116
0 0.7088273121760442 0.6971848561213567 0.01616668701171875 0.016197351308969352
0 0.43934979805579555 0.5170785463773288 0.013814632709209736 0.013736137977013221
0 0.39029502868652344 0.9024385305551382 0.013661898099459134 0.013891953688401442
0 0.8084469575148362 0.9024131481464093 0.013861876267653245 0.014062441312349759
0 0.408565117762639 0.2300127469576322 0.013933768639197716 0.014146878169133114
0 0.08305103962238018 0.006578521659741035 0.015213636251596304 0.01220299074283013
0 0.610203009385329 0.04982184905272264 0.01494906498835637 0.015172903354351338
0 0.9138606144831731 0.2729633037860577 0.013722933255709134 0.013851679288423978
0 0.8715167412391076 0.5203534639798678 0.013695936936598558 0.013398830707256611
0 0.26411837797898513 0.9424735582791842 0.013928486750676082 0.013777072613055889
0 0.8821074412419245 0.24470358628493089 0.0140837155855619 0.013762474060058594
0 0.6769463465763972 0.7115970024695764 0.013678330641526442 0.013567117544320913
0 0.3776073455810547 0.22815961104172927 0.014203731830303486 0.014583844404954176
0 0.9008378248948318 0.6956780507014348 0.014447725736177884 0.014819512000450721
