0 0.9223637214073768 0.8777587597186749 0.06545668381911057 0.06501828707181491
0 0.6141529816847581 0.6156918452336237 0.07711997398963341 0.07709180391751803
0 0.36376575323251575 0.46726131439208984 0.13350860889141375 0.13297697213979867
0 0.5472592940697303 0.6102495927077073 0.06881163670466496 0.06940108079176682
0 0.7839975357055664 0.5664836076589731 0.1359229454627404 0.13527378669151893
0 0.43500680189866286 0.6908471034123347 0.07168417710524339 0.07143416771521935
0 0.38471309955303484 0.024813922551962044 0.044755055354191706 0.04426029095282921
0 0.17682684384859526 0.8619151482215295 0.0855338114958543 0.08444771399864784
0 0.3582564867459811 0.7777497218205378 0.042981514563927285 0.042829073392427884
0 0.9247895020705003 0.24416765799889198 0.06028424776517428 0.060287182147686295
0 0.15149226555457482 0.37561365274282604 0.035981985238882214 0.035656122060922474
0 0.7123567141019381 0.9489615513728216 0.02445837167593149 0.024235945481520433
0 0.4012733606191782 0.727626947256235 0.09441390404334435 0.09501222463754508
0 0.8508831904484675 0.9159826865563025 0.03137559157151442 0.03143633328951322
0 0.14446524473337027 0.584931887113131 0.08907362130972055 0.08987793555626503
0 0.14342256692739633 0.21431651482215294 0.021670048053448018 0.021895151871901292
0 0.27048837221585786 0.8953635875995343 0.02352560483492338 0.023509098933293268
0 0.12526455292334923 0.05206562005556547 0.03106535398043119 0.031315420682613664
0 0.705139893751878 0.17385288385244516 0.025339273306039665 0.02533879646888146
0 0.5183135546170748 0.4403558144202599 0.027375441331129808 0.02712836632361779
0 0.2376283865708571 0.5096770800076998 0.039954038766714245 0.03986490689791166
0 0.5531055010282077 0.030603202489706185 0.02443871131310096 0.024527100416330192
0 0.19509352170504057 0.7184219360351562 0.09782948860755333 0.09794675386868991
0 0.8789925942054162 0.51910583789532 0.034918711735652044 0.03493485083946815
0 0.22863193658682016 0.48102503556471604 0.02291382276094877 0.022547428424541768
0 0.12824708681840163 0.9353963411771334 0.04123530021080604 0.041867622962364785
0 0.4439563751220703 0.6058249840369592 0.019271410428560697 0.019083609947791465
0 0.5429905011103704 0.48779788384070766 0.08124410189115085 0.0809182387131911
0 0.2674852151137132 0.7403163176316482 0.04382470937875601 0.043481680063100964
0 0.4689015241769644 0.7948846083420974 0.09592202993539664 0.09746390122633714
0 0.40787594134990984 0.3343169138981746 0.03989542447603666 0.040877268864558294
0 0.932095454289363 0.4050737160902757 0.05933057344876803 0.06011610764723558
0 0.9629763089693509 0.26386723151573765 0.017760790311373197 0.017902080829326924
0 0.5585567767803485 0.4260989702664889 0.05451671893780048 0.055811441861666165
0 0.034989347824683555 0.7791948318481445 0.017461107327387884 0.017593823946439303
0 0.7782371227557843 0.5075731644263635 0.020630763127253607 0.02071094512939453
0 0.5993767885061411 0.33032365945669323 0.060019493103027344 0.05907805149371807
0 0.008739048471817603 0.4927838398860051 0.017522917344019964 0.020946355966421273
0 0.751071049616887 0.33611825796274036 0.033852797288161054 0.03380291278545673
0 0.2533096900353065 0.16917910942664513 0.018468159895676833 0.018451103797325723
0 0.39055853623610276 0.5469216566819411 0.07680922288161057 0.07918299161470853
0 0.27493841831500715 0.7730092268723708 0.04468327302199144 0.044649564302884616
0 0.6754883986253005 0.057494521141052246 0.0376592782827524 0.03753122916588417
0 0.008853900891083937 0.5289744597214919 0.017864449666096613 0.02985983628493089
0 0.12017631530761719 0.34678396811852086 0.019480778620793268 0.01953748556283804
0 0.9264739109919622 0.13780335279611441 0.03264119074894832 0.032563246213472806
0 0.6389280465932993 0.3995994421151968 0.04439632709209736 0.04462139423076923
0 0.32030303661639875 0.21739486547616813 0.017623241131122295 0.017737755408653848
0 0.6047901740440955 0.38041298206035906 0.028890316302959736 0.029007764963003304
0 0.45321009709284854 0.23961896162766677 0.019084636981670674 0.01915154090294471
0 0.4279975891113281 0.07055564110095684 0.03831012432391827 0.037865510353675254
0 0.31036985837496245 0.3107633590698242 0.01788176023043119 0.018005499472984902
0 0.12877741226783165 0.5454252683199369 0.01769282267643855 0.017694766704852764
0 0.1875904890207144 0.1491055305187519 0.017839798560509317 0.017872700324425332
0 0.0989394738123967 0.4801144233116737 0.08388728361863357 0.08242445725661057
0 0.5192780861487756 0.3270745644202599 0.01715880173903245 0.017213821411132812
0 0.21339676930354193 0.0724606834925138 0.022284507751464844 0.022228360176086426
0 0.7934266603910006 0.36743772946871245 0.026709629939152643 0.026950689462515023
0 0.021089551540521476 0.3195798580463116 0.017065483790177565 0.016953688401442308
0 0.7021582676814153 0.348938355079064 0.03596907395582933 0.03593107370229868
0 0.9338601919320914 0.05140214699965257 0.016461005577674277 0.016363923366253193
0 0.18171372780433068 0.9354129204383264 0.02900417034442608 0.02923730703500601
0 0.9755929800180289 0.9112548828125 0.03141080416165865 0.03146861149714543
0 0.5899542295015775 0.6729370997502253 0.01824334951547476 0.018253032977764424
0 0.5432373193594126 0.42313407017634463 0.017179415776179388 0.01691774221567007
0 0.37945373241718 0.2275574390704815 0.017696087176983174 0.01772785186767578
0 0.27265060864962065 0.39645965282733625 0.0392148678119366 0.03938014690692608
0 0.7336394970233624 0.8650288948645959 0.05197847806490385 0.051817673903245196
0 0.15607556929955116 0.9632879403921274 0.029400348663330078 0.029362018291766826
0 0.09612899560194749 0.38791964604304385 0.01956631587101863 0.01965478750375601
0 0.7583260169396033 0.07475905234997089 0.018302330603966348 0.018235445022583008
0 0.2624067159799429 0.5625937535212591 0.056818375220665567 0.05897932786207933
0 0.19393244156470665 0.8045632289006159 0.03671121597290039 0.0368493887094351
0 0.9637600091787485 0.08000559073228103 0.025760797353891227 0.02577132903612577
0 0.4889417061438927 0.4353014872624324 0.01863252199613131 0.018799268282376803
0 0.2734685310950646 0.14435929518479568 0.017550541804387018 0.017487122462346003
0 0.09697175942934476 0.4696367703951322 0.01597736432002141 0.015958125774676982
0 0.39098534217247594 0.641517345721905 0.017194307767427884 0.017336331881009616
0 0.7656357104961689 0.7301568251389724 0.01795783409705529 0.018017108623798076
0 0.7402345217191256 0.9279583417452298 0.016955155592698317 0.01690981938288762
0 0.004308678209781647 0.4629419766939603 0.008604458891428433 0.021055955153245192
0 0.3325960085942195 0.7499631001399114 0.03607859978309044 0.03632090641902043
0 0.7574773935171274 0.7062942798321064 0.01624151376577524 0.015868260310246393
0 0.9227395424476037 0.18648187930767351 0.032201326810396634 0.03237500557532677
0 0.5883053266085111 0.5103715016291692 0.029829905583308294 0.029344925513634317
0 0.4081262808579665 0.8925458467923678 0.034476867088904746 0.03397970933180589
0 0.45479635091928333 0.5662405307476337 0.01871006305401142 0.018921485314002402
0 0.3847007751464844 0.6679634681114783 0.032045951256385215 0.03235318110539363
0 0.321687625004695 0.8845277199378381 0.028554201126098633 0.02864808302659255
0 0.44307686732365537 0.5224006726191595 0.051364751962515026 0.05150582240178035
0 0.1136863323358389 0.294407477745643 0.03674481465266301 0.03676033020019531
0 0.006498381495475769 0.43799642416147083 0.013076931238174438 0.026978419377253607
0 0.4525013703566331 0.21764779090881348 0.015898924607496995 0.015976428985595703
0 0.10326389166025016 0.10925157253558819 0.024164786705603965 0.0240172239450308
0 0.20338548146761382 0.5664429297814002 0.01690563788780799 0.017005040095402643
0 0.33596200209397536 0.30083612295297474 0.017605414757361777 0.01753410926231971
0 0.11167359352111816 0.19314787938044622 0.019513056828425482 0.019576439490685098
0 0.930815183199369 0.1115112121288593 0.016454256497896634 0.016367985652043268
0 0.6364154815673828 0.899137937105619 0.030513763427734375 0.030440110426682692
0 0.9004654517540565 0.06490076505220853 0.01593956580528846 0.015767143322871283
0 0.46418072627140927 0.13035292808826154 0.018522115854116585 0.01848140129676232
0 0.8959381396953876 0.2852136538578914 0.04602402907151442 0.0456540767963116
0 0.4316761310283954 0.32532061063326323 0.022788854745718148 0.022721217228816107
0 0.2858529824476976 0.20352798241835374 0.017498126396766074 0.017357019277719352
0 0.4748061987069937 0.03709480395683876 0.028367115901066706 0.02839821118574876
0 0.08646110387948844 0.876315190241887 0.09712809782761794 0.10190215477576622
0 0.35282208369328427 0.7212282327505258 0.0471342526949369 0.04596211360051082
0 0.4716989810650165 0.7937553112323468 0.01794580312875601 0.01860193105844351
0 0.4629507798414964 0.40515716259296125 0.03172595684344952 0.03213721055250902
0 0.606732808626615 0.191619689647968 0.01659701420710637 0.016770399533785306
0 0.4813374739426833 0.22269364503713754 0.02059012192946214 0.020617118248572715
0 0.5803251633277307 0.8901223402756911 0.03549333719106821 0.03558056171123798
0 0.6417275208693284 0.33045387268066406 0.01596802931565505 0.016188841599684495
0 0.07273670343252328 0.6194577583899865 0.07718944549560547 0.07840787447415866
0 0.1934826924250676 0.43910899529090297 0.015509825486403245 0.015726676354041465
0 0.16733305270855242 0.5416520192072942 0.021081851078913763 0.02115330329308143
0 0.5021043924184946 0.2705706999852107 0.01595027630145733 0.01619258293738732
0 0.21650450046245867 0.5500829036419208 0.08177874638484074 0.08285999298095703
0 0.1286312616788424 0.9718768780048077 0.022885726048396185 0.023320418137770433
0 0.7605727269099309 0.9821275564340445 0.017015603872445915 0.017056685227614183
0 0.7306986588698167 0.29508168880756086 0.042414298424353965 0.04294901627760667
0 0.32548031440147984 0.5658352925227239 0.06487795022817758 0.06646449749286358
0 0.9730594341571515 0.9369968267587515 0.02082648644080529 0.021156751192533053
0 0.6700011033278245 0.6143872921283429 0.018476339486929085 0.018474725576547477
0 0.26789430471567005 0.5319113364586463 0.022603291731614333 0.022351485032301683
0 0.4939967668973483 0.03273184253619267 0.02068930405836839 0.02055296989587637
0 0.8009056678185096 0.41484774076021635 0.02311882605919471 0.023037030146672174
0 0.48929507915790266 0.6557766107412485 0.02635948474590595 0.026641992422250602
0 0.6151753939115084 0.7119038655207708 0.020790686974158652 0.021117723905123197
0 0.24732321959275466 0.2542704802293044 0.015527468461256761 0.015672977154071514
0 0.21356487274169922 0.7761220198411208 0.0813904542189378 0.0869762714092548
0 0.3510996378385104 0.2920278035677396 0.015327893770658053 0.01522511702317458
0 0.053234100341796875 0.5956859955420861 0.01462401793553279 0.014565541194035457
0 0.8915590139535757 0.4699493921720065 0.06150729839618389 0.06129793020395132
0 0.8866607959453876 0.26436609488267165 0.060455028827373795 0.05982472346379207
0 0.6456140371469351 0.18651995292076698 0.01579915560208834 0.016101837158203125
0 0.5668968787560096 0.1609200514279879 0.023380793057955228 0.02313962349524865
0 0.47631344428429234 0.8576443745539739 0.021902964665339544 0.02190677936260517
0 0.5915263249323919 0.2773059331453763 0.018277535071739785 0.018369674682617188
0 0.17449516516465408 0.08048330820523776 0.017590082608736478 0.017640219284937933
0 0.05646321406731239 0.03749677768120399 0.016585331696730394 0.016460391191335823
0 0.47717684965867263 0.12075106914226826 0.01682912386380709 0.01651895963228666
0 0.5537102772639348 0.5282549491295447 0.028920100285456732 0.029199600219726562
0 0.44954857459435094 0.1088557426746075 0.018628633939302884 0.01853807155902569
0 0.9823919442983774 0.042391135142399713 0.01753851083608774 0.017448030985318698
0 0.10412926857288067 0.9858200366680439 0.055038947325486406 0.02718837444598858
0 0.7901200514573318 0.815834118769719 0.016045790452223558 0.01606163611778846
0 0.6633667579064002 0.8841037750244141 0.03511751615084135 0.034776540902944714
0 0.24811953764695388 0.6975049238938552 0.014875668745774489 0.015012594369741587
0 0.8950870220477765 0.8058667549720178 0.025065495417668268 0.025808187631460335
0 0.9806248591496394 0.5306473878713754 0.01751855703500601 0.01720259739802434
0 0.808470579294058 0.353305669931265 0.018565984872671273 0.018683580251840446
0 0.1256304795925434 0.3252743207491361 0.023708160106952373 0.023761749267578125
0 0.34983330506544846 0.11350750923156738 0.015174058767465444 0.015294331770676833
0 0.5264626282912034 0.15363506170419547 0.02007601811335637 0.01971747325016902
0 0.05944662369214571 0.5318784713745117 0.017798818074739896 0.018062884990985576
0 0.41459142244779146 0.21634200903085563 0.014241291926457332 0.014278778663048377
0 0.2462643843430739 0.9920598543607272 0.027443885803222656 0.014691572922926683
0 0.7702806179340069 0.9677845881535456 0.01813932565542368 0.018061124361478366
0 0.5925763203547552 0.20438423523536095 0.027566176194411058 0.02768564224243164
0 0.12089263475858249 0.20416643069340631 0.01528028341440054 0.015400409698486328
0 0.3666265927828275 0.3719267478355995 0.06115106435922476 0.06153150705190805
0 0.8986098949725811 0.8437381891103891 0.014974594116210938 0.014966524564302884
0 0.2518164744743934 0.6702610896183894 0.015443104964036208 0.01519481952373798
0 0.1366193019426786 0.7914600372314453 0.07750894473149227 0.07802259005033053
0 0.8748725010798528 0.320279414837177 0.031023759108323317 0.030818058894230768
0 0.5767308015089768 0.08144568479978122 0.018047186044546273 0.018040015147282526
0 0.5626958700326773 0.8538035612839919 0.032701345590444714 0.033872751089242786
0 0.1590117674607497 0.9865506979135367 0.01631451570070707 0.016550797682542067
0 0.340729493361253 0.8445259974553034 0.013858208289513221 0.014120542086087741
0 0.4046158423790565 0.07352229265066293 0.06650264446551983 0.06662489817692684
0 0.33303664280818057 0.1299908711360051 0.016660103431114785 0.01700459993802584
0 0.15720561834482047 0.059648412924546465 0.01440569070669321 0.014453942959125225
0 0.8148027566763071 0.9320047085101788 0.016143211951622598 0.01615480276254507
0 0.7055071317232572 0.7500888384305514 0.018405914306640625 0.018588726337139424
0 0.14438443000500017 0.990629269526555 0.022090416688185472 0.016709401057316706
0 0.3545715258671687 0.20663010157071626 0.016723779531625602 0.017028111677903395
0 0.7535563248854417 0.9700417151817908 0.014298365666316105 0.014313037578876201
0 0.07426890043111947 0.42702608842116135 0.016769812657282904 0.017055804912860576
0 0.6195984620314378 0.3240949190579928 0.014705364520733174 0.014735588660606971
0 0.21206903457641602 0.6739980257474459 0.02260875701904297 0.02248235849233774
0 0.3136914326594426 0.04132207540365366 0.01574883094200721 0.015792571581327
0 0.7014129345233624 0.8966334416316106 0.038509515615609974 0.038345630352313705
0 0.4287204375633827 0.1503905883202186 0.014148858877328726 0.014163347390981821
0 0.43317248271061826 0.33673675243671125 0.03218643481914814 0.03365003145658053
0 0.5719991830679086 0.7184710869422326 0.013946459843562199 0.01406082740196815
0 0.775550548846905 0.12426579915560208 0.015973017765925482 0.016081589918870192
0 0.305756348830003 0.06111265145815336 0.018142039959247295 0.01816857778109037
0 0.07190861610265878 0.5021974123441256 0.014594747469975399 0.014656580411470853
0 0.5981958095843976 0.3299121856689453 0.050739288330078125 0.04648016049311711
0 0.018059712189894456 0.6229787973257211 0.03650065568777231 0.07193756103515625
0 0.09666204452514648 0.5232241703913763 0.017125606536865234 0.017190052912785456
0 0.3317660918602577 0.13289499282836914 0.02111669687124399 0.02072728597200834
0 0.06042536863913903 0.24529519447913536 0.12167687599475567 0.1278253702016977
0 0.7405813657320462 0.7999275647676908 0.018301010131835938 0.01831480172964243
0 0.43320303696852464 0.0510364266542288 0.02042080805851863 0.020330163148733284
0 0.212585082420936 0.3571323614854079 0.0272979002732497 0.027104010948768027
0 0.5736591632549579 0.4936036696800819 0.032339829664963946 0.033499644352839544
0 0.4944290014413687 0.12521604391244742 0.019461705134465143 0.019367768214299128
0 0.8263087639441857 0.7959732642540565 0.04423875075120192 0.04456329345703125
0 0.5852214373075045 0.21982981608464167 0.016741092388446514 0.017608202420748197
0 0.7899017333984375 0.19515763796292818 0.0305783198429988 0.031548573420597956
0 0.22029458559476411 0.9915600556593674 0.020841451791616585 0.015040324284480168
0 0.5462276752178485 0.3859264667217548 0.026336229764498197 0.02643269758958083
0 0.7896354381854718 0.30708666948171764 0.034693204439603366 0.0347595581641564
0 0.19907318628751314 0.0615342717904311 0.014369671161358174 0.014500562961284932
0 0.5267301339369553 0.4256059206449069 0.014872550964355469 0.015273607694185697
0 0.1816725364098182 0.1639710573049692 0.016185870537391074 0.01591344980093149
0 0.8950095543494592 0.7952819237342248 0.01882142287034255 0.017660874586838942
0 0.4699555176955003 0.3810583261343149 0.015074656559870793 0.015313808734600361
0 0.4358348112839919 0.38476929297814 0.017742450420673076 0.017494788536658652
0 0.43535980811485875 0.3824739456176758 0.015231499305138221 0.01503291496863732
0 0.9598284501295823 0.019657203784355752 0.01394183819110577 0.01382911205291748
0 0.5214950854961689 0.556298879476694 0.036833689762995794 0.03699060586782602
0 0.030294390825124886 0.5206939990703876 0.01724411891056941 0.017374625572791465
0 0.5908814576955942 0.11243491906386155 0.016098976135253906 0.016351039593036357
0 0.8345210735614483 0.31158509621253383 0.031497955322265625 0.031330182002140924
