0 0.3348847902738131 0.6219423000629132 0.19481569070082444 0.19028384868915266
0 0.2438692312974196 0.9306231278639573 0.10918404505803035 0.11034716092623197
0 0.4301328659057617 0.6563883561354417 0.10363153310922477 0.10338827279897836
0 0.5576384617732122 0.04086721860445463 0.10108082111065204 0.08050984602708083
0 0.1801630166860727 0.509095155275785 0.045885672936072715 0.05767910297100361
0 0.33000946044921875 0.39644285348745495 0.09748642261211689 0.09804696303147536
0 0.664032716017503 0.06701472172370324 0.14937870319073016 0.1326880271618183
0 0.5207980962900015 0.6693590604341947 0.12337479224571815 0.11901294268094577
0 0.6219233732957107 0.6042141547569861 0.029843843900240384 0.02939150883601262
0 0.7061265065119817 0.28945218599759615 0.25066258357121396 0.26510194631723255
0 0.17497935661902794 0.41634647662823016 0.019292317903958835 0.01937073927659255
0 0.257659178513747 0.10805792991931622 0.019917121300330527 0.01978578934302697
0 0.7572684654822717 0.36207037705641526 0.14151617196890023 0.14795457399808443
0 0.741550298837515 0.7652496924767127 0.02495604294996995 0.024894127478966348
0 0.6059740139887884 0.9238072908841647 0.053563704857459433 0.05349393991323618
0 0.7735730684720553 0.551079640021691 0.024199852576622598 0.024393741901104268
0 0.660279787503756 0.28960466384887695 0.019144791823167067 0.019007536081167366
0 0.5571724084707407 0.6084544108464167 0.029995551476111777 0.030241746168870192
0 0.5541535524221567 0.3420571180490347 0.021256520197941706 0.021216906034029447
0 0.44353400743924654 0.2640838623046875 0.03961731837346004 0.039467114668626055
0 0.803927494929387 0.9884064747737005 0.019049864548903245 0.01805393512432392
0 0.4019900101881761 0.308683468745305 0.02091671870304988 0.020606279373168945
0 0.8312190129206731 0.24910578360924354 0.018685267521784857 0.02153616685133714
0 0.6812383211576022 0.7179471529447116 0.02800780076246995 0.028338212233323317
0 0.5425113164461576 0.8831366025484525 0.05138940077561598 0.05129506037785457
0 0.7861872452955979 0.1987127707554744 0.018491011399489183 0.01846592242901142
0 0.5415716904860276 0.8255254305326022 0.025940821721003607 0.025679368239182692
0 0.4189016635601337 0.44771605271559495 0.023678999680739183 0.023481075580303486
0 0.5275734387911283 0.3604455360999474 0.023346974299504206 0.023441901573768027
0 0.7183226071871244 0.4605101071871244 0.018054668719951924 0.018134630643404447
0 0.7722923572246845 0.621643800001878 0.03572801443246695 0.03573813805213341
0 0.5912149869478666 0.6213634197528546 0.03907687847430889 0.03893690842848558
0 0.8052476002619817 0.6285390853881836 0.029739966759314902 0.02980217566856971
0 0.6342876140887921 0.5350664945749136 0.04443652813251202 0.04420632582444411
0 0.4372106698843149 0.1589042040017935 0.017487746018629808 0.01769285935621995
0 0.2481497067671556 0.4293922277597281 0.08632025351891151 0.0872645744910607
0 0.6965618133544922 0.7360038023728591 0.03717129047100361 0.037035575279822715
0 0.6107288874112643 0.4305220383864183 0.1299128165611854 0.12885401799128607
0 0.5381884941687951 0.698335207425631 0.02228208688589243 0.021834446833683893
0 0.6304495884821966 0.6614374014047476 0.017406463623046875 0.017603947566105768
0 0.6610752986027644 0.4405617347130409 0.018704047569861777 0.01893131549541767
0 0.4723520278930664 0.10660112821138822 0.019138923058143027 0.019159243657038763
0 0.16791835198035607 0.11462655434241661 0.0176847164447491 0.026429139650785007
0 0.7495511128352239 0.7435144277719351 0.016951781052809495 0.01711273193359375
0 0.5196492488567646 0.38660210829514724 0.01554261721097506 0.015346527099609375
0 0.4813539798443134 0.03478218729679401 0.01966271033653846 0.01923763293486375
0 0.522589059976431 0.46420427469106823 0.024515225337101862 0.024771763728215143
0 0.23126862599299505 0.33041711953970104 0.01982564192551833 0.01885223388671875
0 0.5707299159123347 0.21609922555776742 0.015011127178485576 0.01458424788254958
0 0.5083301617549016 0.7905775216909555 0.02104018284724309 0.021159538855919473
0 0.21542690350459173 0.03865368549640362 0.07115727204542893 0.07004242676955003
0 0.2027615767258864 0.7498152806208684 0.09460507906400241 0.10127815833458534
0 0.2795546788435716 0.03139181320483868 0.0252685180077186 0.025482617891751803
0 0.3758061482356145 0.8827364994929388 0.014760384192833534 0.014824207012469951
0 0.5048739359929011 0.9264442737285907 0.19512367248535156 0.1432656508225661
0 0.605927614065317 0.7887514554537259 0.017802018385667067 0.017943895780123197
0 0.4199016277606671 0.771614514864408 0.02779564490685096 0.027916834904597357
0 0.5072281544025128 0.7873232914851263 0.025011796217698317 0.02393179673414964
0 0.35121484903188854 0.9792311741755559 0.08258482126089242 0.04012738741361178
0 0.5338637278630183 0.6658388284536508 0.07465567955603966 0.10184464087853065
0 0.4021964439978966 0.245163238965548 0.015051915095402645 0.014914806072528545
0 0.44694409003624547 0.48772833897517276 0.03209891686072716 0.032176971435546875
0 0.5988207596998948 0.3521414903494028 0.015132610614483174 0.015377998352050781
0 0.8165316948523889 0.1647056799668532 0.04979265653170072 0.0934693905023428
0 0.23332929611206055 0.635405760544997 0.014946277324969951 0.01474747290978065
0 0.7026335642887995 0.531528692979079 0.04171004662146935 0.04056534400353065
0 0.3270012048574594 0.9634204277625451 0.01626895024226262 0.01615142822265625
0 0.48097988275381237 0.03238915021602924 0.023960186884953424 0.02433292682354267
0 0.25593860332782453 0.18201794991126427 0.0727854508620042 0.07256364822387695
0 0.24548600270197943 0.9776438933152419 0.10504854642427884 0.04327201843261719
0 0.41708608774038464 0.7730679145226111 0.02315550584059495 0.023570427527794473
0 0.20230847138624924 0.8173704147338867 0.03237423529991737 0.03233043964092548
