0 0.9145616384652945 0.47858898456280047 0.1642890343299279 0.20674822880671576
0 0.16672570888812727 0.054141530623802774 0.07545082385723408 0.07592824789193961
0 0.31067620790921724 0.1165071909244244 0.07792091369628906 0.07824272375840408
0 0.44376149544349086 0.02998308722789471 0.08420797494741586 0.058565070995917685
0 0.5800422521737906 0.3210165317241962 0.050647808955265924 0.05080435826228215
0 0.21257893855755144 0.10264714864584115 0.06281739014845628 0.06345284902132474
0 0.6612052917480469 0.9306204869196966 0.05902539766751803 0.058784778301532455
0 0.509317581470196 0.060725707274216875 0.04969340104323167 0.04970737603994516
0 0.9316693819486178 0.07814223949725811 0.05575062678410457 0.0554838959987347
0 0.8339291352492112 0.43306724841778094 0.02687659630408654 0.02693763146033654
0 0.5628852110642654 0.5006342667799729 0.04282071040226863 0.04265887920673077
0 0.5564424074613131 0.5875592231750488 0.10151731050931491 0.10039380880502555
0 0.4307591364933894 0.16636364276592547 0.05392925555889423 0.05380323299994835
0 0.470339114849384 0.22899418610792893 0.02060538071852464 0.020515808692345254
0 0.02617587034518902 0.9029181553767278 0.0444108614554772 0.04866291926457332
0 0.06795090895432693 0.823936389042781 0.04015218294583834 0.03984363262469952
0 0.9305597452016977 0.8636602255014273 0.032434903658353366 0.03243930523212139
0 0.37133477284358096 0.13866663896120512 0.030233016380896933 0.03026278202350323
0 0.3861410434429462 0.27884604380680966 0.027172675499549277 0.026995071998009317
0 0.8859464205228366 0.8027863135704627 0.022505540114182692 0.022666050837590143
0 0.5127173203688401 0.19972313367403471 0.027498978834885817 0.027416155888484076
0 0.01552061507335076 0.27284889954787034 0.02805289626121521 0.032319875863882214
0 0.313355775979849 0.5081320542555589 0.02771458258995643 0.02770093771127554
0 0.1151203834093534 0.48391305483304536 0.0250091552734375 0.024814458993765023
0 0.17661498143122747 0.3249041483952449 0.05002593994140625 0.04926109313964844
0 0.09865790147047776 0.8382051174457257 0.03603029251098633 0.03555517930250902
0 0.030604885174677923 0.014520053680126484 0.03363851400522085 0.028279680472153883
0 0.16002823756291315 0.013854061181728657 0.04433126632983868 0.026572410876934346
0 0.3236093521118164 0.29685165331913876 0.02860414064847506 0.028880596160888672
0 0.9104503484872671 0.9586655543400691 0.04029978238619291 0.04069313636192909
0 0.23826118615957406 0.48637892649723935 0.029722947340745192 0.029644085810734674
0 0.37926505162165713 0.46528687843909633 0.03755055941068209 0.03708487290602464
0 0.8698027684138372 0.3399686079758864 0.01847692636343149 0.018416844881497897
0 0.4989813291109525 0.3471520497248723 0.02562552232008714 0.025891817533052884
0 0.32202335504385143 0.165908905176016 0.04359017885648287 0.04358651087834285
0 0.9902908618633564 0.3595308523911696 0.01877770057091346 0.02042726370004507
0 0.7650299072265625 0.9734804446880634 0.05325625492976262 0.046416062575120196
0 0.2743635361011212 0.5802840086129996 0.03531573368952824 0.03518970196063702
0 0.5544326488788311 0.28121636464045596 0.023527145385742188 0.023497801560621995
0 0.6448359856238732 0.310093512901893 0.02535423865685096 0.025070025370671198
0 0.3839313800518329 0.21270264112032378 0.02487358680138221 0.024750342735877402
0 0.7716847199660081 0.9181439326359675 0.031948089599609375 0.03199856097881611
0 0.13508746257195106 0.20272918847891 0.02702652491056002 0.02714201120229868
0 0.1297944692464975 0.759708991417518 0.021367549896240234 0.021471170278695915
0 0.5416712394127479 0.23407662831819975 0.02621592008150541 0.026137315309964694
0 0.8732637258676382 0.17655407465421236 0.03944485004131611 0.03972779787503756
0 0.019141205228292026 0.4876242417555589 0.0247328900373899 0.024607511667104866
0 0.53699280665471 0.2744738505436824 0.01836087153508113 0.018320230337289665
0 0.7815708013681265 0.6099130190335788 0.02081900376539964 0.020835289588341348
0 0.13684502014747033 0.7191702035757211 0.021799289263211764 0.021883451021634616
0 0.806552006648137 0.7782424046443059 0.04203473604642428 0.04259476294884315
0 0.34340616372915417 0.4245948057908278 0.039206431462214544 0.03943590017465445
0 0.3137190892146184 0.6539099766657903 0.0298459163078895 0.029997898982121393
0 0.10131724064166729 0.9087845728947566 0.05144779040263249 0.05366384066068209
0 0.7344774099496695 0.48194342393141526 0.04796336247370793 0.04849595289963942
0 0.8112882467416617 0.8153241230891302 0.11621489891639122 0.11545327993539664
0 0.3396622584416316 0.5419525733360877 0.03199291229248047 0.032227589533879206
0 0.883648578937237 0.0559466160260714 0.03357535142164964 0.03342674328730656
0 0.20355063218336839 0.7737564673790565 0.02950154818021334 0.029751997727614183
0 0.374912115243765 0.1788313205425556 0.02219728323129507 0.02231443845308744
0 0.2493885113642766 0.8336051060603216 0.022060577686016377 0.02212377694936899
0 0.35984739890465367 0.4962658148545485 0.02359940455510066 0.023601238544170674
0 0.2538114327650804 0.2496172464810885 0.02443093519944411 0.024609785813551683
0 0.30642008781433105 0.4514744465167706 0.06287079591017503 0.06477781442495492
0 0.48809454991267276 0.42714096949650693 0.020632377037635215 0.020694879385141227
0 0.5994902023902307 0.4871054429274339 0.02309256333571214 0.023394217857947715
0 0.7365730725801908 0.3885488143334022 0.02909234853891226 0.029059556814340446
0 0.21845054626464844 0.7351779204148513 0.025218743544358473 0.025115820077749398
0 0.12050747871398926 0.6591960466825045 0.05144724479088417 0.05156751779409555
0 0.4258898221529447 0.21639112325815055 0.01771721473106971 0.01814101292536809
0 0.6203366793118991 0.23761628224299505 0.018280469454251803 0.018212611858661357
0 0.5777566616351788 0.520149671114408 0.018087240365835335 0.018169109637920674
0 0.49255957970252406 0.030397087335586548 0.023218448345477764 0.023058189795567438
0 0.02164194446343642 0.6503404470590445 0.04050063628416795 0.04985545231745793
0 0.8255842649019681 0.5011219611534705 0.01962001507098858 0.019850510817307692
0 0.016168122108166035 0.5817736112154447 0.02967588259623601 0.04383703378530649
0 0.1834734036372258 0.7312239133394681 0.0207669184758113 0.02075019249549279
0 0.6372977770291842 0.3649803308340219 0.028670384333683893 0.02883426959698017
0 0.20160810764019305 0.8101926950307993 0.02778038611778846 0.028102287879356973
0 0.3247569157527043 0.22460079193115234 0.019396121685321514 0.01924419403076172
0 0.2846667949969952 0.71099119919997 0.03864827522864708 0.03804720365084135
0 0.10629554895254281 0.6940452869121845 0.018705404721773587 0.0188296391413762
0 0.01580034540249751 0.24149729655339167 0.02807216002390935 0.03171484286968525
0 0.8763493024385892 0.6714107806865985 0.020494461059570312 0.02039821331317608
0 0.7085025493915265 0.25771617889404297 0.018128028282752402 0.018216059758112982
0 0.06590607991585365 0.2548986581655649 0.020139446625342734 0.020140721247746393
0 0.32671048091008115 0.5587207354032077 0.03178215026855469 0.03170277522160457
0 0.845736210162823 0.2097157331613394 0.019296646118164062 0.01935093219463642
0 0.8188076019287109 0.18096676239600548 0.023358858548677884 0.023220135615422174
0 0.25843060933626616 0.4438921855046199 0.03320099757267879 0.033087510329026446
0 0.5064068940969614 0.4211003596966083 0.01914222423846905 0.019510415884164665
0 0.6803533113919772 0.09458960936619686 0.017172593336838942 0.017338000811063327
0 0.6623382568359375 0.3669884021465595 0.019851097693810098 0.019925337571364183
0 0.05429448531224178 0.7037869966947116 0.02017833636357234 0.020214667687049277
0 0.5059676537146935 0.508491956270658 0.03583585298978365 0.03540391188401442
0 0.10830990167764518 0.9496355790358323 0.04032998818617601 0.040147634652944714
0 0.11295287425701435 0.12907512371356672 0.019116878509521484 0.019081665919377253
0 0.7712613619290866 0.5226178536048303 0.018399752103365384 0.01853488041804387
0 0.9273268626286433 0.7850023416372446 0.025367296659029447 0.02545782235952524
0 0.10236677756676307 0.5971912604111892 0.037409525651198164 0.03743751232440655
0 0.5690472676203802 0.6510602510892428 0.04190400930551382 0.042108975923978366
0 0.4681263703566331 0.17362930224492 0.016037940979003906 0.016029908106877253
0 0.3648114571204552 0.08460764701549824 0.018089881310096152 0.018158710919893704
0 0.3564110535841722 0.2775565660916842 0.025847214918870192 0.02640247344970703
0 0.31308940740732044 0.400204768547645 0.026360805218036357 0.026317449716421273
0 0.10378256210914025 0.3826111646798941 0.01762536855844351 0.017802018385667067
0 0.3173875075120192 0.42186542657705456 0.018430196321927585 0.01868856870211088
0 0.3914942374596229 0.8672461142906775 0.017539097712590143 0.017411158635066107
0 0.6273053976205679 0.5133545215313251 0.023104154146634616 0.02315631279578576
0 0.8764824500450721 0.3724376605107234 0.019248375525841348 0.019425245431753304
0 0.06690821280846229 0.7204522352952224 0.027720029537494365 0.027858734130859375
0 0.14495852360358605 0.0869297981262207 0.018330849134005033 0.018416478083683893
0 0.20500549903282753 0.5196967491736779 0.018764715928297777 0.018740287193885215
0 0.05308566643641545 0.581769062922551 0.019548617876493014 0.01961517333984375
0 0.13550905080942008 0.8191986817580003 0.018682076380803034 0.018673089834359977
0 0.8393523142887995 0.2835628069364108 0.021440946138822116 0.021508290217472956
0 0.031479218831429116 0.37697968116173375 0.01715796268903292 0.01696498577411358
0 0.059633108285757214 0.010845015828426067 0.02620135820828951 0.020501217016806968
0 0.2035831121297983 0.3143497613760141 0.021001265599177435 0.021066885728102464
0 0.9022970199584961 0.018830134318425104 0.017875084510216348 0.017948370713454027
0 0.082595916894766 0.41632267145010143 0.015745254663320687 0.015842217665452223
0 0.06204168154643132 0.9400703723614032 0.04320349143101619 0.04238216693584736
0 0.8311055990365835 0.5704393753638635 0.016041682316706732 0.01584287790151743
0 0.8046787702120267 0.9906074817364032 0.01799172621506911 0.016069852388822116
0 0.6901685274564303 0.1925175556769738 0.016434596135066107 0.01672990505511944
0 0.1929757044865535 0.14966199948237494 0.02128469027005709 0.021003136268028848
0 0.09239981724665715 0.6376006786639874 0.03275592969014095 0.03308369563176082
0 0.8785149500920222 0.8721234248234675 0.08342742919921875 0.08345325176532452
0 0.22949893657977766 0.7963603093073919 0.02208093496469351 0.021891080416165866
0 0.059648330395038314 0.37856531143188477 0.019722443360548753 0.019979110130896933
0 0.8925616190983698 0.3799877166748047 0.016098902775691107 0.01610902639535757
0 0.968323487501878 0.7239287449763372 0.021567418025090143 0.021206488976111777
0 0.4733235285832332 0.5196701930119441 0.03965011009803185 0.039710631737342246
0 0.2053517928490272 0.9157040669367864 0.01830313755915715 0.01820710989145132
0 0.06988273675625141 0.6166695814866286 0.035032226489140436 0.035115792201115534
0 0.041005391340989336 0.6296116755558894 0.025736304429861214 0.025868342472956732
0 0.01426813923395597 0.7611362750713642 0.017316442269545335 0.017792334923377402
0 0.3509573202866774 0.20863749430729792 0.02129650115966797 0.021044144263634317
0 0.19271083978506234 0.5611511377187876 0.01811108222374549 0.017867455115685098
0 0.46807017693152797 0.2720309037428636 0.016269683837890625 0.016080269446739785
0 0.12816803271953875 0.9835312183086689 0.039478265322171725 0.028087762685922477
0 0.6294274696936975 0.32174044388991135 0.024870799137995794 0.024343490600585938
0 0.10378771561842698 0.30440620275644154 0.02684948994563176 0.026455218975360576
0 0.12758733676030085 0.251094598036546 0.01929954382089468 0.019295178926908053
0 0.33168660677396333 0.49396170102632964 0.016605523916391227 0.016765594482421875
0 0.1661225098830003 0.23653079913212702 0.025316568521352913 0.025177662189190205
0 0.605346496288593 0.9568006075345553 0.04985787318303035 0.050487518310546875
0 0.6872243147629958 0.987342541034405 0.04903265146108774 0.023681053748497598
0 0.9269871344933143 0.03997720663364117 0.018711676964393027 0.018774050932664137
0 0.7887700887826773 0.14055151205796462 0.016545222355769232 0.01645346788259653
0 0.7415092174823468 0.8991842269897461 0.017926436204176683 0.017639893751878005
0 0.27393797727731556 0.7382442767803485 0.030817215259258565 0.030750861534705527
0 0.38331119830791766 0.07628064889174241 0.020975553072415866 0.020668690021221455
0 0.09399223327636719 0.07044583100538987 0.016190198751596305 0.016457906136145957
0 0.12714085212120643 0.28820250584528995 0.02793114001934345 0.027419163630558893
0 0.4637349568880521 0.43223230655376726 0.015470798198993389 0.015304345350999098
0 0.45409451998197115 0.4870942189143254 0.020446190467247598 0.020508986253004808
0 0.686557623056265 0.6695411388690655 0.02593231201171875 0.026608100304236777
0 0.7687484301053561 0.9415696951059195 0.023121760441706732 0.023133204533503607
0 0.5156383881202111 0.028881011100915763 0.022738530085637018 0.022763394392453708
0 0.0900732370523306 0.35287152803861177 0.02108152096088116 0.021153670090895433
0 0.6037512559157151 0.11674282184013954 0.03034342252291166 0.03030698116009052
0 0.6377057295579177 0.6082245019766 0.018090174748347357 0.018048213078425482
0 0.2967950747563289 0.6854453453650842 0.03395997560941256 0.033460176908052884
0 0.42403470552884615 0.3619612180269681 0.08535267756535457 0.0845935528094952
0 0.27890463975759655 0.47753055279071516 0.021561072422907904 0.021547464224008415
0 0.993077644935021 0.28639694360586315 0.013483194204477163 0.024195781120887168
0 0.26522443844721866 0.3746017309335562 0.025830488938551683 0.025909277108999398
0 0.4001757915203388 0.12467076228215145 0.014858392568734976 0.014737459329458384
0 0.6261039147010217 0.46710344461294323 0.01938629150390625 0.0196073238666241
0 0.5009251374464768 0.012840481904836802 0.016211876502403848 0.016137453225942757
0 0.47271207662729114 0.495294057405912 0.016920970036433294 0.016948553232046273
0 0.06569311252007118 0.23978115962101862 0.014977271740253154 0.014662889333871694
0 0.6988402880155123 0.47748613357543945 0.028600252591646634 0.028204037592961237
0 0.4280628791222206 0.5373897552490234 0.05533306415264423 0.0563966310941256
0 0.009047482449274797 0.1131828106366671 0.015182315157010006 0.0189663813664363
0 0.838162348820613 0.1607183309701773 0.022333878737229567 0.022408191974346455
0 0.7324052957388071 0.5261603868924655 0.02332159189077524 0.023276695838341348
0 0.4106263013986441 0.2350126046400804 0.02627739539513221 0.026038976816030648
0 0.4536042580237755 0.07749808751619779 0.0159301024216872 0.01580131512421828
0 0.7624458899864783 0.09305405616760254 0.032379443828876205 0.03346803096624521
0 0.44886104877178484 0.3924091045673077 0.01541900634765625 0.015494126539963942
0 0.9760872767521784 0.7839538867657001 0.02956566443810096 0.029743488018329326
0 0.5840537731464093 0.24540090560913086 0.015704521766075723 0.01641192803016076
0 0.3400519077594464 0.9732457674466647 0.01585043393648588 0.015678992638221152
0 0.783718255849985 0.4444795021644005 0.01950689462515024 0.019724625807542067
0 0.21732400013850287 0.8816965543306791 0.01637612856351412 0.016457777756911058
0 0.18392716921292818 0.6394285055307242 0.019078694857083835 0.01932496290940505
0 0.3956503134507399 0.2508709614093487 0.017406390263484076 0.017380420978252705
0 0.19473970853365385 0.8319803384634165 0.02248859405517578 0.022398728590745192
0 0.261810852931096 0.5216008333059458 0.018081151522122897 0.018258314866286058
0 0.47683547093318057 0.04891859568082369 0.023931356576772835 0.025387124373362616
0 0.9024373568021334 0.8882157252385066 0.03557792076697716 0.03546817486102764
0 0.5090053998506986 0.4548977338350736 0.01410066164456881 0.014378180870643029
0 0.08466046590071458 0.15798693436842698 0.016602589533879206 0.016755140744722806
0 0.48801700885479266 0.14687226368830755 0.014952732966496395 0.01489716309767503
0 0.09814797914945163 0.09385538101196289 0.015013511364276592 0.014864004575289212
0 0.8971182016225961 0.7535126759455755 0.01633732135479267 0.01641508249136118
0 0.7802292750431941 0.03700852623352638 0.01639248774601863 0.01637366643318763
0 0.4726373232327975 0.16011208754319411 0.020399093627929688 0.020304313072791465
0 0.21728996130136344 0.34767972506009615 0.01576849130483774 0.015238028306227464
0 0.30436240709744966 0.5430038158710186 0.0189208250779372 0.018813646756685697
0 0.07894427959735577 0.5238327980041504 0.03515893220901489 0.035050538870004505
0 0.7470290844257061 0.6117557012117826 0.021751990685096152 0.021988575275127705
0 0.20229713733379656 0.49925870161790115 0.036093491774338946 0.036773975078876205
0 0.6712379455566406 0.48070709521953875 0.020366962139423076 0.020501210139347956
0 0.6764654012826773 0.49678545731764573 0.0248715327336238 0.02448888925405649
0 0.5177035698523889 0.24355765489431527 0.02396737612210787 0.02471307607797476
0 0.27677611204294056 0.3507665487436148 0.02200115644014799 0.022104556743915264
0 0.41803638751690203 0.4176636475783128 0.023880445040189303 0.023485183715820312
0 0.9630941977867713 0.806886232816256 0.0159762455866887 0.01593633798452524
0 0.1506021389594445 0.9143597529484675 0.02561671917255108 0.025589135976938102
0 0.8029455038217398 0.3776695911700909 0.08780450087327224 0.08665972489577073
0 0.864952380840595 0.6227581317608173 0.017678187443659857 0.017893424400916465
0 0.8408495096059946 0.6183529633742112 0.023902012751652643 0.023887487558218148
0 0.9369512704702524 0.15917209478525016 0.015093583327073317 0.014874155704791728
0 0.22728219399085411 0.5617963350736178 0.026441647456242487 0.026369901803823616
0 0.5005345711341271 0.2226107670710637 0.027600655188927285 0.028534962580754206
0 0.032967255665705755 0.5460838171151968 0.016151850040142354 0.016195077162522536
0 0.14885407227736253 0.6364077788132888 0.024829681103046123 0.024832945603590745
0 0.7135973710280198 0.651898824251615 0.03864214970515324 0.03814433171198918
0 0.45217572725736177 0.7804382030780499 0.02068152794471154 0.020995506873497598
0 0.8830811427189753 0.029067520911876973 0.016361530010516826 0.016315661943875827
0 0.3684751804058368 0.9888977637657752 0.028254288893479567 0.018221928523137018
0 0.8167495727539062 0.5341717646672175 0.019173842210036058 0.01930654965914213
0 0.11301189202528733 0.24166446465712327 0.018360174619234525 0.018329510321983926
0 0.4807013731736403 0.47812362817617565 0.06281199822059044 0.06177337353046124
0 0.016529229971078727 0.15125458057110125 0.02694415129148043 0.029337076040414665
0 0.05384511214036208 0.3965332324688251 0.014524184740506686 0.014639340914212741
0 0.28365597358116734 0.24361757131723258 0.017031449538010817 0.01712931119478666
0 0.22441898859464204 0.4318580627441406 0.02191921380849985 0.022019019493689902
0 0.3825989136329064 0.3301650927617 0.022496663607083835 0.022035672114445612
0 0.4510682179377629 0.8011941909790039 0.01556858649620643 0.015700413630558893
0 0.7665863037109375 0.2318866803095891 0.01422588641826923 0.014243492713341346
0 0.6328741220327524 0.028633204790262077 0.014511401836688701 0.014589025424076961
0 0.4909619184640738 0.3960498296297513 0.014841960026667668 0.014666190514197716
0 0.7903768099271334 0.09290359570429875 0.018300276536207933 0.018265173985407904
0 0.8518997339101938 0.6896467942457932 0.01527096674992488 0.015704815204326924
0 0.8529109954833984 0.10939577909616324 0.0196377680851863 0.02008346410898062
0 0.6087305362407978 0.5784684694730319 0.017894451434795674 0.01824525686410757
0 0.20732518342825082 0.23668835713313177 0.017399714543269232 0.017127257127028245
0 0.846644768348107 0.326201658982497 0.03881630530724159 0.03850322503309984
0 0.7617816925048828 0.8926181793212891 0.020315023568960335 0.020375178410456732
0 0.7556940225454477 0.01427107361646799 0.020779536320612982 0.02105525365242591
0 0.9857666309063251 0.3126073617201585 0.01647641108586238 0.017056831946739785
0 0.1443805694580078 0.25968133486234224 0.01864513984093299 0.018614842341496393
0 0.8535947799682617 0.6355319389930139 0.016577500563401442 0.016955155592698317
0 0.24001569014329177 0.21675883806668794 0.0180203364445613 0.017934725834773138
0 0.13907150121835563 0.9289820010845478 0.033755008990948014 0.032956636868990384
0 0.637449704683744 0.6390321438129132 0.025212507981520433 0.02549464886005108
0 0.9714957017164964 0.3189992904663086 0.05066680908203125 0.05909198981065016
0 0.034440269837012656 0.2282732083247258 0.01471708371089055 0.014998509333683895
0 0.7194404602050781 0.17616893694950983 0.015005698570838341 0.015252260061410757
0 0.7163847409761869 0.6412909581111028 0.05199564420259916 0.05341940659743089
0 0.1473717322716346 0.5360207190880408 0.027662057142991286 0.027029771071213942
0 0.43598655553964466 0.42980395830594575 0.015700120192307692 0.01584654587965745
0 0.25753114773676944 0.8925617658174955 0.01810301267183744 0.018407088059645433
0 0.6608616755558894 0.34474629622239333 0.0182955815241887 0.01851793435903696
0 0.37983421178964466 0.4894823661217323 0.01642300532414363 0.016219652616060697
0 0.609584955068735 0.06659638423186082 0.015880437997671273 0.016147182537959173
0 0.7448032819307767 0.8330628321721003 0.022467980018028848 0.02313408484825721
0 0.7750720977783203 0.10865309605231652 0.016974229079026442 0.016918384111844577
0 0.5720239052405725 0.07156834235558143 0.016103744506835938 0.016109558252187874
0 0.2976361971635085 0.3747613246624286 0.016194967123178337 0.016025396493765023
0 0.20225249803983247 0.40412378311157227 0.026021150442270134 0.026691216688889723
0 0.6189980140099158 0.16638429348285383 0.019681453704833984 0.019547755901630107
0 0.17020768385667068 0.5892617885883038 0.015574968778170072 0.015291507427509014
0 0.43196909244243914 0.12212877090160663 0.018343265240009014 0.017977164341853216
0 0.6973074399507962 0.8895747844989483 0.015371322631835938 0.01553814227764423
0 0.7576850744394156 0.10115356628711407 0.018739700317382812 0.019594981120182917
0 0.23913963024432844 0.902744880089393 0.02386027116041917 0.024075874915489785
0 0.8166905916654147 0.11153364181518555 0.02450708242563101 0.0248714960538424
0 0.09002507649935208 0.3372838313762958 0.015451284555288462 0.015549292931189904
0 0.4114645811227652 0.19629716873168945 0.03446622995229868 0.03570996798001803
0 0.4872918495765099 0.581751089829665 0.018622911893404447 0.01888700631948618
0 0.2276303584759052 0.8339090347290039 0.01873166744525616 0.01886749267578125
0 0.5071620574364295 0.5380869278540978 0.03883823981651893 0.038114767808180586
0 0.03824004760155311 0.9705628615159255 0.03355581943805401 0.03275768573467548
0 0.250409328020536 0.04153829354506273 0.020983769343449518 0.02120983600616455
0 0.5204589550311749 0.31383976569542515 0.013762107262244591 0.013930999315701999
0 0.28791306569026065 0.3370211674616887 0.01776013007530799 0.01731087611271785
0 0.7154190356914814 0.6478115962101862 0.04550581711989183 0.04347845224233774
0 0.6815659449650691 0.621092282808744 0.02744293212890625 0.027562068058894232
0 0.8399573106032151 0.301517706650954 0.02148261437049279 0.021674522986778848
0 0.11548432937035194 0.09493677432720478 0.0180053344139686 0.01830581518319937
0 0.04686733392568735 0.16215300559997559 0.01751259657052847 0.01765595949613131
0 0.27930659514207107 0.47493905287522536 0.026008459237905648 0.025653912470890924
0 0.5970437710101788 0.015755966305732727 0.015556775606595553 0.014871503298099224
0 0.2463404398698073 0.06674553339297955 0.017799780919001654 0.01764512979067289
0 0.10648941076718844 0.19033580559950608 0.014099194453312801 0.014069006993220402
0 0.8066853743333083 0.578595234797551 0.018466656024639424 0.018603691687950723
0 0.4833433444683368 0.2784404021043044 0.015419739943284255 0.015349094684307393
0 0.29753905076246995 0.43407337482158953 0.03295062138484074 0.03201029850886418
0 0.9883560767540565 0.8952115865854117 0.013983066265399639 0.015711417564978965
0 0.8472345792330228 0.14642546727107122 0.022360581618088942 0.021848678588867188
0 0.3705086341271034 0.19978724993192232 0.01706387446476863 0.01702543405386118
0 0.8564552160409781 0.6733103532057542 0.017445197472205527 0.017528240497295674
0 0.08627922718341534 0.5167369842529297 0.028204298936403714 0.028806246243990384
0 0.2430410385131836 0.7298648540790265 0.02354746598463792 0.023600358229417067
0 0.46158753908597505 0.29628485899705154 0.020020484924316406 0.020220096294696514
0 0.36028693272517276 0.4085380480839656 0.02524111821101262 0.025296871478740986
0 0.5207507060124323 0.42254220522367036 0.013250791109525241 0.013483487642728366
0 0.07805307094867413 0.6766634721022385 0.014499095770028921 0.01443011944110577
0 0.8333605252779447 0.12650284400353065 0.032365065354567304 0.03226793729341947
0 0.5654906492966872 0.568597096663255 0.016219652616060697 0.016811370849609375
0 0.8494400611290565 0.5676862276517428 0.014172187218299279 0.01407608619103065
0 0.26550876177274263 0.8795616443340595 0.017790721012995794 0.018204909104567308
