0 0.9389591217041016 0.6341915864210862 0.0965589376596304 0.09686616750863883
0 0.809466288639949 0.6566525972806491 0.042336684006911054 0.04219143207256611
0 0.7751213954045222 0.285639946277325 0.06818287189190204 0.06725252591646634
0 0.9538226494422326 0.7536689318143405 0.07445892920860878 0.11746069101186898
0 0.1055686198748075 0.7158373319185697 0.11441918519827035 0.11546575106107272
0 0.3588282878582294 0.4649626658512996 0.027571751521183893 0.027655381422776442
0 0.839718745304988 0.7419725564809946 0.032530564528245196 0.03245969919057993
0 0.04569360384574303 0.6828198066124549 0.025894541006821852 0.026393743661733773
0 0.8900020305926983 0.47478081629826474 0.041711073655348554 0.04111069899338942
0 0.6219136164738581 0.1088861135336069 0.025458739354060247 0.02545342078575721
0 0.3414889849149264 0.33089395669790417 0.01998028388390174 0.019920495840219352
0 0.4276776680579552 0.9467284862811749 0.025510641244741585 0.025513428908128005
0 0.05023104410905104 0.8311887887807993 0.019989573038541354 0.02007440420297476
0 0.2842727807851938 0.3531496341411884 0.020242067483755257 0.020382147568922777
0 0.20175719261169434 0.07801389694213867 0.01961352274968074 0.019711952943068285
0 0.15062165260314941 0.8031597137451172 0.020990958580603965 0.020705296443058893
0 0.2749026738680326 0.9874279315655048 0.04632260249211238 0.023682520939753607
0 0.29570348446185774 0.14911742393787092 0.021828871506911058 0.021638815219585713
0 0.629977299616887 0.6783257264357346 0.026962867149939902 0.027115601759690505
0 0.36812562208909255 0.36955151191124547 0.021529124333308294 0.021508436936598558
0 0.286858815413255 0.25640326279860276 0.018445418431208685 0.01811078878549429
0 0.3416909071115347 0.5041743792020358 0.018831766568697415 0.018793546236478366
0 0.5230200840876653 0.27712583541870117 0.018515366774338942 0.018686294555664062
0 0.4053169397207407 0.30939303911649263 0.02222310579740084 0.02237070523775541
0 0.1763299795297476 0.17146801948547363 0.018895516028771035 0.01888895034790039
0 0.05226393846365122 0.8466965601994441 0.01827261998103215 0.018128615159254808
0 0.752524155836839 0.8729114532470703 0.02059760460486779 0.02082677987905649
0 0.35120083735539365 0.2755738405080942 0.016887958233173076 0.016744026770958535
0 0.6382149916428786 0.9794120054978591 0.032715137188251205 0.03208629901592548
0 0.0921021424807035 0.9927843534029447 0.019987949958214395 0.013057415301983174
0 0.5376110076904297 0.7038266842181866 0.022150186391977165 0.022320380577674277
0 0.5303541330190805 0.8619222640991211 0.030135594881497897 0.03059108440692608
0 0.15043190809396598 0.1973115480863131 0.017426013946533203 0.017660140991210938
0 0.5695319175720215 0.7131759936992939 0.01608621157132662 0.015893055842472956
0 0.6882613255427434 0.4184295947735126 0.018882164588341348 0.018851060133713942
0 0.08636601154620831 0.4428936518155612 0.01885091341458834 0.01890872075007512
0 0.8804972721980169 0.5781599925114558 0.029087066650390625 0.02936069781963642
0 0.6430473327636719 0.08809544489933895 0.017835176908052884 0.017809427701509915
0 0.6494661477895883 0.17423926866971529 0.024806976318359375 0.024772130526029147
0 0.20329983417804426 0.43210682502159703 0.017026351048396185 0.01694796635554387
0 0.15569219222435585 0.8820172823392428 0.016896137824425332 0.016803741455078125
0 0.09140720734229454 0.36611215884868914 0.038527690447293796 0.03958672743577223
0 0.6068179790790265 0.9888715010422927 0.03613017155573918 0.020659226637620192
0 0.7348845555232122 0.3591270446777344 0.01905646690955529 0.018921558673565205
0 0.554102897644043 0.8045872908372146 0.015788738544170674 0.015770545372596152
0 0.2977137382213886 0.28215279945960414 0.016373340900127705 0.016582709092360277
0 0.7185321220984826 0.42298232592069185 0.027358128474308893 0.02723062955416166
0 0.3038923373589149 0.23634844559889573 0.021443770481989935 0.021389007568359375
0 0.6643362045288086 0.9325701640202448 0.016092300415039062 0.01609523479755108
0 0.7761911245492789 0.6071130679203913 0.04239595853365385 0.04198257739727314
0 0.7323782260601337 0.048904240131378174 0.027394808255709134 0.02734039380000188
0 0.0971668866964487 0.9191687657282903 0.017751657045804538 0.017535576453575723
0 0.9745960235595703 0.9120613244863657 0.019430894118088942 0.019197757427509014
0 0.9461687528170072 0.4962961490337665 0.02029286898099459 0.020503117487980768
0 0.9565800886887771 0.8540114622849685 0.06987263606144832 0.11294614351712741
0 0.4510066325847919 0.8809011899507962 0.11895216428316556 0.1208942119891827
0 0.19040313133826622 0.7344282590425931 0.015291287348820614 0.015419299785907451
0 0.3291121996366061 0.7186725323016827 0.014905342688927284 0.014899033766526442
0 0.06120671675755428 0.41295535747821516 0.017626597331120417 0.017826373760516826
0 0.01613355829165532 0.7634324293870193 0.01739546885857215 0.018027085524338942
0 0.042764636186453014 0.5345343809861404 0.017523180979948778 0.017541005061222956
0 0.7360870654766376 0.9598413614126352 0.028409957885742188 0.028354938213641826
0 0.35422592896681565 0.16369320796086237 0.016100369966947116 0.015978079575758714
0 0.5943814057570237 0.9277852865365835 0.015447763296274038 0.015309994037334736
0 0.39835196274977464 0.980286011329064 0.016045497013972357 0.015935310950646035
0 0.39828938704270583 0.6516408186692458 0.015119405893179087 0.01510913555438702
0 0.09918311009040245 0.5487849895770733 0.017104974159827598 0.01694664588341346
0 0.41751575469970703 0.7918698237492487 0.015408002413236178 0.015382913442758413
0 0.7160481673020583 0.46077409157386195 0.018649468055138223 0.01859430166391226
0 0.3573428667508639 0.6167561457707331 0.014440829937274639 0.014461370614858774
0 0.22701129546532264 0.7789933131291316 0.01845103043776292 0.018332848182091348
0 0.2898461635296161 0.7113739893986628 0.016039114732008714 0.01603845449594351
0 0.9759117273183969 0.26288564388568586 0.02604983403132512 0.03819847106933594
0 0.10149359703063965 0.24511883809016302 0.016146293053260215 0.016224054189828727
0 0.42867319400493914 0.9184092008150541 0.016179671654334433 0.016017620380108174
0 0.5777263641357422 0.7830792940579928 0.01472773918738732 0.014713874230018029
0 0.1787095069885254 0.6331716684194711 0.014376346881573018 0.014244666466346154
0 0.17201821620647723 0.30179863709669846 0.015235167283278245 0.015241696284367489
0 0.08873593807220459 0.07860931066366342 0.01513391274672288 0.015193040554340068
0 0.2659705969003531 0.60780092386099 0.014556444608248197 0.014503185565655049
0 0.3888434630173903 0.3327599305372972 0.01689602778508113 0.01655263167161208
0 0.6491696284367487 0.726493028494028 0.015869727501502402 0.01572755666879507
0 0.6042884679941031 0.2431614215557392 0.021343304560734674 0.021473224346454326
0 0.10585574920360859 0.12220586263216458 0.01491851073044997 0.01513066658606896
0 0.3501977553734413 0.7851676207322341 0.015108988835261418 0.01499161353478065
0 0.34265430157001203 0.1996801082904522 0.014144457303560697 0.014253176175631009
0 0.4862230741060697 0.5963256542499249 0.035025523259089544 0.034612142122708835
0 0.25638451943030727 0.36163990314190203 0.016694362346942607 0.016763980572040264
0 0.31438313997708833 0.2780437102684608 0.014269040181086613 0.01423190190241887
0 0.8441991072434646 0.4837824748112605 0.033626556396484375 0.032940057607797474
0 0.2128751461322491 0.443355340224046 0.0145416259765625 0.014629364013671875
0 0.38733827150785005 0.34422746071448695 0.014779897836538462 0.014555857731745793
0 0.8005439318143405 0.4892440942617563 0.04618571354792668 0.04627301142765926
0 0.4383193529569186 0.9755711188683143 0.01653451185960036 0.0167385981633113
0 0.2635082464951735 0.1417374427501972 0.014435327970064603 0.014388744647686299
0 0.7115322993351862 0.31894815885103667 0.020303872915414665 0.020375471848707933
0 0.5924006975614108 0.7140726676354041 0.023853888878455527 0.023735633263221152
0 0.7354610149676983 0.048741088463709906 0.023340371938852165 0.024321345182565544
0 0.09400332891024075 0.10171141991248497 0.014602184295654297 0.014742851257324219
0 0.5821681389441857 0.9518092228816106 0.02638552739070012 0.02657288771409255
0 0.015483659047346849 0.8742862848135141 0.015184095272651086 0.015534327580378605
0 0.388146840609037 0.3381017538217398 0.020282451923076924 0.020633844228891227
0 0.8681143247164212 0.2851093548994798 0.044460296630859375 0.043879032135009766
0 0.2796053886413574 0.7702853129460261 0.014711380004882812 0.014875998863807091
0 0.39714893927940953 0.6658154267531174 0.014893898597130409 0.014540158785306491
0 0.7822724855863131 0.4421378649198092 0.02127867478590745 0.021226002619816706
0 0.3319997053879958 0.09843248587388259 0.0158078120304988 0.015714718745304987
0 0.25158456655649036 0.30599300677959734 0.01631336945753831 0.016588431138258714
