0 0.5569197581364558 0.7351807814378005 0.25220386798565203 0.25214943519005406
0 0.43039916111872745 0.8667513040395883 0.1506027074960562 0.15106582641601562
0 0.3605457085829515 0.7568240532508264 0.12647665463961089 0.12790503868689904
0 0.6840322934664212 0.3990310522226187 0.07276549706092247 0.07391562828650841
0 0.6139160302969126 0.9565464900090144 0.10406009967510517 0.08150804959810697
0 0.6743668776292068 0.2877192497253418 0.048940218411959134 0.048282696650578424
0 0.5081081390380859 0.9630132821890024 0.03490433326134315 0.035040635329026446
0 0.47896796006422776 0.192276276074923 0.029296068044809196 0.02926008517925556
0 0.5171703191903921 0.4029981173001803 0.026694664588341348 0.02673956064077524
0 0.9228574312650241 0.20099614216731146 0.031950730543870196 0.0319678600017841
0 0.3354935279259315 0.13590532082777756 0.03460979461669922 0.03469085693359375
0 0.30113478807302624 0.3643156931950496 0.025899997124305137 0.026071695181039665
0 0.22252693543067345 0.6379727583665115 0.031470848963810846 0.0314642099233774
0 0.6815747481126052 0.2307131290435791 0.038636427659254804 0.0382231565622183
0 0.1251441240310669 0.8755984673133264 0.029808466251079854 0.029665433443509616
0 0.4081125992995042 0.9329241239107572 0.02744608659010667 0.027514090904822715
0 0.7691333477313702 0.7523005558894231 0.04342871445875902 0.043010711669921875
0 0.5607938032883865 0.28373369803795445 0.040187688974233776 0.04005978657649113
0 0.7983088126549354 0.574671011704665 0.02236762413611779 0.022440470181978665
0 0.13777564122126654 0.8511243966909555 0.03422751793494591 0.03438978928786058
0 0.3252601623535156 0.49236653401301456 0.027317927433894232 0.02753587869497446
0 0.4816776422353891 0.13730780894939715 0.0231170654296875 0.023184556227463942
0 0.5497665038475623 0.3956776398878831 0.02073251284085787 0.02095926724947416
0 0.5170494959904597 0.3133394167973445 0.029707835270808294 0.029785743126502402
0 0.03171431559782762 0.5883646744948167 0.03284721191112812 0.03283427311823918
0 0.5944812481219952 0.27572415425227237 0.026511999276968148 0.026308866647573616
0 0.2953769610478328 0.26996586872981143 0.020348622248722956 0.01990358646099384
0 0.30999069947462815 0.5493727830740122 0.02350785182072566 0.023558983435997598
0 0.0944813948411208 0.1017997723359328 0.025439684207622822 0.025723640735332783
0 0.4474802017211914 0.47424686872042143 0.020289127643291768 0.020415672889122598
0 0.8216062692495493 0.8190021514892578 0.026517721322866585 0.026425581711989183
0 0.7481831770676833 0.55695863870474 0.025868635911207933 0.02597383352426382
0 0.8505784548245944 0.9155872051532452 0.0331872793344351 0.03331081683819111
0 0.05325547089943519 0.4539134685809796 0.027081893040583685 0.027014952439528245
0 0.2172536483177772 0.9878149032592773 0.040904998779296875 0.023149783794696514
0 0.9624832593477689 0.8970304635854868 0.021969721867487982 0.022218997661884014
0 0.23557894046490008 0.2550213520343487 0.026331314673790567 0.02652146266056941
0 0.2665125039907602 0.071326888524569 0.03159963167630709 0.031256840779231146
0 0.9111599555382361 0.5326302968538724 0.09563739483173077 0.09739941817063552
0 0.6402474916898288 0.09533516260293814 0.03166052011343149 0.03152957329383263
0 0.5161404242882361 0.45882877936730015 0.02686617924616887 0.027040628286508415
0 0.7837828122652494 0.6113114723792443 0.02620726365309495 0.0261538578913762
0 0.260498046875 0.3818336266737718 0.02187519807081956 0.021991216219388522
0 0.9626792027400091 0.09201508301955003 0.021713843712439902 0.0216671503507174
0 0.3307852011460524 0.18891096115112305 0.024108739999624398 0.024286270141601562
0 0.16480057056133562 0.07025749866779034 0.029909757467416618 0.029953498106736403
0 0.5833232219402606 0.10073186801030086 0.0204164798443134 0.02035096975473257
0 0.6723387791560247 0.2622534678532527 0.029095576359675482 0.029402512770432692
0 0.8269983438345102 0.5997065764207107 0.03540743314302885 0.03585213881272536
0 0.10674943373753475 0.5834335180429312 0.02116850706247183 0.020893977238581732
0 0.6435050964355469 0.2278281725369967 0.036778963529146634 0.037625899681678183
0 0.1538520226111779 0.3301806083092323 0.025205382933983438 0.02537375230055589
0 0.5956280781672552 0.3167435572697566 0.01949031536395733 0.01954496823824369
0 0.4809516760019156 0.04990462614939763 0.024868598351111777 0.025083120052631084
0 0.33365748478816104 0.8941824986384466 0.02342810997596154 0.023507338303786058
0 0.9433567340557392 0.4635177392225999 0.024599808913010817 0.024811157813439004
0 0.3098250169020433 0.5820432076087365 0.017527360182542067 0.017553036029522236
0 0.9947269879854642 0.7776082845834585 0.010465915386493389 0.03986710768479567
0 0.23996853828430176 0.5250129699707031 0.0189822270320012 0.01886323782113882
0 0.8846103228055514 0.8843102088341346 0.028053723848783053 0.02814454298753005
0 0.5055492107684796 0.5504841804504395 0.03351901127741887 0.03359625889704777
0 0.1482927890924307 0.5951098662156326 0.026830581518319938 0.026503929725060098
0 0.992652599628155 0.8693103790283203 0.014478536752554087 0.03265175452599159
0 0.770022465632512 0.39847700412456805 0.022858252892127402 0.022292724022498496
0 0.7909870881300706 0.1618654727935791 0.045925287099984974 0.04635172623854417
0 0.5813231101402869 0.23241153130164513 0.020143508911132812 0.020393738379845254
0 0.1520861112154447 0.6860490945669321 0.016845299647404596 0.016814598670372598
0 0.9290530865009015 0.30563037212078387 0.019663590651292067 0.0197598750774677
0 0.32499317022470325 0.9850243788499099 0.025348810049203727 0.0247802734375
0 0.22327408423790565 0.843382321871244 0.022765159606933594 0.022708012507512018
0 0.04694179846690251 0.3375062942504883 0.03348846618945782 0.034093416654146634
0 0.12520074844360352 0.2072316683255709 0.019885540008544922 0.01985513246976412
0 0.036209014745859 0.015196060905089745 0.049944437467134915 0.02901290700985835
0 0.591725386106051 0.38647600320669323 0.017208026005671576 0.017221524165226862
0 0.5231174322275015 0.8577361473670373 0.023617671086237982 0.023761162391075723
0 0.17297891470102164 0.5688716081472543 0.024306517380934495 0.024688133826622598
0 0.6267974560077374 0.9418690754817083 0.017634171705979567 0.01767554649939904
0 0.35857736147367036 0.4287713857797476 0.01705316396859976 0.01691275376539964
0 0.5963358879089355 0.7443378888643705 0.01578066899226262 0.015999573927659255
0 0.21271568078261155 0.5079342768742487 0.01564157926119291 0.015662266657902643
0 0.5232515335083008 0.4889400555537297 0.024897942176231973 0.02483221200796274
0 0.969764416034405 0.8212825334989108 0.018529305091271035 0.01853796151968149
0 0.133896332520705 0.35820377790010893 0.01932527468754695 0.01947960486778846
0 0.517400154700646 0.34459869678203875 0.017505645751953125 0.01772924569936899
0 0.503216816828801 0.14618023542257455 0.027384537916917067 0.027426407887385443
0 0.5343201343829815 0.44477055622981143 0.01753513629619892 0.017795562744140625
0 0.4051704406738281 0.5022659301757812 0.015983141385591947 0.01581595494196965
0 0.31740441689124477 0.2106969539935772 0.049210548400878906 0.04879848773662861
0 0.9182511843167819 0.43593480036808896 0.020550067608173076 0.02084629352276142
0 0.004498568291847522 0.6144117208627554 0.008985044864507822 0.02276009779710036
0 0.6108540755051833 0.36753955254187953 0.01886118375338041 0.018745935880220853
0 0.5933150878319373 0.21765562204214242 0.018307905930739183 0.01809215545654297
0 0.8856529822716346 0.6871246924767127 0.025543066171499398 0.025613051194411058
0 0.907286864060622 0.7397274604210486 0.07323749248798077 0.07344906146709736
0 0.7118806838989258 0.22018300569974458 0.019180884728064902 0.01913136702317458
0 0.45882023297823393 0.10491710442763108 0.018381338853102464 0.018201644604022685
0 0.05869638461333055 0.5944481629591721 0.019631266593933105 0.0195919917179988
0 0.2787002783555251 0.6487629963801458 0.01871483142559345 0.0187225341796875
0 0.6079346950237567 0.86755737891564 0.015960326561560996 0.016085698054387018
0 0.37734376467191255 0.9202686456533579 0.015652289757361777 0.015588320218599759
0 0.36429595947265625 0.2807167126582219 0.01593017578125 0.0159150270315317
0 0.5296234350938064 0.4730701446533203 0.01962419656606821 0.019798865685096152
0 0.22685469113863432 0.07883053559523362 0.017095492436335638 0.016650231984945443
0 0.5409009273235614 0.2494498216188871 0.0598443838266226 0.06132822770338792
0 0.6932279146634616 0.33281440001267654 0.015735919658954326 0.015767904428335335
0 0.9268757746769831 0.08271331970508282 0.05974373450646034 0.06036233901977539
0 0.24297402455256537 0.1629927891951341 0.01557460198035607 0.015554061302771935
0 0.16341418486375076 0.10408885662372296 0.017793802114633415 0.017774618588961087
0 0.3732300538283128 0.35959654587965745 0.01614658649151142 0.016074107243464544
0 0.6567862584040716 0.241759153512808 0.025794396033653848 0.024919436528132513
0 0.06396336738879864 0.6181008265568659 0.01626748305100661 0.016031558697040264
0 0.7256372891939603 0.32255062690147984 0.016245328463040866 0.016044176541841947
0 0.09656897874978873 0.37045379785391 0.01625855152423565 0.01636930612417368
0 0.12863586499140814 0.6194534301757812 0.023525054638202373 0.02355678264911358
0 0.9276783282940204 0.8830946408785306 0.016164339505709134 0.016289637638972357
0 0.35748621133657604 0.4910060442410983 0.014776229858398438 0.014780924870417668
0 0.11678789212153508 0.8615826826829177 0.18878492942223182 0.18867169893704927
0 0.19512365414546087 0.4860831774198092 0.020195704240065355 0.02016903803898738
0 0.7290113889254056 0.8109405957735502 0.021371988149789665 0.02152398916391226
0 0.22639934833233172 0.05383910582615779 0.016063470106858473 0.016058078178992637
0 0.008753187381304227 0.5286167584932767 0.01672280063995948 0.017195774958683893
0 0.46132036355825573 0.07027309674483079 0.020893096923828125 0.021054542981661283
0 0.21774930220383865 0.8876504164475661 0.019141343923715446 0.018978999211237982
0 0.6273869000948392 0.1528893250685472 0.016058848454402044 0.01600496585552509
0 0.5272879967322717 0.5973383096548227 0.026741761427659255 0.027118829580453727
0 0.7086816200843225 0.052725099600278415 0.02377627446101262 0.023607740035423867
0 0.6946356846736028 0.876656018770658 0.02581024169921875 0.026373936579777643
0 0.31564851907583386 0.3395365935105544 0.015271993783804087 0.015273754413311299
0 0.5612299992487981 0.3676148928128756 0.014165291419396034 0.014192141019381009
0 0.36123748926016 0.04793277612099281 0.014974447397085337 0.015282007364126353
0 0.39435658088097203 0.9633968059833233 0.0177609370304988 0.017892984243539665
0 0.13108512988457313 0.4635738226083609 0.014804876767672025 0.014560406024639424
0 0.4812198052039513 0.008455169888643118 0.029320936936598558 0.01629942884811988
0 0.03971615204444298 0.4429437197171725 0.016792755860548753 0.01659217247596154
0 0.2035334843855638 0.5226867015545185 0.01784361325777494 0.017962529109074518
0 0.8349489798912635 0.04655612432039701 0.250950446495643 0.08889697148249699
0 0.6275956814105694 0.3556086466862605 0.02205056410569411 0.022031197181114785
0 0.6658680989192083 0.8863764542799729 0.014824500450721154 0.014836531419020433
0 0.876189818749061 0.9037607633150541 0.016097582303560697 0.015660506028395433
0 0.36240463990431565 0.44198094881497896 0.01440290304330679 0.014272249661959134
0 0.5482362233675443 0.9143202855036809 0.020391464233398438 0.020562098576472357
0 0.3660683265099159 0.6275420555701623 0.014265500582181491 0.014470467200646034
0 0.9852559016301081 0.3958337123577411 0.02474241990309495 0.02428406935471755
0 0.845254164475661 0.3486767548781175 0.03276355449969952 0.03271557734562801
0 0.6532839261568509 0.43262503697321963 0.031216254601111777 0.0316314697265625
0 0.21955429590665376 0.825871100792518 0.014687758225661058 0.014469146728515625
0 0.8998724864079402 0.8618775881253756 0.014202411358173076 0.01436321551983173
0 0.1876679200392503 0.558566166804387 0.016571191641000602 0.016393661499023438
0 0.221036984370305 0.1774430091564472 0.0168149654681866 0.016991065098689154
0 0.43708537175105167 0.3396899883563702 0.014222365159254808 0.014294257530799279
0 0.5055257723881648 0.10908583494333121 0.014812396122859074 0.014908790588378906
0 0.9804677229661208 0.05533002890073336 0.03860062819260817 0.058919888276320234
0 0.23750187800480768 0.17998293729928824 0.014757413130540114 0.01468801498413086
0 0.13126386128939116 0.3210321573110727 0.014446551983173076 0.014632591834435096
0 0.7110435779278095 0.46844247671274036 0.019155062161959134 0.019370152400090143
0 0.7282629013061523 0.4274732149564303 0.030590644249549277 0.03045199467585637
0 0.2899728554945726 0.6084972528310922 0.014301116649921123 0.014062588031475361
0 0.1392086102412297 0.24509108983553374 0.016428360572228067 0.01651752912081205
0 0.63226685157189 0.39487772721510667 0.0426788696875939 0.042508492102989785
0 0.0752038313792302 0.24232816696166992 0.01743314816401555 0.01748070350060096
0 0.5136323341956506 0.5141455576970027 0.03053423074575571 0.03207947657658504
0 0.41938671698937047 0.5134322093083308 0.016756644615760215 0.01707913325383113
0 0.6587200164794922 0.4567765455979567 0.021469996525691107 0.021200180053710938
0 0.6347327599158654 0.9896584290724534 0.014694800743689904 0.014418968787560096
0 0.8262815475463867 0.9741178659292368 0.014957281259390024 0.014992640568659855
0 0.8873892564039964 0.019349052355839655 0.01611328125 0.016060829162597656
0 0.3585032316354605 0.27382625066317046 0.015003791222205529 0.015669492574838493
0 0.4369533612177922 0.9945041949932392 0.0159151370708759 0.009621546818659855
0 0.1106731524834266 0.12248647212982178 0.028418467595027044 0.027819266686072715
0 0.4487623068002554 0.8199145977313702 0.016057234544020433 0.016108586237980768
0 0.43380829004141 0.4998926749596229 0.024917749258188102 0.024524688720703125
0 0.6212052565354568 0.5928173065185547 0.014130518986628605 0.014312157264122596
0 0.23654541602501503 0.4556709436269907 0.019316379840557393 0.019324669471153848
0 0.29735979667076695 0.5350231023935171 0.01436321551983173 0.014124650221604567
0 0.7261213155893179 0.8789534935584435 0.029282789963942308 0.029283963716947116
0 0.9873156914344201 0.22375691854036772 0.01782842782827524 0.017127807323749248
0 0.8362343127910907 0.9557813497690054 0.016204687265249398 0.016072786771334134
0 0.17849247272198016 0.3920469284057617 0.013951374934269832 0.013907946073091947
0 0.9771707241351788 0.046193608870873086 0.04604398287259615 0.07741132149329552
0 0.7921552658081055 0.2565186940706693 0.01914376478928786 0.018825457646296576
0 0.5638438004713792 0.14431063945476824 0.015433531541090745 0.01561876443716196
0 0.48499459486741286 0.39548734518197864 0.01654184781588041 0.01665672889122596
0 0.2993205510652982 0.06974462820933415 0.015484296358548678 0.015649841381953314
0 0.9671535491943359 0.1779323357802171 0.027991074782151442 0.027704238891601562
0 0.44644902302668643 0.4366193184485802 0.01971098092886118 0.019240452693058893
0 0.7482929963331956 0.5184312233558068 0.01791220444899339 0.018101252042330228
0 0.059955551074101374 0.27736913240872896 0.016827124815720778 0.01663064956665039
0 0.6845718530508188 0.3125498111431415 0.014913118802584134 0.014639946130605845
0 0.9850045717679538 0.13737625342149 0.029327539297250602 0.07980849192692684
0 0.6578364739051232 0.3318626697246845 0.016761192908653848 0.016637361966646634
0 0.10515603652367225 0.27056085146390474 0.014390340218177209 0.014422856844388522
0 0.5289974946242112 0.3632815434382512 0.019908024714543268 0.019930472740760215
0 0.39656635431142956 0.5803308486938477 0.01857647529015174 0.018436725323016826
0 0.07193649732149564 0.29207570736224836 0.014834715769841121 0.014781438387357272
0 0.6767952258770282 0.862797370323768 0.014533703143780049 0.014419262225811299
0 0.8600641397329477 0.22221081073467547 0.015210958627554087 0.015008779672475962
0 0.3095129086421086 0.9243632096510667 0.017522371732271634 0.01753997802734375
0 0.3584296153141902 0.6113799902109 0.026204916147085335 0.026564964881310098
0 0.9048180213341346 0.8728931133563702 0.01726531982421875 0.01702117919921875
0 0.43123003152700573 0.8440918555626502 0.014533556424654447 0.014475602370042067
0 0.24717363944420448 0.44229954939622146 0.014409725482647236 0.014172554016113281
0 0.08786333524263822 0.39709978837233323 0.014138478499192458 0.0140992678128756
0 0.2049571000612699 0.1980608426607572 0.01341852774986854 0.013648399939903846
0 0.42156116779033953 0.5370951432448167 0.015291067270132212 0.015091382540189303
0 0.46814412337083083 0.4803931162907527 0.015754259549654447 0.015619718111478366
0 0.0038430197880818294 0.3726368317237267 0.007724858247316801 0.016793544475848857
0 0.5108921344463642 0.52725311426016 0.027767034677358773 0.028129137479341947
0 0.5833566739008977 0.19143331967867339 0.01836387927715595 0.018012633690467246
0 0.7492022147545447 0.7212672600379357 0.01739223186786358 0.0174713134765625
0 0.606091572688176 0.3809356322655311 0.014309369600736178 0.014875558706430288
0 0.5064742014958308 0.865697273841271 0.013657056368314303 0.013667473426231971
0 0.70904357616718 0.30519854105435884 0.013705180241511418 0.013980462000920223
0 0.45558643341064453 0.4096268873948317 0.015293047978327824 0.015487084021935096
0 0.21663331985473633 0.4120290462787335 0.013534765977125902 0.013445634108323317
0 0.4781277363116925 0.9836880610539362 0.023897611177884616 0.02350953909067007
0 0.25218926943265474 0.7033213101900541 0.02813922441922701 0.027845235971304085
0 0.09855732550987831 0.1485534172791701 0.02348151573768029 0.023533949485191934
0 0.17028351930471566 0.4586358437171349 0.0140684934762808 0.014155167799729567
0 0.9848307096041166 0.5365709524888259 0.03028253408578726 0.030950399545522835
0 0.6282215118408203 0.8605104593130258 0.01576995849609375 0.015877356896033652
0 0.3609601534329928 0.9891474063579853 0.016005809490497295 0.015384820791391226
0 0.04470204848509569 0.6213646668654221 0.017871719140272874 0.017294957087590143
