0 0.7305126923781174 0.6848895733173077 0.035377209003155045 0.04335520817683293
0 0.2867486293499286 0.7386082135714017 0.021320049579326924 0.02135306138258714
0 0.6055410825289212 0.43576988807091344 0.07062882643479568 0.07083188570462741
0 0.6697788238525391 0.3356000460111178 0.04189564631535457 0.0418250010563777
0 0.36942107860858625 0.5998667203463041 0.01769249255840595 0.017830922053410456
0 0.6271671882042518 0.5022486173189603 0.02208533653846154 0.022151360144981973
0 0.5770814968989446 0.2554603356581468 0.01734168712909405 0.017214114849384014
0 0.4599705476027269 0.13637654597942644 0.017169658954326924 0.017055584834172174
0 0.6969205416165866 0.17480648480928862 0.017520904541015625 0.017432652986966647
0 0.530997789823092 0.0721661402628972 0.015908021193284255 0.01591623746431791
0 0.6358099717360276 0.04456890087861281 0.017635345458984375 0.01757651108961839
0 0.6011153734647311 0.13744337742145246 0.01562925485464243 0.015712554638202373
0 0.6734971266526443 0.00923716276884079 0.01638031005859375 0.015907783920948323
0 0.6574268341064453 0.1447042043392475 0.01891502967247596 0.019367383076594427
0 0.5057651079618014 0.07412515236781193 0.017634024986853965 0.017650109070997972
0 0.3132717792804425 0.21307174976055437 0.01501164069542518 0.014836384699894832
0 0.6465458503136268 0.07446700793046218 0.016280541053185098 0.016209510656503532
0 0.6506172326894907 0.6320080390343299 0.019995469313401442 0.019969353309044473
0 0.2731478397662823 0.09250192458813007 0.03116306891808143 0.031176365338839017
0 0.37682679983285755 0.4294895758995643 0.019697189331054688 0.019629258375901442
0 0.47626715440016526 0.11058424069331242 0.019033432006835938 0.018831729888916016
0 0.648150370671199 0.19036017931424654 0.02445837167593149 0.024217532231257513
0 0.5022151653583233 0.15097648363847 0.02122776324932392 0.021376298024104193
0 0.35587648245004505 0.6716546278733474 0.014583734365609976 0.014560992901141826
0 0.7282476425170898 0.20457983016967773 0.014529595008263221 0.014625365917499248
