0 0.4869358722980206 0.05724110970130333 0.08268143580510066 0.08326576306269719
0 0.19074359306922326 0.09738692870506874 0.04097615755521334 0.04103513864370493
0 0.8807684091421274 0.8027822054349459 0.05744523268479567 0.05726066002478966
0 0.916112312903771 0.6551292125995343 0.07266675508939303 0.07268670889047477
0 0.5335268607506385 0.8678068014291617 0.05522632598876953 0.05479753934420072
0 0.8903609055739182 0.8920788398155799 0.03718713613656851 0.03702603853665865
0 0.04860494228509756 0.6333290980412409 0.031096495114839993 0.031048407921424277
0 0.9715369297907903 0.9156816922701322 0.022135514479417067 0.021964146540715143
0 0.5831069212693435 0.0835047776882465 0.049081655649038464 0.0487661911891057
0 0.634778096125676 0.4708208670982948 0.01993722182053786 0.02017666743351863
0 0.5595090572650616 0.6375978176410382 0.03783013270451473 0.03819069495567909
0 0.8553565832284781 0.9511952033409705 0.045085760263296276 0.04538814838115986
0 0.1813359810755803 0.6662561710064228 0.04256989405705379 0.04272901094876803
0 0.8207821479210486 0.0623814922112685 0.03610317523662861 0.036052401249225326
0 0.9803322278536283 0.04278150888589712 0.020031562218299277 0.019681561451691847
0 0.14800517375652605 0.9764429239126352 0.05298801568838266 0.04230851393479567
0 0.9423833260169396 0.6628547081580529 0.03601675767164964 0.035932687612680286
0 0.5964698057908279 0.93329407618596 0.019949986384465143 0.019906264085036058
0 0.9398685602041391 0.771667847266564 0.045174672053410456 0.045412650475135215
0 0.6862650651198167 0.5752675349895771 0.030432774470402643 0.03054178678072416
0 0.23843728579007661 0.4614656154926007 0.018735885620117188 0.018672943115234375
0 0.4126261931199294 0.963536629310021 0.022014324481670674 0.022000532883864183
0 0.4892906042245718 0.5228824615478516 0.03904445354755108 0.0392913084763747
0 0.5231405404897836 0.41424986032339245 0.035048264723557696 0.03497167733999399
0 0.9001748745258038 0.6040805303133451 0.02023447476900541 0.02021026611328125
0 0.19341252400324896 0.45049014458289516 0.018156675192025993 0.018357056837815505
0 0.3352202635544997 0.08690274678743802 0.023857263418344352 0.02395915985107422
0 0.08790381138141339 0.9765622065617487 0.06796393486169669 0.041337233323317304
0 0.8509177428025466 0.04758275013703566 0.03181956364558293 0.031852465409498945
0 0.5508659802950345 0.31899261474609375 0.0184786869929387 0.01867822500375601
0 0.5827486698444073 0.345700924213116 0.03227989490215595 0.03244986900916466
0 0.207700435931866 0.5485927141629733 0.01669597625732422 0.016863529498760518
0 0.04809930691352257 0.4721865653991699 0.018065351706284743 0.018006178048940804
0 0.5319605607252854 0.2768407968374399 0.024570758526141826 0.024807196397047777
0 0.46024659963754505 0.310024041395921 0.01905646690955529 0.019088580058171198
0 0.5707441109877366 0.3047509560218224 0.02876391777625451 0.028754674471341647
0 0.15917209478525016 0.7136129232553335 0.03523393777700571 0.03520055917593149
0 0.47310510048499477 0.5626026300283579 0.032928173358623795 0.033331797673152044
0 0.5265556482168344 0.4836382499107948 0.02052725278414213 0.02057500985952524
0 0.9884230540348933 0.13158841316516584 0.018471497755784255 0.017976944263164815
0 0.990714586698092 0.11446085342994103 0.01837436969463642 0.02203053694504958
0 0.30808236048771787 0.8565190388606145 0.01689325846158541 0.01677219684307392
0 0.14233676286844107 0.46359839806189906 0.0254514217376709 0.02557857219989483
0 0.6832853463979868 0.5508870344895583 0.016545809232271634 0.016427260178786058
0 0.2079146275153527 0.8525155874399039 0.04106407899122972 0.040508270263671875
0 0.5287791032057542 0.5208845505347619 0.021414463336651143 0.021495892451359674
0 0.4705164615924542 0.09297866087693435 0.02201557159423828 0.022500955141507663
0 0.3059686514047476 0.38611778846153844 0.017021545997032754 0.01694635244516226
0 0.4158792495727539 0.30868009420541614 0.01566461416391226 0.015541828595674954
0 0.9279283376840445 0.9117837319007287 0.026621305025540866 0.026534300584059495
0 0.5486916395334097 0.03957800223277165 0.03829486553485577 0.03848726015824538
0 0.3976168999305138 0.440152645111084 0.016072786771334134 0.016079095693734977
0 0.6693820953369141 0.6703318082369291 0.019484299879807692 0.019684718205378607
0 0.613775583413931 0.36777312938983625 0.024564376244178183 0.02507928701547476
0 0.7749126140887921 0.8278680948110727 0.01726502638596755 0.01740294236403245
0 0.29573741325965297 0.2815076938042274 0.017632190997783955 0.01747553165142353
0 0.22936894343449518 0.8150076499352088 0.04862132439246544 0.04879892789400541
0 0.19228581281808707 0.827452512887808 0.018210814549372747 0.01851522005521334
0 0.4174529222341684 0.32895638392521787 0.023505357595590446 0.023996940025916465
0 0.5278405409592849 0.9011658888596755 0.025470880361703727 0.025668804462139424
0 0.5483404306265024 0.8340043288010818 0.03011006575364333 0.029727789071890023
0 0.636386724618765 0.29504933724036586 0.014818631685697116 0.014980719639704777
0 0.5623849722055289 0.3978999211237981 0.03018320523775541 0.03012877244215745
0 0.9911193114060622 0.3220879848186786 0.017554209782527044 0.02565178504356971
0 0.27895509279691255 0.3063486906198355 0.015479087829589844 0.015460894658015324
0 0.9017769006582407 0.9474349388709435 0.022524907038762018 0.022645216721754808
0 0.43595126958993763 0.931150876558744 0.02186283698448768 0.022148719200721152
0 0.5046071639427772 0.773465083195613 0.03094592461219201 0.031255868765024036
0 0.5027650686410757 0.919782125032865 0.028056951669546273 0.028211300189678486
0 0.46082305908203125 0.5167677585895245 0.018411709712101862 0.017928270193246696
0 0.6171092253464919 0.5465740790733924 0.027185586782602165 0.027365757868840143
0 0.5248417487511268 0.7007227677565354 0.01535202906681941 0.015146989088792067
0 0.3684083498441256 0.863506977374737 0.01670698019174429 0.01665159372182993
0 0.039136331814986006 0.8357317997859075 0.03504179074214055 0.03487748366135817
0 0.4085802665123573 0.9117138202373798 0.0255581782414363 0.025250361515925482
0 0.4106195889986478 0.5357728371253381 0.01874204782339243 0.018786797156700723
0 0.7167562338022085 0.44374873087956357 0.02295068594125601 0.022602154658390924
0 0.10167905000539926 0.8047782457791842 0.032609169299785905 0.031945301936222956
0 0.241117550776555 0.7483169849102314 0.034401966975285456 0.034501882699819714
0 0.47381452413705677 0.170242584668673 0.016711895282451924 0.016875413747934196
0 0.6076408532949594 0.5481149966900165 0.10627819941594051 0.10735409076397236
0 0.04033366533426138 0.6743451631986178 0.015875777372947104 0.015786244319035456
0 0.31009637392484224 0.2998238526857816 0.04103557880108173 0.040607415712796725
0 0.6827704356266902 0.3476724257835975 0.017936559823843148 0.018140646127554085
0 0.7476158875685471 0.00987992722254533 0.028354938213641826 0.018825909266105063
0 0.4289716207064115 0.8531252054067758 0.038054466247558594 0.038292224590594955
0 0.6544943589430589 0.37233946873591495 0.015590961162860576 0.015697772686298076
0 0.7669665996844952 0.020796684118417594 0.017563746525691107 0.01744971940150628
0 0.4280239251943735 0.4302812723013071 0.022738530085637018 0.023371182955228366
0 0.0047010320883530835 0.8149467614980844 0.009446160151408268 0.0221713139460637
0 0.8012991685133714 0.9405567462627704 0.028278350830078125 0.028378413273737982
0 0.5489985025846041 0.5485380246089056 0.018429682804987982 0.018446848942683294
0 0.09679753963763897 0.4389500251183143 0.033809698545015775 0.033797190739558294
0 0.6716924080481896 0.7833349521343524 0.021822269146259014 0.021866871760441706
0 0.7046579947838416 0.7351270822378305 0.10206017127403846 0.09736824035644531
0 0.3679477251493014 0.5750638521634616 0.014364242553710938 0.014255817119891826
0 0.761574965256911 0.7862617786114032 0.05793439424954928 0.057978116548978366
0 0.25748907602750337 0.31599642680241513 0.015282594240628757 0.015358558067908654
0 0.3764498783991887 0.21439157999478853 0.03487520951491136 0.03486229823185848
0 0.6350498933058518 0.24790492424598107 0.014879226684570312 0.01475976063654973
0 0.5968938974233774 0.5380199872530423 0.08067835294283353 0.08638851459209736
0 0.58332032423753 0.6586121779221755 0.018686221196101263 0.018937037541316107
0 0.399357062119704 0.7820472717285156 0.025060213529146634 0.025181110088641826
0 0.07610970277052659 0.26580304365891677 0.017391021435077373 0.017316231360802285
0 0.7701502579909104 0.9812164306640625 0.020003685584435098 0.020006619966947116
0 0.07790952462416428 0.8713085467998798 0.023947536945343018 0.024178431584284857
0 0.5836947514460638 0.028946019135988675 0.023337730994591348 0.022865680547860954
0 0.44842965786273664 0.42278135739839995 0.022783646216759317 0.022394473736102764
0 0.4477832133953388 0.17980711276714617 0.07491053067720853 0.07413210318638729
0 0.4660274065457858 0.5019162984994742 0.01768970489501953 0.01789988004244291
0 0.6481494903564453 0.05464295699046208 0.03447517981896034 0.03498533138862023
0 0.8032774558434119 0.8326046283428485 0.03348350524902344 0.033636826735276446
0 0.5346403121948242 0.5954029743488019 0.03650503892164964 0.0363770998441256
0 0.16618862518897423 0.3968059833233173 0.014812689561110277 0.014827141394981971
0 0.5145962421710675 0.343143683213454 0.014066622807429386 0.014352358304537259
0 0.40058759542611927 0.6712088218102088 0.024014106163611777 0.023881912231445312
0 0.9958073542668269 0.14423058583186224 0.00818340594951923 0.018990168204674356
0 0.7313474508432242 0.41124879396878755 0.022336813119741585 0.02252952869121845
0 0.39642950204702526 0.009737821725698618 0.022862067589393027 0.01792692908873925
0 0.3339383785541241 0.9878915640024039 0.02113951169527494 0.019627497746394232
0 0.48321232428917515 0.4507496173565204 0.01627804682804988 0.016420364379882812
0 0.5788007149329553 0.3713411551255446 0.016169327955979567 0.015945581289438102
0 0.5039785091693585 0.01698436874609727 0.01700870807354267 0.01726085406083327
0 0.11754255111400898 0.5672903794508714 0.03017286153940054 0.029642545259915866
0 0.5302695861229529 0.9404871280376728 0.02693939208984375 0.02689082805926983
0 0.7989958983201247 0.8109798431396484 0.04594259995680589 0.04500638521634615
0 0.17681360244750977 0.019886683959227342 0.015361199012169471 0.01558139232488779
0 0.5666290796720065 0.6748959467961237 0.022445091834435098 0.022620274470402643
0 0.2996231959416316 0.5169099661020132 0.019306036142202523 0.019236197838416465
0 0.3248103948739859 0.38091380779559797 0.016911873450646035 0.01708368154672476
0 0.37352712337787336 0.6534520662747897 0.01447464869572566 0.014564954317533053
0 0.0431742759851309 0.363889950972337 0.014704853296279907 0.014705584599421574
0 0.44235801696777344 0.6536013529850886 0.027799312884990986 0.028281431931715745
0 0.24948983926039475 0.4190234404343825 0.028347308819110576 0.028363741361177884
0 0.3055522625262921 0.66106627537654 0.018474725576547477 0.018300863412710335
0 0.6965166972233698 0.8058297817523663 0.018956111027644232 0.019086691049429085
0 0.3777060875525841 0.16668259180509126 0.01889624962439904 0.018976835104135368
0 0.19938256190373346 0.4240257923419659 0.020798976604755107 0.02122336167555589
0 0.6507993844839243 0.04758611092200646 0.027773930476262018 0.028256948177631084
0 0.5787875468914325 0.277734426351694 0.01666091038630559 0.01656451592078576
0 0.035428913740011364 0.9854284433218149 0.04476828758533184 0.025785299447866585
0 0.7751517662635217 0.7764932192288913 0.03421724759615385 0.035398043118990384
0 0.17937099016629732 0.9198334033672626 0.029026618370643027 0.028624314528245192
0 0.7304815145639273 0.36871121479914737 0.032796272864708535 0.032862369830791764
0 0.5159143301156851 0.5532092314500076 0.04383277893066406 0.04561600318321815
0 0.683571301973783 0.9735092016366812 0.031640859750600964 0.03167636577899639
0 0.30457491141099197 0.4574575424194336 0.01524657469529372 0.015511292677659255
0 0.864750495323768 0.010376462569603553 0.02229455801156851 0.01899918684592614
0 0.3340576978830191 0.40096829487727237 0.017473514263446514 0.01746030954214243
0 0.14962929945725661 0.8227596282958984 0.029834197117732122 0.03006113492525541
0 0.6520973352285532 0.043792435756096475 0.022061274601862982 0.022169910944425143
0 0.5609360474806565 0.5944966169504019 0.015054702758789062 0.014746739314152645
0 0.79510864844689 0.8416161170372596 0.0143890380859375 0.014945103571965145
0 0.2910365874950702 0.4947352042564979 0.014183778029221755 0.014108951275165264
0 0.7661928030160757 0.34603973535391 0.021763141338641826 0.02162001683161809
0 0.41364159950843227 0.4400647236750676 0.015929222106933594 0.01621701167179988
0 0.07967564692864051 0.889343995314378 0.019171421344463643 0.0189517094538762
0 0.9071226853590745 0.9826553784883939 0.02035185006948618 0.020236088679387018
0 0.7515668135422927 0.761227167569674 0.015938978928786058 0.015880437997671273
0 0.24878399188701922 0.4316652004535382 0.013929146986741286 0.013238613422100361
0 0.569753463451679 0.148897464458759 0.05609673720139723 0.05721099560077374
0 0.33054465513962966 0.540045114663931 0.018534513620229866 0.018822523263784554
