0 0.4765130923344539 0.6094620778010442 0.2628149619469276 0.26305477435772234
0 0.6551701472355769 0.04235688539651724 0.0834027437063364 0.08180033243619479
0 0.5128705684955304 0.24597609960115874 0.07546380849984977 0.07550896131075345
0 0.7802111552311823 0.5552057853111854 0.07954626816969651 0.07917506878192608
0 0.8702815129206731 0.16474158947284406 0.07512899545522836 0.07499269338754508
0 0.21813726425170898 0.9219168883103591 0.06328758826622596 0.06364587637094352
0 0.0705459347138038 0.3495346216055063 0.14076121953817514 0.21381082901587853
0 0.3989198391254132 0.9815268883338342 0.03446388244628906 0.03204492422250601
0 0.9054597707895132 0.07534077075811532 0.11046160184420072 0.1113818150300246
0 0.5353423265310434 0.8242582174447867 0.04283714294433594 0.04292135972243089
0 0.044225518520061784 0.0569527240899893 0.048119159845205456 0.04866623878479004
0 0.5910369799687312 0.8628256137554462 0.04712332212007963 0.0470575185922476
0 0.6793114588810847 0.402895267193134 0.035133068378155045 0.03515962453988882
0 0.9489568563608023 0.4968998982356145 0.028943575345552884 0.029073788569523737
0 0.056195708421560436 0.8258278920100286 0.023845892686110277 0.023876190185546875
0 0.3141962198110727 0.9050482236422025 0.029234941189105693 0.029239947979266826
0 0.6551887072049655 0.7363986968994141 0.021188735961914062 0.021009151752178486
0 0.9775061240563025 0.37991912548358625 0.022765673123873197 0.022546768188476562
0 0.45006752014160156 0.5721710278437688 0.048933175893930286 0.048643258901742786
0 0.9365509473360502 0.27054592279287487 0.025222191443810098 0.025396053607647236
0 0.7167230752798227 0.547382978292612 0.04326013418344351 0.04339783008282001
0 0.804906258216271 0.4138398537269005 0.045898730938251205 0.04633800800030048
0 0.6837921142578125 0.33126258850097656 0.04801720839280348 0.04804682731628418
0 0.8613741948054388 0.6457934012779822 0.04338983389047476 0.043684739332932696
0 0.3193844281710111 0.9843198336087741 0.033685537484975964 0.028847914475661058
0 0.8991300142728366 0.5531738354609563 0.02190986046424279 0.021517460162823018
0 0.6471059505756085 0.707476909344013 0.036754608154296875 0.03702750572791466
0 0.5209371493412898 0.9888767829308143 0.0327303226177509 0.0205691410945012
0 0.8452933384821966 0.4561359698955829 0.04843271695650541 0.048164074237530045
0 0.7129066907442533 0.032514673012953535 0.01812010544996995 0.018061069341806266
0 0.23960135533259466 0.7875239298893855 0.03049491002009465 0.03051024216871995
0 0.6134696373572717 0.699801885164701 0.03415181086613582 0.033983083871694714
0 0.5367629711444561 0.1546335220336914 0.020009921147273138 0.019925548480107233
0 0.3713711225069486 0.7214447901799128 0.03954755342923678 0.0392307868370643
0 0.8463968863854041 0.2985219221848708 0.017672612116887018 0.017578125
0 0.9170642265906701 0.8225986774151142 0.05100338275615986 0.0505828857421875
0 0.05367279511231642 0.12267070550184983 0.01827400464278001 0.018178462982177734
0 0.8276066413292518 0.26410977657024676 0.04924510075495793 0.049607386955848105
0 0.23215620334331805 0.3200878363389235 0.036416200491098255 0.0366358390221229
0 0.4753433374258188 0.04535419207352858 0.01878048823429988 0.018946124957158014
0 0.8155585802518405 0.5215846575223483 0.03525675260103666 0.035274358896108776
0 0.9241241308359 0.36882708622859073 0.06920154278094952 0.06857916025015023
0 0.46946510901817906 0.9538729741023138 0.01994470449594351 0.020009701068584736
0 0.016763471640073337 0.21749505629906288 0.033607725913708024 0.1286311149597168
0 0.9147422497089093 0.10683567707355206 0.03734309856708233 0.03716586186335637
0 0.6728330025306115 0.5241644932673528 0.05427243159367488 0.054402864896334134
0 0.1422480711570153 0.6185714281522311 0.017354304973895732 0.01726678701547476
0 0.1867202612069937 0.8909828479473407 0.02988408162043645 0.029984694260817308
0 0.2980298445774959 0.9616941305307242 0.041127461653489336 0.040515899658203125
0 0.3967755391047551 0.8079656454233023 0.017859385563777044 0.017739369319035456
0 0.5722099450918344 0.13971781730651855 0.017212060781625602 0.01724382547231821
0 0.1418160842015193 0.9493477161114032 0.01736596914438101 0.0173336909367488
0 0.06438098503993107 0.9517242725078876 0.01822062639089731 0.01828589806189904
0 0.6710221217228816 0.6745193921602689 0.016356248121995192 0.01641669640174279
0 0.07244710280345036 0.14250614092900202 0.0164870207126324 0.01639100221487192
0 0.4141820760873648 0.08746657004723182 0.028130311232346755 0.028483500847449668
0 0.7247951214130108 0.6347757486196665 0.015438079833984375 0.015366774338942308
0 0.19502922204824594 0.4154806137084961 0.0198367192195012 0.019767907949594352
0 0.6871268932635968 0.7669834723839393 0.03067926260141226 0.03034078157865084
0 0.5832710632911096 0.502867185152494 0.05402520986703726 0.05448414729191707
0 0.9452092097355769 0.6417302351731521 0.023693671593299277 0.024009117713341348
0 0.9591258122370794 0.3983334027803861 0.016215397761418268 0.016491156357985277
0 0.6094232339125413 0.18734354239243728 0.0324713633610652 0.032622300661527194
0 0.8949400094839243 0.9337332798884466 0.022671332726111777 0.022792229285606973
0 0.5367353879488431 0.03144879524524395 0.07535875760591947 0.060497742432814375
0 0.7080642993633564 0.5015302071204553 0.04690258319561298 0.046042368962214544
0 0.5588443462665265 0.48043177678034854 0.016184366666353665 0.016044469980093148
0 0.2389550392444317 0.8297031842745267 0.06162940538846529 0.0619352780855619
0 0.6308746337890625 0.8644899955162635 0.04141660837026743 0.04164211566631611
0 0.6171971834622897 0.402464353121244 0.031019907731276292 0.03101062774658203
0 0.02786092574779804 0.989754530099722 0.016359659341665413 0.015555455134465145
0 0.3983164934011606 0.3005690758044903 0.01739076467660757 0.017197865706223708
0 0.8620963463416467 0.6752746288592999 0.03636873685396635 0.036017197829026446
0 0.8958766643817608 0.7717600602370042 0.03224504910982572 0.032081310565655045
0 0.09450787764329177 0.8539728017953726 0.01603353940523588 0.015680459829477165
0 0.30652961364159215 0.12856985972477838 0.0851291142977201 0.08512687683105469
0 0.9688666417048528 0.2966885566711426 0.014900500957782451 0.014844197493333083
0 0.6964514805720403 0.8528838524451623 0.015412844144381009 0.015192765455979567
0 0.7664549900935247 0.4211296301621657 0.02379784217247596 0.023846773000863884
0 0.04789795325352596 0.3063994004176213 0.019820894186313335 0.020146553332989033
0 0.7012574122502253 0.8125491509070764 0.03029148395244892 0.030434681819035456
0 0.7621182661790115 0.4779608433063214 0.028596144456129808 0.028676986694335938
0 0.3910885223975548 0.8368109189547025 0.02135775639460637 0.021340590256911058
0 0.1416025528540978 0.10843812502347507 0.024524982158954326 0.024652884556696966
0 0.582311960367056 0.18121730364285982 0.033236210162823014 0.03386105023897611
0 0.3738693090585562 0.13721383534944975 0.046016693115234375 0.046511246607853815
0 0.06773892732766959 0.7897904469416692 0.015362235215994028 0.015180294330303486
0 0.9959528262798603 0.6222720512977014 0.008009250347430889 0.015520572662353516
0 0.7853550544151893 0.8753282840435321 0.018658564640925482 0.018886859600360576
0 0.16921256138728216 0.03697660794624916 0.0231170654296875 0.022919370577885553
0 0.5876233394329364 0.04590392571229201 0.04368231846736027 0.043927284387441784
0 0.5541962476877066 0.27900384022639346 0.015481508695162259 0.01525270021878756
0 0.4381080774160532 0.9658333705021784 0.01888128427358774 0.01867983891413762
0 0.34393670008732724 0.7292308807373047 0.014825820922851562 0.014373339139498197
0 0.8588831974909856 0.733303216787485 0.048433743990384616 0.04782808743990385
0 0.6562651854294997 0.6196316939133865 0.047236075768103965 0.046146356142484225
0 0.8393344879150391 0.6599787932175857 0.018604278564453125 0.019190128032977764
0 0.8521868632389948 0.5653054164006159 0.032337335439828724 0.032552132239708535
0 0.6096471272982084 0.07543382277855507 0.030540833106407754 0.030930170646080606
0 0.34612560272216797 0.08005708914536697 0.035365911630483776 0.035830566516289346
0 0.015133986106285682 0.007260873913764954 0.025214965526874248 0.014221111169228187
0 0.6446119455190805 0.5545718853290265 0.018906226524939902 0.018969609187199518
0 0.3263522661649264 0.9421784327580378 0.015204502986027645 0.01528637225811298
0 0.8935916607196515 0.7054779346172626 0.04690639789287861 0.047193087064302884
0 0.16336167775667632 0.35961565604576695 0.02027577620286208 0.020381927490234375
0 0.18557478831364557 0.43273228865403396 0.015339337862454928 0.014824940608097957
0 0.16990481890164888 0.9418745774489182 0.03860007799588717 0.03888408954326923
0 0.02747850463940547 0.9765798128568209 0.020077031392317552 0.020263084998497598
0 0.6505988194392278 0.7670232332669772 0.020549774169921875 0.02065247755784255
0 0.8864866403432993 0.9809303283691406 0.0321956047644982 0.03187766441932091
0 0.7635426154503455 0.9145720555232122 0.1850128173828125 0.1652682377741887
0 0.7071284514207107 0.42173084845909703 0.032179759098933294 0.03170152810903696
0 0.1736132548405574 0.6691908469566932 0.08572689386514518 0.0852369161752554
0 0.8273389522845929 0.5444862292363093 0.014817751370943509 0.014825160686786357
0 0.5268153410691482 0.48224786611703724 0.014612711392916165 0.014794863187349759
0 0.9893335195688101 0.32330711071307844 0.014899327204777645 0.014822446382962741
0 0.5707495395953839 0.8152598601121169 0.022823113661545973 0.022931025578425482
0 0.0460898417692918 0.24570846557617188 0.014371101672832783 0.014486092787522536
0 0.7366547217735877 0.7227924053485577 0.021399864783653848 0.021468529334435098
0 0.10207587022047776 0.9230116330660306 0.01529227770291842 0.015244410588191105
0 0.7231172414926382 0.3641190162071815 0.014321840726412259 0.014667217548076924
0 0.5804332586435171 0.17735903079693133 0.02731954134427584 0.026859063368577223
0 0.7935347923865685 0.4502729635972243 0.016797872690054085 0.016578527597280648
0 0.6618521030132587 0.6115183463463416 0.029140325692983773 0.028981869037334736
0 0.9000650552602915 0.08047304703639103 0.013966780442457933 0.014254441628089318
