0 0.29021690442011905 0.22901219588059646 0.043143089000995345 0.04402292691744291
0 0.38629414485051083 0.06532102364760178 0.02594331594613882 0.025905554111187275
0 0.3084707260131836 0.2998793308551495 0.02718382615309495 0.027572998633751504
0 0.5969291833730844 0.2277071292583759 0.026967562161959134 0.026933560004601113
0 0.5165742727426382 0.7192148061899039 0.02615077678973858 0.02629852294921875
0 0.406369319328895 0.5434745641855093 0.035096241877629206 0.03517282926119291
0 0.4426433856670673 0.8096890082726111 0.028206751896784857 0.028336158165564902
0 0.49933903033916766 0.6024521314180814 0.03216890188363882 0.03195410508375902
0 0.6955880385178786 0.6918131021352915 0.030232943021334134 0.030192741980919473
0 0.6080438173734225 0.49350811884953427 0.027687953068659857 0.027727713951697715
0 0.5355358123779297 0.9565659302931565 0.019818819486177884 0.01956792978140024
0 0.44503300006573016 0.4067745575538048 0.0281527592585637 0.02814322251539964
0 0.3438641107999362 0.6389708885779748 0.027050531827486478 0.027207594651442308
0 0.6587214103111854 0.44114002814659703 0.026084459744966947 0.025844867412860576
0 0.595829596886268 0.571380982032189 0.023862838745117188 0.024369166447566107
0 0.5029951975895808 0.6535243988037109 0.028831041776216947 0.02870809114896334
0 0.28676058695866513 0.4633077107943021 0.03543574993426983 0.05172993586613582
0 0.33625367971567005 0.15030660996070275 0.024483167208158053 0.024737761570857122
0 0.5830289400540866 0.7467385805570163 0.020432692307692308 0.02032470703125
0 0.4160207234896146 0.6156034469604492 0.01665636209341196 0.016904830932617188
0 0.7017911764291617 0.7659809405987079 0.031368255615234375 0.031257922832782455
0 0.42731791276198167 0.5125188827514648 0.01912718552809495 0.01903533935546875
0 0.5820611073420598 0.8843308962308444 0.021746121920072116 0.021790284376878005
0 0.296757514660175 0.9530636714054987 0.022813723637507513 0.022891704852764424
0 0.47911988771878755 0.9539856543907752 0.01804351806640625 0.01781287560096154
0 0.5376503284160907 0.4913955835195688 0.017557070805476263 0.0175930903508113
0 0.4563314731304462 0.5467791557312012 0.03719769991361178 0.037071521465594955
0 0.5758966299203726 0.2179730121905987 0.01718902587890625 0.01704230675330529
0 0.5443618114177997 0.6277634547306941 0.020821277911846455 0.020557110126201924
0 0.6826291451087365 0.8844581017127404 0.02161378126878005 0.021588839017427884
0 0.5725650053757888 0.4725177838252141 0.018938358013446514 0.018655116741473857
0 0.5805955299964318 0.48950738173264724 0.016693995549128607 0.016484480637770433
0 0.5937405732961801 0.8541703590979943 0.020436947162334736 0.020398800189678486
0 0.4205966362586388 0.6594364459698017 0.02268351041353666 0.023105914776141826
0 0.2911379153911884 0.41239356994628906 0.02351694840651292 0.02348048870380108
0 0.48786045954777646 0.5380422152005709 0.016931973970853366 0.016972908606896035
0 0.587461911714994 0.6508324696467473 0.021467869098369893 0.021480560302734375
0 0.7200179466834435 0.541500971867488 0.01644002474271334 0.023048987755408652
0 0.3393278488746056 0.6030018146221454 0.022774476271409255 0.022673973670372598
0 0.5415992003220779 0.6490628169133112 0.01782094515286959 0.017746558556189902
0 0.3003838245685284 0.83301148047814 0.02543023916391226 0.025245079627403848
0 0.338381473834698 0.05719547088329609 0.016565616314227764 0.01634038411653959
0 0.5488485189584585 0.575657477745643 0.024045650775615986 0.024252818180964544
0 0.36749472984900844 0.12441251828120305 0.02161891643817608 0.021466438586895283
0 0.3306081478412335 0.6495430286114032 0.016322942880483773 0.0159609867976262
0 0.6772965651292068 0.07598907672441922 0.043707040640024036 0.042670369148254395
0 0.31645848200871396 0.4157350246722882 0.029024729361900918 0.029857635498046875
0 0.5467561208284818 0.1892393368941087 0.01618062532865084 0.015881134913517878
0 0.39205272381122297 0.7432123330923227 0.01727118858924279 0.01740264892578125
0 0.6299026195819561 0.9159727830153245 0.016836166381835938 0.016787308913010817
0 0.6191107676579402 0.5469408768873948 0.016318541306715745 0.016229702876164362
0 0.2983724337357741 0.4462099808913011 0.0157626592195951 0.01568471468411959
0 0.3650354972252479 0.6741111461932843 0.02188242398775541 0.022058927095853366
0 0.5511911832369291 0.6761829669658954 0.01723509568434495 0.017289088322566107
0 0.2918549684377817 0.429259520310622 0.024018287658691406 0.02348789801964393
0 0.5679474243750939 0.7928776374230018 0.018789218022273138 0.018802349384014424
0 0.5627090013944186 0.00951815339235159 0.0533301280095027 0.01913305200063265
0 0.6327028274536133 0.9826299227201022 0.016129420353816107 0.016006323007436898
0 0.4767269721397987 0.7420516380896935 0.017853296720064603 0.017373305100661058
0 0.47280417955838716 0.6045692884005033 0.017731886643629808 0.01763439178466797
0 0.2856412667494554 0.5271797180175781 0.017940741318922777 0.01779028085561899
0 0.6322348668025091 0.8946095980130709 0.01680784959059495 0.016802567702073317
0 0.33588512127216047 0.17740737474881685 0.01931278522198017 0.01932078141432542
0 0.4376524778512808 0.5766435769888071 0.017922034630408652 0.017869289104755107
0 0.3147055185758151 0.9328937530517578 0.023478214557354268 0.023360325739933893
0 0.5173543416536771 0.40175291208120495 0.016273351816030648 0.016164046067457933
0 0.6187915802001953 0.6820606818565955 0.018869546743539665 0.018758333646334134
0 0.31492724785437953 0.19141681377704328 0.021225580802330606 0.02100790463961088
0 0.41874019916240984 0.893281496488131 0.018623938927283652 0.01863831740159255
0 0.6709321828988882 0.11541909437913161 0.015839503361628607 0.01590119875394381
0 0.662284410916842 0.6237132732684796 0.016942684467022236 0.016880328838641826
0 0.3469244150015024 0.662197259756235 0.021267817570612982 0.021376683161808893
0 0.49335729158841646 0.9056563744178185 0.014662375816932091 0.014667510986328125
0 0.3214127467228816 0.07316063917600192 0.017075025118314303 0.01714335955106295
0 0.4532297207758977 0.6723417135385367 0.016459171588604268 0.016466580904447116
0 0.27714982399573695 0.5136548555814303 0.014157772064208984 0.014297411991999699
0 0.4412692143366887 0.31991070967454177 0.014973860520582933 0.015196433434119591
0 0.5643195739159217 0.6066436033982497 0.01554107666015625 0.015293121337890625
0 0.5018982520470252 0.687024189875676 0.016931533813476562 0.016831031212439902
0 0.42324374272273135 0.7189906193659856 0.016819293682391826 0.016742119422325723
0 0.6182005222027118 0.6449149205134466 0.016285822941706732 0.0164791987492488
0 0.45298106853778547 0.33170692737285906 0.01719980973463792 0.017275003286508415
0 0.7080574035644531 0.5096112764798678 0.01596978994516226 0.015581057621882511
0 0.5717402238112229 0.0350420566705557 0.017374185415414665 0.017034402260413535
0 0.48084079302274263 0.9827311589167669 0.014887222876915565 0.014627016507662259
0 0.4749012360206017 0.04732691324674166 0.014525780310997596 0.014360134418194111
0 0.5194419347322904 0.5298207356379583 0.02560740250807542 0.025436841524564303
0 0.6562256446251502 0.575982350569505 0.013890779935396634 0.013622577373798076
0 0.6595233036921575 0.9738099024846003 0.015059251051682692 0.015301924485426683
0 0.7097955850454477 0.9082144223726712 0.01763769296499399 0.017497722919170674
