0 0.5466636877793533 0.2923862017118014 0.09927742297832783 0.09948539733886719
0 0.6916431280282828 0.22099979107196516 0.08871856102576622 0.09197323138897236
0 0.5086006751427283 0.3925743103027344 0.09519635714017428 0.0955057877760667
0 0.6430866534893329 0.49106990374051607 0.10348947231586163 0.10685267815223107
0 0.6620914019071139 0.6464934715857873 0.02882253206693209 0.0292819096491887
0 0.37134236555833083 0.10431970082796536 0.09775337806114784 0.09671517518850473
0 0.6353762700007513 0.2130900346315824 0.042369879209078275 0.04179158577552208
0 0.6973603321955755 0.6663800753079928 0.020039925208458535 0.020124141986553486
0 0.6086705647982084 0.43874359130859375 0.0848850103525015 0.08394652146559495
0 0.7072937305157001 0.5157997424785907 0.021386366624098558 0.021857041579026442
0 0.4747598354633038 0.653952011695275 0.027573365431565505 0.027552971473106973
0 0.4953166154714731 0.6037304217998798 0.03893632155198317 0.03889802786020132
0 0.4723686071542593 0.31826488788311297 0.08493247398963341 0.08525542112497184
0 0.5857021992023175 0.135390410056481 0.06661510467529297 0.06697548352755033
0 0.6115175393911508 0.619166007408729 0.021752430842472956 0.021926293006310098
0 0.3286662468543419 0.28238916397094727 0.027979043813852165 0.028171465947077826
0 0.4693743632389949 0.7136000119722806 0.02750880901630108 0.02731455289400541
0 0.45554095048170823 0.48225608238807094 0.0568384023813101 0.05712538499098558
0 0.32207122215857875 0.23272435481731707 0.021110974825345553 0.020869695223294772
0 0.5860141607431265 0.8127138431255634 0.023238255427433893 0.023030647864708535
0 0.6761010976938101 0.31970926431509167 0.019520686222956732 0.019463098966158353
0 0.40599536895751953 0.457825440626878 0.020679473876953125 0.020598778357872598
0 0.5349671290471003 0.7138616121732272 0.02811461228590745 0.027974935678335335
0 0.6986210896418645 0.29402002921471226 0.022927064162034255 0.02277073493370643
0 0.5865367009089544 0.6297127650334284 0.0265499995304988 0.026749684260441706
0 0.5240466411297138 0.5620728639455942 0.016255305363581732 0.016288317166841947
0 0.3949441176194411 0.8966796581561749 0.020889869103064902 0.021273686335637018
0 0.6287545424241286 0.7293566190279447 0.03449102548452524 0.03550265385554387
0 0.6451454162597656 0.5534234046936035 0.034141833965594955 0.03495524479792668
0 0.28327167951143706 0.8737459182739258 0.01960270221416767 0.019637914804311898
0 0.3482600725614108 0.2911229867201585 0.02405973581167368 0.02454662322998047
0 0.39310704744779146 0.7126024686373197 0.03610698993389423 0.03593034010667067
0 0.5661759009728065 0.9753892605121319 0.02325160686786358 0.023218448345477764
0 0.37943143111008865 0.40666961669921875 0.058048248291015625 0.05779281029334435
0 0.7280489114614633 0.5089036501370944 0.019963191105769232 0.022203885591947116
0 0.29739963091336763 0.7435580033522385 0.01638970008263221 0.016302842360276442
0 0.7195308391864483 0.28568658461937535 0.019478431114783652 0.019285972301776592
0 0.3330634924081656 0.7883879588200495 0.02340089357816256 0.023472125713641826
0 0.4861475137563852 0.11840305878565861 0.07090597886305589 0.06984763879042405
0 0.5128809488736666 0.0775445424593412 0.18458065619835487 0.15206496532146746
0 0.4994345444899339 0.4455223083496094 0.01641053419846755 0.01634392371544471
0 0.38700246810913086 0.6639182750995343 0.029295041010929987 0.028668623704176683
0 0.34288355020376354 0.7999941752507136 0.01827078599196214 0.01849511953500601
0 0.4901826565082257 0.19169466312115008 0.04701915154090294 0.04677178309513973
0 0.7305534069354718 0.8234286675086389 0.02042550307053786 0.026362785926231973
0 0.3959867770855243 0.9108998225285456 0.01652365464430589 0.016270270714393027
0 0.474856083209698 0.7471432319054236 0.015435438889723558 0.01503753662109375
0 0.599469258235051 0.7782428448016827 0.02547601553109976 0.025407057542067308
0 0.6880859961876502 0.5873208412757287 0.10168838500976562 0.12931339557354266
0 0.4919864214383639 0.24458041557898888 0.03926937396709736 0.038524737724891074
0 0.3500633973341722 0.9783159402700571 0.021314474252554085 0.021274273212139424
0 0.38697231732881987 0.6921468881460336 0.03208497854379507 0.031754713792067304
0 0.45070772904616135 0.2596590702350323 0.03680874751164363 0.0367124997652494
0 0.3633852738600511 0.21280640822190505 0.04366463881272536 0.04369225868811974
0 0.4956996257488544 0.7937566317044772 0.021486502427321214 0.021348953247070312
0 0.6204823714036208 0.5723736102764423 0.03139704924363356 0.030762745783879206
0 0.43770793768075794 0.7049029423640325 0.01633167266845703 0.016221266526442308
0 0.6009652431194599 0.5430652911846454 0.01559749016394982 0.015744796166053183
0 0.28557432614839995 0.7273437059842623 0.025321080134465143 0.025594271146334134
0 0.37365168791550857 0.9214634528526893 0.0246431644146259 0.025525606595552884
0 0.6111742166372446 0.7897517864520733 0.02716651329627404 0.027715242826021634
0 0.5002347506009616 0.5265804804288424 0.06769752502441406 0.06586023477407602
0 0.6034720494196966 0.8666078127347506 0.04145651597243089 0.04128470787635216
0 0.370514649611253 0.2966009103334867 0.04577181889460637 0.045810002547044024
0 0.6996328647320087 0.5721337978656476 0.016567523662860576 0.01618502690241887
0 0.43601545920738805 0.6414171365591196 0.015300970811110277 0.015222402719350962
0 0.41595040834867036 0.2867577442756066 0.05406827193040114 0.054159934704120345
0 0.40867244280301607 0.34949203637930065 0.014525193434495192 0.01457977294921875
0 0.31808831141545224 0.05367719210111178 0.051965841880211465 0.050786495208740234
0 0.5091359431927021 0.18810402430020845 0.07213746584378757 0.06923752564650315
0 0.5523207004253681 0.9921685732327975 0.020307247455303486 0.01584449181189904
0 0.460758796105018 0.05973258385291466 0.09150886535644531 0.09479370483985314
0 0.3247186220609225 0.7124466529259315 0.019032918489896335 0.019273904653695915
0 0.4699397453894982 0.28427941982562727 0.05255574446458083 0.05278726724477915
0 0.5438310183011569 0.9841430370624249 0.016559747549203727 0.017232894897460938
0 0.3799730080824632 0.9233607512253982 0.0352330574622521 0.03318346463716947
0 0.4942430349496695 0.7201384030855619 0.020276876596304085 0.0205230712890625
0 0.39133321321927583 0.7035564275888296 0.04139350010798527 0.046379382793719955
0 0.6082451526935284 0.7862867208627554 0.03408688765305739 0.03386497497558594
0 0.6217822294968826 0.5399852165809045 0.016416549682617188 0.016176370474008415
0 0.5156976626469538 0.45162633749154896 0.015469037569486178 0.015250132634089543
0 0.5370245713454026 0.04204507974477915 0.021144866943359375 0.02125378755422739
0 0.5395505611713116 0.04161100204174335 0.016754663907564603 0.01730460157761207
0 0.5124519421504095 0.7094846872182993 0.01635463421161358 0.017009735107421875
0 0.5272804406973032 0.7872268970196064 0.01673742441030649 0.016484774076021634
0 0.7244906792273889 0.33093026968149036 0.024768242469200723 0.03852389408991887
0 0.34842931307279146 0.5415458679199219 0.022150186391977165 0.022519331711989183
0 0.30933457154494065 0.484185475569505 0.017148458040677585 0.017296791076660156
0 0.3775167465209961 0.18575196999769944 0.05882527278019832 0.05898119853093074
0 0.5584899095388559 0.9133143058189979 0.032826790442833535 0.032323983999399036
