0 0.6752106593205378 0.32563290229210484 0.20238997386052057 0.20507240295410156
0 0.3516325583824745 0.7549628477830154 0.1074837904710036 0.10697188744178185
0 0.32994813185471755 0.0801840011890118 0.20477791932912973 0.15805369157057542
0 0.35511611058161807 0.839587138249324 0.07992025522085336 0.07946953406700721
0 0.3862164570735051 0.24543292705829328 0.1951293211716872 0.19043995783879206
0 0.7118459114661584 0.9399214524489182 0.0929257319523738 0.09411283639761117
0 0.3825380985553448 0.9495242192195013 0.10880668346698467 0.0989077641413762
0 0.39194921346811146 0.464632694537823 0.036018665020282455 0.03607441828801082
0 0.2920400912945087 0.3588647475609413 0.04407222454364483 0.044053151057316706
0 0.7549792069655198 0.5233282309312087 0.13433427077073318 0.15993507091815656
0 0.4895510673522949 0.9029827117919922 0.07885280022254357 0.07810167165902945
0 0.3693635647113507 0.04723823987520658 0.02872951214130108 0.028368273606667153
0 0.2856536645155687 0.9233429248516376 0.0880738038283128 0.08686300424429086
0 0.7070386593158429 0.8473232709444486 0.04846602219801683 0.048030706552358776
0 0.24550351729759803 0.5155366017268255 0.034186986776498646 0.033883901742788464
0 0.7159008612999549 0.47646830632136417 0.040567984947791465 0.040828851553109974
0 0.5352164782010592 0.22130316954392654 0.04876863039456881 0.04885783562293419
0 0.707619520334097 0.29569297570448655 0.026403133685772236 0.026043415069580078
0 0.23435108478252703 0.4513518260075496 0.03023804151094877 0.030162957998422477
0 0.6110276442307693 0.8991322884192834 0.04850196838378906 0.04810201204740084
0 0.5882685001079853 0.9501973665677584 0.04447636237511268 0.044134286733774036
0 0.3327807646531325 0.581607305086576 0.029448655935434196 0.02948174109825721
0 0.5949062567490798 0.7914372957669772 0.041439129756047174 0.04148952777569111
0 0.6886008335993841 0.4641539133512057 0.023836576021634616 0.023955271794245794
0 0.574981139256404 0.13019561767578125 0.04070120591383714 0.04088816275963417
0 0.7651114830603967 0.39994481893686146 0.0418096689077524 0.041755382831280045
0 0.5374315701998197 0.8095965752234826 0.020645875197190505 0.020938286414513223
0 0.19667731798612154 0.16469933436467096 0.022516617408165567 0.031071800452012282
0 0.5362960375272311 0.7793812384972205 0.055052537184495196 0.054570711576021634
0 0.33366100604717547 0.9845413794884315 0.03023705115685096 0.02753301767202524
0 0.497496824998122 0.3804426926832933 0.03965128385103666 0.03983864417442909
0 0.3444521243755634 0.4262554462139423 0.02963110116811899 0.029923512385441706
0 0.5889797210693359 0.18253469467163086 0.0420684814453125 0.04306224676278921
0 0.3649917749258188 0.6603293785682092 0.018279442420372598 0.018168522761418268
0 0.21050256949204665 0.4302181830772987 0.027517392085148737 0.027803861177884616
0 0.3745582287128155 0.35429778465857875 0.03137661860539363 0.03128359867976262
0 0.3926838728097769 0.6995865748478816 0.04709933354304387 0.046823354867788464
0 0.6441493401160607 0.019229151881658114 0.03449190579927885 0.03289515467790457
0 0.3908330477201022 0.408323911520151 0.017809941218449518 0.017569762009840745
0 0.5819348555344802 0.5788207420935998 0.02370731647198017 0.023422681368314303
0 0.43163303228525013 0.5251658512995794 0.016309591440054085 0.01621862558218149
0 0.6661529541015625 0.1975871049440824 0.031873849722055286 0.03270035523634691
0 0.6180687684279221 0.2149166877453144 0.02024562542255108 0.020248816563532904
0 0.7994019435002253 0.7801632514366736 0.05402667705829327 0.05991363525390625
0 0.35260934096116286 0.5614280700683594 0.022912098811222956 0.023009813748873197
0 0.6002872173602765 0.6185651192298303 0.01609648191011869 0.01615421588604267
0 0.5664463043212891 0.5597773331862229 0.020496515127328727 0.02022104996901292
0 0.31409204923189604 0.3897851797250601 0.03506785172682542 0.03459725013146034
0 0.8165108607365534 0.9040518540602464 0.018519181471604567 0.019123077392578125
0 0.8029416891244742 0.3939480414757362 0.017429645244891826 0.01780084463266226
0 0.7853893866905799 0.3112020859351525 0.05287874661959135 0.053381919860839844
0 0.4027644670926608 0.6315429394061749 0.02043459965632512 0.02035375741811899
0 0.5793774678156927 0.21979636412400466 0.03772896986741286 0.038127752450796276
0 0.4829978942871094 0.2471442956190843 0.028062820434570312 0.027908985431377705
0 0.49167038844181943 0.7930821638840896 0.048576648418719955 0.04929615901066707
0 0.30910444259643555 0.9596385222214919 0.04430250021127554 0.044067089374248795
0 0.24204520078805777 0.6931610107421875 0.0179288203899677 0.017848675067608174
0 0.6092199178842398 0.4921729748065655 0.025899446927584134 0.025905902569110576
0 0.2384665195758526 0.1541867072765644 0.023078038142277643 0.023240052736722507
0 0.44978963411771333 0.10266285676222581 0.02659152104304387 0.027060435368464544
0 0.6883593339186448 0.2122781093303974 0.014821859506460337 0.014745675600492038
0 0.23465345456049994 0.42041411766639125 0.016141818119929388 0.016522627610426683
0 0.3104535983158992 0.6179664318378155 0.01473375467153696 0.014716368455153245
0 0.24098711747389573 0.6201345737163837 0.014428432171161357 0.014418675349308895
0 0.5257322971637433 0.9663002307598407 0.019209641676682692 0.019117208627554085
0 0.7713711811945989 0.746948975783128 0.05489364037146935 0.055269681490384616
0 0.22890575115497297 0.3193206787109375 0.015613482548640324 0.015233846811147837
0 0.444828253525954 0.514503919161283 0.017476448645958535 0.01734161376953125
0 0.7826706079336313 0.23812334354107195 0.040556100698617786 0.0404809805063101
0 0.3879102560190054 0.3955822724562425 0.015825858482947715 0.0160977290226863
0 0.46970096001258266 0.020614133431361273 0.02743845719557542 0.027939998186551608
0 0.6792110296396109 0.9089430295504056 0.04749092688927284 0.04715640728290264
0 0.6633051358736478 0.5839375349191519 0.014499077430138221 0.014601487379807692
0 0.7055124136117789 0.18353777665358323 0.015429863562950721 0.015621038583608774
0 0.6358547210693359 0.19635809384859526 0.02791874225323017 0.027422538170447715
0 0.8059503115140475 0.6793318528395432 0.014321840726412259 0.014043807983398438
0 0.6582243992732122 0.14028424483079177 0.021427741417518027 0.02108170435978816
0 0.514620487506573 0.7017341760488657 0.016423738919771634 0.01663970947265625
0 0.5456449068509616 0.6312179565429688 0.016034052922175482 0.0157015873835637
0 0.7394921229435847 0.9893308786245493 0.01800361046424279 0.01390838623046875
0 0.6069506131685697 0.9860712198110727 0.06295629648061898 0.02692237267127404
0 0.3776102432837853 0.29006202404315656 0.014587035545935998 0.014541405897874098
0 0.20259992892925555 0.6035600808950571 0.03769463759202223 0.03745944683368389
0 0.29789106662456805 0.646145013662485 0.020176447354830228 0.02018884512094351
0 0.6509140454805814 0.6401758193969727 0.09236350426307091 0.09192642798790565
0 0.3612515009366549 0.09085189379178561 0.016591438880333535 0.016966856442964993
0 0.3786312983586238 0.3797501784104567 0.014627750103290264 0.014737936166616587
0 0.4849465810335599 0.49958911308875453 0.018160379849947415 0.01804175743689904
0 0.6095234797551081 0.12645893830519456 0.02287424527681791 0.0229186644920936
0 0.31922303713285005 0.09699823306157039 0.016544342041015625 0.01679072013268104
0 0.5631833810072678 0.9598272763765775 0.056421720064603366 0.056810819185697116
0 0.4410732342646672 0.07957956424126258 0.022618440481332634 0.022280509655292217
