0 0.52421875 0.25859375 0.62265625 0.5171875
0 0.15390625 0.5203125 0.02890625 0.0265625
0 0.09765625 0.5359375 0.0578125 0.053125
0 0.2390625 0.41796875 0.02890625 0.0265625
0 0.271875 0.396875 0.0578125 0.053125
0 0.2953125 0.46640625 0.02890625 0.0265625
0 0.3703125 0.3328125 0.03359375 0.03125
0 0.5515625 0.32578125 0.02890625 0.0265625
0 0.5015625 0.36328125 0.09609375 0.08671875
0 0.56484375 0.4234375 0.040625 0.0359375
0 0.5921875 0.56640625 0.03125 0.02890625
0 0.671875 0.59140625 0.02890625 0.0265625
0 0.38359375 0.0828125 0.05546875 0.05078125
0 0.5171875 0.21015625 0.03125 0.0265625
0 0.6203125 0.06015625 0.0484375 0.0453125
0 0.84140625 0.5 0.17578125 0.1609375
0 0.81015625 0.26796875 0.0265625 0.02421875
0 0.7671875 0.34609375 0.0265625 0.02421875
0 0.60703125 0.13203125 0.02890625 0.0265625
0 0.8703125 0.00703125 0.03359375 0.0140625
0 0.9625 0.09375 0.03359375 0.02890625
0 0.47109375 0.7203125 0.03125 0.02890625
0 0.42890625 0.7546875 0.03828125 0.03359375
0 0.3390625 0.94921875 0.03359375 0.03125
0 0.1109375 0.8328125 0.03359375 0.03125
0 0.62734375 0.1078125 0.0265625 0.02421875
0 0.890625 0.15390625 0.0265625 0.02421875
0 0.98515625 0.73984375 0.0296875 0.0265625
0 0.84609375 0.82421875 0.0265625 0.02421875