0 0.91484375 0.51171875 0.1703125 0.209375
0 0.97578125 0.5984375 0.0484375 0.053125
0 0.75234375 0.9390625 0.134375 0.1109375
0 0.69453125 0.89296875 0.053125 0.04375
0 0.79921875 0.890625 0.0359375 0.028125
0 0.78359375 0.88203125 0.065625 0.053125
0 0.8578125 0.921875 0.04375 0.0359375
0 0.87265625 0.859375 0.03125 0.0265625
0 0.82421875 0.96875 0.0453125 0.0375
0 0.76171875 0.64765625 0.03125 0.0265625
0 0.32578125 0.4828125 0.0375 0.034375
0 0.13828125 0.40859375 0.040625 0.034375
0 0.24140625 0.5421875 0.040625 0.034375
0 0.07578125 0.62265625 0.05625 0.0453125
0 0.0578125 0.78515625 0.0890625 0.071875
0 0.12890625 0.8140625 0.0703125 0.0578125
0 0.1984375 0.77734375 0.040625 0.034375
0 0.2296875 0.9515625 0.0671875 0.05625
0 0.3578125 0.9171875 0.0671875 0.05625
0 0.34609375 0.953125 0.05 0.04375
0 0.50234375 0.96484375 0.028125 0.025
0 0.4171875 0.9828125 0.03125 0.0265625
0 0.36640625 0.7796875 0.053125 0.04375
0 0.3546875 0.8734375 0.0484375 0.0375
0 0.42421875 0.853125 0.0453125 0.0375
0 0.275 0.7609375 0.034375 0.0265625
0 0.365625 0.21171875 0.034375 0.0265625
0 0.6921875 0.22734375 0.034375 0.028125
0 0.6984375 0.084375 0.04375 0.0359375
0 0.75234375 0.0203125 0.0453125 0.0375
0 0.9640625 0.978125 0.059375 0.04375
0 0.259375 0.896875 0.05 0.040625
0 0.10546875 0.603125 0.053125 0.04375
0 0.4671875 0.03828125 0.05625 0.0453125
0 0.87890625 0.08515625 0.0484375 0.0390625
0 0.76171875 0.1578125 0.03125 0.0265625
0 0.6703125 0.1828125 0.03125 0.0265625