0 0.1984375 0.7390625 0.196875 0.1609375
0 0.08671875 0.6515625 0.1109375 0.0890625
0 0.43125 0.80078125 0.08671875 0.06953125
0 0.40859375 0.90625 0.0453125 0.03828125
0 0.36328125 0.9203125 0.1515625 0.125
0 0.5515625 0.7875 0.1421875 0.115625
0 0.47109375 0.87890625 0.0625 0.05078125
0 0.56015625 0.9515625 0.06953125 0.05546875
0 0.5109375 0.95703125 0.05546875 0.0453125
0 0.759375 0.83046875 0.09375 0.0765625
0 0.67578125 0.896875 0.24296875 0.196875
0 0.71015625 0.696875 0.10078125 0.08203125
0 0.7546875 0.61640625 0.0359375 0.02890625
0 0.64453125 0.64296875 0.10078125 0.08203125
0 0.3421875 0.56640625 0.0765625 0.0625
0 0.3890625 0.57109375 0.0578125 0.0453125
0 0.24765625 0.5828125 0.03125 0.02421875
0 0.02421875 0.55390625 0.0484375 0.04296875
0 0.1625 0.40859375 0.0453125 0.0359375
0 0.2234375 0.4625 0.09375 0.0765625
0 0.41484375 0.5140625 0.053125 0.04296875
0 0.50859375 0.490625 0.06484375 0.053125
0 0.2703125 0.3734375 0.09375 0.0765625
0 0.2453125 0.42421875 0.03125 0.0265625
0 0.17890625 0.34375 0.03125 0.0265625
0 0.8078125 0.63359375 0.05546875 0.04296875
0 0.7703125 0.67421875 0.053125 0.04296875
0 0.81640625 0.6875 0.06953125 0.05546875
0 0.9015625 0.8484375 0.0578125 0.0453125
0 0.82421875 0.915625 0.0453125 0.03828125
0 0.775 0.98671875 0.0359375 0.0265625
0 0.9015625 0.91328125 0.1109375 0.09140625
0 0.31640625 0.74296875 0.37734375 0.3078125
0 0.78359375 0.3765625 0.03828125 0.03125
0 0.72734375 0.4 0.08203125 0.06484375
0 0.62734375 0.4234375 0.11796875 0.09375
0 0.56640625 0.475 0.0671875 0.05546875
0 0.46640625 0.43125 0.03125 0.02421875
0 0.6578125 0.50234375 0.0625 0.05078125
0 0.7328125 0.59140625 0.03828125 0.03125
0 0.97421875 0.76328125 0.0515625 0.0421875
0 0.56875 0.359375 0.05546875 0.0453125
0 0.6140625 0.296875 0.125 0.10078125
0 0.49609375 0.290625 0.08203125 0.06484375
0 0.7125 0.1703125 0.0484375 0.03828125
0 0.7921875 0.2046875 0.05078125 0.040625
0 0.78828125 0.271875 0.05078125 0.040625
0 0.87109375 0.18515625 0.2015625 0.1609375
0 0.91953125 0.6921875 0.040625 0.03359375
0 0.796875 0.525 0.0359375 0.02890625
0 0.94453125 0.09765625 0.0890625 0.071875
0 0.4625 0.0421875 0.0359375 0.02890625
0 0.3421875 0.14453125 0.040625 0.03359375
0 0.4234375 0.10546875 0.365625 0.2109375
0 0.62109375 0.11640625 0.053125 0.04296875
0 0.74609375 0.19453125 0.03125 0.0265625
0 0.74296875 0.234375 0.0359375 0.02890625
0 0.1359375 0.178125 0.0984375 0.0796875
0 0.109375 0.0890625 0.040625 0.03359375
0 0.07578125 0.1109375 0.08203125 0.06484375
0 0.12109375 0.3140625 0.0625 0.05078125
0 0.06640625 0.24140625 0.03125 0.0265625