0 0.32421875 0.21484375 0.353125 0.3296875
0 0.0671875 0.1203125 0.040625 0.03828125
0 0.1140625 0.19375 0.03828125 0.0359375
0 0.05625 0.26171875 0.03828125 0.0359375
0 0.06015625 0.2875 0.03359375 0.03125
0 0.3125 0.0265625 0.0265625 0.0265625
0 0.06875 0.18046875 0.0453125 0.040625
0 0.58046875 0.1515625 0.0453125 0.04296875
0 0.84140625 0.09765625 0.0453125 0.04296875
0 0.8921875 0.0796875 0.0265625 0.02421875
0 0.9578125 0.00859375 0.03359375 0.0171875
0 0.76953125 0.275 0.09375 0.08671875
0 0.4359375 0.37890625 0.08671875 0.0796875
0 0.4515625 0.3265625 0.0265625 0.02421875
0 0.75625 0.49765625 0.05078125 0.0453125
0 0.8484375 0.1875 0.0265625 0.0265625
0 0.89296875 0.9359375 0.0890625 0.08203125
0 0.00234375 0.00234375 0.00078125 0.00078125
0 0.8265625 0.74375 0.04296875 0.040625
0 0.6546875 0.62109375 0.1515625 0.1421875
0 0.4953125 0.6875 0.10546875 0.0984375
0 0.525 0.7234375 0.19921875 0.18515625
0 0.703125 0.82109375 0.0359375 0.03359375
0 0.55390625 0.8546875 0.06484375 0.06015625
0 0.3734375 0.93046875 0.0359375 0.03359375
0 0.31015625 0.94609375 0.05078125 0.0484375
0 0.265625 0.959375 0.03359375 0.03125
0 0.2796875 0.86171875 0.0453125 0.04296875
0 0.32421875 0.80625 0.02890625 0.0265625
0 0.3390625 0.5828125 0.03359375 0.03125
0 0.2171875 0.63828125 0.0265625 0.02421875
0 0.5296875 0.94453125 0.0671875 0.0625
0 0.41015625 0.9546875 0.0359375 0.03359375
0 0.72265625 0.74609375 0.17578125 0.16328125
0 0.0015625 0.00234375 0.00078125 0.00078125
0 0.2140625 0.58984375 0.084375 0.0765625
0 0.19453125 0.53828125 0.0265625 0.0265625
0 0.0609375 0.5140625 0.02890625 0.0265625
0 0.1359375 0.29921875 0.0265625 0.0265625
0 0.0453125 0.43515625 0.03125 0.02890625
0 0.01953125 0.4046875 0.02890625 0.0265625
0 0.0375 0.89921875 0.07421875 0.115625
0 0.00234375 0.0015625 0.0015625 0.0015625