0 0.0890625 0.853125 0.178125 0.2125
0 0.9890625 0.38203125 0.021875 0.03125
0 0.9578125 0.03984375 0.05 0.0578125
0 0.228125 0.1703125 0.028125 0.03125
0 0.39453125 0.1296875 0.05625 0.0625
0 0.57109375 0.2203125 0.028125 0.034375
0 0.475 0.22578125 0.0875 0.0984375
0 0.68984375 0.0609375 0.028125 0.03125
0 0.7296875 0.0625 0.0359375 0.040625
0 0.584375 0.09140625 0.0484375 0.053125
0 0.540625 0.02421875 0.0625 0.0484375
0 0.31484375 0.271875 0.034375 0.0375
0 0.1359375 0.3859375 0.04375 0.05
0 0.0953125 0.30078125 0.05 0.0578125
0 0.0890625 0.21484375 0.03125 0.0359375
0 0.140625 0.0890625 0.034375 0.0375
0 0.13359375 0.16484375 0.0671875 0.0765625
0 0.17421875 0.4421875 0.025 0.028125
0 0.2203125 0.57109375 0.0265625 0.028125
0 0.4046875 0.48203125 0.0265625 0.028125
0 0.34609375 0.34765625 0.05625 0.0625
0 0.3125 0.66484375 0.0375 0.0453125
0 0.50234375 0.521875 0.053125 0.0578125
0 0.4484375 0.5640625 0.06875 0.0765625
0 0.53359375 0.56640625 0.0453125 0.05
0 0.6078125 0.52265625 0.0671875 0.0765625
0 0.50234375 0.6765625 0.028125 0.03125
0 0.73828125 0.5 0.053125 0.0578125
0 0.6828125 0.35 0.075 0.084375
0 0.80859375 0.6296875 0.115625 0.1296875
0 0.87109375 0.52421875 0.0453125 0.053125
0 0.8078125 0.7640625 0.028125 0.03125
0 0.70546875 0.68515625 0.0796875 0.0890625
0 0.65625 0.790625 0.0359375 0.040625
0 0.62265625 0.890625 0.090625 0.103125
0 0.56640625 0.88828125 0.034375 0.0375
0 0.49296875 0.953125 0.05625 0.0625
0 0.53125 0.959375 0.0359375 0.040625
0 0.46875 0.90390625 0.053125 0.059375
0 0.43515625 0.8796875 0.04375 0.05
0 0.3765625 0.821875 0.084375 0.096875
0 0.32421875 0.7125 0.04375 0.0484375
0 0.20546875 0.8859375 0.04375 0.05
0 0.23203125 0.834375 0.065625 0.0734375
0 0.47265625 0.75859375 0.0375 0.04375
0 0.5265625 0.8703125 0.08125 0.09375
0 0.63359375 0.73203125 0.065625 0.075
0 0.71875 0.74140625 0.0265625 0.03125
0 0.7765625 0.7921875 0.025 0.0296875
0 0.7390625 0.79296875 0.053125 0.0609375
0 0.7453125 0.74296875 0.028125 0.03125
0 0.8140625 0.859375 0.0765625 0.0875
0 0.7671875 0.87109375 0.034375 0.0359375
0 0.7359375 0.86875 0.0359375 0.040625
0 0.72109375 0.9015625 0.028125 0.0328125
0 0.80390625 0.97109375 0.0484375 0.053125
0 0.75703125 0.93984375 0.0875 0.0984375
0 0.09140625 0.71640625 0.075 0.084375
0 0.06015625 0.6609375 0.028125 0.034375
0 0.06015625 0.540625 0.0625 0.06875
0 0.02265625 0.0203125 0.0453125 0.040625
0 0.06015625 0.08046875 0.0671875 0.0765625
0 0.415625 0.06953125 0.040625 0.0453125
0 0.23203125 0.0421875 0.075 0.084375
0 0.69140625 0.459375 0.053125 0.0578125
0 0.35 0.415625 0.1203125 0.1375