0 0.98046875 0.05546875 0.0375 0.0578125
0 0.87890625 0.22109375 0.028125 0.028125
0 0.9234375 0.21640625 0.0265625 0.028125
0 0.99140625 0.36796875 0.0171875 0.0265625
0 0.75 0.24609375 0.1109375 0.11875
0 0.734375 0.5140625 0.0359375 0.0375
0 0.771875 0.43359375 0.2328125 0.25
0 0.7015625 0.3171875 0.04375 0.0453125
0 0.84140625 0.196875 0.3171875 0.3609375
0 0.85234375 0.34140625 0.059375 0.065625
0 0.73203125 0.01328125 0.03125 0.0265625
0 0.984375 0.7171875 0.03125 0.040625
0 0.9203125 0.62265625 0.0359375 0.0375
0 0.91953125 0.86640625 0.03125 0.034375
0 0.5609375 0.94140625 0.065625 0.06875
0 0.3921875 0.9390625 0.0625 0.0671875
0 0.36640625 0.953125 0.028125 0.0296875
0 0.6234375 0.678125 0.0375 0.040625
0 0.53984375 0.6203125 0.0265625 0.028125
0 0.49140625 0.65859375 0.040625 0.04375
0 0.50703125 0.7609375 0.0453125 0.05
0 0.4890625 0.7171875 0.03125 0.034375
0 0.4578125 0.70078125 0.03125 0.034375
0 0.47578125 0.5 0.0375 0.04375
0 0.39453125 0.6140625 0.0453125 0.05
0 0.38671875 0.5625 0.0375 0.040625
0 0.38671875 0.44453125 0.0265625 0.028125
0 0.40625 0.3703125 0.034375 0.0359375
0 0.43515625 0.2703125 0.025 0.0265625
0 0.54921875 0.3125 0.025 0.0265625
0 0.6515625 0.8640625 0.028125 0.028125
0 0.053125 0.94609375 0.034375 0.0390625
0 0.0796875 0.8640625 0.034375 0.0359375
0 0.0984375 0.74140625 0.028125 0.03125
0 0.03984375 0.61875 0.0265625 0.028125
0 0.05859375 0.5375 0.0265625 0.0265625
0 0.29296875 0.8125 0.028125 0.03125
0 0.2171875 0.7703125 0.0265625 0.028125
0 0.2140625 0.3390625 0.034375 0.0359375
0 0.20703125 0.4796875 0.03125 0.0359375
0 0.19921875 0.5515625 0.03125 0.034375
0 0.17890625 0.57109375 0.028125 0.03125
0 0.15859375 0.88671875 0.034375 0.0359375
0 0.14296875 0.85703125 0.0359375 0.0375
0 0.3390625 0.86875 0.0265625 0.028125
0 0.63125 0.884375 0.0578125 0.0625
0 0.3921875 0.8390625 0.0453125 0.0484375
0 0.32578125 0.5296875 0.028125 0.03125
0 0.36328125 0.6046875 0.05 0.05625
0 0.3765625 0.271875 0.028125 0.03125
0 0.375 0.19375 0.028125 0.03125
0 0.36328125 0.06015625 0.034375 0.0359375
0 0.4359375 0.01171875 0.03125 0.0234375
0 0.459375 0.11640625 0.028125 0.03125
0 0.39921875 0.06640625 0.03125 0.034375
0 0.0203125 0.0671875 0.028125 0.03125
0 0.040625 0.34140625 0.0265625 0.028125
0 0.9984375 0.0015625 0.003125 0.003125