0 0.75 0.23671875 0.0453125 0.0453125
0 0.8328125 0.44609375 0.03125 0.03125
0 0.86640625 0.578125 0.0375 0.0375
0 0.6296875 0.0796875 0.05625 0.05625
0 0.73046875 0.3015625 0.028125 0.028125
0 0.3546875 0.209375 0.028125 0.028125
0 0.2921875 0.48671875 0.0265625 0.0265625
0 0.290625 0.4734375 0.028125 0.028125
0 0.5796875 0.853125 0.03125 0.03125
0 0.38671875 0.9546875 0.025 0.0234375
0 0.18984375 0.82421875 0.03125 0.03125
0 0.16796875 0.8296875 0.028125 0.028125
0 0.015625 0.68359375 0.03125 0.04375
0 0.0875 0.12890625 0.0359375 0.0359375
0 0.05859375 0.0828125 0.0265625 0.0265625
0 0.04296875 0.0609375 0.0265625 0.0265625
0 0.95078125 0.509375 0.0359375 0.0359375
0 0.93984375 0.3765625 0.0484375 0.0484375
0 0.84765625 0.1625 0.0625 0.0625
0 0.703125 0.1140625 0.08125 0.08125
0 0.88359375 0.11640625 0.0453125 0.0484375
0 0.84765625 0.21484375 0.0578125 0.0578125
0 0.66796875 0.0953125 0.071875 0.071875
0 0.32578125 0.4796875 0.0375 0.0375
0 0.71484375 0.3859375 0.025 0.025
0 0.91015625 0.771875 0.0265625 0.0265625
0 0.9421875 0.98046875 0.0265625 0.028125
0 0.79453125 0.97265625 0.0546875 0.0546875