0 0.99765625 0.99765625 0.0046875 0.0046875
0 0.0484375 0.99296875 0.0296875 0.0140625
0 0.04453125 0.86875 0.028125 0.0265625
0 0.0203125 0.834375 0.040625 0.04375
0 0.0671875 0.8265625 0.03125 0.028125
0 0.05390625 0.8109375 0.0359375 0.0328125
0 0.06484375 0.77734375 0.0265625 0.025
0 0.046875 0.75234375 0.0921875 0.084375
0 0.5140625 0.98046875 0.0453125 0.0375
0 0.27421875 0.97109375 0.0359375 0.034375
0 0.63203125 0.9484375 0.0359375 0.034375
0 0.9359375 0.0171875 0.0453125 0.034375
0 0.86875 0.040625 0.0484375 0.04375
0 0.7703125 0.0640625 0.09375 0.0875
0 0.97578125 0.2125 0.0484375 0.0578125
0 0.9578125 0.18125 0.0265625 0.025
0 0.93359375 0.16796875 0.034375 0.03125
0 0.92421875 0.11171875 0.075 0.0671875
0 0.975 0.44140625 0.0453125 0.04375
0 0.890625 0.39453125 0.05625 0.05
0 0.9109375 0.271875 0.040625 0.0375
0 0.8390625 0.16484375 0.03125 0.028125
0 0.859375 0.2953125 0.0265625 0.025
0 0.8296875 0.34609375 0.053125 0.0484375
0 0.828125 0.4015625 0.040625 0.0375
0 0.90859375 0.5453125 0.05 0.0453125
0 0.728125 0.60234375 0.0453125 0.04375
0 0.7453125 0.56875 0.05625 0.05
0 0.80078125 0.74140625 0.05625 0.05
0 0.82109375 0.7125 0.0265625 0.025
0 0.8234375 0.92421875 0.034375 0.03125
0 0.86171875 0.93125 0.034375 0.03125
0 0.90234375 0.9046875 0.0484375 0.04375
0 0.90390625 0.86640625 0.0375 0.0359375
0 0.9859375 0.8484375 0.028125 0.03125
0 0.7796875 0.81015625 0.04375 0.0375
0 0.80078125 0.86640625 0.0265625 0.025
0 0.57109375 0.8953125 0.034375 0.03125
0 0.5875 0.915625 0.0265625 0.0265625
0 0.71484375 0.82421875 0.040625 0.0375
0 0.725 0.7546875 0.03125 0.028125
0 0.69453125 0.7203125 0.0359375 0.034375
0 0.6921875 0.3921875 0.0578125 0.053125
0 0.66484375 0.453125 0.034375 0.03125
0 0.65234375 0.4328125 0.03125 0.028125
0 0.55546875 0.38828125 0.04375 0.040625
0 0.475 0.3859375 0.040625 0.0375
0 0.52265625 0.46875 0.1421875 0.1296875
0 0.41953125 0.43359375 0.0765625 0.071875
0 0.4375 0.35703125 0.0375 0.034375
0 0.53359375 0.3109375 0.034375 0.03125
0 0.58671875 0.2015625 0.040625 0.0375
0 0.64453125 0.19453125 0.0359375 0.03125
0 0.66796875 0.21875 0.028125 0.0265625
0 0.62890625 0.1734375 0.0484375 0.04375
0 0.72109375 0.20546875 0.03125 0.028125
0 0.86171875 0.7296875 0.028125 0.0265625
0 0.571875 0.7921875 0.04375 0.040625
0 0.540625 0.8390625 0.0359375 0.034375
0 0.546875 0.93515625 0.028125 0.0265625
0 0.53359375 0.90859375 0.0375 0.0359375
0 0.4 0.9328125 0.0296875 0.0265625
0 0.303125 0.728125 0.0375 0.0359375
0 0.51328125 0.7140625 0.028125 0.0265625
0 0.48671875 0.671875 0.0265625 0.025
0 0.603125 0.68984375 0.03125 0.028125
0 0.43359375 0.5578125 0.0359375 0.034375
0 0.384375 0.5640625 0.0265625 0.025
0 0.3484375 0.55390625 0.03125 0.028125
0 0.30546875 0.2453125 0.0890625 0.08125
0 0.35 0.228125 0.0625 0.0578125
0 0.47578125 0.178125 0.05 0.0453125
0 0.50703125 0.22265625 0.0375 0.0359375
0 0.4828125 0.24765625 0.03125 0.028125
0 0.2203125 0.2671875 0.028125 0.0265625
0 0.06953125 0.49765625 0.0453125 0.040625
0 0.103125 0.5796875 0.0265625 0.025
0 0.0515625 0.56015625 0.0265625 0.025
0 0.07109375 0.6875 0.028125 0.0265625
0 0.1453125 0.765625 0.0265625 0.025
0 0.65625 0.6734375 0.034375 0.03125
0 0.98046875 0.61796875 0.0265625 0.025
0 0.22265625 0.5578125 0.04375 0.0375
0 0.35 0.4890625 0.05625 0.05
0 0.10703125 0.28984375 0.0890625 0.0828125
0 0.040625 0.2515625 0.0671875 0.0625
0 0.13671875 0.11328125 0.0671875 0.0625
0 0.18515625 0.1265625 0.04375 0.040625
0 0.15625 0.21484375 0.1 0.09375
0 0.39921875 0.08984375 0.0578125 0.053125
0 0.43046875 0.11796875 0.04375 0.040625
0 0.4546875 0.07421875 0.04375 0.040625
0 0.52734375 0.0734375 0.090625 0.084375
0 0.5609375 0.1203125 0.0453125 0.040625
0 0.68046875 0.0453125 0.0359375 0.034375
0 0.6765625 0.01328125 0.03125 0.0265625
0 0.7296875 0.01953125 0.03125 0.028125
0 0.2859375 0.11171875 0.053125 0.0484375
0 0.38125 0.05625 0.03125 0.028125
0 0.25703125 0.05390625 0.071875 0.0671875