0 0.98828125 0.134375 0.0234375 0.03125
0 0.775 0.1203125 0.178125 0.1765625
0 0.78515625 0.2328125 0.09375 0.090625
0 0.92421875 0.49140625 0.05 0.0484375
0 0.76796875 0.34140625 0.04375 0.04375
0 0.66953125 0.259375 0.03125 0.028125
0 0.60703125 0.15625 0.0671875 0.0671875
0 0.92578125 0.734375 0.05625 0.053125
0 0.6140625 0.01484375 0.03125 0.0296875
0 0.38671875 0.2328125 0.0296875 0.028125
0 0.63828125 0.27421875 0.1078125 0.1078125
0 0.08984375 0.38359375 0.0265625 0.0265625
0 0.08671875 0.34765625 0.0265625 0.0265625
0 0.29453125 0.21875 0.0265625 0.0265625
0 0.10078125 0.6 0.040625 0.0375
0 0.0828125 0.56953125 0.028125 0.028125
0 0.0484375 0.96484375 0.0578125 0.05625
0 0.1828125 0.9734375 0.0375 0.0359375
0 0.3421875 0.6234375 0.29375 0.290625
0 0.75625 0.54296875 0.025 0.025
0 0.725 0.80625 0.028125 0.0265625
0 0.76953125 0.921875 0.03125 0.03125
0 0.74765625 0.89765625 0.0265625 0.0265625