0 0.73828125 0.0453125 0.04375 0.053125
0 0.77890625 0.2328125 0.184375 0.228125
0 0.928125 0.11640625 0.034375 0.040625
0 0.80859375 0.41953125 0.0375 0.0484375
0 0.54921875 0.49296875 0.0265625 0.03125
0 0.571875 0.41484375 0.0265625 0.034375
0 0.7171875 0.5296875 0.053125 0.0671875
0 0.546875 0.1734375 0.21875 0.271875
0 0.63125 0.39453125 0.159375 0.19375
0 0.91796875 0.83203125 0.0265625 0.034375
0 0.92578125 0.75 0.13125 0.1640625
0 0.8765625 0.88359375 0.03125 0.0375
0 0.5984375 0.6890625 0.034375 0.040625
0 0.5296875 0.78984375 0.040625 0.05
0 0.56875 0.7515625 0.025 0.03125
0 0.415625 0.87265625 0.03125 0.040625
0 0.4734375 0.88125 0.025 0.03125
0 0.35 0.6765625 0.0375 0.0484375
0 0.36171875 0.91484375 0.1125 0.1390625
0 0.39921875 0.8265625 0.0453125 0.0578125
0 0.1765625 0.77421875 0.0265625 0.03125
0 0.9390625 0.6234375 0.05 0.0625
0 0.0140625 0.92109375 0.028125 0.0640625
0 0.23203125 0.828125 0.025 0.03125
0 0.2640625 0.453125 0.05 0.0625
0 0.0265625 0.50625 0.053125 0.0671875
0 0.25234375 0.328125 0.115625 0.14375
0 0.171875 0.53828125 0.03125 0.040625
0 0.0921875 0.5203125 0.065625 0.08125
0 0.09609375 0.59609375 0.0578125 0.071875
0 0.38125 0.37890625 0.0453125 0.0578125
0 0.0328125 0.08515625 0.028125 0.0359375
0 0.1515625 0.08671875 0.0265625 0.034375
0 0.1625 0.15 0.034375 0.04375
0 0.1265625 0.1203125 0.03125 0.0375
0 0.20703125 0.046875 0.04375 0.05625
0 0.65234375 0.56640625 0.0453125 0.0578125
0 0.68515625 0.521875 0.0265625 0.03125
0 0.6625 0.64453125 0.0265625 0.034375
0 0.384375 0.7296875 0.128125 0.159375
0 0.2984375 0.6828125 0.0625 0.0765625
0 0.06953125 0.64765625 0.0484375 0.059375
0 0.22109375 0.4578125 0.0359375 0.0453125