0 0.021875 0.5671875 0.04375 0.084375
0 0.0578125 0.4859375 0.0984375 0.128125
0 0.03359375 0.17578125 0.0671875 0.1109375
0 0.09765625 0.2046875 0.071875 0.09375
0 0.0515625 0.3453125 0.03125 0.0375
0 0.06953125 0.265625 0.04375 0.0578125
0 0.0625 0.64296875 0.125 0.16875
0 0.07421875 0.7671875 0.03125 0.040625
0 0.0765625 0.97734375 0.04375 0.0453125
0 0.2953125 0.2078125 0.0359375 0.0484375
0 0.20546875 0.1765625 0.059375 0.0796875
0 0.25625 0.23203125 0.05 0.065625
0 0.3390625 0.2796875 0.03125 0.040625
0 0.50625 0.24609375 0.0578125 0.0765625
0 0.5828125 0.271875 0.0359375 0.0453125
0 0.5953125 0.30078125 0.0265625 0.0359375
0 0.56953125 0.3609375 0.0265625 0.034375
0 0.6984375 0.32578125 0.028125 0.0359375
0 0.390625 0.60078125 0.025 0.03125
0 0.24140625 0.58203125 0.0265625 0.034375
0 0.16484375 0.56640625 0.065625 0.084375
0 0.1578125 0.41328125 0.0578125 0.075
0 0.17578125 0.321875 0.053125 0.0671875
0 0.22578125 0.35078125 0.0796875 0.103125
0 0.321875 0.8453125 0.03125 0.040625
0 0.32578125 0.59765625 0.21875 0.2859375
0 0.540625 0.75703125 0.0625 0.08125
0 0.6828125 0.834375 0.1 0.13125
0 0.7703125 0.80390625 0.0359375 0.0484375
0 0.8109375 0.63671875 0.1125 0.1515625
0 0.80546875 0.70546875 0.0359375 0.0453125
0 0.72109375 0.74765625 0.075 0.096875
0 0.609375 0.80546875 0.378125 0.3890625
0 0.84765625 0.92421875 0.025 0.034375
0 0.0140625 0.103125 0.028125 0.071875
0 0.21484375 0.42890625 0.04375 0.05625
0 0.4203125 0.30546875 0.0265625 0.0359375
0 0.665625 0.55078125 0.040625 0.05625