0 0.07109375 0.990625 0.0265625 0.01875
0 0.0984375 0.59375 0.0265625 0.0265625
0 0.03515625 0.8328125 0.0359375 0.0359375
0 0.0828125 0.85 0.03125 0.03125
0 0.03828125 0.87734375 0.028125 0.028125
0 0.078125 0.921875 0.025 0.025
0 0.16796875 0.8109375 0.0671875 0.0671875
0 0.12109375 0.87265625 0.103125 0.103125
0 0.31484375 0.9046875 0.1203125 0.1234375
0 0.4 0.9390625 0.05625 0.0578125
0 0.29296875 0.921875 0.03125 0.03125
0 0.196875 0.67421875 0.0375 0.0375
0 0.2859375 0.7453125 0.025 0.025
0 0.26328125 0.83203125 0.0484375 0.0484375
0 0.20078125 0.59609375 0.1109375 0.1109375
0 0.2234375 0.5671875 0.0265625 0.0265625
0 0.2359375 0.58515625 0.028125 0.028125
0 0.17421875 0.4578125 0.03125 0.03125
0 0.0625 0.37265625 0.125 0.190625
0 0.13125 0.44921875 0.028125 0.03125
0 0.29296875 0.6359375 0.040625 0.04375
0 0.31953125 0.446875 0.0265625 0.0265625
0 0.12265625 0.0578125 0.103125 0.103125
0 0.14453125 0.03359375 0.03125 0.03125
0 0.10546875 0.01796875 0.028125 0.028125
0 0.0421875 0.0578125 0.0375 0.0375
0 0.25859375 0.01953125 0.03125 0.03125
0 0.3171875 0.03359375 0.040625 0.040625
0 0.37109375 0.0265625 0.040625 0.040625
0 0.62109375 0.4484375 0.0484375 0.05
0 0.58671875 0.37734375 0.0484375 0.0484375
0 0.74375 0.33671875 0.0265625 0.0265625
0 0.7875 0.3765625 0.159375 0.1609375
0 0.553125 0.3296875 0.3875 0.3890625
0 0.553125 0.7078125 0.0375 0.040625
0 0.58984375 0.709375 0.05 0.05
0 0.646875 0.70546875 0.0359375 0.0359375
0 0.6765625 0.5265625 0.0265625 0.028125
0 0.56640625 0.56875 0.0265625 0.0265625
0 0.5015625 0.82578125 0.025 0.0265625
0 0.60078125 0.93515625 0.03125 0.03125
0 0.64765625 0.90859375 0.1078125 0.1109375
0 0.70703125 0.8640625 0.0796875 0.0828125
0 0.703125 0.9484375 0.053125 0.053125
0 0.73203125 0.9859375 0.0484375 0.028125
0 0.81875 0.92578125 0.040625 0.040625
0 0.81875 0.796875 0.03125 0.03125
0 0.8390625 0.821875 0.0265625 0.0265625
0 0.6921875 0.55390625 0.246875 0.25
0 0.62109375 0.6703125 0.0265625 0.0265625
0 0.50234375 0.78125 0.028125 0.028125
0 0.87890625 0.0625 0.0453125 0.0484375
0 0.8609375 0.18046875 0.06875 0.071875
0 0.7953125 0.22578125 0.115625 0.115625
0 0.884375 0.1109375 0.0375 0.0375
0 0.959375 0.19453125 0.0359375 0.0359375
0 0.953125 0.25390625 0.09375 0.0984375
0 0.8640625 0.66328125 0.04375 0.04375
0 0.884375 0.696875 0.0265625 0.0265625
0 0.86796875 0.82578125 0.028125 0.028125
0 0.4703125 0.52421875 0.034375 0.034375
0 0.446875 0.53984375 0.034375 0.0359375
0 0.975 0.8078125 0.034375 0.034375
0 0.9015625 0.77265625 0.034375 0.034375
0 0.94375 0.3234375 0.028125 0.028125
0 0.82578125 0.6546875 0.028125 0.028125
0 0.8890625 0.96640625 0.0375 0.040625
0 0.91875 0.990625 0.03125 0.01875
0 0.15859375 0.140625 0.034375 0.034375
0 0.109375 0.53359375 0.084375 0.084375
0 0.02265625 0.290625 0.0375 0.0375
0 0.35 0.39296875 0.040625 0.040625
0 0.2390625 0.6984375 0.071875 0.071875
0 0.01796875 0.93359375 0.0265625 0.0265625