0 0.3046875 0.01171875 0.028125 0.0234375
0 0.33984375 0.01328125 0.0359375 0.0265625
0 0.31015625 0.046875 0.02890625 0.0265625
0 0.921875 0.42421875 0.02890625 0.02890625
0 0.7171875 0.8703125 0.02890625 0.0265625
0 0.546875 0.709375 0.040625 0.03828125
0 0.37109375 0.83046875 0.0484375 0.0453125
0 0.36796875 0.7875 0.040625 0.040625
0 0.41953125 0.73046875 0.13203125 0.125
0 0.14453125 0.9203125 0.02890625 0.02890625
0 0.7015625 0.296875 0.02890625 0.02890625
0 0.3125 0.3125 0.03125 0.03125
0 0.22265625 0.31640625 0.03125 0.03125
0 0.02734375 0.37109375 0.03828125 0.03828125
0 0.00703125 0.4234375 0.0140625 0.0265625
0 0.05859375 0.4125 0.0359375 0.03359375
0 0.1546875 0.43046875 0.02890625 0.02890625
0 0.68515625 0.525 0.0265625 0.02421875
0 0.728125 0.609375 0.03359375 0.03125
0 0.73828125 0.4890625 0.03828125 0.0359375
0 0.3703125 0.64921875 0.0265625 0.0265625
0 0.21484375 0.17421875 0.4296875 0.3484375