0 0.9984375 0.00234375 0.003125 0.0046875
0 0.0265625 0.17421875 0.053125 0.0625
0 0.08515625 0.1609375 0.06875 0.08125
0 0.18125 0.7453125 0.034375 0.0375
0 0.06875 0.74609375 0.0984375 0.115625
0 0.06484375 0.50625 0.0484375 0.05625
0 0.2921875 0.71875 0.09375 0.1078125
0 0.4015625 0.50234375 0.0484375 0.05625
0 0.42421875 0.49765625 0.025 0.028125
0 0.44921875 0.50390625 0.053125 0.0625
0 0.01328125 0.8484375 0.0265625 0.034375
0 0.2609375 0.60234375 0.103125 0.1203125
0 0.35703125 0.3765625 0.0265625 0.03125
0 0.4796875 0.32421875 0.0578125 0.065625
0 0.44375 0.29453125 0.040625 0.0484375
0 0.59140625 0.48203125 0.0375 0.0453125
0 0.62265625 0.478125 0.034375 0.0375
0 0.671875 0.63359375 0.0359375 0.040625
0 0.69375 0.8234375 0.06875 0.0796875
0 0.775 0.89453125 0.125 0.146875
0 0.86171875 0.73203125 0.0578125 0.0671875
0 0.80078125 0.7125 0.059375 0.06875
0 0.8859375 0.446875 0.1296875 0.153125
0 0.80546875 0.4203125 0.06875 0.08125
0 0.55546875 0.6625 0.103125 0.1203125
0 0.584375 0.78515625 0.034375 0.040625
0 0.56015625 0.01953125 0.05625 0.0375
0 0.4625 0.009375 0.025 0.01875
0 0.78984375 0.0828125 0.028125 0.034375
0 0.98671875 0.33203125 0.0265625 0.0484375
0 0.96875 0.2453125 0.0453125 0.053125
0 0.97109375 0.49375 0.0453125 0.053125