0 0.03359375 0.03984375 0.025 0.0265625
0 0.12265625 0.66328125 0.0265625 0.0265625
0 0.08046875 0.68125 0.028125 0.03125
0 0.01953125 0.6 0.0265625 0.0265625
0 0.3859375 0.87265625 0.025 0.0265625
0 0.79296875 0.896875 0.028125 0.03125
0 0.83984375 0.78984375 0.040625 0.04375
0 0.8859375 0.6359375 0.028125 0.03125
0 0.90234375 0.5796875 0.034375 0.0359375
0 0.71640625 0.83203125 0.0359375 0.0375
0 0.66484375 0.6984375 0.028125 0.03125
0 0.57578125 0.671875 0.025 0.0265625
0 0.35546875 0.72734375 0.0265625 0.028125
0 0.55546875 0.06875 0.034375 0.0375
0 0.3265625 0.26796875 0.025 0.0265625
0 0.88828125 0.35078125 0.2234375 0.340625
0 0.96484375 0.7859375 0.0265625 0.028125
0 0.35546875 0.65 0.034375 0.0359375
0 0.52734375 0.41484375 0.025 0.0265625
0 0.6203125 0.6453125 0.0359375 0.0375