0 0.98203125 0.2515625 0.0359375 0.065625
0 0.9 0.00859375 0.034375 0.0171875
0 0.82109375 0.2390625 0.13125 0.1390625
0 0.83046875 0.1671875 0.0375 0.040625
0 0.7875 0.4734375 0.05 0.053125
0 0.7484375 0.478125 0.04375 0.0453125
0 0.67421875 0.56875 0.034375 0.0359375
0 0.65234375 0.59609375 0.040625 0.04375
0 0.66953125 0.50390625 0.028125 0.03125
0 0.615625 0.41015625 0.028125 0.03125
0 0.73671875 0.2296875 0.05 0.053125
0 0.70078125 0.025 0.040625 0.0453125
0 0.9328125 0.7203125 0.0359375 0.0375
0 0.8140625 0.921875 0.04375 0.0453125
0 0.82421875 0.87734375 0.0453125 0.0484375
0 0.859375 0.77421875 0.0359375 0.0390625
0 0.76796875 0.7140625 0.040625 0.04375
0 0.7921875 0.6515625 0.028125 0.028125
0 0.834375 0.66953125 0.0265625 0.028125
0 0.98671875 0.875 0.0265625 0.034375
0 0.98203125 0.93125 0.0359375 0.0671875
0 0.7671875 0.8859375 0.0265625 0.028125
0 0.54296875 0.96640625 0.0265625 0.028125
0 0.69921875 0.771875 0.0265625 0.028125
0 0.5828125 0.9375 0.028125 0.03125
0 0.3015625 0.87734375 0.0359375 0.0390625
0 0.17421875 0.80859375 0.0265625 0.028125
0 0.0453125 0.790625 0.028125 0.03125
0 0.353125 0.5625 0.0375 0.040625
0 0.3609375 0.6203125 0.03125 0.034375
0 0.5359375 0.428125 0.0265625 0.0265625
0 0.2125 0.47734375 0.103125 0.1109375
0 0.1390625 0.15625 0.065625 0.06875
0 0.140625 0.0953125 0.03125 0.034375
0 0.1875 0.078125 0.053125 0.0578125
0 0.25703125 0.109375 0.18125 0.1921875
0 0.3328125 0.28515625 0.0984375 0.10625
0 0.3765625 0.37890625 0.05625 0.059375
0 0.9578125 0.49765625 0.025 0.0265625
0 0.678125 0.4578125 0.0359375 0.0375
0 0.7640625 0.56953125 0.0265625 0.0265625
0 0.8734375 0.8953125 0.05 0.053125
0 0.7078125 0.80078125 0.04375 0.0453125
0 0.20078125 0.896875 0.09375 0.0984375
0 0.35 0.7984375 0.028125 0.03125
0 0.37890625 0.853125 0.0375 0.040625
0 0.4203125 0.775 0.03125 0.03125
0 0.484375 0.71484375 0.03125 0.034375
0 0.50703125 0.10546875 0.0265625 0.028125
0 0.55625 0.0515625 0.0265625 0.0265625