0 0.06640625 0.8015625 0.05 0.053125
0 0.0453125 0.921875 0.0265625 0.0296875
0 0.19453125 0.90234375 0.028125 0.03125
0 0.2875 0.86640625 0.03125 0.034375
0 0.2953125 0.91484375 0.034375 0.0390625
0 0.2703125 0.9015625 0.0265625 0.0296875
0 0.24140625 0.884375 0.0375 0.04375
0 0.4015625 0.9265625 0.0265625 0.0296875
0 0.41796875 0.85 0.0265625 0.028125
0 0.36875 0.77734375 0.0265625 0.0265625
0 0.34140625 0.96015625 0.028125 0.03125
0 0.86328125 0.38671875 0.03125 0.034375
0 0.11328125 0.43515625 0.025 0.0265625
0 0.178125 0.1609375 0.034375 0.0375
0 0.790625 0.7515625 0.040625 0.04375
0 0.759375 0.77734375 0.025 0.0265625
0 0.2328125 0.6984375 0.028125 0.03125
0 0.08984375 0.7515625 0.0265625 0.028125
0 0.74375 0.9171875 0.034375 0.0359375
0 0.9828125 0.478125 0.034375 0.0625
0 0.26171875 0.103125 0.121875 0.134375
0 0.29921875 0.28125 0.10625 0.115625
0 0.64296875 0.35234375 0.0265625 0.028125