0 0.97578125 0.0515625 0.0484375 0.0484375
0 0.875 0.06875 0.05546875 0.0484375
0 0.94609375 0.271875 0.053125 0.0453125
0 0.98203125 0.4375 0.03359375 0.02890625
0 0.72578125 0.28984375 0.02890625 0.02421875
0 0.71015625 0.2203125 0.03359375 0.02890625
0 0.490625 0.38203125 0.040625 0.03359375
0 0.1625 0.259375 0.1703125 0.146875
0 0.0640625 0.36875 0.05546875 0.0484375
0 0.1109375 0.02421875 0.05546875 0.0484375
0 0.13203125 0.14296875 0.03828125 0.03359375
0 0.209375 0.46875 0.03125 0.0265625
0 0.37734375 0.915625 0.05078125 0.04296875
0 0.44140625 0.65859375 0.09609375 0.08203125
0 0.38359375 0.6296875 0.103125 0.0890625
0 0.853125 0.665625 0.03125 0.0265625
0 0.66328125 0.63125 0.03125 0.0265625
0 0.96640625 0.6453125 0.0453125 0.040625
0 0.33203125 0.14921875 0.04296875 0.0359375