0 0.62265625 0.021875 0.059375 0.04375
0 0.865625 0.70703125 0.0375 0.034375
0 0.78515625 0.66328125 0.028125 0.0265625
0 0.73046875 0.4671875 0.04375 0.0375
0 0.5890625 0.59140625 0.034375 0.028125
0 0.56875 0.696875 0.03125 0.0265625
0 0.92890625 0.38671875 0.028125 0.025
0 0.64921875 0.1 0.028125 0.0265625
0 0.61171875 0.0953125 0.028125 0.0265625
0 0.50234375 0.27265625 0.028125 0.025
0 0.50390625 0.24296875 0.03125 0.0265625
0 0.49765625 0.47734375 0.028125 0.025
0 0.228125 0.51328125 0.05 0.0453125
0 0.06953125 0.12734375 0.03125 0.0265625
0 0.05625 0.96171875 0.03125 0.0265625
0 0.11796875 0.9390625 0.03125 0.0265625
0 0.14296875 0.96875 0.0359375 0.03125
0 0.103125 0.97109375 0.034375 0.028125
0 0.50859375 0.34609375 0.0375 0.034375
0 0.11640625 0.5875 0.03125 0.028125