0 0.92421875 0.9671875 0.034375 0.0359375
0 0.89296875 0.56875 0.028125 0.028125
0 0.2296875 0.1296875 0.034375 0.0359375
0 0.178125 0.228125 0.0671875 0.06875
0 0.11171875 0.21015625 0.115625 0.1203125
0 0.23828125 0.26171875 0.0796875 0.084375
0 0.12109375 0.37109375 0.025 0.0265625
0 0.0421875 0.27265625 0.034375 0.0359375
0 0.0203125 0.2984375 0.03125 0.03125
0 0.57421875 0.30078125 0.0265625 0.0265625
0 0.67578125 0.44453125 0.03125 0.034375
0 0.71484375 0.459375 0.0484375 0.05
0 0.78515625 0.05390625 0.0265625 0.028125
0 0.390625 0.64296875 0.034375 0.0359375
0 0.296875 0.71640625 0.075 0.0796875
0 0.3453125 0.68046875 0.0984375 0.103125
0 0.15625 0.86171875 0.13125 0.1390625
0 0.1875 0.93359375 0.025 0.0265625
0 0.05078125 0.8140625 0.0265625 0.0265625
0 0.6765625 0.9828125 0.034375 0.034375
0 0.5484375 0.84140625 0.065625 0.0671875
0 0.4984375 0.8390625 0.03125 0.034375
0 0.609375 0.93515625 0.0265625 0.0265625
0 0.49140625 0.93125 0.0265625 0.0265625