0 0.93984375 0.696875 0.0484375 0.05625
0 0.6859375 0.703125 0.040625 0.0484375
0 0.46171875 0.94453125 0.0265625 0.034375
0 0.43515625 0.63671875 0.0359375 0.04375
0 0.56953125 0.36796875 0.0265625 0.03125
0 0.90625 0.97109375 0.0375 0.0453125
0 0.5671875 0.2953125 0.0265625 0.03125
0 0.60234375 0.16015625 0.0359375 0.040625
0 0.6625 0.19609375 0.0265625 0.03125
0 0.7046875 0.15234375 0.03125 0.0375
0 0.94921875 0.24140625 0.05 0.0578125
0 0.94375 0.1234375 0.0265625 0.028125
0 0.9625 0.34375 0.05 0.0578125
0 0.88359375 0.3078125 0.025 0.028125
0 0.03828125 0.1046875 0.0265625 0.03125
0 0.27890625 0.290625 0.0484375 0.0578125
0 0.13203125 0.45546875 0.0265625 0.03125
0 0.05078125 0.48828125 0.025 0.028125
0 0.1984375 0.68125 0.025 0.028125