0 0.0484375 0.28125 0.0359375 0.034375
0 0.1234375 0.2453125 0.028125 0.028125
0 0.21640625 0.2125 0.03125 0.03125
0 0.17578125 0.18359375 0.0265625 0.0265625
0 0.171875 0.54921875 0.059375 0.0578125
0 0.28125 0.55625 0.0484375 0.0484375
0 0.6609375 0.42890625 0.0375 0.0359375
0 0.6078125 0.44375 0.0265625 0.0265625
0 0.7703125 0.41328125 0.03125 0.028125
0 0.79296875 0.4671875 0.05625 0.053125
0 0.65625 0.19375 0.06875 0.0671875
0 0.5921875 0.12265625 0.040625 0.040625
0 0.53828125 0.1734375 0.0359375 0.0359375
0 0.4984375 0.18984375 0.028125 0.028125
0 0.38125 0.10546875 0.0265625 0.025
0 0.37890625 0.51328125 0.028125 0.028125
0 0.4703125 0.6078125 0.028125 0.028125
0 0.85 0.365625 0.034375 0.034375
0 0.96875 0.12734375 0.040625 0.0375
0 0.971875 0.1578125 0.05625 0.05625
0 0.646875 0.8453125 0.05 0.05
0 0.33203125 0.83515625 0.0453125 0.04375
0 0.55546875 0.73828125 0.0359375 0.0359375
0 0.55078125 0.83203125 0.0265625 0.025
0 0.74296875 0.33203125 0.0265625 0.0265625
0 0.7171875 0.47265625 0.03125 0.03125
0 0.80390625 0.5375 0.034375 0.034375
0 0.05390625 0.615625 0.0265625 0.0265625
0 0.52421875 0.4890625 0.065625 0.065625
0 0.61171875 0.75 0.03125 0.028125
0 0.6390625 0.7875 0.034375 0.03125
0 0.571875 0.81875 0.028125 0.028125