0 0.9078125 0.1734375 0.028125 0.0265625
0 0.96484375 0.34765625 0.0359375 0.0359375
0 0.9375 0.45546875 0.034375 0.034375
0 0.88359375 0.7359375 0.028125 0.028125
0 0.87890625 0.75859375 0.03125 0.03125
0 0.68984375 0.59375 0.0265625 0.0265625
0 0.69921875 0.53359375 0.0265625 0.0265625
0 0.75390625 0.43359375 0.034375 0.034375
0 0.8109375 0.484375 0.034375 0.03125
0 0.665625 0.39765625 0.028125 0.028125
0 0.5921875 0.484375 0.0265625 0.0265625
0 0.8546875 0.5765625 0.025 0.025
0 0.828125 0.225 0.0265625 0.0265625
0 0.7484375 0.23828125 0.028125 0.028125
0 0.77734375 0.15625 0.028125 0.0265625
0 0.853125 0.08515625 0.03125 0.03125
0 0.634375 0.07109375 0.034375 0.03125
0 0.55390625 0.10078125 0.03125 0.03125
0 0.4109375 0.36875 0.040625 0.040625
0 0.4171875 0.4078125 0.0359375 0.034375
0 0.40625 0.3125 0.0359375 0.0359375
0 0.384375 0.33984375 0.03125 0.03125
0 0.35546875 0.2828125 0.0265625 0.0265625
0 0.2671875 0.00703125 0.0265625 0.0140625
0 0.30625 0.02890625 0.028125 0.028125
0 0.3703125 0.0765625 0.0265625 0.0265625
0 0.22578125 0.31640625 0.034375 0.034375
0 0.20078125 0.3375 0.028125 0.028125
0 0.3375 0.475 0.034375 0.03125
0 0.27421875 0.459375 0.03125 0.03125
0 0.2609375 0.5953125 0.03125 0.028125
0 0.27265625 0.6296875 0.040625 0.040625
0 0.31484375 0.5984375 0.03125 0.03125
0 0.1671875 0.5015625 0.034375 0.03125
0 0.16015625 0.21015625 0.0265625 0.0265625
0 0.146875 0.37109375 0.0578125 0.05625
0 0.03515625 0.51328125 0.0484375 0.0484375
0 0.02265625 0.54453125 0.0265625 0.0265625
0 0.140625 0.67578125 0.04375 0.040625
0 0.3859375 0.678125 0.0875 0.084375
0 0.32421875 0.71484375 0.065625 0.0625
0 0.2703125 0.7140625 0.034375 0.03125
0 0.29296875 0.68046875 0.04375 0.04375
0 0.25 0.6625 0.028125 0.028125
0 0.2078125 0.834375 0.0359375 0.0359375
0 0.34609375 0.80078125 0.04375 0.04375
0 0.365625 0.765625 0.071875 0.06875
0 0.5328125 0.82421875 0.0625 0.059375
0 0.5140625 0.88671875 0.03125 0.03125
0 0.45078125 0.8765625 0.0359375 0.0359375
0 0.36328125 0.8796875 0.0359375 0.0359375
0 0.4203125 0.82109375 0.0375 0.0359375
0 0.38359375 0.84375 0.053125 0.053125
0 0.4890625 0.69140625 0.0265625 0.0265625
0 0.6921875 0.80625 0.034375 0.03125
0 0.96484375 0.77265625 0.03125 0.03125
0 0.896875 0.94453125 0.03125 0.03125
0 0.9125 0.975 0.0375 0.0375
0 0.97109375 0.83046875 0.028125 0.028125
0 0.8140625 0.8328125 0.028125 0.028125
0 0.81953125 0.884375 0.040625 0.0375