0 0.3546875 0.3890625 0.709375 0.778125
0 0.1578125 0.85 0.315625 0.29375
0 0.6609375 0.97265625 0.059375 0.053125
0 0.071875 0.74140625 0.14375 0.1296875
0 0.22265625 0.5921875 0.1734375 0.1515625
0 0.3453125 0.40390625 0.04375 0.0375
0 0.40859375 0.509375 0.3921875 0.340625
0 0.57421875 0.64921875 0.175 0.153125
0 0.6078125 0.759375 0.05625 0.0484375
0 0.75234375 0.7609375 0.0359375 0.03125
0 0.70078125 0.725 0.04375 0.0375
0 0.678125 0.78515625 0.034375 0.028125
0 0.82421875 0.58515625 0.053125 0.0453125
0 0.709375 0.66015625 0.0625 0.05625
0 0.97578125 0.84375 0.0484375 0.040625
0 0.9390625 0.31875 0.05 0.0453125
0 0.92421875 0.2390625 0.028125 0.025
0 0.68984375 0.2140625 0.053125 0.0453125
0 0.73671875 0.2078125 0.03125 0.0265625
0 0.765625 0.36875 0.05625 0.0484375
0 0.584375 0.2671875 0.034375 0.028125
0 0.7359375 0.69453125 0.034375 0.028125
0 0.67421875 0.91953125 0.0375 0.034375
0 0.2296875 0.43125 0.028125 0.025
0 0.23828125 0.37734375 0.065625 0.05625
0 0.68359375 0.0828125 0.0375 0.034375
0 0.90625 0.11875 0.05625 0.0484375
0 0.93359375 0.09140625 0.0484375 0.040625
0 0.8421875 0.06484375 0.059375 0.053125