0 0.240625 0.8953125 0.03125 0.03125
0 0.0921875 0.8859375 0.03828125 0.03828125
0 0.10234375 0.9109375 0.02890625 0.0265625
0 0.1046875 0.81015625 0.0265625 0.0265625
0 0.31953125 0.81875 0.0484375 0.0484375
0 0.00234375 0.00234375 0.00078125 0.00078125
0 0.72734375 0.9203125 0.1421875 0.1390625
0 0.93046875 0.63125 0.0265625 0.0265625
0 0.94921875 0.73203125 0.06953125 0.0671875
0 0.86875 0.5140625 0.02890625 0.02890625
0 0.84609375 0.4859375 0.040625 0.03828125
0 0.84609375 0.54921875 0.03828125 0.0359375
0 0.84375 0.59375 0.0265625 0.0265625
0 0.8953125 0.60078125 0.06953125 0.06953125
0 0.8734375 0.6921875 0.0796875 0.0796875
0 0.8609375 0.7875 0.08203125 0.08203125
0 0.4015625 0.915625 0.178125 0.16796875
0 0.67578125 0.54453125 0.06484375 0.06484375
0 0.57421875 0.46875 0.0265625 0.0265625
0 0.41015625 0.5671875 0.03828125 0.03828125
0 0.6671875 0.4046875 0.06484375 0.0625
0 0.65234375 0.28515625 0.03359375 0.03359375
0 0.646875 0.25390625 0.03125 0.03125
0 0.615625 0.2453125 0.040625 0.040625
0 0.603125 0.19453125 0.053125 0.05078125
0 0.5578125 0.16796875 0.0359375 0.0359375
0 0.63359375 0.3421875 0.1390625 0.1390625
0 0.63671875 0.240625 0.165625 0.16328125
0 0.6625 0.5265625 0.34140625 0.3390625
0 0.63828125 0.165625 0.16796875 0.165625
0 0.55625 0.22578125 0.03125 0.03125
0 0.421875 0.12109375 0.02890625 0.02890625
0 0.3546875 0.12734375 0.0484375 0.0484375
0 0.4125 0.4953125 0.0265625 0.02421875
0 0.2953125 0.396875 0.28125 0.2765625
0 0.946875 0.2609375 0.0359375 0.0359375
0 0.80859375 0.06953125 0.03828125 0.03828125
0 0.78828125 0.0984375 0.0359375 0.0359375
0 0.71640625 0.7390625 0.3921875 0.38671875
0 0.33046875 0.6671875 0.3890625 0.384375
0 0.103125 0.49765625 0.18984375 0.1875
0 0.021875 0.53515625 0.03125 0.03125
0 0.20078125 0.93359375 0.03125 0.03125
0 0.0578125 0.36796875 0.02421875 0.02421875
0 0.10234375 0.35703125 0.03828125 0.03828125
0 0.078125 0.2671875 0.03828125 0.03828125
0 0.165625 0.23828125 0.02890625 0.02890625
0 0.15625 0.21484375 0.03125 0.03125
0 0.3125 0.21875 0.05546875 0.05546875
0 0.36171875 0.24765625 0.02890625 0.02890625
0 0.1390625 0.9515625 0.040625 0.040625
0 0.1359375 0.11328125 0.18515625 0.1828125
0 0.19921875 0.1921875 0.0359375 0.0359375
0 0.28359375 0.103125 0.0671875 0.0671875
0 0.31015625 0.15625 0.05546875 0.053125
0 0.3375 0.015625 0.0265625 0.0265625
0 0.38671875 0.03125 0.02890625 0.02890625
0 0.2390625 0.2046875 0.1109375 0.1078125
0 0.68671875 0.009375 0.0359375 0.01875
0 0.5484375 0.08203125 0.271875 0.16328125
0 0.78984375 0.01328125 0.03359375 0.0265625