0 0.040625 0.3640625 0.08125 0.115625
0 0.11875 0.34140625 0.040625 0.0375
0 0.17578125 0.4234375 0.03125 0.03125
0 0.328125 0.17421875 0.0484375 0.0484375
0 0.33203125 0.240625 0.04375 0.04375
0 0.2390625 0.21640625 0.19375 0.190625
0 0.1671875 0.0734375 0.028125 0.028125
0 0.1296875 0.040625 0.03125 0.028125
0 0.3234375 0.0328125 0.028125 0.028125
0 0.54453125 0.303125 0.0578125 0.05625
0 0.4828125 0.29296875 0.0359375 0.0359375
0 0.47109375 0.384375 0.03125 0.03125
0 0.803125 0.125 0.05625 0.05625
0 0.865625 0.1421875 0.14375 0.1390625
0 0.67890625 0.1390625 0.0375 0.0359375
0 0.6 0.2234375 0.0375 0.0359375
0 0.6703125 0.3265625 0.0453125 0.0453125
0 0.75 0.31484375 0.0359375 0.034375
0 0.75703125 0.26171875 0.028125 0.0265625
0 0.6984375 0.24296875 0.034375 0.03125
0 0.67578125 0.26796875 0.03125 0.03125
0 0.7328125 0.19375 0.034375 0.034375
0 0.8578125 0.24296875 0.05 0.0484375
0 0.85234375 0.39453125 0.040625 0.040625
0 0.75703125 0.42578125 0.0359375 0.034375
0 0.5375 0.33515625 0.03125 0.03125
0 0.97109375 0.55546875 0.040625 0.040625
0 0.9671875 0.63125 0.0625 0.059375
0 0.884375 0.5171875 0.040625 0.040625
0 0.7046875 0.453125 0.0578125 0.05625
0 0.62890625 0.50859375 0.03125 0.028125
0 0.68359375 0.5203125 0.03125 0.028125
0 0.5109375 0.62265625 0.0453125 0.04375
0 0.46640625 0.64453125 0.0359375 0.034375
0 0.7328125 0.615625 0.071875 0.06875
0 0.70078125 0.7203125 0.0359375 0.0359375
0 0.5875 0.7828125 0.03125 0.028125
0 0.5921875 0.8234375 0.0578125 0.05625
0 0.60703125 0.91484375 0.103125 0.0984375
0 0.6828125 0.86875 0.028125 0.0265625
0 0.89765625 0.97734375 0.03125 0.028125
0 0.75234375 0.8125 0.034375 0.034375
0 0.2921875 0.53515625 0.0265625 0.0265625
0 0.13828125 0.5328125 0.0265625 0.0265625
0 0.10078125 0.540625 0.0265625 0.0265625
0 0.06484375 0.7078125 0.090625 0.0890625
0 0.28515625 0.759375 0.4515625 0.4375
0 0.06484375 0.82578125 0.0265625 0.025