0 0.0015625 0.0015625 0.00234375 0.00234375
0 0.8734375 0.17578125 0.02890625 0.02890625
0 0.078125 0.165625 0.0265625 0.0265625
0 0.08671875 0.134375 0.02421875 0.02421875
0 0.31640625 0.8734375 0.03125 0.03125
0 0.2328125 0.55625 0.0453125 0.0453125
0 0.328125 0.50859375 0.02890625 0.02890625
0 0.4359375 0.70546875 0.11328125 0.1109375
0 0.56875 0.5640625 0.0265625 0.0265625
0 0.67421875 0.375 0.02890625 0.02890625
0 0.71015625 0.5765625 0.09375 0.09375
0 0.75625 0.82421875 0.03359375 0.03359375
0 0.7703125 0.80078125 0.0265625 0.0265625
0 0.77734375 0.75390625 0.08203125 0.0796875
0 0.49140625 0.28125 0.13671875 0.13671875
0 0.553125 0.52890625 0.0796875 0.0796875
0 0.5328125 0.63671875 0.0265625 0.02421875
0 0.43125 0.3421875 0.0359375 0.0359375