0 0.16484375 0.44921875 0.215625 0.2125
0 0.21640625 0.89765625 0.0359375 0.0359375
0 0.3265625 0.96015625 0.03125 0.028125
0 0.71875 0.78984375 0.0484375 0.0484375
0 0.86171875 0.7296875 0.028125 0.0296875
0 0.95703125 0.5515625 0.0375 0.0375
0 0.82421875 0.32109375 0.034375 0.03125
0 0.7359375 0.2828125 0.0484375 0.0453125
0 0.5265625 0.46171875 0.03125 0.028125
0 0.43125 0.4421875 0.04375 0.040625
0 0.5 0.4421875 0.0265625 0.0265625
0 0.209375 0.47578125 0.071875 0.06875
0 0.18046875 0.25859375 0.1515625 0.15
0 0.06484375 0.38828125 0.025 0.025
0 0.4078125 0.7171875 0.0234375 0.025
0 0.459375 0.62734375 0.1078125 0.10625
0 0.2953125 0.33984375 0.146875 0.14375
0 0.3453125 0.11328125 0.0265625 0.0265625
0 0.4125 0.15625 0.0359375 0.0359375
0 0.3171875 0.021875 0.05 0.04375
0 0.85078125 0.165625 0.028125 0.0265625
0 0.9625 0.16328125 0.075 0.1078125
0 0.9015625 0.0453125 0.053125 0.05
0 0.7984375 0.1109375 0.0265625 0.0265625
0 0.79921875 0.1609375 0.0265625 0.025
0 0.59140625 0.09140625 0.028125 0.028125
0 0.58203125 0.03828125 0.034375 0.034375
0 0.44140625 0.0140625 0.025 0.025
0 0.42421875 0.13125 0.0359375 0.034375
0 0.1625 0.09609375 0.028125 0.028125
0 0.05390625 0.228125 0.028125 0.028125
0 0.0609375 0.17578125 0.05625 0.05625
0 0.06875 0.11796875 0.040625 0.0375
0 0.109375 0.06953125 0.034375 0.034375
0 0.1203125 0.16796875 0.028125 0.028125
0 0.32578125 0.1765625 0.0625 0.059375
0 0.01796875 0.07421875 0.0359375 0.040625
0 0.884375 0.41015625 0.025 0.025
0 0.771875 0.3375 0.0265625 0.0265625
0 0.63203125 0.3765625 0.025 0.025
0 0.55859375 0.0171875 0.028125 0.028125