0 0.1625 0.75859375 0.0390625 0.03125
0 0.7828125 0.78359375 0.028125 0.025
0 0.959375 0.91328125 0.0484375 0.040625
0 0.6390625 0.53828125 0.0375 0.034375
0 0.81015625 0.56953125 0.028125 0.025
0 0.24296875 0.115625 0.1734375 0.146875
0 0.07421875 0.02890625 0.0578125 0.0484375
0 0.10546875 0.15859375 0.03125 0.0265625
0 0.16796875 0.43984375 0.03125 0.0265625
0 0.35234375 0.375 0.028125 0.025
0 0.26328125 0.3859375 0.0671875 0.0578125
0 0.2296875 0.515625 0.1421875 0.1203125
0 0.03359375 0.390625 0.03125 0.0265625
0 0.8734375 0.76953125 0.03125 0.0265625