0 0.25390625 0.3125 0.196875 0.178125
0 0.3421875 0.18515625 0.03359375 0.03125
0 0.1203125 0.165625 0.18984375 0.1703125
0 0.92578125 0.3015625 0.0671875 0.06015625
0 0.96875 0.6859375 0.03359375 0.03125
0 0.853125 0.57109375 0.03828125 0.03359375
0 0.84375 0.640625 0.04296875 0.03828125
0 0.8796875 0.96484375 0.03125 0.02890625
0 0.75859375 0.86875 0.040625 0.03828125
0 0.453125 0.4234375 0.03125 0.02890625
0 0.16796875 0.66796875 0.02890625 0.0265625
0 0.32578125 0.65234375 0.0890625 0.0796875
0 0.5359375 0.678125 0.09609375 0.08671875
0 0.4796875 0.69375 0.0359375 0.03125
0 0.28828125 0.75390625 0.14453125 0.12734375
0 0.6828125 0.9171875 0.1875 0.165625
0 0.4953125 0.8078125 0.2328125 0.20703125
0 0.05546875 0.75234375 0.03828125 0.03359375
0 0.0734375 0.50859375 0.12265625 0.1078125
0 0.2640625 0.19140625 0.115625 0.103125
0 0.44609375 0.396875 0.31953125 0.2859375
0 0.03359375 0.5796875 0.0671875 0.115625
0 0.09140625 0.64453125 0.115625 0.103125
0 0.87265625 0.69453125 0.08671875 0.0765625
0 0.20078125 0.61328125 0.1203125 0.10546875
0 0.0015625 0.00078125 0.0015625 0.0015625
0 0.609375 0.1453125 0.540625 0.290625