0 0.44921875 0.80859375 0.0625 0.059375
0 0.3734375 0.5578125 0.034375 0.03125
0 0.47578125 0.55625 0.0265625 0.0265625
0 0.9171875 0.47734375 0.04375 0.040625
0 0.7875 0.81015625 0.0265625 0.025
0 0.91328125 0.7484375 0.028125 0.028125
0 0.98671875 0.7125 0.0265625 0.0375
0 0.8765625 0.1578125 0.0453125 0.04375
0 0.8296875 0.2125 0.0359375 0.034375
0 0.571875 0.1234375 0.028125 0.0265625
0 0.2546875 0.9828125 0.0359375 0.034375
0 0.2609375 0.9703125 0.04375 0.040625
0 0.88203125 0.978125 0.0265625 0.025
0 0.8078125 0.8609375 0.0265625 0.025
0 0.53828125 0.8125 0.0484375 0.0453125
0 0.27890625 0.5984375 0.03125 0.028125
0 0.0640625 0.53125 0.0390625 0.0359375
0 0.1390625 0.4890625 0.034375 0.03125
0 0.28359375 0.65390625 0.028125 0.028125
0 0.9703125 0.73671875 0.0265625 0.025
0 0.89453125 0.4046875 0.0265625 0.025
0 0.3078125 0.3859375 0.0265625 0.025
0 0.39765625 0.4328125 0.028125 0.0265625
0 0.0515625 0.421875 0.028125 0.0265625
0 0.9625 0.31015625 0.028125 0.0265625
0 0.73046875 0.10546875 0.05625 0.05
0 0.50703125 0.13203125 0.03125 0.028125