0 0.00234375 0.00234375 0.0046875 0.0046875
0 0.9375 0.90625 0.071875 0.053125
0 0.96171875 0.94921875 0.0765625 0.0578125
0 0.66484375 0.8484375 0.08671875 0.0625
0 0.6890625 0.81484375 0.06015625 0.04296875
0 0.4328125 0.83671875 0.0890625 0.0625
0 0.00234375 0.0015625 0.00078125 0.00078125
0 0.8921875 0.8578125 0.0578125 0.040625
0 0.7640625 0.8734375 0.165625 0.1203125
0 0.52734375 0.978125 0.0484375 0.03359375
0 0.025 0.89140625 0.05 0.0390625
0 0.04453125 0.94453125 0.0359375 0.0265625
0 0.06484375 0.9703125 0.03828125 0.02890625
0 0.484375 0.546875 0.0359375 0.0265625
0 0.18515625 0.98515625 0.0453125 0.0296875
0 0.2546875 0.228125 0.040625 0.02890625
0 0.24609375 0.29921875 0.07421875 0.053125
0 0.2640625 0.3546875 0.05546875 0.03828125
0 0.27734375 0.39453125 0.06015625 0.04296875
0 0.28828125 0.44140625 0.05078125 0.0359375
0 0.28828125 0.41953125 0.04296875 0.03125
0 0.5609375 0.18359375 0.03828125 0.0265625
0 0.3765625 0.65234375 0.2234375 0.1609375
0 0.7140625 0.0796875 0.03828125 0.02890625
0 0.9171875 0.19921875 0.04296875 0.03125
0 0.8484375 0.26953125 0.06484375 0.0453125