0 0.27421875 0.66328125 0.5484375 0.521875
0 0.953125 0.65859375 0.040625 0.034375
0 0.75625 0.53984375 0.0484375 0.0375
0 0.76328125 0.4125 0.053125 0.040625
0 0.85546875 0.321875 0.08125 0.065625
0 0.95078125 0.33046875 0.040625 0.034375
0 0.9265625 0.2234375 0.10625 0.0875
0 0.7234375 0.265625 0.1 0.08125
0 0.71640625 0.18046875 0.06875 0.05625
0 0.94453125 0.07109375 0.065625 0.053125
0 0.87890625 0.0671875 0.065625 0.053125
0 0.66953125 0.12734375 0.1078125 0.0875
0 0.64453125 0.1609375 0.06875 0.05625
0 0.39296875 0.234375 0.096875 0.0796875
0 0.31875 0.296875 0.103125 0.084375
0 0.6109375 0.43046875 0.0359375 0.028125
0 0.578125 0.47578125 0.06875 0.0578125
0 0.49609375 0.5140625 0.1109375 0.0890625
0 0.5953125 0.54296875 0.059375 0.0484375
0 0.6546875 0.52890625 0.040625 0.03125
0 0.2171875 0.3546875 0.084375 0.06875
0 0.0296875 0.62109375 0.0375 0.03125
0 0.2078125 0.43046875 0.0578125 0.0453125
0 0.4484375 0.07421875 0.053125 0.04375
0 0.04453125 0.9328125 0.0890625 0.0984375
0 0.1265625 0.9015625 0.05 0.040625
0 0.51953125 0.6296875 0.0359375 0.028125
0 0.546875 0.75390625 0.075 0.059375
0 0.50859375 0.78359375 0.071875 0.0578125
0 0.41484375 0.9203125 0.03125 0.0265625
0 0.25703125 0.978125 0.03125 0.025
0 0.26953125 0.95703125 0.03125 0.025
0 0.4234375 0.98046875 0.0359375 0.028125
0 0.584375 0.95703125 0.03125 0.025
0 0.6234375 0.93515625 0.103125 0.08125
0 0.5890625 0.6546875 0.103125 0.084375
0 0.740625 0.05859375 0.0796875 0.0625
0 0.6875 0.65625 0.0671875 0.05625
0 0.8078125 0.94609375 0.08125 0.065625
0 0.49375 0.43046875 0.0578125 0.0484375
0 0.32109375 0.3921875 0.15 0.1203125