0 0.7703125 0.02421875 0.0609375 0.0484375
0 0.9390625 0.19453125 0.03125 0.028125
0 0.88671875 0.290625 0.053125 0.053125
0 0.96640625 0.21015625 0.05625 0.053125
0 0.6984375 0.2984375 0.096875 0.09375
0 0.73203125 0.25859375 0.059375 0.0578125
0 0.77890625 0.1828125 0.0359375 0.0359375
0 0.84609375 0.1421875 0.04375 0.04375
0 0.86640625 0.0578125 0.065625 0.0625
0 0.921875 0.0453125 0.0484375 0.0484375
0 0.1 0.115625 0.15625 0.1515625
0 0.21015625 0.09140625 0.0359375 0.0359375
0 0.1734375 0.2390625 0.0296875 0.0265625
0 0.18515625 0.19140625 0.08125 0.0796875
0 0.25 0.1 0.03125 0.03125
0 0.28515625 0.1859375 0.0265625 0.0265625
0 0.3578125 0.1140625 0.06875 0.0671875
0 0.42578125 0.12265625 0.034375 0.03125
0 0.48046875 0.25 0.03125 0.028125
0 0.4421875 0.38671875 0.0578125 0.05625
0 0.521875 0.51171875 0.1078125 0.10625
0 0.56640625 0.42578125 0.0375 0.0375
0 0.2390625 0.40859375 0.346875 0.3375
0 0.4125 0.45546875 0.096875 0.09375
0 0.196875 0.75234375 0.03125 0.03125
0 0.265625 0.89765625 0.028125 0.028125
0 0.2203125 0.94375 0.04375 0.04375
0 0.61640625 0.7453125 0.0375 0.0375
0 0.74140625 0.6875 0.084375 0.08125
0 0.8234375 0.4828125 0.053125 0.053125
0 0.6875 0.49609375 0.28125 0.2765625
0 0.54296875 0.2953125 0.053125 0.05
0 0.62265625 0.33203125 0.053125 0.053125
0 0.42578125 0.33515625 0.065625 0.0625
0 0.490625 0.35546875 0.0625 0.059375
0 0.8421875 0.584375 0.028125 0.028125
0 0.853125 0.66953125 0.134375 0.1328125
0 0.915625 0.8390625 0.0625 0.0625
0 0.92421875 0.75 0.1515625 0.2046875
0 0.975 0.0453125 0.0375 0.0359375
0 0.9171875 0.125 0.0265625 0.0265625
0 0.896875 0.5609375 0.0625 0.059375
0 0.80703125 0.9859375 0.0296875 0.028125
0 0.6609375 0.97578125 0.028125 0.0265625
0 0.2125 0.146875 0.05625 0.053125