0 0.16328125 0.8078125 0.278125 0.2765625
0 0.9375 0.9828125 0.0265625 0.0265625
0 0.0171875 0.80859375 0.028125 0.028125
0 0.24296875 0.9484375 0.0578125 0.0578125
0 0.48203125 0.96015625 0.028125 0.028125
0 0.4390625 0.8921875 0.053125 0.053125
0 0.34375 0.796875 0.025 0.025
0 0.4078125 0.7296875 0.0265625 0.0265625
0 0.55390625 0.6265625 0.125 0.121875
0 0.77734375 0.68046875 0.1609375 0.159375
0 0.6515625 0.75234375 0.03125 0.03125
0 0.7765625 0.85234375 0.0265625 0.0265625
0 0.70703125 0.896875 0.028125 0.0265625
0 0.3125 0.5921875 0.0265625 0.0265625
0 0.91484375 0.8546875 0.1390625 0.1375
0 0.86875 0.94375 0.03125 0.028125
0 0.88203125 0.05078125 0.0875 0.084375
0 0.93515625 0.07578125 0.0484375 0.0453125
0 0.91015625 0.1703125 0.03125 0.03125
0 0.86875 0.2984375 0.0359375 0.0359375
0 0.8640625 0.33046875 0.0359375 0.0359375
0 0.86171875 0.13203125 0.034375 0.03125
0 0.83203125 0.0984375 0.03125 0.03125
0 0.8015625 0.07109375 0.0265625 0.0265625
0 0.78359375 0.19453125 0.025 0.025
0 0.68984375 0.3140625 0.028125 0.028125
0 0.65234375 0.46875 0.0796875 0.0765625
0 0.58984375 0.446875 0.0453125 0.0453125
0 0.5046875 0.44453125 0.0484375 0.0484375
0 0.521875 0.55078125 0.1 0.0984375
0 0.4203125 0.53125 0.03125 0.03125
0 0.33046875 0.54453125 0.0453125 0.0453125
0 0.3140625 0.46484375 0.04375 0.04375
0 0.25390625 0.49765625 0.028125 0.028125
0 0.18984375 0.4890625 0.059375 0.059375
0 0.13671875 0.3796875 0.0796875 0.0765625
0 0.1859375 0.33515625 0.028125 0.028125
0 0.3546875 0.33046875 0.040625 0.040625
0 0.18359375 0.24609375 0.05625 0.05625
0 0.1390625 0.2484375 0.0265625 0.0265625
0 0.37109375 0.2328125 0.096875 0.096875
0 0.521875 0.34609375 0.0453125 0.0453125
0 0.65 0.30078125 0.05 0.05
0 0.50234375 0.13125 0.08125 0.08125
0 0.446875 0.1875 0.05 0.05
0 0.525 0.40390625 0.1125 0.1109375
0 0.44453125 0.3890625 0.0375 0.0375
0 0.5515625 0.01796875 0.05 0.0359375
0 0.2765625 0.04453125 0.03125 0.03125
0 0.3078125 0.0875 0.028125 0.028125
0 0.30078125 0.1234375 0.03125 0.03125
0 0.17421875 0.0359375 0.05625 0.053125
0 0.16015625 0.08515625 0.053125 0.05
0 0.93515625 0.11796875 0.03125 0.03125
0 0.3859375 0.06640625 0.03125 0.028125
0 0.71640625 0.053125 0.028125 0.028125
0 0.95703125 0.21640625 0.0265625 0.0265625
0 0.03984375 0.39296875 0.0796875 0.08125
0 0.0328125 0.12734375 0.0265625 0.0265625
0 0.28984375 0.19140625 0.059375 0.059375
0 0.265625 0.0953125 0.0375 0.0375
0 0.09140625 0.0171875 0.0453125 0.034375
0 0.1140625 0.10703125 0.0359375 0.0359375