0 0.97109375 0.2609375 0.053125 0.04375
0 0.4515625 0.21640625 0.0375 0.03125
0 0.3703125 0.13828125 0.03125 0.0265625
0 0.3140625 0.178125 0.05 0.040625
0 0.22578125 0.134375 0.0484375 0.0375
0 0.19140625 0.25234375 0.0453125 0.0359375
0 0.3796875 0.09765625 0.034375 0.0265625
0 0.478125 0.2703125 0.0375 0.03125
0 0.0109375 0.7703125 0.021875 0.0265625
0 0.10234375 0.56484375 0.0375 0.03125
0 0.1046875 0.50703125 0.0375 0.03125
0 0.13359375 0.73203125 0.221875 0.1734375
0 0.478125 0.68359375 0.065625 0.05
0 0.36171875 0.8390625 0.0359375 0.028125
0 0.34140625 0.6390625 0.0796875 0.0625
0 0.37890625 0.48828125 0.103125 0.08125
0 0.3390625 0.44609375 0.1296875 0.103125
0 0.4 0.30078125 0.053125 0.04375
0 0.63671875 0.4796875 0.05625 0.04375
0 0.58515625 0.7140625 0.0453125 0.0359375
0 0.2609375 0.4984375 0.03125 0.025
0 0.5671875 0.9734375 0.0671875 0.053125
0 0.79296875 0.671875 0.190625 0.15
0 0.9421875 0.75859375 0.0359375 0.028125
0 0.80859375 0.89453125 0.034375 0.0265625
0 0.975 0.740625 0.03125 0.025
0 0.80078125 0.4484375 0.15625 0.125