0 0.240625 0.36328125 0.3125 0.3796875
0 0.02421875 0.62109375 0.028125 0.0359375
0 0.06484375 0.93515625 0.034375 0.040625
0 0.05390625 0.87890625 0.034375 0.0375
0 0.36328125 0.603125 0.0484375 0.0578125
0 0.3734375 0.68359375 0.0265625 0.03125
0 0.41484375 0.5890625 0.028125 0.0359375
0 0.43984375 0.7125 0.025 0.03125
0 0.2953125 0.6765625 0.0625 0.075
0 0.21015625 0.75 0.0453125 0.05625
0 0.1234375 0.7609375 0.028125 0.0359375
0 0.06484375 0.66328125 0.059375 0.071875
0 0.19453125 0.82578125 0.0265625 0.034375
0 0.45703125 0.7296875 0.165625 0.2015625
0 0.5609375 0.584375 0.065625 0.0796875
0 0.57578125 0.646875 0.1515625 0.184375
0 0.61640625 0.546875 0.03125 0.0375
0 0.4671875 0.4265625 0.134375 0.1625
0 0.46484375 0.5515625 0.040625 0.05
0 0.5375 0.34765625 0.040625 0.05
0 0.64765625 0.43359375 0.09375 0.115625
0 0.65859375 0.65390625 0.028125 0.034375
0 0.71875 0.7875 0.1734375 0.209375
0 0.5796875 0.94375 0.0625 0.0765625
0 0.5 0.90625 0.0578125 0.06875
0 0.31484375 0.97265625 0.0359375 0.04375
0 0.27265625 0.97734375 0.0453125 0.0453125
0 0.7125 0.98671875 0.0265625 0.0265625
0 0.74140625 0.9109375 0.0375 0.0484375
0 0.85546875 0.9328125 0.11875 0.134375
0 0.8421875 0.6265625 0.2359375 0.2890625
0 0.77734375 0.42578125 0.028125 0.0359375
0 0.78359375 0.18046875 0.059375 0.075
0 0.88359375 0.4109375 0.08125 0.0984375
0 0.9828125 0.4625 0.034375 0.0453125
0 0.85234375 0.43046875 0.2953125 0.4625
0 0.5453125 0.225 0.03125 0.0375
0 0.5 0.209375 0.0359375 0.04375
0 0.44375 0.12265625 0.0265625 0.03125
0 0.46640625 0.1203125 0.0375 0.0453125
0 0.375 0.21875 0.025 0.028125
0 0.228125 0.0890625 0.0796875 0.096875
0 0.2484375 0.03515625 0.034375 0.040625
0 0.15234375 0.02421875 0.028125 0.034375
0 0.19140625 0.13359375 0.03125 0.0359375
0 0.12890625 0.11875 0.03125 0.0359375
0 0.08203125 0.13359375 0.0375 0.0484375
0 0.13125 0.0265625 0.040625 0.05
0 0.39921875 0.02265625 0.028125 0.0359375
0 0.4109375 0.18515625 0.040625 0.05
0 0.3546875 0.06875 0.0890625 0.1078125
0 0.6234375 0.08203125 0.0375 0.0453125
0 0.81875 0.11796875 0.053125 0.065625
0 0.975 0.25859375 0.05 0.0734375
0 0.959375 0.125 0.0796875 0.096875