0 0.82734375 0.11875 0.3453125 0.2375
0 0.9984375 0.00234375 0.003125 0.003125
0 0.84765625 0.11171875 0.096875 0.096875
0 0.72734375 0.11171875 0.034375 0.034375
0 0.3171875 0.27734375 0.04375 0.04375
0 0.259375 0.203125 0.05625 0.05625
0 0.25 0.09140625 0.0359375 0.0359375
0 0.22265625 0.0671875 0.05 0.05
0 0.2453125 0.275 0.05 0.05
0 0.203125 0.18984375 0.0375 0.0375
0 0.23046875 0.34609375 0.0359375 0.0359375
0 0.203125 0.384375 0.06875 0.06875
0 0.38203125 0.34609375 0.0359375 0.0359375
0 0.3640625 0.3125 0.025 0.025
0 0.334375 0.32578125 0.0359375 0.0359375
0 0.6046875 0.2125 0.053125 0.053125
0 0.58515625 0.17421875 0.0359375 0.0359375
0 0.5484375 0.321875 0.03125 0.03125
0 0.5953125 0.3640625 0.034375 0.034375
0 0.62109375 0.15625 0.0453125 0.0453125
0 0.77421875 0.27265625 0.0265625 0.0265625
0 0.790625 0.3546875 0.040625 0.040625
0 0.8734375 0.28984375 0.0984375 0.0984375
0 0.928125 0.28984375 0.040625 0.040625
0 0.9578125 0.3859375 0.053125 0.053125
0 0.97578125 0.26328125 0.0484375 0.05
0 0.71640625 0.26796875 0.103125 0.103125
0 0.6890625 0.1734375 0.075 0.075
0 0.64765625 0.165625 0.0453125 0.0453125
0 0.65234375 0.21484375 0.0453125 0.0453125
0 0.5828125 0.259375 0.028125 0.028125
0 0.44140625 0.321875 0.0375 0.0375
0 0.9484375 0.54296875 0.0890625 0.0890625
0 0.203125 0.68046875 0.075 0.075
0 0.26171875 0.696875 0.034375 0.034375
0 0.37890625 0.78515625 0.0375 0.0375
0 0.33984375 0.88125 0.03125 0.03125
0 0.35703125 0.97734375 0.0453125 0.0453125
0 0.7984375 0.85703125 0.04375 0.04375
0 0.6890625 0.9640625 0.0359375 0.0359375
0 0.803125 0.75859375 0.025 0.025
0 0.3375 0.7828125 0.0375 0.0375
0 0.3140625 0.75 0.0265625 0.0265625