0 0.41953125 0.1890625 0.45625 0.378125
0 0.178125 0.2796875 0.35625 0.4015625
0 0.66328125 0.39921875 0.3078125 0.271875
0 0.615625 0.97109375 0.05 0.0453125
0 0.4953125 0.90625 0.096875 0.084375
0 0.45703125 0.77265625 0.034375 0.03125
0 0.58046875 0.79921875 0.1078125 0.096875
0 0.6578125 0.80859375 0.04375 0.0375
0 0.63828125 0.884375 0.10625 0.09375
0 0.33984375 0.8578125 0.159375 0.1390625
0 0.203125 0.7984375 0.0875 0.0765625
0 0.16328125 0.8390625 0.128125 0.1125
0 0.07109375 0.89765625 0.134375 0.1203125
0 0.196875 0.93046875 0.08125 0.071875
0 0.134375 0.9515625 0.059375 0.053125
0 0.89765625 0.66953125 0.128125 0.1125
0 0.83203125 0.77421875 0.1625 0.14375
0 0.69609375 0.66328125 0.3078125 0.275
0 0.65 0.646875 0.0671875 0.059375
0 0.6421875 0.734375 0.0796875 0.071875
0 0.703125 0.8375 0.065625 0.0578125
0 0.9828125 0.6671875 0.034375 0.034375
0 0.93984375 0.81015625 0.040625 0.0359375
0 0.9484375 0.853125 0.028125 0.0265625
0 0.91796875 0.30546875 0.034375 0.03125
0 0.79296875 0.303125 0.0578125 0.05
0 0.6703125 0.25625 0.0890625 0.0765625
0 0.88671875 0.1609375 0.034375 0.028125
0 0.78359375 0.1 0.028125 0.025
0 0.7671875 0.06875 0.028125 0.025
0 0.93359375 0.18046875 0.0265625 0.025
0 0.90390625 0.05546875 0.05 0.04375
0 0.80859375 0.2296875 0.2234375 0.196875
0 0.49140625 0.6828125 0.0796875 0.06875
0 0.2546875 0.52734375 0.1296875 0.115625
0 0.43125 0.38671875 0.04375 0.0375
0 0.1546875 0.46640625 0.134375 0.11875
0 0.053125 0.5640625 0.028125 0.0265625
0 0.0375 0.48203125 0.075 0.071875