0 0.2671875 0.1421875 0.0484375 0.0484375
0 0.58984375 0.025 0.03828125 0.03828125
0 0.446875 0.046875 0.0359375 0.0359375
0 0.3859375 0.11328125 0.03828125 0.0359375
0 0.24609375 0.01953125 0.0265625 0.0265625
0 0.03359375 0.115625 0.03359375 0.03359375
0 0.86796875 0.16328125 0.02421875 0.02421875
0 0.1765625 0.0296875 0.03828125 0.03828125
0 0.15390625 0.0953125 0.0359375 0.0359375
0 0.1828125 0.07421875 0.02890625 0.02890625
0 0.165625 0.12265625 0.05546875 0.053125
0 0.1890625 0.39453125 0.06015625 0.0578125
0 0.1421875 0.52890625 0.0359375 0.0359375
0 0.08984375 0.56484375 0.03828125 0.03828125
0 0.26171875 0.5890625 0.053125 0.053125
0 0.23828125 0.55078125 0.071875 0.06953125
0 0.6140625 0.57578125 0.03125 0.02890625
0 0.70078125 0.6390625 0.03359375 0.03359375
0 0.42421875 0.75625 0.040625 0.040625
0 0.42578125 0.85703125 0.03359375 0.03125
0 0.39453125 0.89296875 0.02421875 0.02421875
0 0.14765625 0.475 0.0265625 0.0265625
0 0.75703125 0.78125 0.04296875 0.040625
0 0.73046875 0.80546875 0.0265625 0.0265625
0 0.90859375 0.8703125 0.03359375 0.03125
0 0.8890625 0.3890625 0.03125 0.02890625
0 0.79921875 0.61328125 0.0265625 0.0265625
0 0.70703125 0.75703125 0.0265625 0.0265625
0 0.96171875 0.70703125 0.0265625 0.0265625
0 0.17890625 0.3609375 0.04296875 0.04296875
0 0.5359375 0.27890625 0.04296875 0.04296875
0 0.64921875 0.45703125 0.0265625 0.0265625
0 0.96171875 0.33671875 0.0265625 0.0265625
0 0.94921875 0.10703125 0.02890625 0.02890625
0 0.6984375 0.275 0.19921875 0.196875
0 0.24609375 0.3859375 0.053125 0.053125
0 0.36796875 0.45078125 0.03359375 0.03125
0 0.3234375 0.46875 0.02421875 0.02421875
0 0.68046875 0.77421875 0.03125 0.03125
0 0.728125 0.8390625 0.03359375 0.03359375
0 0.728125 0.7765625 0.03359375 0.03125
0 0.81640625 0.36875 0.0359375 0.0359375
0 0.9703125 0.27265625 0.03359375 0.03359375
0 0.9078125 0.696875 0.02890625 0.02890625
0 0.26171875 0.30390625 0.02421875 0.02421875
0 0.1265625 0.921875 0.0265625 0.0265625