0 0.959375 0.97109375 0.0359375 0.0359375
0 0.61171875 0.81640625 0.0625 0.059375
0 0.57578125 0.97421875 0.0578125 0.0515625
0 0.34765625 0.98203125 0.0375 0.0359375
0 0.521875 0.9640625 0.040625 0.040625
0 0.5359375 0.9109375 0.0359375 0.0359375
0 0.453125 0.8921875 0.03125 0.03125
0 0.43984375 0.8328125 0.034375 0.034375
0 0.51796875 0.7484375 0.071875 0.071875
0 0.54921875 0.71171875 0.028125 0.028125
0 0.58671875 0.68984375 0.0359375 0.0359375
0 0.60078125 0.65390625 0.034375 0.03125
0 0.44375 0.64765625 0.053125 0.053125
0 0.55625 0.59140625 0.0265625 0.0265625
0 0.1453125 0.71484375 0.0265625 0.0265625
0 0.23203125 0.896875 0.0359375 0.0359375
0 0.04921875 0.84140625 0.034375 0.034375
0 0.11796875 0.88359375 0.15 0.146875
0 0.021875 0.89453125 0.04375 0.05
0 0.0578125 0.9796875 0.025 0.025
0 0.13125 0.975 0.040625 0.0375
0 0.1421875 0.93984375 0.028125 0.028125
0 0.16953125 0.93359375 0.0359375 0.034375
0 0.2296875 0.93984375 0.05625 0.05625
0 0.29296875 0.92421875 0.0359375 0.0359375
0 0.275 0.95546875 0.04375 0.04375
0 0.02421875 0.2984375 0.0484375 0.065625
0 0.23203125 0.4390625 0.0375 0.0375
0 0.0578125 0.203125 0.03125 0.028125
0 0.1 0.25625 0.03125 0.03125
0 0.15625 0.25625 0.0796875 0.0765625
0 0.2234375 0.31015625 0.028125 0.028125
0 0.259375 0.26171875 0.0359375 0.0359375
0 0.26328125 0.29296875 0.028125 0.0265625
0 0.2796875 0.20078125 0.0265625 0.0265625
0 0.2046875 0.225 0.0265625 0.0265625
0 0.1765625 0.18984375 0.025 0.025
0 0.22734375 0.05078125 0.0484375 0.0484375
0 0.0953125 0.4421875 0.028125 0.028125
0 0.03515625 0.484375 0.034375 0.03125
0 0.2921875 0.44453125 0.03125 0.028125
0 0.31640625 0.4734375 0.025 0.025
0 0.546875 0.6703125 0.0484375 0.0453125
0 0.68046875 0.703125 0.0578125 0.0578125
0 0.41328125 0.7046875 0.0265625 0.0265625
0 0.54453125 0.43046875 0.03125 0.03125
0 0.53515625 0.47265625 0.0265625 0.0265625
0 0.49140625 0.54453125 0.034375 0.034375
0 0.634375 0.44609375 0.071875 0.06875
0 0.5890625 0.44375 0.0375 0.0375
0 0.571875 0.3609375 0.0484375 0.0484375
0 0.5515625 0.30859375 0.040625 0.040625
0 0.46171875 0.39765625 0.04375 0.040625
0 0.71015625 0.25 0.071875 0.06875
0 0.61328125 0.17578125 0.0359375 0.0359375
0 0.5625 0.053125 0.03125 0.03125
0 0.8125 0.0734375 0.0265625 0.0265625
0 0.765625 0.19375 0.0265625 0.0265625
0 0.75234375 0.2140625 0.03125 0.03125
0 0.7015625 0.38671875 0.0359375 0.0359375
0 0.81015625 0.53359375 0.03125 0.03125
0 0.7234375 0.4890625 0.03125 0.03125
0 0.703125 0.46171875 0.0265625 0.025
0 0.2703125 0.45546875 0.0265625 0.0265625
0 0.04296875 0.6515625 0.0265625 0.0265625
0 0.1765625 0.59765625 0.03125 0.03125
0 0.20703125 0.178125 0.0359375 0.034375
0 0.23203125 0.10546875 0.040625 0.040625
0 0.0578125 0.13828125 0.1078125 0.10625
0 0.50703125 0.19921875 0.040625 0.040625
0 0.4890625 0.11640625 0.059375 0.059375
0 0.8328125 0.2078125 0.028125 0.028125