0 0.14296875 0.68984375 0.0375 0.0390625
0 0.29453125 0.6109375 0.0265625 0.0265625
0 0.28359375 0.69140625 0.0359375 0.034375
0 0.1765625 0.4984375 0.065625 0.0625
0 0.30078125 0.4328125 0.0453125 0.0453125
0 0.38203125 0.5515625 0.03125 0.03125
0 0.35546875 0.55390625 0.025 0.025
0 0.73046875 0.53125 0.0359375 0.0359375
0 0.87109375 0.5265625 0.0265625 0.0265625
0 0.9578125 0.6359375 0.03125 0.03125
0 0.2640625 0.9515625 0.04375 0.040625
0 0.6140625 0.94609375 0.040625 0.0375
0 0.58203125 0.77734375 0.084375 0.084375
0 0.53359375 0.75390625 0.0265625 0.0265625
0 0.78359375 0.6921875 0.028125 0.028125
0 0.69140625 0.7640625 0.071875 0.071875
0 0.696875 0.69609375 0.05 0.05
0 0.9328125 0.896875 0.03125 0.03125
0 0.54921875 0.303125 0.0265625 0.0265625
0 0.46875 0.4421875 0.0265625 0.0265625
0 0.671875 0.2015625 0.053125 0.053125
0 0.5265625 0.27734375 0.025 0.025