0 0.96484375 0.13203125 0.059375 0.0625
0 0.9359375 0.0359375 0.0578125 0.059375
0 0.88359375 0.115625 0.0375 0.040625
0 0.86328125 0.421875 0.0484375 0.05
0 0.97265625 0.31484375 0.028125 0.028125
0 0.93359375 0.5671875 0.0484375 0.05
0 0.87265625 0.56640625 0.059375 0.0625
0 0.9015625 0.5296875 0.05 0.053125
0 0.86328125 0.6734375 0.025 0.0265625
0 0.75390625 0.696875 0.0671875 0.071875
0 0.75859375 0.265625 0.0375 0.040625
0 0.73203125 0.26953125 0.0265625 0.028125
0 0.7484375 0.2046875 0.034375 0.0359375
0 0.78359375 0.19375 0.0265625 0.028125
0 0.78359375 0.18359375 0.09375 0.0984375
0 0.7453125 0.3265625 0.025 0.0265625
0 0.78125 0.32109375 0.028125 0.028125
0 0.696875 0.259375 0.025 0.0265625
0 0.78984375 0.4265625 0.03125 0.03125
0 0.8640625 0.4828125 0.028125 0.03125
0 0.79453125 0.03828125 0.0265625 0.028125
0 0.76796875 0.046875 0.025 0.0265625
0 0.6265625 0.1578125 0.0484375 0.05
0 0.60546875 0.125 0.059375 0.0625
0 0.67421875 0.1671875 0.0265625 0.028125
0 0.67578125 0.2328125 0.0359375 0.0375
0 0.65390625 0.375 0.03125 0.034375
0 0.6625 0.41328125 0.034375 0.0359375
0 0.6265625 0.4265625 0.03125 0.034375
0 0.6 0.35234375 0.03125 0.034375
0 0.60703125 0.3296875 0.0625 0.065625
0 0.5515625 0.39296875 0.0265625 0.028125
0 0.571875 0.53828125 0.0359375 0.0375
0 0.68046875 0.5875 0.0265625 0.028125
0 0.56953125 0.70546875 0.028125 0.03125
0 0.984375 0.8953125 0.03125 0.0375
0 0.853125 0.80390625 0.04375 0.0453125
0 0.859375 0.85234375 0.028125 0.03125
0 0.84140625 0.8796875 0.0265625 0.028125
0 0.8953125 0.79296875 0.028125 0.03125
0 0.90625 0.75859375 0.0265625 0.028125
0 0.78984375 0.74765625 0.1609375 0.16875
0 0.8109375 0.94609375 0.034375 0.0359375
0 0.71171875 0.97265625 0.0375 0.0390625
0 0.9484375 0.728125 0.0265625 0.028125
0 0.3140625 0.94375 0.034375 0.0359375
0 0.36875 0.92578125 0.0765625 0.0828125
0 0.4015625 0.96484375 0.028125 0.03125
0 0.37734375 0.978125 0.028125 0.028125
0 0.4625 0.97578125 0.0484375 0.0484375
0 0.5375 0.9265625 0.0265625 0.028125
0 0.7859375 0.978125 0.025 0.0265625
0 0.415625 0.81015625 0.028125 0.028125
0 0.43359375 0.8453125 0.0375 0.0375
0 0.52734375 0.80078125 0.028125 0.03125
0 0.171875 0.7640625 0.0265625 0.0265625
0 0.14765625 0.79921875 0.034375 0.0359375
0 0.13359375 0.8953125 0.028125 0.03125
0 0.16328125 0.66953125 0.0625 0.065625
0 0.1453125 0.725 0.0375 0.040625
0 0.08515625 0.69140625 0.03125 0.03125
0 0.103125 0.77421875 0.028125 0.03125
0 0.11171875 0.96484375 0.03125 0.034375
0 0.18515625 0.9703125 0.0703125 0.059375
0 0.09140625 0.54453125 0.0265625 0.0265625
0 0.078125 0.54921875 0.1296875 0.1375
0 0.08984375 0.803125 0.025 0.0265625
0 0.2046875 0.46171875 0.053125 0.05625
0 0.24609375 0.4671875 0.040625 0.04375
0 0.13125 0.17421875 0.0484375 0.05
0 0.24140625 0.2171875 0.053125 0.05625
0 0.28515625 0.27890625 0.034375 0.034375
0 0.3109375 0.25234375 0.0359375 0.0359375
0 0.3125 0.2171875 0.0359375 0.0375
0 0.2515625 0.3609375 0.034375 0.0359375
0 0.2609375 0.41015625 0.059375 0.0625
0 0.22109375 0.76953125 0.090625 0.096875
0 0.3234375 0.68515625 0.04375 0.0453125
0 0.334375 0.771875 0.03125 0.034375
0 0.40625 0.69609375 0.0265625 0.0265625
0 0.4078125 0.6421875 0.0265625 0.0265625
0 0.44140625 0.63203125 0.03125 0.03125
0 0.42578125 0.6671875 0.025 0.0265625
0 0.7546875 0.95546875 0.0265625 0.0265625
0 0.3015625 0.55078125 0.028125 0.03125
0 0.3109375 0.57421875 0.03125 0.034375
0 0.25703125 0.57109375 0.028125 0.03125
0 0.36875 0.6078125 0.034375 0.0359375
0 0.42578125 0.5640625 0.0265625 0.028125
0 0.44375 0.46015625 0.025 0.0265625
0 0.5578125 0.63125 0.025 0.0265625
0 0.4203125 0.3703125 0.0375 0.040625
0 0.4015625 0.4046875 0.04375 0.0453125
0 0.33046875 0.4640625 0.0375 0.040625
0 0.234375 0.5421875 0.025 0.0265625
0 0.4953125 0.32109375 0.034375 0.0359375
0 0.5453125 0.32421875 0.0359375 0.0375
0 0.48828125 0.20703125 0.0375 0.040625
0 0.4640625 0.2453125 0.03125 0.03125
0 0.50625 0.14765625 0.034375 0.034375
0 0.48046875 0.15625 0.0375 0.0375
0 0.54296875 0.23671875 0.0265625 0.0265625
0 0.51171875 0.23203125 0.0453125 0.0484375
0 0.65625 0.26796875 0.0265625 0.0265625
0 0.45078125 0.01953125 0.028125 0.028125
0 0.459375 0.0765625 0.0265625 0.028125
0 0.42890625 0.08046875 0.025 0.0265625
0 0.15625 0.0296875 0.034375 0.0359375
0 0.09140625 0.15 0.040625 0.04375
0 0.24140625 0.040625 0.0375 0.040625
0 0.26953125 0.1 0.0625 0.0671875
0 0.21640625 0.12109375 0.040625 0.04375
0 0.1703125 0.1265625 0.0375 0.040625
0 0.2828125 0.03984375 0.065625 0.0671875
0 0.3125 0.0953125 0.0265625 0.028125
0 0.06875 0.26171875 0.03125 0.034375
0 0.0640625 0.3078125 0.034375 0.0359375
0 0.0796875 0.384375 0.0484375 0.05
0 0.11328125 0.31015625 0.034375 0.0359375
0 0.0140625 0.52890625 0.028125 0.0359375
0 0.05390625 0.1734375 0.025 0.0265625
0 0.584375 0.51171875 0.125 0.1296875
0 0.6265625 0.65234375 0.0359375 0.0375
0 0.54140625 0.01015625 0.0234375 0.0203125
0 0.6296875 0.0609375 0.084375 0.0890625
0 0.04296875 0.7640625 0.0265625 0.0265625
0 0.05546875 0.6609375 0.1109375 0.21875
0 0.0375 0.93984375 0.075 0.1203125