0 0.98671875 0.75234375 0.0265625 0.02890625
0 0.64921875 0.78984375 0.02890625 0.0265625
0 0.646875 0.76796875 0.03125 0.02890625
0 0.28359375 0.73828125 0.06484375 0.0578125
0 0.23203125 0.68984375 0.053125 0.0453125
0 0.04296875 0.7859375 0.03359375 0.02890625
0 0.1140625 0.84765625 0.03359375 0.02890625
0 0.259375 0.01171875 0.03125 0.0234375
0 0.43984375 0.0921875 0.02890625 0.0265625
0 0.0140625 0.31875 0.028125 0.034375
0 0.30390625 0.49765625 0.05078125 0.04296875
0 0.31640625 0.58203125 0.02890625 0.02421875
0 0.2203125 0.35078125 0.03828125 0.03359375
0 0.1703125 0.38203125 0.03359375 0.03125
0 0.42890625 0.33046875 0.0453125 0.03828125
0 0.39296875 0.33203125 0.06015625 0.053125
0 0.69375 0.29453125 0.02890625 0.02421875
0 0.7640625 0.72265625 0.03359375 0.03125
0 0.94609375 0.5140625 0.0359375 0.03125
0 0.91015625 0.50390625 0.0359375 0.03125
0 0.1671875 0.7765625 0.03359375 0.02890625
0 0.06875 0.45078125 0.03828125 0.03359375
0 0.15234375 0.30859375 0.02890625 0.0265625
0 0.31875 0.23203125 0.11328125 0.10078125
0 0.38671875 0.61171875 0.03125 0.0265625