0 0.8390625 0.1921875 0.0265625 0.028125
0 0.79296875 0.103125 0.0265625 0.028125
0 0.86328125 0.69375 0.0265625 0.0296875
0 0.77421875 0.7984375 0.0375 0.0421875
0 0.771875 0.87109375 0.05 0.05625
0 0.86875 0.8171875 0.034375 0.0359375
0 0.953125 0.75703125 0.03125 0.034375
0 0.55390625 0.984375 0.0265625 0.0296875
0 0.6046875 0.8484375 0.0375 0.040625
0 0.625 0.7671875 0.025 0.0265625
0 0.45703125 0.94140625 0.0796875 0.0875
0 0.42578125 0.96171875 0.03125 0.034375
0 0.42890625 0.9890625 0.028125 0.021875
0 0.0828125 0.82421875 0.0375 0.04375
0 0.1296875 0.76953125 0.0375 0.040625
0 0.0953125 0.6875 0.0453125 0.0484375
0 0.32109375 0.85 0.0484375 0.053125
0 0.3296875 0.91796875 0.025 0.0265625
0 0.3296875 0.9390625 0.028125 0.03125
0 0.375 0.93046875 0.025 0.0265625
0 0.25390625 0.640625 0.03125 0.034375
0 0.30859375 0.68515625 0.0265625 0.028125
0 0.3375 0.5359375 0.028125 0.03125
0 0.4125 0.79453125 0.0265625 0.028125
0 0.43359375 0.8453125 0.025 0.0265625
0 0.44375 0.7484375 0.025 0.0265625
0 0.4546875 0.6734375 0.028125 0.034375
0 0.46875 0.65625 0.0265625 0.028125
0 0.4953125 0.66328125 0.03125 0.034375
0 0.80625 0.9421875 0.025 0.0265625
0 0.896875 0.86171875 0.025 0.0265625
0 0.646875 0.5796875 0.0265625 0.028125
0 0.56484375 0.65625 0.0375 0.04375
0 0.26171875 0.47109375 0.0265625 0.028125
0 0.31640625 0.4390625 0.04375 0.0484375
0 0.51953125 0.328125 0.03125 0.034375
0 0.39296875 0.2671875 0.0265625 0.028125
0 0.4234375 0.203125 0.0265625 0.028125
0 0.5140625 0.21015625 0.0484375 0.053125
0 0.321875 0.3015625 0.0375 0.040625
0 0.290625 0.50859375 0.0359375 0.0375
0 0.353125 0.0734375 0.0375 0.040625
0 0.240625 0.2046875 0.040625 0.0453125
0 0.12734375 0.11875 0.028125 0.03125
0 0.1578125 0.18359375 0.0265625 0.028125
0 0.05078125 0.11796875 0.025 0.0265625
0 0.01171875 0.08984375 0.0234375 0.0265625
0 0.0375 0.03359375 0.0375 0.04375
0 0.09765625 0.8109375 0.19375 0.2859375
0 0.9640625 0.93984375 0.03125 0.034375
0 0.8390625 0.81484375 0.03125 0.0328125
0 0.7390625 0.7875 0.028125 0.0328125
0 0.35078125 0.7875 0.0265625 0.028125
0 0.3078125 0.38203125 0.06875 0.0765625
0 0.3546875 0.3453125 0.0375 0.04375
0 0.3453125 0.4625 0.0265625 0.028125
0 0.55078125 0.5515625 0.05625 0.059375
0 0.515625 0.68515625 0.0265625 0.028125
0 0.42890625 0.6046875 0.028125 0.03125
0 0.43046875 0.70546875 0.03125 0.034375
0 0.31015625 0.484375 0.028125 0.03125
0 0.56484375 0.05859375 0.025 0.0265625
0 0.7390625 0.27890625 0.03125 0.034375
0 0.72734375 0.1546875 0.0375 0.040625
0 0.921875 0.51953125 0.025 0.0265625
0 0.2671875 0.109375 0.1296875 0.1421875
0 0.2875 0.23203125 0.04375 0.0484375
0 0.18984375 0.14296875 0.0265625 0.028125
0 0.0671875 0.115625 0.028125 0.03125
0 0.08671875 0.09375 0.034375 0.0375
0 0.1109375 0.07578125 0.0265625 0.028125
0 0.09140625 0.7765625 0.028125 0.03125
0 0.03828125 0.90625 0.0265625 0.0296875
0 0.3421875 0.46640625 0.4125 0.4515625