0 0.9984375 0.9984375 0.003125 0.003125
0 0.93359375 0.22734375 0.0796875 0.0578125
0 0.95546875 0.1703125 0.0453125 0.034375
0 0.9515625 0.44921875 0.0890625 0.065625
0 0.46484375 0.16015625 0.0828125 0.059375
0 0.303125 0.046875 0.0671875 0.05
0 0.5453125 0.0640625 0.05625 0.040625
0 0.50390625 0.0453125 0.0578125 0.04375
0 0.8390625 0.14765625 0.0453125 0.034375
0 0.8921875 0.1828125 0.0375 0.028125
0 0.12734375 0.31640625 0.0578125 0.04375
0 0.3390625 0.2875 0.096875 0.071875
0 0.07109375 0.03515625 0.0484375 0.0359375
0 0.321875 0.43125 0.0765625 0.0578125
0 0.5875 0.50390625 0.05625 0.040625
0 0.82421875 0.45703125 0.05625 0.040625
0 0.08515625 0.578125 0.071875 0.053125
0 0.01484375 0.59453125 0.0296875 0.0265625
0 0.0609375 0.3796875 0.0578125 0.04375
0 0.11640625 0.92578125 0.1828125 0.13125
0 0.1453125 0.775 0.0453125 0.034375
0 0.071875 0.74375 0.0671875 0.05
0 0.22578125 0.7390625 0.103125 0.0765625
0 0.4796875 0.9 0.2078125 0.15
0 0.66015625 0.90859375 0.071875 0.053125
0 0.6625 0.97109375 0.0671875 0.0484375
0 0.7234375 0.9578125 0.06875 0.05
0 0.7796875 0.9328125 0.059375 0.04375
0 0.8796875 0.87890625 0.0453125 0.03125
0 0.1546875 0.6515625 0.1203125 0.0875
0 0.21015625 0.5921875 0.3078125 0.2234375
0 0.11328125 0.46484375 0.0984375 0.071875
0 0.08671875 0.77421875 0.0578125 0.040625
0 0.59609375 0.83203125 0.0765625 0.05625
0 0.928125 0.86875 0.04375 0.03125