0 0.50625 0.24609375 0.821875 0.4921875
0 0.89921875 0.5609375 0.0484375 0.04296875
0 0.82109375 0.521875 0.05078125 0.0453125
0 0.73671875 0.4578125 0.02890625 0.0265625
0 0.65625 0.3484375 0.0265625 0.02421875
0 0.96484375 0.3375 0.0359375 0.03125
0 0.9703125 0.375 0.03359375 0.02890625
0 0.71484375 0.1890625 0.03125 0.02890625
0 0.54921875 0.20546875 0.03125 0.02890625
0 0.5328125 0.171875 0.06015625 0.05546875
0 0.6203125 0.08671875 0.06484375 0.06015625
0 0.53984375 0.3890625 0.084375 0.0765625
0 0.5375 0.0140625 0.053125 0.028125
0 0.4046875 0.271875 0.053125 0.0484375
0 0.25 0.3328125 0.10078125 0.09140625
0 0.17578125 0.38203125 0.0765625 0.06953125
0 0.3296875 0.5 0.02890625 0.0265625
0 0.05546875 0.4171875 0.1109375 0.10078125
0 0.0453125 0.15234375 0.03828125 0.0359375
0 0.1671875 0.5109375 0.09609375 0.0890625
0 0.63203125 0.44609375 0.09140625 0.084375
0 0.7328125 0.26953125 0.103125 0.09375
0 0.45078125 0.2140625 0.053125 0.0484375
0 0.0109375 0.77734375 0.021875 0.0359375
0 0.109375 0.8421875 0.04296875 0.040625
0 0.11171875 0.98203125 0.0453125 0.0359375
0 0.19609375 0.9484375 0.0765625 0.06953125
0 0.228125 0.76328125 0.125 0.115625
0 0.44609375 0.90625 0.17578125 0.15859375
0 0.34140625 0.7296875 0.0984375 0.0890625
0 0.70546875 0.8890625 0.03359375 0.03125