0 0.0921875 0.3921875 0.184375 0.2375
0 0.021875 0.80546875 0.02421875 0.02421875
0 0.15 0.9703125 0.0265625 0.0265625
0 0.9234375 0.96484375 0.0625 0.0625
0 0.9734375 0.9171875 0.0265625 0.02421875
0 0.9828125 0.31484375 0.03359375 0.04296875
0 0.62890625 0.50390625 0.02421875 0.02421875
0 0.5484375 0.525 0.053125 0.053125
0 0.60703125 0.4109375 0.0265625 0.0265625
0 0.26171875 0.509375 0.02890625 0.02890625
0 0.04453125 0.38203125 0.0484375 0.0484375
0 0.69375 0.571875 0.0890625 0.08671875
0 0.9234375 0.9109375 0.0265625 0.0265625
0 0.89765625 0.44609375 0.0359375 0.03359375
0 0.9734375 0.3609375 0.03828125 0.03828125
0 0.28125 0.19140625 0.02890625 0.02890625