0 0.6140625 0.40234375 0.03125 0.0359375
0 0.72265625 0.49765625 0.16875 0.19375
0 0.1046875 0.37265625 0.096875 0.1125
0 0.02734375 0.2953125 0.0453125 0.053125
0 0.1984375 0.4078125 0.065625 0.075
0 0.16796875 0.5296875 0.0265625 0.028125
0 0.16015625 0.5640625 0.0671875 0.0796875
0 0.08203125 0.60078125 0.0484375 0.0546875
0 0.12890625 0.6671875 0.0453125 0.053125
0 0.1578125 0.75390625 0.053125 0.0625
0 0.0796875 0.81484375 0.034375 0.0390625
0 0.353125 0.9484375 0.04375 0.05
0 0.99765625 0.0015625 0.0015625 0.003125
0 0.91328125 0.11328125 0.028125 0.03125
0 0.64765625 0.20078125 0.025 0.028125
0 0.5625 0.303125 0.0265625 0.03125