0 0.0671875 0.31640625 0.0453125 0.0453125
0 0.0765625 0.28984375 0.03359375 0.03359375
0 0.15 0.53984375 0.03359375 0.03359375
0 0.08984375 0.54921875 0.06015625 0.06015625
0 0.01171875 0.64453125 0.0234375 0.0484375
0 0.13359375 0.3265625 0.08203125 0.08203125
0 0.16015625 0.4125 0.09375 0.09375
0 0.10546875 0.1671875 0.03125 0.03125
0 0.14296875 0.228125 0.02890625 0.02890625
0 0.2140625 0.26171875 0.040625 0.040625
0 0.2609375 0.2453125 0.071875 0.071875
0 0.30390625 0.28359375 0.03125 0.03125
0 0.275 0.31640625 0.0484375 0.0484375
0 0.31953125 0.3109375 0.03359375 0.03359375
0 0.384375 0.4203125 0.103125 0.103125
0 0.3703125 0.50859375 0.03828125 0.03828125
0 0.23046875 0.72734375 0.053125 0.053125
0 0.115625 0.6546875 0.0359375 0.0359375
0 0.03828125 0.6765625 0.02890625 0.02890625
0 0.0109375 0.76171875 0.021875 0.0265625
0 0.303125 0.7296875 0.084375 0.084375
0 0.36796875 0.69375 0.0359375 0.0359375
0 0.365625 0.7453125 0.03359375 0.03359375
0 0.40234375 0.7453125 0.05078125 0.05078125
0 0.41953125 0.71171875 0.05546875 0.05546875
0 0.4265625 0.671875 0.0359375 0.0359375
0 0.49296875 0.69921875 0.103125 0.103125
0 0.4203125 0.790625 0.0265625 0.0265625
0 0.3578125 0.47265625 0.0484375 0.0484375
0 0.421875 0.4828125 0.02890625 0.02890625
0 0.41015625 0.5421875 0.03359375 0.03359375
0 0.3484375 0.1265625 0.0359375 0.0359375
0 0.3171875 0.13359375 0.03125 0.03125
0 0.4265625 0.25390625 0.084375 0.084375
0 0.484375 0.11171875 0.06953125 0.06953125
0 0.43046875 0.10234375 0.0359375 0.0359375
0 0.54453125 0.196875 0.040625 0.040625
0 0.5875 0.14296875 0.02421875 0.02421875
0 0.61875 0.1234375 0.03125 0.03125
0 0.5875 0.19609375 0.053125 0.053125
0 0.6625 0.1453125 0.04296875 0.04296875
0 0.6609375 0.11328125 0.03828125 0.03828125
0 0.68125 0.09140625 0.03125 0.03125
0 0.6984375 0.115625 0.03359375 0.03359375
0 0.78359375 0.1671875 0.03359375 0.03359375
0 0.77890625 0.2203125 0.05546875 0.05546875
0 0.75625 0.26328125 0.04296875 0.04296875
0 0.81484375 0.28359375 0.0671875 0.0671875
0 0.84140625 0.228125 0.0625 0.0625
0 0.87890625 0.2765625 0.0453125 0.0453125
0 0.95078125 0.2796875 0.05546875 0.05546875
0 0.61171875 0.24375 0.0578125 0.0578125
0 0.5375 0.259375 0.0890625 0.0890625
0 0.47734375 0.30078125 0.0796875 0.0796875
0 0.6921875 0.28828125 0.02890625 0.02890625
0 0.6421875 0.34375 0.0453125 0.0453125
0 0.88671875 0.42421875 0.040625 0.040625
0 0.8890625 0.3796875 0.040625 0.040625
0 0.9125 0.4625 0.0359375 0.0359375
0 0.81015625 0.428125 0.06953125 0.06953125
0 0.8546875 0.46171875 0.0578125 0.0578125
0 0.8078125 0.50625 0.02890625 0.02890625
0 0.82109375 0.57421875 0.0359375 0.0359375
0 0.70078125 0.60078125 0.0625 0.0625
0 0.63203125 0.64296875 0.04296875 0.04296875
0 0.5875 0.64765625 0.0625 0.0625
0 0.68359375 0.71015625 0.03359375 0.03359375
0 0.6734375 0.66015625 0.0578125 0.0578125
0 0.8765625 0.6234375 0.0484375 0.0484375
0 0.84609375 0.6921875 0.1875 0.1875
0 0.953125 0.0671875 0.05546875 0.05546875
0 0.88671875 0.05546875 0.0265625 0.0265625
0 0.828125 0.04296875 0.115625 0.0859375
0 0.696875 0.03828125 0.08671875 0.0765625
0 0.459375 0.03515625 0.0453125 0.0453125
0 0.3609375 0.0359375 0.0453125 0.0453125
0 0.28359375 0.0109375 0.02421875 0.021875
0 0.209375 0.02421875 0.04296875 0.04296875
0 0.88203125 0.13671875 0.14453125 0.14453125
0 0.5765625 0.06484375 0.0359375 0.0359375
0 0.9671875 0.6453125 0.03125 0.03125
0 0.26171875 0.07109375 0.02890625 0.02890625
0 0.084375 0.06875 0.06015625 0.06015625
0 0.025 0.03984375 0.04296875 0.04296875
0 0.459375 0.47265625 0.875 0.875
0 0.2140625 0.31953125 0.07421875 0.07421875
0 0.47265625 0.646875 0.05546875 0.05546875