0 0.9890625 0.0359375 0.021875 0.03125
0 0.025 0.08203125 0.05 0.0984375
0 0.18984375 0.15625 0.02421875 0.02421875
0 0.16953125 0.29921875 0.08671875 0.08671875
0 0.06015625 0.4125 0.02421875 0.02421875
0 0.50234375 0.03515625 0.0484375 0.0484375
0 0.41953125 0.10234375 0.06015625 0.06015625
0 0.36328125 0.11328125 0.0265625 0.0265625
0 0.3484375 0.134375 0.03359375 0.03359375
0 0.4734375 0.15 0.05078125 0.05078125
0 0.4234375 0.2046875 0.05546875 0.05546875
0 0.46484375 0.23046875 0.0484375 0.0484375
0 0.4015625 0.40390625 0.02890625 0.02890625
0 0.24375 0.2640625 0.0453125 0.0453125
0 0.334375 0.30078125 0.1921875 0.1921875
0 0.546875 0.10703125 0.0265625 0.0265625
0 0.55390625 0.303125 0.02890625 0.02890625
0 0.76796875 0.43984375 0.02421875 0.02421875
0 0.71640625 0.31640625 0.02890625 0.02890625
0 0.6921875 0.21640625 0.02421875 0.02421875
0 0.83203125 0.09375 0.1203125 0.1203125
0 0.96171875 0.41328125 0.0265625 0.0265625
0 0.9734375 0.43125 0.02890625 0.02890625
0 0.9859375 0.46015625 0.0265625 0.0265625
0 0.94921875 0.396875 0.04296875 0.04296875
0 0.95078125 0.6359375 0.0265625 0.0265625
0 0.74140625 0.8171875 0.0265625 0.0265625
0 0.5734375 0.85546875 0.03125 0.03125
0 0.37890625 0.81640625 0.02421875 0.02421875
0 0.87890625 0.7609375 0.0265625 0.0265625
0 0.16953125 0.853125 0.0265625 0.0265625
0 0.196875 0.92421875 0.02421875 0.02421875
0 0.0375 0.13671875 0.0671875 0.0671875
0 0.44375 0.3640625 0.0484375 0.0484375
0 0.6359375 0.7640625 0.0265625 0.0265625
0 0.23046875 0.728125 0.06484375 0.06484375
0 0.09140625 0.86640625 0.0265625 0.0265625
0 0.26328125 0.6265625 0.03359375 0.03359375