0 0.60546875 0.1625 0.0359375 0.03359375
0 0.9 0.01171875 0.040625 0.0234375
0 0.971875 0.309375 0.05625 0.05625
0 0.92890625 0.43046875 0.0578125 0.05546875
0 0.91328125 0.478125 0.05078125 0.0484375
0 0.9640625 0.51328125 0.03828125 0.0359375
0 0.696875 0.578125 0.09140625 0.084375
0 0.40625 0.56875 0.12265625 0.115625
0 0.03515625 0.0734375 0.02890625 0.0265625
0 0.6984375 0.01328125 0.03125 0.0265625
0 0.90859375 0.36796875 0.02890625 0.0265625
0 0.88203125 0.36328125 0.02890625 0.0265625
0 0.9328125 0.24609375 0.04296875 0.040625
0 0.946875 0.63359375 0.10078125 0.09375
0 0.9 0.853125 0.0265625 0.02421875