0 0.62265625 0.8015625 0.03125 0.04375
0 0.66953125 0.97734375 0.0359375 0.0453125
0 0.64765625 0.92890625 0.04375 0.0578125
0 0.68046875 0.8703125 0.065625 0.0890625
0 0.678125 0.50703125 0.028125 0.040625
0 0.6390625 0.23671875 0.034375 0.0484375
0 0.58671875 0.24375 0.028125 0.0375
0 0.50859375 0.32421875 0.03125 0.04375
0 0.521875 0.28359375 0.03125 0.040625
0 0.5640625 0.353125 0.0375 0.05
0 0.6109375 0.1859375 0.05 0.06875
0 0.7078125 0.1453125 0.0265625 0.0359375
0 0.775 0.05859375 0.0265625 0.0359375
0 0.4953125 0.08046875 0.0265625 0.0359375
0 0.7953125 0.35078125 0.0265625 0.0359375
0 0.77734375 0.334375 0.0265625 0.0375
0 0.865625 0.37890625 0.053125 0.071875
0 0.9578125 0.28359375 0.0671875 0.090625
0 0.68515625 0.57578125 0.0671875 0.09375
0 0.22265625 0.44921875 0.0375 0.053125
0 0.11875 0.66015625 0.0265625 0.0359375
0 0.2015625 0.80625 0.0265625 0.0359375
0 0.178125 0.2796875 0.3125 0.4328125
0 0.29296875 0.64921875 0.3078125 0.4234375