0 0.47578125 0.40234375 0.2671875 0.35
0 0.95078125 0.1109375 0.0265625 0.034375
0 0.75390625 0.03125 0.025 0.03125
0 0.61796875 0.02421875 0.0265625 0.034375
0 0.4421875 0.0921875 0.071875 0.096875
0 0.678125 0.1890625 0.03125 0.0375
0 0.9046875 0.6890625 0.034375 0.04375
0 0.87734375 0.7171875 0.0359375 0.0484375
0 0.85 0.65234375 0.03125 0.040625
0 0.8015625 0.7796875 0.1125 0.15
0 0.69140625 0.78828125 0.05625 0.075
0 0.6046875 0.75390625 0.1625 0.2140625
0 0.5203125 0.68359375 0.1125 0.15
0 0.61796875 0.5921875 0.08125 0.10625
0 0.77734375 0.484375 0.034375 0.0453125
0 0.7328125 0.52265625 0.0265625 0.034375
0 0.98828125 0.78515625 0.0234375 0.0328125
0 0.953125 0.91015625 0.0875 0.1109375
0 0.7703125 0.7015625 0.05625 0.071875
0 0.95546875 0.4171875 0.065625 0.084375
0 0.38125 0.09765625 0.0484375 0.0625
0 0.603125 0.146875 0.0890625 0.11875
0 0.46875 0.83046875 0.121875 0.1625
0 0.39453125 0.77734375 0.0375 0.053125
0 0.4 0.8109375 0.025 0.03125
0 0.015625 0.9578125 0.03125 0.05
0 0.0671875 0.9 0.0265625 0.0359375
0 0.02265625 0.8640625 0.04375 0.059375
0 0.2671875 0.49609375 0.034375 0.0453125
0 0.2359375 0.43515625 0.034375 0.04375
0 0.15390625 0.39921875 0.0359375 0.0484375
0 0.18125 0.35234375 0.0265625 0.0359375
0 0.06640625 0.8171875 0.028125 0.0390625
0 0.09609375 0.93125 0.0375 0.05
0 0.25703125 0.3703125 0.121875 0.1625
0 0.18046875 0.7703125 0.084375 0.1109375
0 0.18125 0.1265625 0.071875 0.096875