0 0.76953125 0.0515625 0.03828125 0.0359375
0 0.828125 0.10078125 0.03359375 0.03125
0 0.85078125 0.08203125 0.03125 0.03125
0 0.865625 0.1078125 0.03359375 0.03125
0 0.6671875 0.00859375 0.02890625 0.0171875
0 0.678125 0.0875 0.02890625 0.0265625
0 0.52421875 0.10546875 0.0265625 0.0265625
0 0.47265625 0.165625 0.03125 0.02890625
0 0.446875 0.06640625 0.0265625 0.02421875
0 0.4546875 0.009375 0.03125 0.01875
0 0.8390625 0.1359375 0.0453125 0.04296875
0 0.31953125 0.046875 0.0359375 0.0359375
0 0.0578125 0.8015625 0.05078125 0.0484375
0 0.07578125 0.728125 0.03125 0.02890625
0 0.06875 0.9125 0.07421875 0.06953125
0 0.196875 0.5671875 0.04296875 0.040625
0 0.03984375 0.2859375 0.0484375 0.0453125
0 0.071875 0.2484375 0.053125 0.05078125
0 0.08515625 0.28359375 0.040625 0.03828125
0 0.2765625 0.3859375 0.02890625 0.0265625
0 0.3453125 0.4578125 0.06015625 0.0578125
0 0.375 0.578125 0.04296875 0.04296875
0 0.3484375 0.2203125 0.0265625 0.0265625
0 0.55390625 0.2359375 0.03359375 0.03125
0 0.6109375 0.51328125 0.040625 0.03828125
0 0.58515625 0.6078125 0.05546875 0.053125
0 0.546875 0.63671875 0.03828125 0.0359375
0 0.2984375 0.80546875 0.04296875 0.040625
0 0.72265625 0.8015625 0.040625 0.03828125
0 0.7703125 0.81015625 0.05078125 0.0484375
0 0.3453125 0.79453125 0.0359375 0.03359375
0 0.35234375 0.82578125 0.0671875 0.06484375
0 0.82109375 0.8796875 0.03125 0.02890625
0 0.38203125 0.75703125 0.0265625 0.0265625
0 0.72265625 0.21640625 0.03359375 0.03125
0 0.7203125 0.24609375 0.0484375 0.0453125
0 0.67421875 0.275 0.06953125 0.0671875
0 0.91796875 0.3125 0.06484375 0.06015625
0 0.92421875 0.20078125 0.0265625 0.0265625
0 0.915625 0.61328125 0.0453125 0.04296875
0 0.79921875 0.5734375 0.0265625 0.0265625
0 0.6984375 0.55546875 0.05546875 0.053125
0 0.8578125 0.05078125 0.02890625 0.0265625
0 0.75859375 0.46640625 0.0359375 0.03359375
0 0.9125 0.36640625 0.03359375 0.03125
0 0.4859375 0.70703125 0.103125 0.0984375
0 0.271875 0.85703125 0.02890625 0.02890625
0 0.17421875 0.89921875 0.1921875 0.1828125