0 0.1890625 0.0921875 0.03125 0.0265625
0 0.85546875 0.68359375 0.03125 0.0265625
0 0.8890625 0.75234375 0.0484375 0.040625
0 0.9625 0.91015625 0.0265625 0.02421875
0 0.95078125 0.37734375 0.053125 0.0484375
0 0.4703125 0.6703125 0.03125 0.02890625
0 0.5265625 0.6984375 0.06484375 0.0578125
0 0.36328125 0.7640625 0.03125 0.0265625
0 0.32421875 0.78984375 0.03359375 0.02890625
0 0.03125 0.6296875 0.03125 0.0265625
0 0.15390625 0.353125 0.03828125 0.03359375
0 0.0515625 0.34609375 0.03828125 0.03359375
0 0.58984375 0.16953125 0.03125 0.0265625
0 0.02421875 0.9 0.0484375 0.04296875
0 0.4109375 0.97578125 0.02890625 0.02421875
0 0.66796875 0.87265625 0.03125 0.0265625