0 0.88828125 0.96875 0.0375 0.0453125
0 0.6890625 0.8734375 0.08125 0.1
0 0.73828125 0.9109375 0.0875 0.10625
0 0.70078125 0.953125 0.0265625 0.034375
0 0.58046875 0.90390625 0.121875 0.1515625
0 0.6203125 0.84140625 0.028125 0.034375
0 0.665625 0.9375 0.0375 0.0484375
0 0.95859375 0.86484375 0.0828125 0.1109375
0 0.9046875 0.83515625 0.0578125 0.06875
0 0.9265625 0.17890625 0.1203125 0.146875
0 0.821875 0.34765625 0.1 0.121875
0 0.6421875 0.6515625 0.115625 0.14375
0 0.74765625 0.646875 0.115625 0.1421875
0 0.771875 0.81640625 0.0890625 0.1078125
0 0.78984375 0.65390625 0.371875 0.459375
0 0.6765625 0.74609375 0.06875 0.0875
0 0.59375 0.77265625 0.0265625 0.034375
0 0.478125 0.94609375 0.05625 0.0671875
0 0.4359375 0.63203125 0.0359375 0.0453125
0 0.49609375 0.67890625 0.040625 0.053125
0 0.484375 0.484375 0.0375 0.0484375
0 0.4484375 0.18515625 0.025 0.03125
0 0.34609375 0.5359375 0.08125 0.103125
0 0.33515625 0.42890625 0.03125 0.0375
0 0.2234375 0.8265625 0.025 0.03125
0 0.22265625 0.89765625 0.025 0.03125
0 0.30625 0.9671875 0.025 0.03125
0 0.31015625 0.66328125 0.0265625 0.034375
0 0.3375 0.6734375 0.034375 0.04375
0 0.49765625 0.35 0.178125 0.21875
0 0.4734375 0.453125 0.115625 0.14375
0 0.30859375 0.321875 0.221875 0.275
0 0.1703125 0.3703125 0.1 0.125
0 0.16015625 0.48046875 0.146875 0.1828125
0 0.27734375 0.59375 0.346875 0.43125
0 0.16328125 0.6109375 0.096875 0.1203125
0 0.5421875 0.53515625 0.159375 0.196875
0 0.4703125 0.625 0.025 0.03125
0 0.85234375 0.1203125 0.0359375 0.0453125
0 0.0671875 0.3265625 0.0359375 0.0453125
0 0.053125 0.62109375 0.04375 0.053125
0 0.02734375 0.8328125 0.0546875 0.125
0 0.11640625 0.83671875 0.0375 0.0484375
0 0.1078125 0.93125 0.0578125 0.06875
0 0.13203125 0.98203125 0.04375 0.0359375
0 0.33046875 0.984375 0.03125 0.03125