0 0.95703125 0.66796875 0.0265625 0.0265625
0 0.9671875 0.83671875 0.025 0.025
0 0.98671875 0.896875 0.0265625 0.028125
0 0.7796875 0.94921875 0.0265625 0.0265625
0 0.77734375 0.9234375 0.03125 0.03125
0 0.81484375 0.8015625 0.0265625 0.0265625
0 0.396875 0.62734375 0.0453125 0.0453125
0 0.35546875 0.6453125 0.0359375 0.0359375
0 0.43359375 0.8234375 0.0359375 0.0359375
0 0.4 0.87265625 0.040625 0.040625
0 0.31015625 0.98046875 0.03125 0.03125
0 0.52265625 0.9796875 0.034375 0.03125
0 0.76953125 0.70546875 0.0375 0.0375
0 0.67421875 0.68359375 0.0265625 0.025
0 0.88125 0.59609375 0.0265625 0.0265625
0 0.8375 0.68359375 0.053125 0.053125
0 0.89765625 0.709375 0.0265625 0.0265625
0 0.8421875 0.82578125 0.0265625 0.0265625
0 0.9078125 0.81640625 0.025 0.025
0 0.69140625 0.82421875 0.028125 0.028125
0 0.99140625 0.7296875 0.0171875 0.028125
0 0.05625 0.9171875 0.0625 0.0625
0 0.08671875 0.9796875 0.025 0.025
0 0.13359375 0.978125 0.04375 0.04375
0 0.05390625 0.28359375 0.0390625 0.0375
0 0.1703125 0.62734375 0.0453125 0.0453125
0 0.18046875 0.6875 0.025 0.025
0 0.2484375 0.74296875 0.025 0.025
0 0.2296875 0.66796875 0.0296875 0.028125
0 0.2515625 0.58203125 0.034375 0.034375
0 0.040625 0.70703125 0.03125 0.03125
0 0.23828125 0.4859375 0.1109375 0.1109375
0 0.2875 0.39921875 0.0578125 0.0578125
0 0.3109375 0.32578125 0.0390625 0.0375
0 0.3109375 0.28828125 0.034375 0.03125
0 0.30078125 0.24609375 0.0359375 0.034375
0 0.146875 0.17578125 0.028125 0.0296875
0 0.11875 0.0984375 0.071875 0.071875
0 0.0484375 0.0296875 0.025 0.025
0 0.33515625 0.103125 0.084375 0.08125
0 0.39296875 0.0890625 0.0265625 0.0265625
0 0.3640625 0.24296875 0.025 0.025
0 0.4125 0.1921875 0.05625 0.053125
0 0.4078125 0.24140625 0.03125 0.03125
0 0.44921875 0.28828125 0.0265625 0.0265625
0 0.4578125 0.3796875 0.0265625 0.0265625
0 0.5 0.48828125 0.034375 0.034375
0 0.5203125 0.509375 0.0265625 0.0265625
0 0.5765625 0.2046875 0.028125 0.028125
0 0.6875 0.24375 0.028125 0.028125
0 0.8078125 0.1625 0.028125 0.028125
0 0.81015625 0.11640625 0.025 0.025
0 0.890625 0.040625 0.06875 0.0703125
0 0.978125 0.1765625 0.04375 0.04375
0 0.9171875 0.42890625 0.03125 0.03125
0 0.95703125 0.4234375 0.04375 0.04375
0 0.89296875 0.5171875 0.0375 0.0375
0 0.9625 0.6265625 0.075 0.1
0 0.72578125 0.06953125 0.028125 0.028125
0 0.7984375 0.69375 0.025 0.025
0 0.96015625 0.4953125 0.034375 0.034375
0 0.99765625 0.99921875 0.0015625 0.0015625
0 0.36640625 0.86328125 0.0265625 0.0265625
0 0.30078125 0.8546875 0.053125 0.053125
0 0.475 0.8734375 0.103125 0.103125
0 0.4234375 0.93984375 0.03125 0.03125
0 0.46171875 0.17421875 0.0453125 0.0453125
0 0.8015625 0.453125 0.05625 0.053125