0 0.0171875 0.77265625 0.025 0.025
0 0.0265625 0.50859375 0.053125 0.053125
0 0.084375 0.55859375 0.0484375 0.0484375
0 0.1296875 0.52421875 0.084375 0.084375
0 0.19609375 0.24296875 0.0375 0.0375
0 0.16484375 0.2140625 0.03125 0.03125
0 0.1234375 0.103125 0.028125 0.028125
0 0.04296875 0.025 0.04375 0.04375
0 0.07421875 0.7015625 0.028125 0.028125
0 0.0421875 0.66796875 0.04375 0.04375
0 0.09140625 0.759375 0.053125 0.053125
0 0.125 0.7453125 0.0375 0.0390625
0 0.03984375 0.75625 0.028125 0.028125
0 0.0671875 0.9125 0.0265625 0.0265625
0 0.17421875 0.94140625 0.034375 0.034375
0 0.03984375 0.86875 0.0375 0.0375
0 0.403125 0.009375 0.028125 0.01875
0 0.884375 0.03984375 0.0453125 0.0484375
0 0.79921875 0.053125 0.04375 0.04375
0 0.8265625 0.04921875 0.03125 0.03125
0 0.8390625 0.146875 0.0375 0.0375
0 0.99140625 0.06484375 0.0171875 0.03125
0 0.9125 0.12734375 0.040625 0.040625
0 0.6578125 0.203125 0.0875 0.0875
0 0.70078125 0.103125 0.05625 0.05625
0 0.571875 0.0140625 0.0265625 0.0265625
0 0.51796875 0.1390625 0.03125 0.03125
0 0.771875 0.265625 0.0265625 0.0265625
0 0.96484375 0.2921875 0.0265625 0.0265625
0 0.57109375 0.34375 0.0359375 0.0359375
0 0.74296875 0.41796875 0.040625 0.040625
0 0.8375 0.4125 0.0375 0.040625
0 0.8109375 0.43125 0.0265625 0.0265625
0 0.8921875 0.37734375 0.0453125 0.0453125
0 0.86875 0.5203125 0.034375 0.034375
0 0.90390625 0.571875 0.065625 0.0671875
0 0.93984375 0.6140625 0.0359375 0.0359375
0 0.63125 0.62109375 0.028125 0.028125
0 0.52734375 0.80546875 0.15 0.1515625
0 0.60703125 0.9421875 0.0359375 0.0359375
0 0.6265625 0.98203125 0.04375 0.0359375
0 0.6390625 0.9484375 0.03125 0.03125
0 0.6359375 0.8859375 0.0796875 0.0828125
0 0.66953125 0.9421875 0.0359375 0.0359375
0 0.875 0.73671875 0.0765625 0.0796875
0 0.8953125 0.803125 0.0265625 0.0265625
0 0.90859375 0.859375 0.025 0.025
0 0.85234375 0.828125 0.040625 0.040625
0 0.84140625 0.6515625 0.0265625 0.0265625
0 0.990625 0.4046875 0.01875 0.03125
0 0.84140625 0.4640625 0.040625 0.040625
0 0.7859375 0.3421875 0.03125 0.03125
0 0.81640625 0.32578125 0.059375 0.059375
0 0.7703125 0.16796875 0.0453125 0.0453125
0 0.56953125 0.56484375 0.08125 0.08125
0 0.5484375 0.5921875 0.446875 0.4515625
0 0.7296875 0.7296875 0.39375 0.396875
0 0.8234375 0.9046875 0.0375 0.0375
0 0.2671875 0.2765625 0.03125 0.03125
0 0.30078125 0.24609375 0.0359375 0.0375
0 0.2984375 0.4328125 0.0359375 0.0359375
0 0.2609375 0.40859375 0.053125 0.05625
0 0.30546875 0.62109375 0.0453125 0.0453125
0 0.271875 0.678125 0.075 0.075
0 0.41484375 0.30390625 0.05 0.05
0 0.446875 0.259375 0.059375 0.059375
0 0.384375 0.240625 0.0671875 0.0671875
0 0.28125 0.2203125 0.025 0.025
0 0.34609375 0.28359375 0.04375 0.04375
0 0.30546875 0.3109375 0.0625 0.0625
0 0.259375 0.31015625 0.084375 0.084375
0 0.3484375 0.103125 0.240625 0.20625
0 0.64921875 0.1109375 0.0671875 0.0671875
0 0.36796875 0.46015625 0.05 0.053125
0 0.21015625 0.0265625 0.0453125 0.0453125
0 0.2515625 0.021875 0.040625 0.040625
0 0.11328125 0.1890625 0.05 0.05
0 0.20078125 0.72734375 0.028125 0.028125
0 0.178125 0.4046875 0.0453125 0.0484375
0 0.2828125 0.5109375 0.05625 0.05625
0 0.240625 0.7765625 0.04375 0.04375
0 0.2171875 0.796875 0.028125 0.028125
0 0.19140625 0.803125 0.034375 0.0328125
0 0.2171875 0.85546875 0.0375 0.0375
0 0.25625 0.8234375 0.05 0.05
0 0.31015625 0.9234375 0.0453125 0.0453125
0 0.88046875 0.9875 0.0265625 0.025