0 0.9828125 0.10546875 0.03125 0.03125
0 0.98046875 0.171875 0.028125 0.028125
0 0.9640625 0.1828125 0.028125 0.028125
0 0.88125 0.21015625 0.028125 0.028125
0 0.8390625 0.2984375 0.028125 0.028125
0 0.83671875 0.08984375 0.065625 0.065625
0 0.9078125 0.2125 0.0453125 0.0453125
0 0.7484375 0.16953125 0.04375 0.04375
0 0.76328125 0.24609375 0.028125 0.028125
0 0.55625 0.446875 0.025 0.025
0 0.6234375 0.203125 0.03125 0.03125
0 0.6546875 0.4796875 0.146875 0.146875
0 0.50234375 0.72265625 0.034375 0.034375
0 0.475 0.95703125 0.025 0.025
0 0.68515625 0.83984375 0.0265625 0.0265625
0 0.92421875 0.79921875 0.0484375 0.0484375
0 0.7671875 0.97109375 0.05 0.0515625
0 0.88671875 0.78359375 0.075 0.075
0 0.296875 0.9703125 0.025 0.025
0 0.08828125 0.98828125 0.0328125 0.0234375
0 0.1453125 0.8921875 0.0265625 0.0265625
0 0.32421875 0.7640625 0.175 0.1765625
0 0.4359375 0.6046875 0.028125 0.028125
0 0.4421875 0.509375 0.034375 0.034375
0 0.32421875 0.46484375 0.03125 0.03125
0 0.21875 0.603125 0.04375 0.04375
0 0.13671875 0.55625 0.0265625 0.0265625
0 0.03828125 0.65390625 0.0453125 0.0453125
0 0.12109375 0.6625 0.06875 0.0703125
0 0.06875 0.52734375 0.096875 0.096875
0 0.0921875 0.6765625 0.034375 0.034375
0 0.02890625 0.47734375 0.0578125 0.065625
0 0.06640625 0.359375 0.075 0.075
0 0.5203125 0.69375 0.1203125 0.1203125
0 0.4 0.28359375 0.028125 0.028125
0 0.2671875 0.13203125 0.0359375 0.0359375
0 0.18046875 0.19453125 0.0375 0.0375
0 0.03359375 0.18125 0.059375 0.059375
0 0.22265625 0.6515625 0.0671875 0.0671875
0 0.83203125 0.58984375 0.03125 0.03125
0 0.81640625 0.57421875 0.0359375 0.0359375
0 0.7171875 0.4484375 0.10625 0.10625
0 0.6203125 0.28515625 0.053125 0.053125
0 0.703125 0.271875 0.025 0.025
0 0.771875 0.66796875 0.04375 0.04375
0 0.80078125 0.85703125 0.025 0.025
0 0.2765625 0.66953125 0.053125 0.053125
0 0.1828125 0.29296875 0.0265625 0.0265625
0 0.3453125 0.28515625 0.0265625 0.0265625
0 0.9125 0.02734375 0.034375 0.034375
0 0.5984375 0.0296875 0.028125 0.028125
0 0.08046875 0.24296875 0.1609375 0.175
0 0.05078125 0.69140625 0.0578125 0.0578125
0 0.134375 0.865625 0.26875 0.26875
0 0.03984375 0.98671875 0.028125 0.0265625