0 0.77734375 0.1 0.03125 0.03125
0 0.7953125 0.05625 0.0265625 0.0265625
0 0.95390625 0.0140625 0.0390625 0.028125
0 0.68046875 0.20078125 0.0375 0.0375
0 0.70546875 0.19375 0.0484375 0.0484375
0 0.71171875 0.06875 0.04375 0.04375
0 0.7171875 0.27890625 0.11875 0.11875
0 0.88359375 0.14453125 0.028125 0.028125
0 0.94921875 0.15390625 0.040625 0.040625
0 0.9625 0.115625 0.0265625 0.0265625
0 0.9046875 0.34140625 0.190625 0.1921875
0 0.81484375 0.52734375 0.1078125 0.1078125
0 0.9859375 0.79921875 0.028125 0.0453125
0 0.9328125 0.5359375 0.0265625 0.0265625
0 0.6765625 0.48046875 0.0578125 0.0578125
0 0.665625 0.6734375 0.1875 0.1875
0 0.52890625 0.59140625 0.03125 0.03125
0 0.45703125 0.5484375 0.025 0.025
0 0.40625 0.4984375 0.0265625 0.0265625
0 0.61796875 0.334375 0.05625 0.05625
0 0.6234375 0.24765625 0.053125 0.053125
0 0.5828125 0.23046875 0.03125 0.03125
0 0.6078125 0.225 0.0265625 0.0265625
0 0.54296875 0.765625 0.040625 0.040625
0 0.39765625 0.6875 0.1875 0.1875
0 0.33515625 0.7703125 0.0359375 0.0359375
0 0.3078125 0.75234375 0.028125 0.028125
0 0.28515625 0.71484375 0.03125 0.03125
0 0.2390625 0.59375 0.0359375 0.0359375
0 0.571875 0.8015625 0.05 0.05
0 0.56875 0.93046875 0.0359375 0.0359375
0 0.50703125 0.89296875 0.028125 0.028125
0 0.3859375 0.834375 0.0265625 0.0265625
0 0.36875 0.82421875 0.03125 0.03125
0 0.29296875 0.8234375 0.0265625 0.0265625
0 0.69921875 0.9171875 0.028125 0.028125
0 0.8953125 0.85703125 0.03125 0.03125
0 0.85546875 0.85234375 0.034375 0.034375
0 0.78359375 0.82421875 0.0765625 0.0765625
0 0.80625 0.64765625 0.08125 0.08125
0 0.69609375 0.5421875 0.0375 0.0375
0 0.93359375 0.640625 0.028125 0.028125
0 0.9 0.66953125 0.034375 0.034375
0 0.91953125 0.9828125 0.0359375 0.034375
0 0.2921875 0.96875 0.03125 0.03125
0 0.4578125 0.8796875 0.034375 0.034375
0 0.44375 0.85234375 0.028125 0.028125
0 0.21484375 0.96875 0.0375 0.0390625
0 0.19375 0.953125 0.034375 0.034375
0 0.18984375 0.9203125 0.03125 0.03125
0 0.2140625 0.84140625 0.0359375 0.0359375
0 0.1609375 0.53359375 0.0484375 0.0484375
0 0.134375 0.5171875 0.03125 0.03125
0 0.16015625 0.57421875 0.0265625 0.0265625
0 0.18046875 0.39921875 0.03125 0.03125
0 0.08046875 0.5640625 0.034375 0.034375
0 0.05546875 0.72109375 0.0484375 0.0484375
0 0.0125 0.64921875 0.025 0.0265625
0 0.0734375 0.9796875 0.04375 0.040625
0 0.05859375 0.76171875 0.0359375 0.0359375
0 0.053125 0.8109375 0.0265625 0.0265625
0 0.071875 0.8015625 0.0265625 0.0265625
0 0.13671875 0.97265625 0.0265625 0.0265625
0 0.95703125 0.9234375 0.025 0.025
0 0.3421875 0.20078125 0.0375 0.0375
0 0.44921875 0.18359375 0.0265625 0.0265625
0 0.60078125 0.09140625 0.065625 0.065625
0 0.58203125 0.046875 0.0359375 0.0359375
0 0.528125 0.02734375 0.0625 0.0546875
0 0.5 0.1265625 0.0265625 0.0265625
0 0.45703125 0.13203125 0.05 0.05
0 0.46875 0.04296875 0.0265625 0.0265625
0 0.3375 0.15859375 0.04375 0.04375
0 0.26171875 0.1109375 0.04375 0.04375
0 0.275 0.0734375 0.0359375 0.0359375
0 0.17890625 0.225 0.034375 0.034375
0 0.09609375 0.0640625 0.1 0.1
0 0.415625 0.1453125 0.0796875 0.0796875
0 0.26328125 0.8484375 0.03125 0.03125
0 0.23046875 0.7078125 0.040625 0.040625
0 0.9984375 0.0015625 0.003125 0.003125
0 0.55625 0.13828125 0.028125 0.028125