0 0.953125 0.571875 0.0765625 0.0875
0 0.7359375 0.88671875 0.0875 0.0984375
0 0.8015625 0.80625 0.090625 0.103125
0 0.70546875 0.765625 0.1375 0.15625
0 0.57578125 0.80859375 0.103125 0.1203125
0 0.4203125 0.61328125 0.0359375 0.04375
0 0.38359375 0.44375 0.040625 0.0484375
0 0.35234375 0.42578125 0.0265625 0.03125
0 0.64921875 0.53359375 0.0265625 0.03125
0 0.88359375 0.4984375 0.0578125 0.065625
0 0.75 0.34765625 0.03125 0.0359375
0 0.73671875 0.3234375 0.03125 0.0359375
0 0.69609375 0.24765625 0.0453125 0.053125
0 0.6140625 0.228125 0.0265625 0.03125
0 0.56953125 0.09609375 0.0359375 0.040625
0 0.5875 0.09140625 0.0375 0.04375
0 0.60546875 0.071875 0.034375 0.0375
0 0.56015625 0.06015625 0.03125 0.0359375
0 0.4859375 0.12890625 0.028125 0.03125
0 0.775 0.2046875 0.03125 0.0359375
0 0.68125 0.29921875 0.025 0.0265625
0 0.85703125 0.16484375 0.034375 0.0375
0 0.81640625 0.2828125 0.0265625 0.03125
0 0.75 0.0953125 0.0265625 0.03125
0 0.89296875 0.12265625 0.0625 0.071875
0 0.79921875 0.6140625 0.2046875 0.2359375
0 0.8078125 0.64921875 0.0359375 0.040625
0 0.353125 0.11796875 0.10625 0.121875
0 0.26328125 0.0328125 0.0578125 0.065625
0 0.25 0.21484375 0.0671875 0.0765625
0 0.240625 0.39921875 0.0578125 0.0671875
0 0.25234375 0.42890625 0.0265625 0.028125
0 0.2984375 0.31015625 0.028125 0.034375
0 0.30625 0.67578125 0.0484375 0.0578125
0 0.22109375 0.7828125 0.025 0.028125
0 0.0171875 0.82109375 0.034375 0.0515625
0 0.15234375 0.18046875 0.0578125 0.0671875
0 0.13359375 0.40390625 0.040625 0.0453125
0 0.15625 0.3890625 0.05 0.0578125
0 0.3140625 0.3640625 0.0265625 0.03125
0 0.2203125 0.35234375 0.034375 0.040625
0 0.3171875 0.1890625 0.028125 0.034375
0 0.3109375 0.2140625 0.025 0.028125
0 0.078125 0.19453125 0.0578125 0.0671875
0 0.0515625 0.1296875 0.0484375 0.0578125
0 0.1453125 0.28984375 0.128125 0.15
0 0.99765625 0.00390625 0.0046875 0.00625
0 0.28828125 0.12109375 0.1078125 0.121875
0 0.22734375 0.11796875 0.0375 0.0453125
0 0.1875 0.0875 0.0625 0.071875
0 0.771875 0.1359375 0.0265625 0.028125
0 0.9234375 0.4890625 0.0265625 0.028125
0 0.9375 0.4484375 0.0265625 0.03125
0 0.7609375 0.41953125 0.053125 0.059375
0 0.81015625 0.40859375 0.0359375 0.040625
0 0.85703125 0.44921875 0.05 0.059375
0 0.24296875 0.98046875 0.0375 0.0375