0 0.978125 0.9484375 0.028125 0.03125
0 0.97578125 0.76171875 0.0453125 0.0484375
0 0.9625 0.82109375 0.0265625 0.0265625
0 0.85546875 0.84609375 0.0375 0.0375
0 0.8296875 0.7328125 0.034375 0.0359375
0 0.91796875 0.63828125 0.025 0.0265625
0 0.796875 0.6828125 0.03125 0.034375
0 0.94375 0.53828125 0.0359375 0.0359375
0 0.98203125 0.16484375 0.0359375 0.05
0 0.96875 0.11796875 0.028125 0.028125
0 0.9125 0.1046875 0.040625 0.040625
0 0.875 0.17578125 0.0265625 0.0265625
0 0.68125 0.42421875 0.0375 0.040625
0 0.6234375 0.56875 0.03125 0.03125
0 0.709375 0.69609375 0.03125 0.03125
0 0.9359375 0.01953125 0.0375 0.0375
0 0.8765625 0.0359375 0.034375 0.034375
0 0.48203125 0.0921875 0.053125 0.05625
0 0.5171875 0.2203125 0.0375 0.040625
0 0.71484375 0.0453125 0.03125 0.03125
0 0.15625 0.209375 0.028125 0.028125
0 0.525 0.8109375 0.040625 0.040625
0 0.4265625 0.67578125 0.0359375 0.0359375
0 0.54921875 0.53515625 0.0265625 0.028125
0 0.51953125 0.54453125 0.03125 0.03125
0 0.7828125 0.4671875 0.0359375 0.0359375
0 0.79453125 0.4328125 0.028125 0.028125
0 0.78828125 0.396875 0.028125 0.028125
0 0.71171875 0.38671875 0.0265625 0.0265625
0 0.77421875 0.17578125 0.028125 0.03125
0 0.7515625 0.07109375 0.028125 0.028125
0 0.4109375 0.86640625 0.040625 0.040625
0 0.38828125 0.93046875 0.040625 0.040625
0 0.35703125 0.79453125 0.034375 0.034375
0 0.23046875 0.9515625 0.0265625 0.0265625
0 0.16328125 0.9421875 0.025 0.025
0 0.16328125 0.821875 0.034375 0.034375
0 0.86171875 0.90390625 0.028125 0.03125
0 0.93359375 0.97578125 0.0265625 0.0265625
0 0.52890625 0.98203125 0.040625 0.0359375
0 0.03125 0.9265625 0.0625 0.0671875
0 0.07578125 0.7546875 0.034375 0.034375
0 0.04921875 0.40859375 0.034375 0.034375
0 0.0953125 0.6421875 0.025 0.025
0 0.12734375 0.51796875 0.0890625 0.090625
0 0.3296875 0.84609375 0.0375 0.0390625