0 0.9234375 0.0734375 0.05546875 0.05546875
0 0.91015625 0.17421875 0.02890625 0.02890625
0 0.8953125 0.41015625 0.03125 0.02890625
0 0.64921875 0.1765625 0.053125 0.053125
0 0.65859375 0.25234375 0.02421875 0.02421875
0 0.5375 0.109375 0.0265625 0.0265625
0 0.48828125 0.1390625 0.05078125 0.05078125
0 0.44609375 0.21171875 0.0265625 0.0265625
0 0.2453125 0.06015625 0.02890625 0.02890625
0 0.3890625 0.0609375 0.115625 0.11328125
0 0.115625 0.0421875 0.06484375 0.06484375
0 0.0875 0.39453125 0.04296875 0.04296875
0 0.0953125 0.44609375 0.0578125 0.05546875
0 0.11875 0.753125 0.2375 0.284375
0 0.146875 0.55078125 0.103125 0.10078125
0 0.30625 0.6703125 0.040625 0.03828125
0 0.615625 0.52265625 0.03828125 0.03828125
0 0.5875 0.540625 0.0453125 0.0453125
0 0.490625 0.6609375 0.03125 0.03125
0 0.40625 0.68359375 0.115625 0.11328125
0 0.328125 0.796875 0.1828125 0.18046875
0 0.134375 0.915625 0.0265625 0.0265625
0 0.14765625 0.4640625 0.02890625 0.02890625
0 0.64921875 0.77734375 0.03828125 0.0359375
0 0.57109375 0.8734375 0.03125 0.03125
0 0.66484375 0.87734375 0.03359375 0.03359375
0 0.6515625 0.94375 0.0359375 0.0359375
0 0.98203125 0.7859375 0.02890625 0.02890625
0 0.86875 0.68359375 0.02890625 0.02890625
0 0.80078125 0.509375 0.0578125 0.0578125
0 0.7125 0.53125 0.04296875 0.040625
0 0.6453125 0.5328125 0.02890625 0.02890625
0 0.7390625 0.58203125 0.04296875 0.04296875
0 0.6828125 0.59765625 0.03359375 0.03359375
0 0.271875 0.8171875 0.02890625 0.02890625
0 0.0015625 0.00234375 0.00078125 0.00078125
0 0.8140625 0.94375 0.02421875 0.02421875
0 0.90625 0.7390625 0.0265625 0.02421875
0 0.8640625 0.603125 0.02890625 0.02890625
0 0.18359375 0.6890625 0.06953125 0.06953125
0 0.27265625 0.89765625 0.05078125 0.05078125