0 0.203125 0.9125 0.0375 0.034375
0 0.30390625 0.8140625 0.053125 0.0453125
0 0.35078125 0.8296875 0.0265625 0.025
0 0.40390625 0.84140625 0.0421875 0.0375
0 0.55859375 0.94921875 0.028125 0.025
0 0.71015625 0.8015625 0.028125 0.025
0 0.8734375 0.71015625 0.05625 0.0515625
0 0.82421875 0.66484375 0.05 0.0453125
0 0.85078125 0.64765625 0.15 0.1328125
0 0.5 0.33671875 0.05 0.0453125
0 0.64453125 0.25859375 0.034375 0.028125
0 0.6234375 0.35234375 0.134375 0.1203125
0 0.7703125 0.21875 0.0359375 0.034375
0 0.97109375 0.3734375 0.0578125 0.0578125
0 0.6921875 0.61171875 0.028125 0.025
0 0.32421875 0.28828125 0.04375 0.0375
0 0.2015625 0.2546875 0.0328125 0.028125
0 0.44375 0.603125 0.084375 0.075
0 0.27734375 0.71875 0.0375 0.034375
0 0.25234375 0.703125 0.0265625 0.025
0 0.60546875 0.80859375 0.03125 0.0265625
0 0.8796875 0.84375 0.04375 0.0375
0 0.45078125 0.5171875 0.0875 0.0765625
0 0.1359375 0.603125 0.03125 0.0296875
0 0.0375 0.68359375 0.040625 0.0359375
0 0.42421875 0.77890625 0.0640625 0.0578125
0 0.02265625 0.36640625 0.0453125 0.040625
0 0.30078125 0.06015625 0.03125 0.028125
0 0.8171875 0.0171875 0.0484375 0.034375
0 0.44921875 0.95703125 0.08125 0.071875
0 0.49765625 0.63125 0.028125 0.0265625
0 0.3265625 0.70078125 0.028125 0.0265625
0 0.2078125 0.7296875 0.034375 0.028125
0 0.10234375 0.55625 0.028125 0.025
0 0.08046875 0.93984375 0.03125 0.0265625