0 0.90625 0.02734375 0.06484375 0.053125
0 0.0453125 0.153125 0.090625 0.084375
0 0.01796875 0.384375 0.0359375 0.03828125
0 0.26796875 0.4109375 0.03125 0.02421875
0 0.2859375 0.4328125 0.04296875 0.0359375
0 0.35703125 0.196875 0.03125 0.0265625
0 0.3578125 0.0921875 0.040625 0.03359375
0 0.41484375 0.046875 0.03359375 0.0265625
0 0.3328125 0.02890625 0.1078125 0.0578125
0 0.5609375 0.05859375 0.06015625 0.0484375
0 0.6578125 0.3859375 0.0359375 0.02890625
0 0.64765625 0.3953125 0.125 0.10078125
0 0.76328125 0.37265625 0.07421875 0.06015625
0 0.8296875 0.40859375 0.10546875 0.08671875
0 0.765625 0.2453125 0.0359375 0.02890625
0 0.4234375 0.2203125 0.08671875 0.06953125
0 0.2671875 0.33046875 0.040625 0.03125
0 0.49140625 0.1203125 0.06953125 0.05546875
0 0.4734375 0.1734375 0.103125 0.084375
0 0.3140625 0.178125 0.05546875 0.0453125
0 0.2328125 0.11640625 0.03359375 0.02890625
0 0.50234375 0.42421875 0.13203125 0.10546875
0 0.865625 0.0984375 0.09609375 0.0796875
0 0.6875 0.040625 0.0359375 0.02890625
0 0.91796875 0.54296875 0.12265625 0.0984375
0 0.8734375 0.45703125 0.10078125 0.0796875
0 0.9375 0.96171875 0.03359375 0.02890625
0 0.828125 0.97265625 0.03125 0.02421875
0 0.1390625 0.83671875 0.0484375 0.03828125
0 0.2328125 0.828125 0.09609375 0.0765625
0 0.28359375 0.696875 0.06015625 0.0484375
0 0.3328125 0.53359375 0.03125 0.02421875
0 0.5015625 0.64765625 0.103125 0.08203125
0 0.7484375 0.890625 0.03359375 0.0265625
0 0.134375 0.6671875 0.06015625 0.0484375
0 0.09609375 0.63671875 0.05078125 0.040625
0 0.00234375 0.00234375 0.00078125 0.00078125
0 0.615625 0.865625 0.1515625 0.1203125
0 0.60234375 0.97109375 0.05078125 0.040625
0 0.74296875 0.83984375 0.04296875 0.03359375
0 0.48046875 0.9125 0.04296875 0.03359375
0 0.1890625 0.62734375 0.05546875 0.04296875
0 0.20078125 0.49375 0.053125 0.04296875