0 0.08984375 0.8640625 0.0578125 0.0578125
0 0.09375 0.7984375 0.0375 0.040625
0 0.16015625 0.96484375 0.071875 0.06875
0 0.16015625 0.82421875 0.0671875 0.0671875
0 0.125 0.790625 0.03125 0.03125
0 0.1203125 0.75390625 0.0453125 0.0453125
0 0.10234375 0.72734375 0.025 0.0265625
0 0.18984375 0.7390625 0.05 0.05
0 0.1859375 0.70078125 0.0265625 0.0265625
0 0.16484375 0.6671875 0.03125 0.03125
0 0.1296875 0.6703125 0.053125 0.053125
0 0.16796875 0.63828125 0.0375 0.0375
0 0.0953125 0.65859375 0.028125 0.028125
0 0.09375 0.4578125 0.034375 0.034375
0 0.0265625 0.196875 0.040625 0.04375
0 0.03828125 0.453125 0.04375 0.04375
0 0.24140625 0.68359375 0.04375 0.04375
0 0.24765625 0.5734375 0.159375 0.1625
0 0.3234375 0.45546875 0.1203125 0.121875
0 0.39765625 0.47109375 0.11875 0.11875
0 0.21015625 0.93515625 0.06875 0.06875
0 0.28515625 0.92578125 0.0578125 0.0609375
0 0.34609375 0.51953125 0.034375 0.034375
0 0.46484375 0.43046875 0.0265625 0.0265625
0 0.4515625 0.303125 0.0484375 0.0484375
0 0.3609375 0.2765625 0.0265625 0.0265625
0 0.33984375 0.115625 0.0453125 0.0453125
0 0.4015625 0.1453125 0.0265625 0.0265625
0 0.20703125 0.0765625 0.0578125 0.059375
0 0.515625 0.04453125 0.146875 0.0890625
0 0.77734375 0.11796875 0.028125 0.028125
0 0.6140625 0.1703125 0.0375 0.0375
0 0.6078125 0.3640625 0.025 0.0265625
0 0.66796875 0.3015625 0.1375 0.1390625
0 0.97265625 0.14453125 0.0359375 0.0359375
0 0.890625 0.55546875 0.115625 0.11875
0 0.90390625 0.475 0.0453125 0.0484375
0 0.9375 0.665625 0.053125 0.05625
0 0.92578125 0.62890625 0.0453125 0.0453125
0 0.94375 0.52890625 0.071875 0.075
0 0.88125 0.3734375 0.025 0.0265625
0 0.84140625 0.34765625 0.028125 0.028125
0 0.80859375 0.365625 0.040625 0.040625
0 0.75703125 0.275 0.0359375 0.0359375
0 0.75703125 0.4984375 0.059375 0.0625
0 0.87109375 0.28515625 0.0875 0.0890625
0 0.40390625 0.32109375 0.08125 0.084375
0 0.6140625 0.4859375 0.053125 0.053125
0 0.540625 0.50234375 0.03125 0.034375
0 0.5265625 0.4890625 0.03125 0.03125
0 0.50703125 0.5296875 0.0265625 0.028125
0 0.6078125 0.5296875 0.028125 0.03125
0 0.5734375 0.69140625 0.0265625 0.028125
0 0.5203125 0.646875 0.034375 0.0359375
0 0.540625 0.66015625 0.028125 0.03125
0 0.40234375 0.77890625 0.040625 0.040625
0 0.52890625 0.77265625 0.1125 0.115625
0 0.7328125 0.9125 0.11875 0.1203125
0 0.96875 0.7921875 0.0265625 0.0265625
0 0.984375 0.55078125 0.028125 0.03125
0 0.94453125 0.4375 0.040625 0.040625
0 0.9234375 0.7765625 0.0796875 0.08125