0 0.96171875 0.9640625 0.0375 0.04375
0 0.38359375 0.97578125 0.025 0.028125
0 0.3703125 0.84140625 0.028125 0.034375
0 0.4015625 0.803125 0.028125 0.034375
0 0.2546875 0.75390625 0.04375 0.05
0 0.43125 0.83046875 0.028125 0.034375
0 0.97734375 0.8578125 0.0453125 0.05625
0 0.91484375 0.9390625 0.0796875 0.090625
0 0.90859375 0.61171875 0.1109375 0.128125
0 0.6359375 0.4 0.1109375 0.125
0 0.4390625 0.33515625 0.05 0.0578125
0 0.84609375 0.0421875 0.025 0.028125
0 0.8375 0.01171875 0.03125 0.0234375
0 0.084375 0.94375 0.03125 0.0359375
0 0.8015625 0.5453125 0.0265625 0.03125
0 0.7203125 0.5671875 0.028125 0.034375