0 0.00234375 0.00078125 0.0015625 0.0015625
0 0.9125 0.06015625 0.03125 0.02421875
0 0.80625 0.0734375 0.03828125 0.03125
0 0.625 0.0265625 0.0359375 0.02890625
0 0.453125 0.084375 0.0484375 0.03828125
0 0.478125 0.1234375 0.07421875 0.06015625
0 0.57109375 0.2171875 0.0453125 0.0359375
0 0.7328125 0.01796875 0.053125 0.0359375
0 0.62890625 0.21015625 0.03828125 0.03125
0 0.43125 0.240625 0.03125 0.0265625
0 0.396875 0.225 0.05078125 0.040625
0 0.33671875 0.2015625 0.0359375 0.02890625
0 0.48046875 0.25234375 0.0453125 0.0359375
0 0.50703125 0.3109375 0.16796875 0.13203125
0 0.42890625 0.44375 0.03828125 0.02890625
0 0.384375 0.4046875 0.03359375 0.0265625
0 0.3890625 0.38125 0.03125 0.02421875
0 0.48046875 0.446875 0.06015625 0.0484375
0 0.26171875 0.35 0.06484375 0.053125
0 0.234375 0.3890625 0.04296875 0.03359375
0 0.2234375 0.40859375 0.03828125 0.03125
0 0.18359375 0.3765625 0.03828125 0.02890625
0 0.1359375 0.3125 0.12265625 0.09609375
0 0.0671875 0.275 0.0625 0.05078125
0 0.02265625 0.321875 0.03828125 0.03125
0 0.07109375 0.15625 0.03125 0.02421875
0 0.0625 0.13203125 0.05546875 0.04296875
0 0.34765625 0.09375 0.084375 0.0671875
0 0.24765625 0.02890625 0.0359375 0.02890625
0 0.175 0.01171875 0.0375 0.0234375
0 0.521875 0.8859375 0.0359375 0.02890625
0 0.48203125 0.90234375 0.040625 0.03359375
0 0.44453125 0.821875 0.03828125 0.02890625
0 0.05078125 0.74140625 0.03125 0.02421875
0 0.03984375 0.640625 0.0359375 0.02890625
0 0.11796875 0.5640625 0.196875 0.15625
0 0.31015625 0.5515625 0.053125 0.040625
0 0.35703125 0.6703125 0.03828125 0.03125
0 0.5109375 0.7203125 0.03125 0.02421875
0 0.48828125 0.7453125 0.05546875 0.04296875
0 0.3890625 0.6 0.0484375 0.03828125
0 0.80390625 0.76328125 0.103125 0.08203125
0 0.8796875 0.90234375 0.05078125 0.03828125
0 0.93515625 0.96875 0.071875 0.05546875
0 0.96171875 0.9375 0.0359375 0.02890625
0 0.98671875 0.7921875 0.0265625 0.02421875
0 0.7859375 0.89921875 0.14921875 0.115625
0 0.571875 0.4890625 0.1390625 0.1109375
0 0.91015625 0.8765625 0.04296875 0.03359375
0 0.2046875 0.62734375 0.040625 0.03125