0 0.16953125 0.0296875 0.0578125 0.059375
0 0.10546875 0.03984375 0.071875 0.0765625
0 0.03515625 0.20078125 0.03125 0.034375
0 0.0765625 0.16484375 0.028125 0.03125
0 0.36640625 0.1109375 0.05625 0.059375
0 0.2703125 0.1078125 0.025 0.0265625
0 0.35234375 0.3125 0.040625 0.04375
0 0.32421875 0.2984375 0.028125 0.03125
0 0.39921875 0.3125 0.0375 0.040625
0 0.45703125 0.03125 0.0375 0.040625
0 0.55859375 0.2078125 0.10625 0.1125
0 0.640625 0.20703125 0.0578125 0.0625
0 0.5765625 0.11796875 0.0796875 0.0875
0 0.47578125 0.11328125 0.0375 0.04375
0 0.321875 0.384375 0.034375 0.0359375
0 0.24296875 0.36875 0.034375 0.0359375
0 0.4359375 0.5625 0.040625 0.04375
0 0.48828125 0.57578125 0.0265625 0.028125
0 0.384375 0.609375 0.034375 0.0359375
0 0.3125 0.6609375 0.0265625 0.028125
0 0.44375 0.86640625 0.0265625 0.0265625
0 0.40390625 0.83984375 0.034375 0.0359375
0 0.3546875 0.7671875 0.0265625 0.028125
0 0.328125 0.7703125 0.0453125 0.0484375
0 0.25703125 0.8546875 0.0484375 0.05
0 0.271875 0.75625 0.0375 0.040625
0 0.2078125 0.7296875 0.028125 0.03125
0 0.12890625 0.5890625 0.028125 0.03125
0 0.2203125 0.603125 0.0625 0.0671875
0 0.22734375 0.41796875 0.0359375 0.0375
0 0.54921875 0.51953125 0.028125 0.03125
0 0.53828125 0.475 0.025 0.0265625
0 0.4734375 0.7921875 0.028125 0.03125
0 0.48203125 0.65625 0.0625 0.065625
0 0.57421875 0.86640625 0.03125 0.034375
0 0.55390625 0.803125 0.0265625 0.0265625
0 0.58515625 0.78359375 0.0578125 0.0625
0 0.36875 0.9046875 0.025 0.0265625
0 0.015625 0.8453125 0.03125 0.034375
0 0.1390625 0.353125 0.03125 0.03125
0 0.05390625 0.3375 0.028125 0.028125
0 0.8125 0.83984375 0.034375 0.0359375
0 0.896875 0.69921875 0.03125 0.034375
0 0.89765625 0.60078125 0.05625 0.0609375
0 0.75625 0.50859375 0.0875 0.09375
0 0.68984375 0.5140625 0.06875 0.075
0 0.7453125 0.39453125 0.0265625 0.028125
0 0.828125 0.74609375 0.0796875 0.084375
0 0.9828125 0.62109375 0.034375 0.0484375
0 0.6546875 0.571875 0.065625 0.06875
0 0.62890625 0.046875 0.11875 0.09375
0 0.76796875 0.63359375 0.08125 0.0875
0 0.6453125 0.2765625 0.059375 0.065625
0 0.6890625 0.30625 0.0671875 0.071875
0 0.80078125 0.140625 0.034375 0.0359375
0 0.35546875 0.18984375 0.028125 0.03125