0 0.0015625 0.00234375 0.003125 0.003125
0 0.1765625 0.23671875 0.353125 0.4734375
0 0.9890625 0.875 0.021875 0.0265625
0 0.9109375 0.98671875 0.034375 0.0265625
0 0.80859375 0.93984375 0.028125 0.0265625
0 0.87265625 0.734375 0.04375 0.040625
0 0.896875 0.6921875 0.0265625 0.025
0 0.6921875 0.82109375 0.0265625 0.025
0 0.66328125 0.625 0.1 0.09375
0 0.540625 0.53828125 0.040625 0.0375
0 0.57421875 0.55546875 0.059375 0.05625
0 0.4984375 0.56875 0.0484375 0.04375
0 0.38359375 0.48046875 0.0265625 0.0265625
0 0.31875 0.6515625 0.04375 0.040625
0 0.234375 0.5984375 0.059375 0.05625
0 0.47578125 0.75859375 0.053125 0.05
0 0.3109375 0.46640625 0.0453125 0.04375
0 0.3125 0.4890625 0.0375 0.0359375
0 0.15390625 0.5140625 0.05625 0.053125
0 0.103125 0.4859375 0.040625 0.0375
0 0.11875 0.65234375 0.040625 0.0375
0 0.1703125 0.73828125 0.034375 0.03125
0 0.603125 0.8734375 0.03125 0.028125
0 0.7765625 0.81015625 0.053125 0.0484375
0 0.6234375 0.70546875 0.0265625 0.0265625
0 0.0328125 0.0484375 0.059375 0.05625
0 0.0515625 0.19140625 0.103125 0.103125
0 0.1515625 0.0921875 0.0484375 0.0453125
0 0.27890625 0.053125 0.040625 0.0375
0 0.33203125 0.01328125 0.040625 0.0265625
0 0.49609375 0.296875 0.0375 0.0359375
0 0.50703125 0.41015625 0.03125 0.028125
0 0.63828125 0.02265625 0.0453125 0.04375
0 0.821875 0.3796875 0.0484375 0.0453125
0 0.58984375 0.31953125 0.0375 0.0359375
0 0.8296875 0.103125 0.1734375 0.1609375
0 0.978125 0.1984375 0.04375 0.040625
0 0.96171875 0.16796875 0.03125 0.028125
0 0.975 0.25859375 0.0484375 0.0453125
0 0.678125 0.265625 0.034375 0.03125
0 0.94140625 0.9640625 0.0484375 0.0453125
0 0.58203125 0.75390625 0.0375 0.0359375
0 0.6 0.77734375 0.0265625 0.025
0 0.31953125 0.796875 0.0265625 0.0265625
0 0.27890625 0.80390625 0.0453125 0.04375
0 0.109375 0.8390625 0.0375 0.0359375
0 0.1609375 0.859375 0.04375 0.040625
0 0.4375 0.77890625 0.034375 0.03125
0 0.44609375 0.6390625 0.0359375 0.034375
0 0.38359375 0.58515625 0.0359375 0.034375
0 0.203125 0.8234375 0.03125 0.028125
0 0.19140625 0.490625 0.071875 0.0671875
0 0.7390625 0.46875 0.0671875 0.0625
0 0.5265625 0.453125 0.0359375 0.034375
0 0.4375 0.540625 0.03125 0.028125
0 0.8796875 0.296875 0.028125 0.028125
0 0.94453125 0.28515625 0.03125 0.028125