0 0.91796875 0.96015625 0.02890625 0.0265625
0 0.76953125 0.9515625 0.0359375 0.0359375
0 0.74375 0.915625 0.0453125 0.04296875
0 0.71484375 0.86640625 0.03359375 0.03125
0 0.73046875 0.88828125 0.03828125 0.0359375
0 0.70546875 0.828125 0.040625 0.03828125
0 0.7953125 0.8703125 0.03359375 0.03125
0 0.8328125 0.91953125 0.02890625 0.0265625
0 0.89765625 0.92578125 0.02890625 0.0265625
0 0.94453125 0.8609375 0.03125 0.02890625
0 0.91328125 0.7671875 0.03359375 0.03125
0 0.78515625 0.696875 0.03125 0.03125
0 0.6421875 0.72734375 0.0265625 0.0265625
0 0.47578125 0.8703125 0.0453125 0.04296875
0 0.46171875 0.89453125 0.03125 0.03125
0 0.53515625 0.9125 0.0453125 0.04296875
0 0.55859375 0.96875 0.07421875 0.0625
0 0.58671875 0.92890625 0.053125 0.05078125
0 0.68046875 0.89921875 0.02890625 0.02890625
0 0.6859375 0.928125 0.03359375 0.03125
0 0.45078125 0.81640625 0.15625 0.14921875
0 0.49765625 0.6921875 0.071875 0.06953125
0 0.3484375 0.72109375 0.03828125 0.0359375
0 0.3234375 0.67890625 0.0265625 0.0265625
0 0.00078125 0.00234375 0.00078125 0.00078125
0 0.11796875 0.91796875 0.0890625 0.084375
0 0.084375 0.8484375 0.053125 0.05078125
0 0.26953125 0.8328125 0.25234375 0.240625
0 0.25234375 0.4796875 0.02890625 0.0265625
0 0.4 0.69140625 0.0265625 0.02421875
0 0.37890625 0.70546875 0.0265625 0.0265625
0 0.46875 0.49296875 0.0265625 0.0265625
0 0.428125 0.4078125 0.03828125 0.0359375
0 0.1234375 0.3921875 0.084375 0.0796875
0 0.1046875 0.46640625 0.084375 0.08203125
0 0.10078125 0.49609375 0.09375 0.0890625
0 0.0171875 0.44609375 0.03359375 0.0453125
0 0.0796875 0.31640625 0.03125 0.03125
0 0.19375 0.44375 0.1296875 0.125
0 0.0140625 0.53125 0.028125 0.040625
0 0.09375 0.01796875 0.05078125 0.0359375
0 0.07578125 0.115625 0.1515625 0.23046875
0 0.13125 0.015625 0.03828125 0.03125
0 0.415625 0.09765625 0.0359375 0.03359375
0 0.55859375 0.2484375 0.04296875 0.04296875
0 0.359375 0.16796875 0.03125 0.02890625
0 0.37734375 0.1515625 0.02890625 0.0265625
0 0.3265625 0.35234375 0.02890625 0.02890625
0 0.475 0.28984375 0.02890625 0.02890625
0 0.51171875 0.85 0.04296875 0.040625
0 0.51796875 0.884375 0.03125 0.02890625
0 0.7515625 0.6234375 0.03125 0.03125
0 0.70703125 0.5453125 0.04296875 0.040625
0 0.68984375 0.58046875 0.0359375 0.03359375
0 0.6421875 0.640625 0.03828125 0.0359375
0 0.65234375 0.6078125 0.03828125 0.0359375
0 0.68125 0.61875 0.0359375 0.03359375
0 0.57109375 0.58515625 0.02890625 0.0265625
0 0.5875 0.60546875 0.040625 0.03828125
0 0.71171875 0.49375 0.0265625 0.0265625
0 0.70078125 0.5046875 0.03359375 0.03359375
0 0.7171875 0.6078125 0.03359375 0.03125
0 0.68515625 0.64765625 0.02890625 0.0265625
0 0.37265625 0.53359375 0.0265625 0.02421875
0 0.31015625 0.58984375 0.03359375 0.03125
0 0.93515625 0.37734375 0.05546875 0.053125
0 0.74609375 0.36171875 0.0765625 0.07421875
0 0.740625 0.296875 0.05078125 0.0484375
0 0.78515625 0.384375 0.03125 0.02890625
0 0.4703125 0.42421875 0.03359375 0.03125
0 0.834375 0.5578125 0.0265625 0.0265625
0 0.9125 0.5828125 0.0359375 0.0359375
0 0.9484375 0.5484375 0.03125 0.02890625
0 0.96640625 0.7984375 0.0671875 0.071875
0 0.6515625 0.70546875 0.0265625 0.02421875
0 0.2203125 0.7125 0.04296875 0.040625
0 0.8765625 0.3234375 0.17578125 0.165625
0 0.79453125 0.1546875 0.0265625 0.0265625
0 0.81640625 0.16484375 0.03359375 0.03359375
0 0.7875 0.18046875 0.0484375 0.0453125
0 0.7328125 0.20703125 0.0265625 0.0265625
0 0.55859375 0.31640625 0.03359375 0.03125
0 0.8734375 0.18125 0.02890625 0.0265625
0 0.78984375 0.0984375 0.04296875 0.040625
0 0.740625 0.1234375 0.04296875 0.040625
0 0.7828125 0.13203125 0.0265625 0.02421875
0 0.94375 0.12109375 0.053125 0.0484375
0 0.68359375 0.203125 0.02890625 0.0265625
0 0.8921875 0.02890625 0.0359375 0.03359375
0 0.1875 0.23828125 0.06953125 0.06484375
0 0.1546875 0.57578125 0.1875 0.178125