0 0.5140625 0.2453125 0.184375 0.221875
0 0.80625 0.5 0.3875 0.90625
0 0.4390625 0.74296875 0.065625 0.0796875
0 0.6609375 0.66953125 0.059375 0.071875
0 0.60703125 0.66015625 0.04375 0.05
0 0.625 0.609375 0.040625 0.05
0 0.615625 0.72734375 0.0578125 0.06875
0 0.546875 0.60546875 0.0578125 0.0671875
0 0.484375 0.60234375 0.0796875 0.09375
0 0.55390625 0.48828125 0.040625 0.05
0 0.6828125 0.49375 0.0375 0.0484375
0 0.76953125 0.1984375 0.04375 0.05
0 0.89765625 0.1625 0.05625 0.065625
0 0.87265625 0.11875 0.0359375 0.04375
0 0.85703125 0.09609375 0.034375 0.040625
0 0.65859375 0.04921875 0.04375 0.05
0 0.7125 0.0890625 0.1203125 0.14375
0 0.76953125 0.14296875 0.0265625 0.03125
0 0.33515625 0.66796875 0.059375 0.071875
0 0.30859375 0.5265625 0.025 0.028125
0 0.265625 0.57421875 0.0265625 0.03125
0 0.2015625 0.6234375 0.0265625 0.034375
0 0.17421875 0.49296875 0.059375 0.071875
0 0.25390625 0.16796875 0.0359375 0.04375
0 0.3796875 0.2953125 0.028125 0.034375
0 0.3421875 0.1890625 0.096875 0.115625
0 0.3171875 0.0484375 0.0265625 0.034375
0 0.3078125 0.0265625 0.028125 0.0359375
0 0.4484375 0.046875 0.0265625 0.034375
0 0.60078125 0.54296875 0.075 0.0890625
0 0.50625 0.7234375 0.028125 0.034375
0 0.046875 0.11875 0.0484375 0.0578125
0 0.08203125 0.07109375 0.0265625 0.03125
0 0.07109375 0.39921875 0.03125 0.0375
0 0.0453125 0.6140625 0.0265625 0.03125
0 0.09140625 0.5578125 0.03125 0.0375
0 0.1046875 0.5109375 0.03125 0.0375
0 0.053125 0.49296875 0.0265625 0.034375
0 0.678125 0.859375 0.0359375 0.04375
0 0.4234375 0.49140625 0.146875 0.175