0 0.9234375 0.31640625 0.02421875 0.02421875
0 0.7546875 0.25 0.0484375 0.0484375
0 0.7796875 0.40390625 0.040625 0.03828125
0 0.79296875 0.5640625 0.03828125 0.03828125
0 0.6703125 0.50625 0.02890625 0.0265625
0 0.6078125 0.540625 0.05546875 0.053125
0 0.58984375 0.48671875 0.03359375 0.03359375
0 0.5109375 0.5171875 0.03359375 0.03359375
0 0.6203125 0.43515625 0.0359375 0.03359375
0 0.58046875 0.328125 0.0484375 0.0484375
0 0.5046875 0.35 0.02890625 0.02890625
0 0.4703125 0.33984375 0.03359375 0.03359375
0 0.75 0.1234375 0.0578125 0.0578125
0 0.8546875 0.2015625 0.10078125 0.0984375
0 0.8125 0.16953125 0.10078125 0.0984375
0 0.42890625 0.415625 0.06953125 0.0671875
0 0.3734375 0.4046875 0.0453125 0.04296875
0 0.33203125 0.58515625 0.03828125 0.0359375
0 0.290625 0.58515625 0.06015625 0.0578125
0 0.25 0.5640625 0.03828125 0.03828125
0 0.271875 0.5421875 0.02890625 0.0265625
0 0.1859375 0.5890625 0.03125 0.03125
0 0.24375 0.61171875 0.05546875 0.053125
0 0.05390625 0.66328125 0.03125 0.02890625
0 0.078125 0.63359375 0.071875 0.06953125
0 0.271875 0.72265625 0.02890625 0.02890625
0 0.2453125 0.75234375 0.05078125 0.0484375
0 0.4015625 0.6234375 0.0484375 0.0484375
0 0.44609375 0.6734375 0.084375 0.08203125
0 0.078125 0.50703125 0.0265625 0.0265625
0 0.04921875 0.54921875 0.0265625 0.02421875
0 0.07109375 0.5328125 0.1421875 0.1390625
0 0.03125 0.703125 0.0265625 0.02421875
0 0.01328125 0.7203125 0.0265625 0.0265625
0 0.7234375 0.5921875 0.09375 0.09140625
0 0.38203125 0.0640625 0.040625 0.040625
0 0.52265625 0.02265625 0.02890625 0.02890625
0 0.3015625 0.02265625 0.07421875 0.0453125
0 0.3125 0.0609375 0.0265625 0.0265625
0 0.21171875 0.0765625 0.0265625 0.0265625
0 0.5609375 0.30390625 0.125 0.12265625
0 0.72265625 0.0921875 0.11328125 0.1109375
0 0.66015625 0.0421875 0.09140625 0.084375
0 0.32578125 0.21015625 0.02890625 0.02890625
0 0.225 0.18515625 0.02421875 0.02421875
0 0.03828125 0.30390625 0.0765625 0.09609375
0 0.0484375 0.421875 0.09609375 0.125
0 0.10703125 0.234375 0.05546875 0.053125
0 0.0734375 0.72265625 0.03828125 0.0359375
0 0.31640625 0.93515625 0.0265625 0.02421875
0 0.48671875 0.9046875 0.03125 0.03125
0 0.6203125 0.8171875 0.02421875 0.02421875
0 0.55390625 0.94609375 0.02421875 0.02421875
0 0.62265625 0.97265625 0.03125 0.02890625
0 0.75 0.76328125 0.02890625 0.0265625
0 0.790625 0.6703125 0.02890625 0.0265625
0 0.6546875 0.62890625 0.0484375 0.0484375
0 0.59375 0.62890625 0.02421875 0.02421875
0 0.9421875 0.6609375 0.0359375 0.0359375
0 0.9234375 0.69375 0.03125 0.02890625
0 0.9203125 0.97734375 0.05546875 0.0453125