0 0.1296875 0.9828125 0.0375 0.034375
0 0.0484375 0.76328125 0.0359375 0.034375
0 0.33046875 0.571875 0.05625 0.05
0 0.44609375 0.7640625 0.04375 0.040625
0 0.2953125 0.90859375 0.040625 0.0375
0 0.24375 0.859375 0.028125 0.0265625
0 0.10078125 0.82578125 0.03125 0.028125
0 0.25390625 0.96171875 0.0265625 0.025
0 0.571875 0.9046875 0.071875 0.0671875
0 0.6625 0.8859375 0.034375 0.03125
0 0.61640625 0.95703125 0.0375 0.0359375
0 0.65 0.93359375 0.03125 0.028125
0 0.546875 0.77890625 0.0359375 0.034375
0 0.4671875 0.65390625 0.04375 0.040625
0 0.48046875 0.62265625 0.0359375 0.034375
0 0.42890625 0.68046875 0.0578125 0.05625
0 0.19921875 0.71484375 0.034375 0.03125
0 0.08515625 0.6078125 0.04375 0.0375
0 0.1359375 0.60078125 0.028125 0.0265625
0 0.0734375 0.5734375 0.0375 0.0359375
0 0.67578125 0.74375 0.034375 0.03125
0 0.56484375 0.5890625 0.034375 0.03125
0 0.515625 0.76796875 0.034375 0.03125
0 0.82578125 0.6140625 0.3375 0.315625
0 0.88828125 0.4484375 0.05 0.0453125
0 0.6234375 0.4359375 0.0375 0.0359375
0 0.709375 0.4640625 0.19375 0.1828125
0 0.55625 0.40234375 0.103125 0.096875
0 0.2234375 0.32578125 0.246875 0.23125
0 0.21015625 0.44453125 0.065625 0.059375
0 0.2015625 0.4796875 0.0265625 0.025
0 0.18046875 0.50390625 0.040625 0.0375
0 0.16484375 0.53515625 0.028125 0.0265625
0 0.49140625 0.4953125 0.028125 0.028125
0 0.2703125 0.46640625 0.0359375 0.034375
0 0.30625 0.49609375 0.040625 0.0359375
0 0.34765625 0.5 0.0359375 0.034375
0 0.33671875 0.4703125 0.03125 0.028125
0 0.3390625 0.1765625 0.0484375 0.0453125
0 0.09140625 0.025 0.03125 0.028125
0 0.46015625 0.06640625 0.075 0.06875
0 0.16953125 0.43046875 0.028125 0.0265625
0 0.3328125 0.60078125 0.05625 0.05
0 0.5046875 0.71484375 0.0359375 0.034375