0 0.046875 0.99296875 0.0265625 0.0140625
0 0.071875 0.98828125 0.028125 0.0234375
0 0.9515625 0.9515625 0.0625 0.0625
0 0.98828125 0.95 0.0234375 0.0375
0 0.703125 0.91015625 0.0265625 0.0265625
0 0.75859375 0.8296875 0.05 0.05
0 0.61171875 0.77421875 0.040625 0.0375
0 0.5875 0.771875 0.0265625 0.0265625
0 0.578125 0.7328125 0.025 0.025
0 0.59375 0.6078125 0.0359375 0.0359375
0 0.61796875 0.703125 0.259375 0.2546875
0 0.8171875 0.6984375 0.0265625 0.025
0 0.8453125 0.66953125 0.0453125 0.0453125
0 0.84375 0.64921875 0.028125 0.028125
0 0.890625 0.6765625 0.05625 0.05625
0 0.95703125 0.66015625 0.0359375 0.034375
0 0.9171875 0.69375 0.028125 0.0265625
0 0.93984375 0.71171875 0.028125 0.0265625
0 0.915625 0.72734375 0.0765625 0.075
0 0.9578125 0.51796875 0.034375 0.03125
0 0.9796875 0.56484375 0.03125 0.028125
0 0.82109375 0.59765625 0.04375 0.04375
0 0.821875 0.634375 0.028125 0.028125
0 0.8140625 0.47109375 0.034375 0.034375
0 0.9890625 0.4359375 0.021875 0.0265625
0 0.990625 0.36640625 0.01875 0.0265625
0 0.6296875 0.1984375 0.05 0.0484375
0 0.50859375 0.1109375 0.0625 0.059375
0 0.71171875 0.14296875 0.0359375 0.0359375
0 0.759375 0.1703125 0.0484375 0.0484375
0 0.70703125 0.084375 0.065625 0.065625
0 0.6703125 0.0453125 0.0359375 0.0359375
0 0.67734375 0.0125 0.0265625 0.025
0 0.8546875 0.078125 0.028125 0.0296875
0 0.86875 0.06015625 0.028125 0.0296875
0 0.875 0.0296875 0.03125 0.03125
0 0.9015625 0.046875 0.0265625 0.0265625
0 0.9078125 0.01328125 0.03125 0.0265625
0 0.9578125 0.2515625 0.0265625 0.0265625
0 0.9734375 0.28359375 0.03125 0.028125
0 0.98828125 0.228125 0.0234375 0.03125
0 0.96015625 0.14765625 0.028125 0.028125
0 0.978125 0.10078125 0.0265625 0.0265625
0 0.990625 0.1140625 0.01875 0.025
0 0.89296875 0.14921875 0.0359375 0.034375
0 0.803125 0.1296875 0.065625 0.0625
0 0.8421875 0.15859375 0.0578125 0.0578125
0 0.9234375 0.2875 0.028125 0.028125
0 0.93359375 0.2671875 0.0265625 0.025
0 0.90234375 0.265625 0.03125 0.03125
0 0.84140625 0.26328125 0.028125 0.0265625
0 0.85703125 0.29921875 0.0375 0.0359375
0 0.8890625 0.28125 0.0375 0.0359375
0 0.73203125 0.32578125 0.053125 0.05
0 0.74140625 0.40390625 0.025 0.025
0 0.56484375 0.36640625 0.053125 0.05
0 0.41953125 0.4234375 0.034375 0.034375
0 0.45078125 0.43984375 0.040625 0.040625
0 0.51328125 0.45546875 0.0265625 0.025
0 0.49296875 0.28359375 0.29375 0.2875
0 0.29296875 0.071875 0.0578125 0.05625
0 0.4234375 0.63671875 0.0453125 0.0453125
0 0.3109375 0.89921875 0.025 0.025
0 0.30390625 0.7125 0.0359375 0.0359375
0 0.30390625 0.5796875 0.1203125 0.11875
0 0.28125 0.42578125 0.05 0.0484375
0 0.18515625 0.57109375 0.0265625 0.0265625
0 0.14921875 0.3765625 0.0484375 0.0484375
0 0.09140625 0.11328125 0.0890625 0.0875
0 0.08515625 0.509375 0.0625 0.059375
0 0.0890625 0.61875 0.1140625 0.1109375
0 0.12265625 0.65234375 0.071875 0.0703125
0 0.1875 0.68046875 0.040625 0.0375
0 0.39921875 0.54296875 0.040625 0.040625
0 0.18125 0.74375 0.0265625 0.025
0 0.12265625 0.790625 0.03125 0.028125
0 0.01484375 0.7921875 0.0296875 0.03125
0 0.00859375 0.9828125 0.0171875 0.025
0 0.0484375 0.77734375 0.040625 0.040625
0 0.6390625 0.12265625 0.0265625 0.0265625
0 0.4 0.9203125 0.1953125 0.159375
0 0.26328125 0.9421875 0.075 0.075
0 0.89765625 0.32578125 0.053125 0.05
0 0.35546875 0.728125 0.0453125 0.0453125
0 0.290625 0.3734375 0.05 0.05