0 0.00234375 0.00234375 0.00078125 0.00078125
0 0.571875 0.9546875 0.03125 0.03125
0 0.33515625 0.9515625 0.03125 0.03125
0 0.1359375 0.9109375 0.0265625 0.0265625
0 0.0578125 0.96640625 0.0359375 0.0359375
0 0.0796875 0.94453125 0.053125 0.053125
0 0.3453125 0.5265625 0.04296875 0.04296875
0 0.3484375 0.546875 0.05078125 0.0484375
0 0.47578125 0.40234375 0.0265625 0.0265625
0 0.43984375 0.78359375 0.0484375 0.0484375
0 0.4703125 0.81015625 0.0359375 0.0359375
0 0.4734375 0.8390625 0.0359375 0.0359375
0 0.80078125 0.47265625 0.0359375 0.0359375
0 0.921875 0.62265625 0.0359375 0.0359375
0 0.171875 0.30859375 0.0265625 0.0265625
0 0.2875 0.8640625 0.0265625 0.0265625
0 0.009375 0.0578125 0.01875 0.025
0 0.0140625 0.07578125 0.02421875 0.02421875
0 0.365625 0.1609375 0.02421875 0.02421875