0 0.584375 0.0296875 0.04375 0.040625
0 0.20703125 0.109375 0.028125 0.0265625
0 0.43984375 0.15390625 0.0359375 0.034375
0 0.50625 0.2078125 0.034375 0.03125
0 0.54453125 0.2296875 0.0359375 0.034375
0 0.17578125 0.240625 0.0296875 0.0265625
0 0.75390625 0.12109375 0.04375 0.040625
0 0.9078125 0.515625 0.040625 0.0375
0 0.30390625 0.5453125 0.0875 0.08125
0 0.2546875 0.390625 0.028125 0.0265625
0 0.0875 0.7171875 0.028125 0.0265625
0 0.01484375 0.72109375 0.0296875 0.0265625
0 0.209375 0.959375 0.0359375 0.034375
0 0.18984375 0.91953125 0.0265625 0.025
0 0.83984375 0.7453125 0.0359375 0.034375
0 0.94609375 0.975 0.034375 0.03125
0 0.8953125 0.08203125 0.0375 0.0359375
0 0.6359375 0.4625 0.03125 0.03125
0 0.77890625 0.84375 0.0875 0.08125
0 0.634375 0.75703125 0.04375 0.040625
0 0.6546875 0.81484375 0.159375 0.15