0 0.8078125 0.009375 0.03125 0.01875
0 0.52421875 0.0875 0.03125 0.02421875
0 0.3140625 0.0984375 0.06015625 0.0484375
0 0.23203125 0.1078125 0.05078125 0.03828125
0 0.16328125 0.12734375 0.040625 0.03125
0 0.1265625 0.171875 0.084375 0.06484375
0 0.36640625 0.0765625 0.053125 0.040625
0 0.40859375 0.12734375 0.0671875 0.053125
0 0.375 0.15625 0.053125 0.040625
0 0.396875 0.20703125 0.03125 0.02421875
0 0.71875 0.17578125 0.16796875 0.1296875
0 0.39921875 0.0265625 0.03359375 0.0265625
0 0.02734375 0.6625 0.03828125 0.03125
0 0.0375 0.7203125 0.07421875 0.071875
0 0.05546875 0.47578125 0.06484375 0.05078125
0 0.0375 0.5671875 0.03125 0.02421875
0 0.28359375 0.5421875 0.0578125 0.04296875
0 0.22578125 0.5875 0.03828125 0.02890625
0 0.32578125 0.68984375 0.0671875 0.053125
0 0.259375 0.6734375 0.0484375 0.0359375
0 0.290625 0.30859375 0.0796875 0.0625
0 0.4171875 0.328125 0.06015625 0.0453125
0 0.3734375 0.44921875 0.04296875 0.03359375
0 0.34140625 0.4375 0.03828125 0.03125
0 0.3328125 0.4859375 0.05078125 0.03828125
0 0.49296875 0.3375 0.0359375 0.02890625
0 0.62265625 0.33984375 0.06484375 0.05078125
0 0.63828125 0.2515625 0.196875 0.15390625
0 0.74609375 0.5265625 0.04296875 0.03359375
0 0.8078125 0.74375 0.10078125 0.0765625
0 0.9125 0.634375 0.03125 0.02421875
0 0.05078125 0.15234375 0.10078125 0.10546875
0 0.3796875 0.290625 0.084375 0.0671875