0 0.94140625 0.73671875 0.065625 0.053125
0 0.91953125 0.775 0.0453125 0.0359375
0 0.9078125 0.66953125 0.034375 0.028125
0 0.9015625 0.6359375 0.196875 0.2171875
0 0.93359375 0.428125 0.0578125 0.0453125
0 0.76328125 0.7765625 0.040625 0.034375
0 0.59140625 0.5796875 0.0578125 0.0453125
0 0.490625 0.9375 0.1625 0.125
0 0.58671875 0.78828125 0.0625 0.05
0 0.19609375 0.38671875 0.034375 0.0265625
0 0.25625 0.15 0.065625 0.05
0 0.453125 0.4734375 0.0375 0.03125
0 0.44609375 0.3421875 0.178125 0.1421875
0 0.0828125 0.2875 0.04375 0.034375
0 0.11796875 0.2796875 0.040625 0.034375
0 0.64921875 0.2484375 0.0375 0.03125