0 0.00234375 0.9984375 0.003125 0.003125
0 0.46015625 0.87890625 0.2953125 0.2421875
0 0.009375 0.925 0.01875 0.0375
0 0.0375 0.9265625 0.0578125 0.059375
0 0.0296875 0.72734375 0.03125 0.034375
0 0.0671875 0.87265625 0.0265625 0.028125
0 0.0984375 0.74609375 0.196875 0.259375
0 0.2015625 0.83046875 0.04375 0.04375
0 0.30390625 0.821875 0.0578125 0.0609375
0 0.32578125 0.7546875 0.04375 0.04375
0 0.428125 0.646875 0.0765625 0.0796875
0 0.02265625 0.5578125 0.0453125 0.0796875
0 0.040625 0.43359375 0.0375 0.040625
0 0.0765625 0.35234375 0.0890625 0.09375
0 0.11796875 0.39921875 0.0984375 0.103125
0 0.0671875 0.5203125 0.103125 0.1078125
0 0.25234375 0.5421875 0.028125 0.03125
0 0.2640625 0.66484375 0.025 0.0265625
0 0.26328125 0.73203125 0.06875 0.075
0 0.1625 0.90625 0.0359375 0.0359375
0 0.22109375 0.33984375 0.0484375 0.05
0 0.18515625 0.4484375 0.0453125 0.0484375
0 0.3109375 0.3484375 0.096875 0.1
0 0.31015625 0.4125 0.0375 0.040625
0 0.3578125 0.37109375 0.075 0.0765625
0 0.29921875 0.24609375 0.0265625 0.028125
0 0.1546875 0.203125 0.040625 0.040625
0 0.2328125 0.0921875 0.034375 0.034375
0 0.3015625 0.07421875 0.03125 0.03125
0 0.296875 0.10078125 0.034375 0.0359375
0 0.3265625 0.046875 0.025 0.0265625
0 0.37109375 0.0734375 0.071875 0.075
0 0.3484375 0.109375 0.0875 0.0890625
0 0.09765625 0.1078125 0.0671875 0.06875
0 0.45703125 0.196875 0.1703125 0.178125
0 0.553125 0.20546875 0.028125 0.03125
0 0.54453125 0.275 0.0359375 0.0375
0 0.55390625 0.359375 0.03125 0.034375
0 0.68046875 0.18359375 0.03125 0.034375
0 0.6875 0.27421875 0.0359375 0.0375
0 0.696875 0.3265625 0.0265625 0.028125
0 0.7671875 0.14296875 0.040625 0.04375
0 0.7796875 0.21484375 0.040625 0.04375
0 0.828125 0.165625 0.034375 0.034375
0 0.49609375 0.58984375 0.040625 0.040625
0 0.55625 0.6296875 0.0453125 0.0484375
0 0.55625 0.678125 0.0375 0.040625
0 0.71484375 0.6875 0.0375 0.0375
0 0.725 0.6578125 0.025 0.0265625
0 0.353125 0.4640625 0.0375 0.0375
0 0.2484375 0.5203125 0.153125 0.1609375
0 0.80625 0.7875 0.075 0.0765625
0 0.86796875 0.71640625 0.153125 0.1609375
0 0.9125 0.89921875 0.0484375 0.05
0 0.64453125 0.8703125 0.075 0.0796875
0 0.92421875 0.525 0.053125 0.05625
0 0.93125 0.6046875 0.11875 0.125
0 0.95703125 0.2046875 0.0265625 0.028125
0 0.91484375 0.0453125 0.025 0.0265625
0 0.93515625 0.0140625 0.025 0.0265625