0 0.65625 0.11875 0.07421875 0.071875
0 0.74140625 0.1609375 0.1296875 0.12734375
0 0.7546875 0.25859375 0.0453125 0.04296875
0 0.7453125 0.3328125 0.03828125 0.0359375
0 0.8921875 0.29921875 0.0265625 0.0265625
0 0.85 0.25859375 0.02890625 0.02890625
0 0.69609375 0.2453125 0.09375 0.09140625
0 0.5671875 0.2234375 0.11328125 0.1109375
0 0.49375 0.165625 0.04296875 0.040625
0 0.52734375 0.11875 0.084375 0.08203125
0 0.4359375 0.2015625 0.02890625 0.02890625
0 0.4015625 0.23828125 0.0265625 0.0265625
0 0.553125 0.046875 0.02890625 0.0265625
0 0.47578125 0.0375 0.03125 0.03125
0 0.36875 0.05078125 0.0265625 0.02421875
0 0.28046875 0.0140625 0.0296875 0.028125
0 0.1359375 0.11796875 0.0625 0.06015625
0 0.11875 0.14296875 0.0625 0.0625
0 0.1140625 0.3171875 0.14453125 0.1390625
0 0.3484375 0.1625 0.02890625 0.02890625
0 0.16953125 0.21171875 0.03828125 0.0359375
0 0.21171875 0.4328125 0.0578125 0.05546875
0 0.13828125 0.48671875 0.06484375 0.0625
0 0.16015625 0.50625 0.03359375 0.03359375
0 0.31484375 0.390625 0.0265625 0.0265625
0 0.3921875 0.46484375 0.05078125 0.05078125
0 0.48828125 0.3890625 0.03828125 0.03828125
0 0.46640625 0.41953125 0.03125 0.02890625
0 0.5109375 0.4703125 0.0359375 0.0359375
0 0.50234375 0.43046875 0.05546875 0.05546875
0 0.5375 0.390625 0.05078125 0.0484375
0 0.61875 0.4125 0.0484375 0.0484375
0 0.65234375 0.44453125 0.040625 0.040625
0 0.8125 0.06953125 0.0890625 0.08671875
0 0.7234375 0.0375 0.03125 0.03125
0 0.88359375 0.0484375 0.0265625 0.0265625
0 0.946875 0.0453125 0.03125 0.02890625
0 0.9625 0.09765625 0.03359375 0.03359375
0 0.92890625 0.07421875 0.0453125 0.04296875
0 0.9390625 0.4421875 0.0578125 0.05546875
0 0.86796875 0.4625 0.03125 0.02890625
0 0.69375 0.40625 0.02890625 0.0265625
0 0.9625 0.4859375 0.0265625 0.0265625
0 0.92890625 0.49140625 0.03359375 0.03125
0 0.61171875 0.8296875 0.10546875 0.103125
0 0.50625 0.75390625 0.03359375 0.03359375
0 0.46875 0.5375 0.0265625 0.0265625
0 0.225 0.5953125 0.09375 0.09140625
0 0.271875 0.51796875 0.10078125 0.09609375
0 0.3546875 0.615625 0.0765625 0.07421875
0 0.32578125 0.70546875 0.0765625 0.07421875
0 0.17578125 0.9 0.1703125 0.16328125
0 0.51953125 0.9328125 0.0265625 0.02421875
0 0.3765625 0.76171875 0.02890625 0.02890625
0 0.2859375 0.790625 0.1421875 0.13671875
0 0.25234375 0.86171875 0.0484375 0.0453125
0 0.61875 0.74140625 0.06953125 0.0671875
0 0.4234375 0.709375 0.04296875 0.04296875
0 0.84140625 0.80390625 0.04296875 0.04296875
0 0.6890625 0.82109375 0.03359375 0.03359375
0 0.9234375 0.7921875 0.0671875 0.06484375
0 0.9359375 0.7484375 0.0625 0.06015625
0 0.9328125 0.6890625 0.02890625 0.02890625
0 0.80859375 0.55390625 0.03359375 0.03125
0 0.78125 0.59140625 0.0359375 0.03359375
0 0.4734375 0.68359375 0.0671875 0.06484375
0 0.525 0.853125 0.0265625 0.0265625
0 0.31953125 0.92890625 0.02890625 0.02890625
0 0.39296875 0.91015625 0.084375 0.08203125
0 0.36875 0.94921875 0.0265625 0.0265625
0 0.0421875 0.61796875 0.084375 0.0890625
0 0.0453125 0.8765625 0.03828125 0.03828125
0 0.0875 0.81953125 0.0359375 0.03359375
0 0.06640625 0.446875 0.13203125 0.20703125
0 0.06875 0.6921875 0.071875 0.06953125
0 0.084375 0.7390625 0.0765625 0.07421875
0 0.06015625 0.71171875 0.1203125 0.1828125
0 0.11875 0.7765625 0.02890625 0.02890625