0 0.4109375 0.39765625 0.821875 0.7953125
0 0.01953125 0.01796875 0.03828125 0.0359375
0 0.01328125 0.42890625 0.0265625 0.04296875
0 0.1234375 0.19453125 0.0265625 0.0265625
0 0.015625 0.2453125 0.02890625 0.02890625
0 0.4125 0.44453125 0.05546875 0.053125
0 0.43984375 0.52734375 0.071875 0.071875
0 0.49375 0.59765625 0.10546875 0.103125
0 0.50390625 0.75703125 0.03828125 0.03828125
0 0.12734375 0.8375 0.15625 0.1515625
0 0.06640625 0.90234375 0.0265625 0.0265625
0 0.0734375 0.775 0.02890625 0.0265625
0 0.47734375 0.20703125 0.02890625 0.02890625
0 0.5484375 0.38828125 0.0265625 0.0265625
0 0.81015625 0.5109375 0.0453125 0.04296875
0 0.81640625 0.24765625 0.03828125 0.0359375
0 0.33203125 0.396875 0.0359375 0.0359375
0 0.66796875 0.16953125 0.03828125 0.0359375
0 0.7140625 0.05390625 0.03359375 0.03359375
0 0.84140625 0.12890625 0.0453125 0.0453125
0 0.8578125 0.2546875 0.0453125 0.0453125
0 0.89453125 0.27734375 0.03359375 0.03359375
0 0.890625 0.32578125 0.02890625 0.02890625
0 0.9015625 0.20078125 0.19453125 0.18984375
0 0.95546875 0.0984375 0.05546875 0.053125
0 0.90859375 0.109375 0.0359375 0.0359375
0 0.82421875 0.04453125 0.02890625 0.0265625
0 0.87265625 0.1 0.03359375 0.03359375
0 0.53828125 0.4953125 0.0265625 0.02421875
0 0.80078125 0.6140625 0.02421875 0.02421875
0 0.75390625 0.8390625 0.259375 0.2546875
0 0.9078125 0.92578125 0.134375 0.13203125
0 0.59375 0.90390625 0.0453125 0.0453125
0 0.53359375 0.9484375 0.071875 0.071875
0 0.24375 0.9015625 0.11328125 0.1109375
0 0.51171875 0.91328125 0.03125 0.03125
0 0.60234375 0.84375 0.053125 0.05078125
0 0.15390625 0.05625 0.2234375 0.1125