0 0.33203125 0.12265625 0.4234375 0.2453125
0 0.00859375 0.92578125 0.0171875 0.03125
0 0.0984375 0.896875 0.03828125 0.03828125
0 0.0140625 0.7984375 0.028125 0.03125
0 0.0734375 0.82421875 0.0265625 0.0265625
0 0.20703125 0.89453125 0.040625 0.040625
0 0.23828125 0.93984375 0.0578125 0.0578125
0 0.4046875 0.9734375 0.0265625 0.0265625
0 0.38359375 0.89296875 0.040625 0.040625
0 0.35078125 0.9328125 0.03125 0.03125
0 0.3109375 0.9265625 0.03828125 0.03828125
0 0.234375 0.85078125 0.03828125 0.03828125
0 0.18984375 0.93359375 0.0359375 0.0359375
0 0.0015625 0.00234375 0.00078125 0.00078125
0 0.56875 0.86875 0.02890625 0.02890625
0 0.45546875 0.85234375 0.02890625 0.02890625
0 0.8421875 0.959375 0.03359375 0.03125
0 0.828125 0.89453125 0.071875 0.06953125
0 0.94453125 0.8640625 0.03125 0.03125
0 0.8734375 0.67890625 0.0484375 0.0484375
0 0.83046875 0.7359375 0.02421875 0.02421875
0 0.8265625 0.36796875 0.19453125 0.1921875
0 0.66328125 0.54296875 0.02890625 0.02890625
0 0.6625 0.50390625 0.06484375 0.06484375
0 0.725 0.52265625 0.0453125 0.0453125
0 0.73203125 0.91953125 0.0359375 0.0359375
0 0.72265625 0.88828125 0.03359375 0.03125
0 0.7125 0.85546875 0.03359375 0.03359375
0 0.4484375 0.76796875 0.1734375 0.1703125
0 0.49375 0.58671875 0.0578125 0.0578125
0 0.58046875 0.5265625 0.040625 0.040625
0 0.5921875 0.453125 0.0265625 0.0265625
0 0.41328125 0.52265625 0.0359375 0.0359375
0 0.43046875 0.57109375 0.2859375 0.28125
0 0.19609375 0.60078125 0.02890625 0.02890625
0 0.1546875 0.63203125 0.02890625 0.02890625
0 0.16328125 0.70078125 0.02890625 0.02890625
0 0.0921875 0.734375 0.0671875 0.0671875
0 0.0734375 0.678125 0.146875 0.19921875
0 0.3609375 0.47734375 0.03125 0.03125
0 0.54296875 0.73203125 0.02421875 0.02421875
0 0.61875 0.6359375 0.09609375 0.09609375
0 0.509375 0.3328125 0.0359375 0.0359375
0 0.2359375 0.2875 0.02890625 0.02890625
0 0.22265625 0.33046875 0.02890625 0.0265625
0 0.13359375 0.27265625 0.0671875 0.0671875
0 0.27421875 0.41796875 0.04296875 0.040625
0 0.15234375 0.5 0.0453125 0.0453125
0 0.09375 0.5296875 0.0625 0.06015625
0 0.09375 0.44140625 0.05546875 0.053125
0 0.0578125 0.421875 0.0265625 0.0265625
0 0.4359375 0.259375 0.16328125 0.1609375
0 0.2875 0.86796875 0.0265625 0.0265625
0 0.0671875 0.18515625 0.134375 0.1390625
0 0.4015625 0.11328125 0.02890625 0.02890625
0 0.36640625 0.07109375 0.0265625 0.02421875
0 0.73671875 0.03515625 0.03125 0.02890625
0 0.6359375 0.10234375 0.0359375 0.0359375
0 0.69375 0.0671875 0.0890625 0.08671875
0 0.83203125 0.12890625 0.0359375 0.0359375
0 0.63828125 0.09375 0.20703125 0.1875
0 0.11328125 0.4859375 0.05546875 0.05546875
0 0.31796875 0.01171875 0.0359375 0.0234375