0 0.2765625 0.8328125 0.03125 0.03125
0 0.55390625 0.7359375 0.03125 0.03125
0 0.5453125 0.81484375 0.034375 0.034375
0 0.078125 0.7921875 0.15625 0.165625
0 0.15390625 0.6265625 0.05 0.053125
0 0.12890625 0.6859375 0.059375 0.0625
0 0.3859375 0.51796875 0.1109375 0.11875
0 0.290625 0.93046875 0.0359375 0.0375
0 0.03125 0.9265625 0.0625 0.10625
0 0.45703125 0.81484375 0.028125 0.03125
0 0.52421875 0.77734375 0.4625 0.44375
0 0.853125 0.23671875 0.1734375 0.1828125
0 0.9 0.1515625 0.1109375 0.11875
0 0.83203125 0.08515625 0.075 0.0796875
0 0.728125 0.29921875 0.0265625 0.0265625
0 0.5625 0.37265625 0.0359375 0.0359375
0 0.44140625 0.10078125 0.0375 0.040625
0 0.72265625 0.9359375 0.06875 0.071875
0 0.78984375 0.8328125 0.0375 0.040625
0 0.7796875 0.74140625 0.0484375 0.05
0 0.790625 0.603125 0.028125 0.028125
0 0.96484375 0.3859375 0.0625 0.065625
0 0.9015625 0.8421875 0.03125 0.034375
0 0.671875 0.78828125 0.025 0.0265625
0 0.19375 0.11640625 0.0375 0.040625
0 0.115625 0.07578125 0.10625 0.1109375
0 0.03984375 0.0796875 0.0796875 0.09375
0 0.6 0.29453125 0.040625 0.04375
0 0.6890625 0.25390625 0.0890625 0.09375
0 0.775 0.0453125 0.0453125 0.0484375
0 0.08046875 0.58984375 0.11875 0.125
0 0.96171875 0.07109375 0.071875 0.075
0 0.0015625 0.9984375 0.0015625 0.003125