0 0.42421875 0.6515625 0.37265625 0.3609375
0 0.94609375 0.25625 0.03125 0.03125
0 0.8859375 0.2875 0.0359375 0.0359375
0 0.93359375 0.14453125 0.04296875 0.04296875
0 0.87265625 0.17578125 0.03359375 0.03125
0 0.89453125 0.1265625 0.03125 0.03125
0 0.8546875 0.103125 0.02890625 0.0265625
0 0.759375 0.10078125 0.0453125 0.04296875
0 0.74296875 0.1625 0.03125 0.03125
0 0.68359375 0.02890625 0.02421875 0.02421875
0 0.61328125 0.0515625 0.053125 0.053125
0 0.31015625 0.09765625 0.06015625 0.0578125
0 0.16328125 0.19609375 0.03125 0.03125
0 0.1296875 0.1515625 0.040625 0.040625
0 0.240625 0.26171875 0.0359375 0.03359375
0 0.2453125 0.30625 0.06015625 0.06015625
0 0.12109375 0.90390625 0.03125 0.03125
0 0.009375 0.75859375 0.01875 0.0234375
0 0.01796875 0.5921875 0.0359375 0.053125
0 0.025 0.46796875 0.05 0.0609375
0 0.1046875 0.5359375 0.02890625 0.02890625
0 0.0578125 0.6765625 0.05078125 0.0484375
0 0.73203125 0.771875 0.0625 0.06015625
0 0.37734375 0.66953125 0.0453125 0.04296875
0 0.1703125 0.77890625 0.0265625 0.02421875
0 0.96171875 0.7484375 0.02890625 0.0265625
0 0.9375 0.75703125 0.0265625 0.02421875
0 0.9890625 0.8296875 0.021875 0.02421875
0 0.95546875 0.97109375 0.0359375 0.0359375
0 0.828125 0.86875 0.02890625 0.02890625
0 0.79453125 0.9234375 0.03359375 0.03125
0 0.65234375 0.5046875 0.0265625 0.0265625