0 0.140625 0.984375 0.0265625 0.02421875
0 0.06015625 0.78515625 0.03359375 0.03359375
0 0.2484375 0.98203125 0.0265625 0.0265625
0 0.27890625 0.97578125 0.02890625 0.02890625
0 0.30390625 0.9421875 0.0359375 0.0359375
0 0.47578125 0.81953125 0.0265625 0.02421875
0 0.66015625 0.88671875 0.02890625 0.0265625
0 0.6625 0.9203125 0.0265625 0.02421875
0 0.9234375 0.36875 0.03359375 0.03359375
0 0.9546875 0.58203125 0.0265625 0.0265625
0 0.85703125 0.59140625 0.0265625 0.0265625
0 0.79453125 0.5484375 0.04296875 0.040625
0 0.953125 0.634375 0.02890625 0.02890625
0 0.9671875 0.6515625 0.03359375 0.03359375
0 0.8890625 0.6546875 0.05078125 0.0484375
0 0.5953125 0.428125 0.0359375 0.0359375
0 0.55546875 0.50625 0.02890625 0.0265625
0 0.4015625 0.75859375 0.03828125 0.0359375
0 0.38671875 0.82578125 0.0265625 0.02421875
0 0.4515625 0.16796875 0.02890625 0.0265625
0 0.5 0.1859375 0.03125 0.02890625
0 0.68125 0.13203125 0.02890625 0.0265625
0 0.86875 0.23203125 0.02890625 0.02890625
0 0.61640625 0.2125 0.0265625 0.0265625
0 0.571875 0.49375 0.02890625 0.02890625
0 0.7296875 0.2203125 0.0359375 0.03359375
0 0.0515625 0.2765625 0.02890625 0.0265625
0 0.55546875 0.01171875 0.0265625 0.0234375
0 0.5328125 0.2046875 0.0265625 0.0265625
0 0.571875 0.0265625 0.0265625 0.0265625