0 0.3109375 0.88203125 0.0265625 0.0296875
0 0.6828125 0.86640625 0.0484375 0.053125
0 0.41328125 0.75625 0.0265625 0.0265625
0 0.49375 0.8015625 0.040625 0.0453125
0 0.2921875 0.8375 0.05625 0.0609375
0 0.1421875 0.6875 0.0625 0.0671875
0 0.171875 0.665625 0.05 0.053125
0 0.1203125 0.62265625 0.028125 0.03125
0 0.4328125 0.8015625 0.075 0.08125
0 0.4 0.65625 0.059375 0.0671875
0 0.3296875 0.57109375 0.1109375 0.1203125
0 0.20703125 0.2796875 0.05625 0.059375
0 0.29921875 0.46640625 0.0578125 0.0625
0 0.2484375 0.4265625 0.028125 0.03125
0 0.275 0.43984375 0.034375 0.0375
0 0.25625 0.37109375 0.03125 0.034375
0 0.22265625 0.00859375 0.0265625 0.0171875
0 0.603125 0.42890625 0.0359375 0.0375
0 0.39453125 0.4171875 0.0359375 0.0375
0 0.23828125 0.60546875 0.115625 0.125
0 0.63125 0.33515625 0.0765625 0.084375
0 0.696875 0.54296875 0.0484375 0.05
0 0.61171875 0.51328125 0.06875 0.075
0 0.4421875 0.71484375 0.075 0.08125
0 0.40390625 0.72578125 0.034375 0.0359375
0 0.1703125 0.5421875 0.0265625 0.028125
0 0.81015625 0.353125 0.03125 0.034375
0 0.79453125 0.29296875 0.065625 0.071875
0 0.71875 0.21640625 0.0453125 0.0484375
0 0.66328125 0.16484375 0.096875 0.10625
0 0.709375 0.071875 0.05625 0.059375
0 0.67421875 0.25703125 0.084375 0.090625
0 0.553125 0.09609375 0.0671875 0.071875
0 0.64921875 0.08203125 0.0578125 0.0625
0 0.60234375 0.0578125 0.0375 0.04375
0 0.8015625 0.478125 0.09375 0.103125
0 0.83984375 0.40390625 0.0625 0.06875
0 0.91484375 0.41796875 0.0484375 0.053125
0 0.87734375 0.20078125 0.0359375 0.040625
0 0.86796875 0.8296875 0.0375 0.040625
0 0.86796875 0.78359375 0.0359375 0.0390625
0 0.8859375 0.71015625 0.0578125 0.065625
0 0.9421875 0.73671875 0.071875 0.0796875
0 0.91796875 0.78359375 0.05625 0.0625
0 0.86328125 0.8796875 0.040625 0.0453125
0 0.87734375 0.640625 0.04375 0.0484375
0 0.9625 0.69140625 0.0265625 0.028125
0 0.94140625 0.66484375 0.065625 0.071875
0 0.9390625 0.53359375 0.071875 0.0796875
0 0.9828125 0.52734375 0.034375 0.040625
0 0.8015625 0.74296875 0.03125 0.0359375
0 0.946875 0.91796875 0.10625 0.1421875
0 0.94921875 0.83203125 0.034375 0.0359375
0 0.7828125 0.58671875 0.040625 0.0453125
0 0.728125 0.57578125 0.0359375 0.040625
0 0.4734375 0.16796875 0.115625 0.125
0 0.97734375 0.81015625 0.0453125 0.0671875