0 0.86328125 0.55625 0.03359375 0.02890625
0 0.7125 0.76328125 0.040625 0.0359375
0 0.73125 0.9875 0.03125 0.025
0 0.60546875 0.7984375 0.02890625 0.0265625
0 0.56953125 0.71875 0.02890625 0.02421875
0 0.80390625 0.1421875 0.04296875 0.0359375
0 0.91328125 0.2875 0.0984375 0.08671875
0 0.7875 0.07578125 0.03125 0.0265625
0 0.65625 0.21015625 0.02890625 0.0265625
0 0.58671875 0.1390625 0.0359375 0.03125
0 0.2609375 0.3453125 0.03125 0.0265625
0 0.3328125 0.65625 0.02890625 0.02421875
0 0.1515625 0.93046875 0.03828125 0.03359375
0 0.06875 0.8796875 0.0359375 0.03125
0 0.10703125 0.6109375 0.12265625 0.10546875
0 0.115625 0.709375 0.03125 0.0265625
0 0.14765625 0.4828125 0.03359375 0.02890625
0 0.1265625 0.5 0.040625 0.03359375
0 0.025 0.68125 0.03125 0.0265625
0 0.0484375 0.515625 0.09609375 0.08203125
0 0.165625 0.27734375 0.1421875 0.12265625
0 0.23828125 0.25234375 0.11328125 0.0984375
0 0.2546875 0.21484375 0.1203125 0.103125
0 0.2125 0.16484375 0.06015625 0.05078125
0 0.72109375 0.0109375 0.0359375 0.021875