0 0.21875 0.9078125 0.0765625 0.071875
0 0.3421875 0.859375 0.0578125 0.05546875
0 0.28359375 0.8765625 0.071875 0.0671875
0 0.23828125 0.71875 0.09375 0.08671875
0 0.30859375 0.77734375 0.05546875 0.053125
0 0.1703125 0.6890625 0.0625 0.06015625
0 0.025 0.62265625 0.0265625 0.02421875
0 0.115625 0.8328125 0.03359375 0.03125
0 0.0484375 0.82109375 0.0453125 0.040625
0 0.04453125 0.86328125 0.0765625 0.071875
0 0.0890625 0.8484375 0.0265625 0.02421875
0 0.51328125 0.87265625 0.03125 0.02890625
0 0.93359375 0.71171875 0.1109375 0.103125
0 0.821875 0.83515625 0.040625 0.03828125
0 0.82578125 0.56875 0.02890625 0.0265625
0 0.8109375 0.51953125 0.03828125 0.0359375
0 0.68359375 0.57109375 0.0578125 0.053125
0 0.8328125 0.47734375 0.0578125 0.053125
0 0.9671875 0.85 0.0453125 0.04296875
0 0.978125 0.32421875 0.03125 0.02890625
0 0.93359375 0.37265625 0.02890625 0.02890625
0 0.7765625 0.4 0.03828125 0.0359375
0 0.7078125 0.428125 0.0359375 0.03359375
0 0.93359375 0.225 0.0359375 0.03359375
0 0.90234375 0.203125 0.0265625 0.0265625
0 0.8890625 0.23046875 0.0484375 0.04296875
0 0.8171875 0.12109375 0.03359375 0.03125
0 0.72265625 0.31015625 0.0359375 0.03359375
0 0.6765625 0.3109375 0.03359375 0.03125
0 0.634375 0.44921875 0.03359375 0.03359375
0 0.8640625 0.06640625 0.18984375 0.13203125
0 0.3078125 0.03359375 0.0359375 0.03359375
0 0.3453125 0.0625 0.0453125 0.04296875
0 0.3890625 0.08046875 0.0359375 0.03359375
0 0.27421875 0.109375 0.03828125 0.0359375
0 0.2609375 0.14453125 0.05546875 0.05078125
0 0.2609375 0.0796875 0.03359375 0.03125
0 0.0359375 0.03515625 0.06484375 0.06015625
0 0.01640625 0.0140625 0.0328125 0.028125
0 0.3375 0.29296875 0.1109375 0.103125
0 0.3015625 0.25625 0.134375 0.125
0 0.365625 0.4546875 0.12265625 0.115625
0 0.31640625 0.52265625 0.04296875 0.040625
0 0.05390625 0.41953125 0.040625 0.0359375
0 0.1390625 0.384375 0.09140625 0.08671875
0 0.68125 0.03359375 0.02890625 0.0265625
0 0.0171875 0.1828125 0.03359375 0.040625
0 0.05859375 0.3234375 0.08671875 0.08203125
0 0.03828125 0.37734375 0.0765625 0.1109375
0 0.41796875 0.321875 0.053125 0.05078125
0 0.609375 0.43046875 0.07421875 0.0671875
0 0.17421875 0.4640625 0.0359375 0.03359375
0 0.1890625 0.51171875 0.03125 0.03125
0 0.38671875 0.55078125 0.10078125 0.09609375
0 0.0953125 0.58515625 0.0484375 0.0453125