0 0.2765625 0.45546875 0.2234375 0.29375
0 0.09296875 0.48984375 0.1859375 0.2484375
0 0.546875 0.68046875 0.040625 0.053125
0 0.29453125 0.87890625 0.071875 0.096875
0 0.36796875 0.55546875 0.071875 0.09375
0 0.4671875 0.475 0.06875 0.090625
0 0.5171875 0.634375 0.053125 0.06875
0 0.32109375 0.40390625 0.0265625 0.0359375
0 0.38671875 0.3015625 0.0375 0.05
0 0.375 0.2640625 0.096875 0.125
0 0.4625 0.28359375 0.084375 0.1109375
0 0.47734375 0.16328125 0.115625 0.1515625
0 0.7171875 0.14296875 0.0625 0.0796875
0 0.7875 0.02890625 0.059375 0.0578125
0 0.6703125 0.0484375 0.03125 0.04375
0 0.78515625 0.14296875 0.0265625 0.0359375
0 0.85 0.3953125 0.04375 0.0578125
0 0.87109375 0.4203125 0.0265625 0.034375
0 0.946875 0.4171875 0.034375 0.0453125
0 0.9828125 0.0953125 0.034375 0.0671875
0 0.865625 0.29921875 0.03125 0.04375
0 0.81875 0.28984375 0.0359375 0.0484375
0 0.73828125 0.32109375 0.0890625 0.115625
0 0.77265625 0.38828125 0.028125 0.0375
0 0.509375 0.384375 0.0453125 0.059375
0 0.603125 0.4953125 0.0796875 0.103125
0 0.81484375 0.45703125 0.0265625 0.034375
0 0.603125 0.03515625 0.10625 0.06875
0 0.0328125 0.1921875 0.0484375 0.0625
0 0.99140625 0.334375 0.0171875 0.0375
0 0.69140625 0.4265625 0.028125 0.0375
0 0.803125 0.38828125 0.0484375 0.0625
0 0.72578125 0.1046875 0.0375 0.05
0 0.80078125 0.11171875 0.03125 0.040625
0 0.93046875 0.3421875 0.0375 0.05
0 0.275 0.2125 0.0890625 0.115625