0 0.009375 0.309375 0.01875 0.03125
0 0.14453125 0.12265625 0.0359375 0.0359375
0 0.13203125 0.15625 0.02890625 0.02890625
0 0.31640625 0.12109375 0.02890625 0.02890625
0 0.38359375 0.12109375 0.03828125 0.03828125
0 0.2609375 0.2828125 0.02890625 0.02890625
0 0.55859375 0.2640625 0.0265625 0.0265625
0 0.56875 0.3328125 0.03828125 0.03828125
0 0.5359375 0.33671875 0.0265625 0.0265625
0 0.928125 0.19375 0.0484375 0.0484375
0 0.90859375 0.17421875 0.0625 0.0625
0 0.8171875 0.1453125 0.02890625 0.02890625
0 0.6890625 0.09140625 0.0359375 0.0359375
0 0.165625 0.06640625 0.0359375 0.0359375
0 0.69453125 0.0640625 0.0265625 0.0265625
0 0.75625 0.81875 0.06015625 0.06015625
0 0.72734375 0.82421875 0.053125 0.053125
0 0.59609375 0.9546875 0.0484375 0.0484375
0 0.49609375 0.97109375 0.03125 0.03125
0 0.58046875 0.75625 0.03359375 0.03359375
0 0.646875 0.69375 0.03125 0.03125
0 0.46015625 0.48203125 0.08203125 0.08203125
0 0.4078125 0.53984375 0.04296875 0.04296875
0 0.38671875 0.521875 0.0265625 0.0265625
0 0.6828125 0.6296875 0.02421875 0.02421875
0 0.7640625 0.65234375 0.040625 0.040625
0 0.75 0.68046875 0.03359375 0.03359375
0 0.6046875 0.9046875 0.040625 0.040625
0 0.365625 0.83046875 0.0359375 0.0359375
0 0.28984375 0.86640625 0.0578125 0.0578125
0 0.1921875 0.82421875 0.02421875 0.02421875
0 0.51796875 0.59375 0.165625 0.165625
0 0.51171875 0.7703125 0.03359375 0.03359375
0 0.5765625 0.67890625 0.11328125 0.11328125
0 0.5140625 0.71640625 0.03359375 0.03359375
0 0.91796875 0.396875 0.02421875 0.02421875
0 0.6828125 0.3859375 0.0453125 0.0453125
0 0.56015625 0.4015625 0.0265625 0.0265625
0 0.50703125 0.43515625 0.0359375 0.0359375
0 0.39453125 0.42421875 0.04296875 0.04296875
0 0.25703125 0.43359375 0.0453125 0.0453125
0 0.1625 0.47265625 0.03125 0.03125
0 0.00703125 0.74140625 0.0140625 0.0265625
0 0.1140625 0.52890625 0.053125 0.053125
0 0.02890625 0.49140625 0.0578125 0.06484375
0 0.0328125 0.44375 0.05078125 0.05078125
0 0.09609375 0.44921875 0.0359375 0.03359375
0 0.1078125 0.47734375 0.0359375 0.0359375
0 0.24765625 0.80390625 0.06484375 0.06484375
0 0.0890625 0.57421875 0.03359375 0.03359375
0 0.3328125 0.5984375 0.03359375 0.03359375
0 0.0765625 0.35546875 0.0484375 0.0484375