0 0.05625 0.628125 0.1125 0.26875
0 0.2046875 0.83203125 0.0359375 0.0453125
0 0.02421875 0.8390625 0.040625 0.05
0 0.0578125 0.8609375 0.0265625 0.03125
0 0.02890625 0.7828125 0.0578125 0.1125
0 0.0375 0.578125 0.0265625 0.034375
0 0.14765625 0.415625 0.03125 0.040625
0 0.165625 0.5609375 0.14375 0.18125
0 0.084375 0.0796875 0.03125 0.040625
0 0.15234375 0.2765625 0.03125 0.040625
0 0.38359375 0.03984375 0.040625 0.05
0 0.36875 0.0921875 0.053125 0.0671875
0 0.4 0.125 0.04375 0.053125
0 0.4734375 0.2953125 0.028125 0.0359375
0 0.49296875 0.2234375 0.1296875 0.1625
0 0.61171875 0.0171875 0.034375 0.034375
0 0.62734375 0.12890625 0.03125 0.0375
0 0.79296875 0.2140625 0.1421875 0.18125
0 0.68984375 0.43984375 0.06875 0.0890625
0 0.55078125 0.3796875 0.0484375 0.0625
0 0.52265625 0.3546875 0.0453125 0.0578125
0 0.51328125 0.4234375 0.0453125 0.0578125
0 0.44453125 0.484375 0.075 0.09375
0 0.54453125 0.5828125 0.028125 0.0359375
0 0.603125 0.66328125 0.040625 0.053125
0 0.6546875 0.7828125 0.075 0.096875
0 0.65234375 0.890625 0.028125 0.0359375
0 0.978125 0.71875 0.028125 0.0375
0 0.946875 0.7296875 0.0671875 0.0875
0 0.88359375 0.9421875 0.0375 0.0484375
0 0.7875 0.73671875 0.028125 0.0359375
0 0.33671875 0.5140625 0.03125 0.040625
0 0.34375 0.38359375 0.034375 0.04375
0 0.37890625 0.43515625 0.10625 0.134375
0 0.33203125 0.56875 0.0359375 0.04375
0 0.28359375 0.62890625 0.028125 0.0359375
0 0.27890625 0.67421875 0.0484375 0.059375
0 0.421875 0.9859375 0.03125 0.028125
0 0.43046875 0.7640625 0.025 0.03125
0 0.6859375 0.53125 0.0484375 0.0625
0 0.49765625 0.66953125 0.0796875 0.1
0 0.7359375 0.89453125 0.190625 0.2109375
0 0.26328125 0.54921875 0.0453125 0.0578125