0 0.50234375 0.6625 0.434375 0.3875
0 0.00859375 0.3796875 0.0171875 0.0265625
0 0.140625 0.11171875 0.05 0.0453125
0 0.1109375 0.0875 0.03125 0.028125
0 0.2015625 0.20703125 0.040625 0.0375
0 0.2359375 0.19609375 0.053125 0.0484375
0 0.2359375 0.1515625 0.0453125 0.040625
0 0.37734375 0.19375 0.0375 0.0359375
0 0.37734375 0.2296875 0.040625 0.0375
0 0.34765625 0.0140625 0.0421875 0.028125
0 0.359375 0.07109375 0.0265625 0.025
0 0.1 0.12109375 0.040625 0.0359375
0 0.6203125 0.0171875 0.0265625 0.025
0 0.78515625 0.18359375 0.05 0.0453125
0 0.80390625 0.02890625 0.040625 0.0375
0 0.98046875 0.89921875 0.0375 0.0375
0 0.9515625 0.9796875 0.040625 0.0359375
0 0.97890625 0.98984375 0.0328125 0.0203125
0 0.9 0.3125 0.125 0.1125
0 0.96171875 0.80625 0.0671875 0.059375
0 0.9 0.71640625 0.1203125 0.1078125
0 0.90390625 0.859375 0.0359375 0.03125
0 0.8609375 0.83984375 0.04375 0.0375
0 0.7859375 0.85234375 0.0359375 0.03125
0 0.83203125 0.890625 0.028125 0.0265625
0 0.70078125 0.9109375 0.034375 0.028125
0 0.6390625 0.8890625 0.06875 0.0625
0 0.6515625 0.8265625 0.034375 0.03125
0 0.634375 0.84609375 0.028125 0.0265625
0 0.6078125 0.84140625 0.0265625 0.025
0 0.8296875 0.5953125 0.0359375 0.034375
0 0.7765625 0.65390625 0.0375 0.034375
0 0.7671875 0.6921875 0.040625 0.0359375
0 0.759375 0.5578125 0.0265625 0.025
0 0.70078125 0.5265625 0.040625 0.0359375
0 0.671875 0.44375 0.0265625 0.025
0 0.5421875 0.3453125 0.0359375 0.034375
0 0.5046875 0.29296875 0.03125 0.0265625
0 0.453125 0.634375 0.03125 0.028125
0 0.74375 0.81640625 0.146875 0.1296875
0 0.146875 0.9203125 0.075 0.0671875
0 0.04921875 0.9359375 0.0484375 0.04375
0 0.05390625 0.634375 0.0375 0.034375
0 0.10546875 0.6921875 0.034375 0.028125
0 0.078125 0.7609375 0.040625 0.0359375
0 0.203125 0.490625 0.0375 0.034375
0 0.12265625 0.4640625 0.0375 0.034375
0 0.10703125 0.578125 0.028125 0.025
0 0.334375 0.43984375 0.128125 0.1125
0 0.040625 0.23671875 0.08125 0.0984375
0 0.5171875 0.22265625 0.0265625 0.025
0 0.4171875 0.08203125 0.0453125 0.040625
0 0.2796875 0.3125 0.0890625 0.0796875
0 0.6109375 0.9484375 0.11875 0.103125
0 0.8296875 0.7546875 0.04375 0.0375
0 0.96484375 0.5671875 0.028125 0.0265625
0 0.94921875 0.55859375 0.0359375 0.034375
0 0.93125 0.540625 0.059375 0.053125
0 0.9046875 0.521875 0.028125 0.0265625
0 0.85234375 0.46015625 0.028125 0.0265625
0 0.865625 0.47578125 0.03125 0.028125
0 0.8453125 0.4890625 0.040625 0.0359375
0 0.9640625 0.42421875 0.0359375 0.03125