0 0.9890625 0.55859375 0.021875 0.0265625
0 0.90234375 0.96640625 0.034375 0.034375
0 0.79453125 0.86640625 0.025 0.025
0 0.6625 0.49609375 0.034375 0.034375
0 0.67890625 0.1875 0.0265625 0.028125
0 0.78984375 0.0296875 0.0484375 0.0484375
0 0.928125 0.01328125 0.028125 0.0265625
0 0.975 0.0484375 0.0265625 0.0265625
0 0.07421875 0.1890625 0.0265625 0.0265625
0 0.3234375 0.33671875 0.025 0.025
0 0.5 0.1234375 0.03125 0.034375
0 0.51796875 0.18359375 0.0875 0.0890625
0 0.484375 0.19609375 0.0765625 0.0796875
0 0.24765625 0.4265625 0.03125 0.03125
0 0.44921875 0.76953125 0.034375 0.034375
0 0.571875 0.2359375 0.028125 0.03125
0 0.55546875 0.2203125 0.028125 0.028125
0 0.0109375 0.0125 0.021875 0.025
0 0.5890625 0.90859375 0.0375 0.0375