0 0.634375 0.896875 0.16875 0.1875
0 0.51328125 0.98671875 0.028125 0.0265625
0 0.4703125 0.8640625 0.05625 0.0625
0 0.38359375 0.79453125 0.0578125 0.065625
0 0.30546875 0.88203125 0.025 0.028125
0 0.259375 0.72109375 0.028125 0.03125
0 0.38359375 0.7296875 0.025 0.0265625
0 0.26328125 0.83203125 0.121875 0.1375
0 0.62890625 0.7703125 0.2140625 0.240625
0 0.76328125 0.62265625 0.303125 0.3390625
0 0.89921875 0.5375 0.028125 0.03125
0 0.8140625 0.46015625 0.05 0.0578125
0 0.921875 0.5015625 0.0359375 0.040625
0 0.89921875 0.4515625 0.028125 0.034375
0 0.8328125 0.36171875 0.0265625 0.03125
0 0.70703125 0.57421875 0.0265625 0.028125
0 0.66953125 0.55546875 0.0359375 0.040625
0 0.6734375 0.50703125 0.028125 0.034375
0 0.67890625 0.46875 0.03125 0.0359375
0 0.6453125 0.453125 0.028125 0.034375
0 0.71015625 0.26171875 0.0453125 0.05
0 0.69609375 0.28828125 0.08125 0.090625
0 0.60234375 0.3109375 0.03125 0.0359375
0 0.5765625 0.26796875 0.0375 0.04375
0 0.646875 0.078125 0.065625 0.071875
0 0.59609375 0.54453125 0.0265625 0.028125
0 0.603125 0.5625 0.096875 0.1078125
0 0.77421875 0.13125 0.0265625 0.028125
0 0.89453125 0.0203125 0.03125 0.0359375
0 0.890625 0.05859375 0.03125 0.0359375
0 0.9640625 0.39296875 0.0484375 0.053125
0 0.5578125 0.45703125 0.0265625 0.028125
0 0.47734375 0.54296875 0.071875 0.08125
0 0.46171875 0.7046875 0.0578125 0.065625
0 0.15859375 0.6265625 0.075 0.08125
0 0.18984375 0.4203125 0.034375 0.0375
0 0.58671875 0.0890625 0.2140625 0.178125
0 0.0984375 0.321875 0.034375 0.0359375
0 0.334375 0.36328125 0.628125 0.7
0 0.37890625 0.0328125 0.03125 0.0359375
0 0.353125 0.01328125 0.034375 0.0265625
0 0.10078125 0.66796875 0.028125 0.03125
0 0.103125 0.578125 0.034375 0.0375
0 0.0765625 0.5640625 0.0625 0.06875
0 0.0453125 0.5484375 0.0265625 0.03125
0 0.053125 0.50703125 0.03125 0.034375
0 0.05390625 0.625 0.0265625 0.028125
0 0.04296875 0.3796875 0.0265625 0.028125
0 0.08046875 0.2234375 0.1125 0.125
0 0.08671875 0.115625 0.0265625 0.03125
0 0.05078125 0.09375 0.028125 0.034375
0 0.0953125 0.0203125 0.040625 0.040625
0 0.25703125 0.134375 0.03125 0.034375
0 0.98203125 0.2125 0.0359375 0.04375
0 0.915625 0.2640625 0.103125 0.11875
0 0.9796875 0.25703125 0.028125 0.03125
0 0.8453125 0.21875 0.0265625 0.028125
0 0.86171875 0.165625 0.034375 0.0375
0 0.8890625 0.09375 0.0265625 0.03125
0 0.9703125 0.85234375 0.0375 0.04375
0 0.9328125 0.759375 0.134375 0.2546875
0 0.5 0.7515625 0.03125 0.034375