0 0.63359375 0.07578125 0.1828125 0.1515625
0 0.17421875 0.453125 0.121875 0.159375
0 0.9625 0.2140625 0.075 0.15
0 0.91953125 0.05546875 0.0578125 0.075
0 0.9109375 0.1265625 0.0578125 0.075
0 0.8421875 0.290625 0.0265625 0.034375
0 0.30390625 0.18125 0.0265625 0.034375
0 0.38203125 0.27421875 0.040625 0.053125
0 0.2546875 0.34609375 0.0265625 0.034375
0 0.3265625 0.45546875 0.040625 0.05625
0 0.4828125 0.31875 0.025 0.03125
0 0.703125 0.15 0.0375 0.05
0 0.1296875 0.5671875 0.0265625 0.034375
0 0.209375 0.209375 0.275 0.35625
0 0.0765625 0.1359375 0.1515625 0.196875
0 0.55390625 0.79296875 0.028125 0.0375
0 0.10546875 0.80859375 0.034375 0.04375
0 0.63359375 0.821875 0.034375 0.0453125
0 0.6390625 0.86328125 0.0484375 0.0625
0 0.66015625 0.94921875 0.0359375 0.0453125
0 0.58515625 0.953125 0.04375 0.05625
0 0.015625 0.36171875 0.03125 0.04375
0 0.765625 0.3421875 0.096875 0.121875
0 0.68984375 0.25 0.1078125 0.1390625
0 0.790625 0.0515625 0.0984375 0.103125