0 0.94453125 0.45703125 0.1109375 0.2375
0 0.91015625 0.0171875 0.040625 0.034375
0 0.9640625 0.03125 0.071875 0.0625
0 0.8953125 0.196875 0.028125 0.0359375
0 0.7390625 0.4640625 0.0265625 0.034375
0 0.8890625 0.79296875 0.0578125 0.071875
0 0.87890625 0.7484375 0.040625 0.0515625
0 0.3953125 0.82578125 0.034375 0.04375
0 0.0734375 0.8765625 0.028125 0.0359375
0 0.13203125 0.67421875 0.03125 0.040625
0 0.4671875 0.46875 0.0265625 0.034375
0 0.6078125 0.53515625 0.025 0.03125
0 0.55546875 0.49296875 0.025 0.03125
0 0.59375 0.475 0.025 0.03125
0 0.46875 0.75703125 0.025 0.03125
0 0.45546875 0.31953125 0.2328125 0.2953125
0 0.509375 0.071875 0.15625 0.14375
0 0.2078125 0.02265625 0.0359375 0.0453125
0 0.10546875 0.959375 0.0359375 0.0453125
0 0.21875 0.90390625 0.0265625 0.034375
0 0.4671875 0.4515625 0.259375 0.3296875