0 0.7609375 0.7546875 0.0796875 0.0796875
0 0.5265625 0.803125 0.0265625 0.0265625
0 0.4890625 0.9796875 0.03125 0.03125
0 0.51015625 0.990625 0.0359375 0.01875
0 0.615625 0.98671875 0.034375 0.0265625
0 0.58046875 0.775 0.040625 0.040625
0 0.4109375 0.69609375 0.0375 0.0375
0 0.52890625 0.5640625 0.0265625 0.0265625
0 0.6390625 0.5796875 0.028125 0.028125
0 0.7015625 0.57578125 0.0359375 0.0359375
0 0.553125 0.70546875 0.29375 0.29375
0 0.2484375 0.89296875 0.028125 0.028125
0 0.2984375 0.83671875 0.03125 0.03125
0 0.33984375 0.97265625 0.034375 0.034375
0 0.2296875 0.79453125 0.0671875 0.0671875
0 0.209375 0.75703125 0.0453125 0.0453125
0 0.23203125 0.68984375 0.0296875 0.028125
0 0.3609375 0.59140625 0.0265625 0.0265625
0 0.225 0.53125 0.028125 0.028125
0 0.75390625 0.33046875 0.028125 0.028125
0 0.9578125 0.23671875 0.03125 0.03125
0 0.86796875 0.44921875 0.025 0.025
0 0.6109375 0.27421875 0.03125 0.03125
0 0.08203125 0.64453125 0.034375 0.034375
0 0.125 0.64296875 0.0453125 0.0453125
0 0.10546875 0.61875 0.0390625 0.0375
0 0.084375 0.60078125 0.0578125 0.0578125
0 0.0359375 0.57109375 0.040625 0.040625
0 0.0375 0.87734375 0.0703125 0.06875
0 0.0203125 0.4890625 0.0265625 0.0265625
0 0.04296875 0.4890625 0.025 0.025
0 0.18046875 0.59375 0.03125 0.03125
0 0.01015625 0.39296875 0.0203125 0.0296875
0 0.290625 0.25703125 0.03125 0.03125
0 0.51171875 0.23671875 0.025 0.025
0 0.0453125 0.09765625 0.040625 0.040625
0 0.42421875 0.06875 0.028125 0.028125
0 0.46015625 0.13671875 0.0296875 0.028125
0 0.303125 0.14453125 0.0453125 0.0453125
0 0.82421875 0.10546875 0.028125 0.028125
0 0.6859375 0.06640625 0.025 0.025
0 0.54453125 0.1078125 0.025 0.025
0 0.38125 0.06953125 0.059375 0.059375
0 0.40625 0.10703125 0.059375 0.059375