0 0.0515625 0.73046875 0.02890625 0.02890625
0 0.178125 0.765625 0.02890625 0.02890625
0 0.20078125 0.79296875 0.0625 0.0625
0 0.1890625 0.6421875 0.0484375 0.0484375
0 0.03125 0.55390625 0.0625 0.0765625
0 0.1390625 0.2765625 0.0265625 0.0265625
0 0.009375 0.11796875 0.01875 0.0296875
0 0.196875 0.47109375 0.08203125 0.08203125
0 0.27265625 0.59609375 0.02890625 0.02890625
0 0.1609375 0.1359375 0.03359375 0.03359375
0 0.12890625 0.1734375 0.0625 0.0625
0 0.25703125 0.3234375 0.06484375 0.06484375
0 0.25703125 0.2828125 0.02890625 0.02890625
0 0.2546875 0.3796875 0.0796875 0.0796875
0 0.4421875 0.56484375 0.0265625 0.0265625
0 0.584375 0.1609375 0.03125 0.03125
0 0.5578125 0.228125 0.02421875 0.02421875
0 0.42421875 0.265625 0.06953125 0.06953125
0 0.54296875 0.43046875 0.11796875 0.11796875
0 0.7671875 0.28359375 0.02890625 0.02890625
0 0.6265625 0.01171875 0.040625 0.0234375
0 0.50859375 0.178125 0.0265625 0.0265625
0 0.88359375 0.08984375 0.05078125 0.05078125
0 0.8328125 0.14765625 0.040625 0.040625
0 0.94375 0.22734375 0.0265625 0.0265625
0 0.8578125 0.43984375 0.10546875 0.10546875
0 0.83984375 0.6765625 0.03125 0.03125
0 0.7875 0.55625 0.03125 0.03125
0 0.93046875 0.50625 0.02890625 0.02890625
0 0.8265625 0.365625 0.040625 0.040625
0 0.96640625 0.0484375 0.02421875 0.02421875
0 0.9546875 0.15 0.03359375 0.03359375
0 0.97578125 0.53515625 0.0453125 0.0453125
0 0.9515625 0.5 0.02890625 0.02890625
0 0.5984375 0.5 0.05078125 0.05078125
0 0.51171875 0.55859375 0.103125 0.103125