0 0.68515625 0.0625 0.1421875 0.125
0 0.22578125 0.13203125 0.05 0.0453125
0 0.77734375 0.05078125 0.05625 0.05
0 0.88359375 0.19453125 0.0484375 0.0453125
0 0.0890625 0.0421875 0.034375 0.03125
0 0.0953125 0.5203125 0.03125 0.028125
0 0.17421875 0.3078125 0.0609375 0.05625
0 0.1734375 0.73671875 0.075 0.0671875
0 0.1046875 0.82421875 0.0296875 0.0265625
0 0.25 0.7921875 0.075 0.06875
0 0.27890625 0.571875 0.0875 0.0765625
0 0.30390625 0.52421875 0.0484375 0.04375
0 0.33046875 0.553125 0.034375 0.03125
0 0.4953125 0.47265625 0.06875 0.0625
0 0.5359375 0.35234375 0.0453125 0.04375
0 0.484375 0.3140625 0.034375 0.03125
0 0.4265625 0.290625 0.05 0.0453125
0 0.52421875 0.20703125 0.0484375 0.0453125
0 0.31640625 0.25859375 0.0359375 0.034375
0 0.3234375 0.16328125 0.028125 0.0265625
0 0.28359375 0.43984375 0.165625 0.1515625
0 0.20078125 0.36640625 0.03125 0.028125
0 0.16328125 0.228125 0.0453125 0.040625
0 0.19609375 0.209375 0.028125 0.0265625
0 0.484375 0.665625 0.040625 0.0359375
0 0.49375 0.6921875 0.0375 0.034375
0 0.51171875 0.72109375 0.034375 0.03125
0 0.5796875 0.5578125 0.0359375 0.03125
0 0.6140625 0.5109375 0.0671875 0.0625
0 0.725 0.46484375 0.05 0.0484375
0 0.65 0.41328125 0.05 0.0453125
0 0.6203125 0.32109375 0.0375 0.0359375
0 0.51171875 0.30546875 0.028125 0.0265625
0 0.5453125 0.29453125 0.0453125 0.040625
0 0.40234375 0.740625 0.03125 0.028125
0 0.61171875 0.740625 0.053125 0.0484375
0 0.5890625 0.76328125 0.0265625 0.025
0 0.60703125 0.78828125 0.040625 0.0359375
0 0.67890625 0.7390625 0.0265625 0.025
0 0.6671875 0.69921875 0.0375 0.0359375
0 0.66328125 0.65625 0.05 0.0453125
0 0.63828125 0.58046875 0.0265625 0.0265625
0 0.696875 0.56953125 0.028125 0.0265625
0 0.80390625 0.61875 0.059375 0.05625
0 0.78984375 0.66953125 0.065625 0.0578125
0 0.8546875 0.478125 0.034375 0.03125
0 0.4125 0.81640625 0.0578125 0.053125
0 0.4578125 0.7953125 0.0453125 0.040625
0 0.475 0.7765625 0.03125 0.028125
0 0.5171875 0.8015625 0.04375 0.040625
0 0.4671875 0.740625 0.0375 0.0359375
0 0.5453125 0.75390625 0.084375 0.0765625
0 0.6265625 0.7140625 0.028125 0.0265625
0 0.71171875 0.7671875 0.04375 0.0375
0 0.27890625 0.665625 0.065625 0.059375
0 0.265625 0.73046875 0.0453125 0.040625
0 0.58046875 0.8484375 0.034375 0.028125
0 0.59609375 0.8890625 0.0453125 0.040625
0 0.65625 0.90625 0.1015625 0.09375
0 0.71640625 0.8796875 0.0390625 0.0359375
0 0.70078125 0.83515625 0.0890625 0.08125
0 0.6203125 0.8609375 0.0515625 0.0453125
0 0.4546875 0.8859375 0.0375 0.034375
0 0.43359375 0.91484375 0.03125 0.028125
0 0.4515625 0.93515625 0.053125 0.0484375
0 0.4375 0.9625 0.03125 0.028125
0 0.39921875 0.94140625 0.0578125 0.053125
0 0.49609375 0.90390625 0.028125 0.0265625
0 0.540625 0.90390625 0.034375 0.03125
0 0.290625 0.1203125 0.028125 0.0265625
0 0.89296875 0.4203125 0.0359375 0.034375
0 0.8390625 0.33046875 0.034375 0.03125
0 0.85546875 0.2546875 0.05625 0.0515625
0 0.9703125 0.60859375 0.059375 0.0578125
0 0.9421875 0.55859375 0.028125 0.0265625
0 0.8125 0.7546875 0.0625 0.0578125
0 0.9359375 0.6921875 0.128125 0.175
0 0.30859375 0.9703125 0.1140625 0.059375
0 0.5640625 0.946875 0.04375 0.0375
0 0.72578125 0.98828125 0.0296875 0.0234375
0 0.1765625 0.94921875 0.05 0.0453125
0 0.0859375 0.975 0.075 0.05
0 0.0203125 0.990625 0.03125 0.01875
0 0.0828125 0.8859375 0.0375 0.034375
0 0.1359375 0.4421875 0.0375 0.034375
0 0.61328125 0.5734375 0.0375 0.0359375