0 0.17890625 0.91328125 0.034375 0.03125
0 0.896875 0.5875 0.025 0.025
0 0.76171875 0.8140625 0.0453125 0.04375
0 0.73203125 0.85703125 0.0703125 0.0671875
0 0.55859375 0.83671875 0.040625 0.0375
0 0.48203125 0.87109375 0.03125 0.03125
0 0.3296875 0.57109375 0.059375 0.05625
0 0.390625 0.4796875 0.03125 0.03125
0 0.3390625 0.321875 0.0359375 0.034375
0 0.72265625 0.2796875 0.04375 0.040625
0 0.7875 0.24375 0.03125 0.028125
0 0.9859375 0.26953125 0.028125 0.0359375
0 0.99140625 0.1828125 0.0171875 0.028125
0 0.91015625 0.5140625 0.03125 0.028125
0 0.946875 0.9 0.05 0.0484375
0 0.678125 0.4234375 0.034375 0.03125
0 0.6390625 0.26953125 0.0265625 0.025
0 0.67890625 0.0765625 0.0265625 0.025
0 0.84375 0.0625 0.034375 0.034375
0 0.85078125 0.0921875 0.028125 0.0265625
0 0.85546875 0.115625 0.03125 0.0296875
0 0.79453125 0.0125 0.0265625 0.025
0 0.36640625 0.0828125 0.0359375 0.0359375
0 0.53125 0.2078125 0.059375 0.0578125
0 0.02734375 0.696875 0.04375 0.040625
0 0.08984375 0.2546875 0.1375 0.1328125
0 0.16796875 0.546875 0.03125 0.03125
0 0.21171875 0.7984375 0.284375 0.271875
0 0.4390625 0.21484375 0.04375 0.040625
0 0.66015625 0.6109375 0.0265625 0.0265625
0 0.4046875 0.71640625 0.1421875 0.1375
0 0.53828125 0.3578125 0.05 0.0484375
0 0.7296875 0.4046875 0.0359375 0.0359375
0 0.63671875 0.43046875 0.04375 0.040625
0 0.66484375 0.51328125 0.03125 0.028125
0 0.87109375 0.4046875 0.028125 0.0265625
0 0.8296875 0.6875 0.03125 0.028125
0 0.609375 0.734375 0.028125 0.0265625
0 0.80390625 0.18515625 0.03125 0.028125
0 0.94609375 0.571875 0.053125 0.05
0 0.9078125 0.4796875 0.028125 0.028125
0 0.1390625 0.084375 0.0265625 0.025
0 0.37265625 0.19375 0.03125 0.028125
0 0.16953125 0.165625 0.028125 0.028125
0 0.51796875 0.11171875 0.0265625 0.025
0 0.3296875 0.021875 0.0265625 0.0265625