0 0.96875 0.35 0.04375 0.04375
0 0.8859375 0.37265625 0.05 0.05
0 0.88671875 0.4546875 0.0484375 0.0484375
0 0.92890625 0.08515625 0.034375 0.034375
0 0.93359375 0.1359375 0.0265625 0.0265625
0 0.67421875 0.02265625 0.0359375 0.0375
0 0.640625 0.040625 0.04375 0.04375
0 0.7640625 0.115625 0.04375 0.04375
0 0.7671875 0.40390625 0.034375 0.034375
0 0.75625 0.5296875 0.028125 0.03125
0 0.69140625 0.5484375 0.0359375 0.0359375
0 0.63671875 0.47265625 0.04375 0.04375
0 0.6078125 0.44375 0.034375 0.034375
0 0.853125 0.24765625 0.025 0.025
0 0.55546875 0.15390625 0.0265625 0.0265625
0 0.54921875 0.09140625 0.1109375 0.1109375
0 0.396875 0.0765625 0.0265625 0.0265625
0 0.459375 0.14921875 0.025 0.025
0 0.40234375 0.2296875 0.071875 0.071875
0 0.790625 0.553125 0.028125 0.028125
0 0.78984375 0.76328125 0.028125 0.028125
0 0.7765625 0.35546875 0.340625 0.34375
0 0.6578125 0.4078125 0.040625 0.040625
0 0.64296875 0.3328125 0.03125 0.03125
0 0.55859375 0.225 0.0265625 0.0265625
0 0.453125 0.32578125 0.059375 0.059375
0 0.70703125 0.34140625 0.028125 0.028125
0 0.728125 0.3546875 0.0265625 0.0265625
0 0.6671875 0.25625 0.025 0.0265625
0 0.6234375 0.296875 0.0265625 0.0265625
0 0.5421875 0.60234375 0.059375 0.059375
0 0.50625 0.63671875 0.04375 0.04375
0 0.7140625 0.63203125 0.04375 0.04375
0 0.63203125 0.7453125 0.0484375 0.0484375
0 0.8234375 0.6859375 0.028125 0.028125
0 0.9125 0.56484375 0.0453125 0.0453125
0 0.5640625 0.71484375 0.034375 0.034375
0 0.5828125 0.9515625 0.040625 0.040625
0 0.81953125 0.9125 0.0453125 0.0453125
0 0.85546875 0.96015625 0.0265625 0.0265625
0 0.93984375 0.99296875 0.028125 0.0140625
0 0.91953125 0.81875 0.0359375 0.0359375
0 0.8640625 0.8234375 0.0265625 0.0265625
0 0.69921875 0.7453125 0.03125 0.03125
0 0.71015625 0.790625 0.0265625 0.0265625
0 0.69375 0.80546875 0.025 0.0265625
0 0.53125 0.80546875 0.034375 0.034375
0 0.4078125 0.853125 0.025 0.025
0 0.359375 0.834375 0.025 0.025
0 0.38125 0.896875 0.0265625 0.0265625
0 0.3953125 0.74609375 0.059375 0.059375
0 0.35078125 0.62890625 0.0265625 0.0265625
0 0.4546875 0.771875 0.03125 0.03125
0 0.24140625 0.97578125 0.0484375 0.0484375
0 0.59140625 0.9125 0.2671875 0.175
0 0.96015625 0.8171875 0.0375 0.0390625
0 0.74375 0.728125 0.028125 0.03125
0 0.76953125 0.7875 0.025 0.025
0 0.79296875 0.80390625 0.025 0.0234375
0 0.74140625 0.8078125 0.034375 0.0328125
0 0.6984375 0.86796875 0.0578125 0.0578125
0 0.0328125 0.875 0.0265625 0.0265625
0 0.0625 0.90625 0.04375 0.04375
0 0.0890625 0.921875 0.03125 0.03125
0 0.0640625 0.953125 0.034375 0.034375
0 0.15234375 0.928125 0.034375 0.034375
0 0.10078125 0.703125 0.2015625 0.26875
0 0.04921875 0.7875 0.0453125 0.0453125
0 0.0265625 0.50234375 0.028125 0.03125
0 0.05859375 0.71171875 0.03125 0.03125
0 0.078125 0.74609375 0.028125 0.028125
0 0.0421875 0.3546875 0.0578125 0.0578125
0 0.09140625 0.3578125 0.05 0.053125
0 0.1828125 0.41015625 0.1390625 0.1421875
0 0.125 0.30625 0.04375 0.0453125
0 0.11171875 0.2671875 0.0359375 0.0375
0 0.146875 0.265625 0.034375 0.034375
0 0.1578125 0.3109375 0.04375 0.04375
0 0.3453125 0.2078125 0.0375 0.0375
0 0.33046875 0.33046875 0.0375 0.0375
0 0.3578125 0.3765625 0.0375 0.0375
0 0.32109375 0.4734375 0.0265625 0.0265625
0 0.35 0.11640625 0.0359375 0.0359375
0 0.13828125 0.2203125 0.040625 0.040625
0 0.10078125 0.196875 0.0265625 0.0265625
0 0.115625 0.178125 0.05 0.05
0 0.23828125 0.23046875 0.028125 0.028125
0 0.2921875 0.1203125 0.159375 0.1609375
0 0.2546875 0.1234375 0.0265625 0.0265625