0 0.17421875 0.11328125 0.28125 0.21171875
0 0.0890625 0.49140625 0.06015625 0.04296875
0 0.03828125 0.4984375 0.0359375 0.0265625
0 0.0203125 0.4328125 0.040625 0.02890625
0 0.08203125 0.8015625 0.03828125 0.02890625
0 0.29296875 0.790625 0.03359375 0.0265625
0 0.1546875 0.45703125 0.134375 0.10078125
0 0.4265625 0.22109375 0.03359375 0.02421875
0 0.353125 0.15390625 0.03359375 0.02421875
0 0.4828125 0.12109375 0.03359375 0.0265625
0 0.83515625 0.42421875 0.03359375 0.0265625
0 0.9671875 0.84609375 0.03828125 0.02890625
0 0.71640625 0.478125 0.1390625 0.10546875
0 0.7796875 0.72578125 0.05546875 0.040625
0 0.7546875 0.76171875 0.09140625 0.0671875
0 0.6859375 0.765625 0.05078125 0.03828125
0 0.56953125 0.62734375 0.05078125 0.03828125
0 0.3859375 0.67578125 0.040625 0.02890625
0 0.8921875 0.8453125 0.05546875 0.040625