0 0.228125 0.73671875 0.04296875 0.03125
0 0.19375 0.74375 0.0484375 0.03359375
0 0.08203125 0.696875 0.0890625 0.06484375
0 0.13359375 0.9125 0.23046875 0.1703125
0 0.54296875 0.9109375 0.06015625 0.0453125
0 0.8390625 0.953125 0.13203125 0.09375
0 0.89453125 0.91953125 0.084375 0.0625
0 0.05390625 0.571875 0.1078125 0.10546875
0 0.01796875 0.6078125 0.0359375 0.02890625
0 0.0140625 0.571875 0.028125 0.040625
0 0.01953125 0.65234375 0.03828125 0.02890625
0 0.22578125 0.4625 0.228125 0.165625
0 0.09609375 0.51796875 0.04296875 0.03125
0 0.06015625 0.50703125 0.04296875 0.03125
0 0.3296875 0.66328125 0.2359375 0.1734375
0 0.33203125 0.58046875 0.0359375 0.0265625
0 0.41796875 0.5609375 0.1078125 0.0796875
0 0.33515625 0.5375 0.0578125 0.04296875
0 0.4484375 0.75234375 0.09140625 0.0671875
0 0.1875 0.81875 0.05546875 0.040625
0 0.5640625 0.6578125 0.259375 0.18984375
0 0.759375 0.70546875 0.0453125 0.03359375
0 0.76953125 0.74140625 0.05546875 0.040625
0 0.86875 0.73203125 0.040625 0.02890625
0 0.7703125 0.5640625 0.3296875 0.240625
0 0.6765625 0.421875 0.06953125 0.05078125
0 0.39453125 0.41015625 0.06953125 0.05078125
0 0.42421875 0.3375 0.0890625 0.06484375
0 0.365625 0.36796875 0.04296875 0.03125
0 0.3484375 0.396875 0.03359375 0.02421875
0 0.82421875 0.70703125 0.06953125 0.05078125
0 0.71171875 0.7390625 0.0484375 0.0359375
0 0.96875 0.7640625 0.06015625 0.04296875
0 0.9578125 0.54921875 0.04296875 0.03125
0 0.9546875 0.4703125 0.040625 0.03125
0 0.93359375 0.50234375 0.040625 0.03125
0 0.95703125 0.15390625 0.05546875 0.040625
0 0.97734375 0.203125 0.0453125 0.03828125
0 0.9484375 0.31953125 0.0671875 0.0484375
0 0.9796875 0.29296875 0.040625 0.03125
0 0.8390625 0.26171875 0.05078125 0.0359375
0 0.8375 0.3484375 0.06015625 0.04296875
0 0.7953125 0.36875 0.084375 0.0625
0 0.5953125 0.2953125 0.28125 0.2046875
0 0.4375 0.43984375 0.0359375 0.0265625
0 0.27265625 0.3609375 0.040625 0.02890625
0 0.2953125 0.2765625 0.1875 0.13671875
0 0.20078125 0.33984375 0.040625 0.02890625
0 0.06953125 0.3453125 0.05078125 0.03828125
0 0.1046875 0.2328125 0.053125 0.03828125
0 0.44375 0.08671875 0.3390625 0.1734375
0 0.54921875 0.1703125 0.0359375 0.0265625
0 0.7984375 0.1703125 0.0578125 0.04296875
0 0.25390625 0.0515625 0.15859375 0.103125
0 0.54453125 0.06640625 0.040625 0.02890625
0 0.196875 0.10078125 0.14453125 0.103125
0 0.61875 0.11875 0.0625 0.0453125
0 0.03359375 0.0578125 0.03828125 0.02890625
0 0.0484375 0.459375 0.09609375 0.08671875