0 0.8765625 0.8421875 0.02890625 0.02890625
0 0.15234375 0.978125 0.0265625 0.02421875
0 0.77890625 0.60234375 0.03125 0.03125
0 0.51953125 0.63671875 0.03359375 0.03359375
0 0.4828125 0.64453125 0.03125 0.03125
0 0.65625 0.7328125 0.03359375 0.03125
0 0.615625 0.7546875 0.02890625 0.0265625
0 0.5 0.6 0.03359375 0.03125
0 0.49296875 0.5625 0.02890625 0.0265625
0 0.3953125 0.70703125 0.0359375 0.03359375
0 0.39296875 0.8265625 0.0359375 0.03359375
0 0.478125 0.8328125 0.03125 0.02890625
0 0.49140625 0.875 0.0359375 0.0359375
0 0.40390625 0.8890625 0.0265625 0.0265625
0 0.4546875 0.9046875 0.03359375 0.03125
0 0.44375 0.8421875 0.03125 0.03125
0 0.35234375 0.7765625 0.0359375 0.03359375
0 0.26171875 0.7921875 0.0359375 0.03359375
0 0.3765625 0.6046875 0.0484375 0.0453125
0 0.22109375 0.5828125 0.0484375 0.0453125
0 0.11328125 0.58671875 0.0453125 0.04296875
0 0.0671875 0.60703125 0.02890625 0.0265625
0 0.05078125 0.63125 0.0265625 0.02421875
0 0.04296875 0.6703125 0.0265625 0.02421875
0 0.0671875 0.7078125 0.03828125 0.0359375
0 0.0796875 0.75 0.02890625 0.02890625
0 0.09609375 0.78984375 0.0484375 0.0453125
0 0.015625 0.9125 0.0265625 0.0265625
0 0.290625 0.703125 0.03125 0.02890625
0 0.14453125 0.56640625 0.0265625 0.02421875
0 0.69375 0.62265625 0.02890625 0.0265625
0 0.4390625 0.43984375 0.03359375 0.03359375
0 0.46640625 0.36640625 0.0265625 0.02421875
0 0.46484375 0.38359375 0.0265625 0.02421875
0 0.48046875 0.290625 0.03125 0.03125
0 0.396875 0.26171875 0.0265625 0.0265625
0 0.3921875 0.2984375 0.040625 0.03828125
0 0.4 0.353125 0.040625 0.03828125
0 0.2671875 0.34609375 0.03125 0.03125
0 0.26328125 0.38671875 0.03359375 0.03359375
0 0.22265625 0.41015625 0.040625 0.03828125
0 0.0953125 0.34765625 0.0265625 0.02421875
0 0.11875 0.45546875 0.0265625 0.0265625
0 0.1078125 0.478125 0.03125 0.02890625
0 0.0890625 0.51328125 0.03359375 0.03125
0 0.01171875 0.5140625 0.0234375 0.03125
0 0.209375 0.37890625 0.0359375 0.0359375
0 0.58046875 0.4953125 0.1296875 0.12265625
0 0.51796875 0.24765625 0.04296875 0.040625
0 0.16328125 0.10078125 0.02890625 0.0265625
0 0.16796875 0.08046875 0.02890625 0.0265625
0 0.21171875 0.140625 0.03359375 0.03125
0 0.30078125 0.21875 0.03125 0.02890625
0 0.23671875 0.04921875 0.03125 0.03125
0 0.2453125 0.03828125 0.02890625 0.0265625
0 0.39453125 0.009375 0.0328125 0.01875
0 0.44140625 0.009375 0.0265625 0.01875
0 0.46484375 0.07578125 0.040625 0.03828125
0 0.48828125 0.11640625 0.0359375 0.0359375
0 0.5015625 0.13359375 0.02421875 0.02421875
0 0.453125 0.125 0.02890625 0.02890625
0 0.6265625 0.16484375 0.02890625 0.0265625
0 0.61640625 0.18046875 0.0359375 0.03359375
0 0.584375 0.19453125 0.04296875 0.040625
0 0.6828125 0.178125 0.0359375 0.03359375
0 0.74296875 0.18984375 0.02890625 0.02890625
0 0.88359375 0.1828125 0.02890625 0.0265625
0 0.96171875 0.24140625 0.02890625 0.0265625
0 0.8375 0.12890625 0.02890625 0.02890625
0 0.84765625 0.14296875 0.0265625 0.0265625
0 0.3546875 0.17890625 0.03359375 0.03359375
0 0.446875 0.1921875 0.0359375 0.03359375
0 0.3015625 0.65234375 0.02890625 0.02890625
0 0.82578125 0.4828125 0.03359375 0.03125
0 0.8890625 0.50625 0.0265625 0.0265625
0 0.928125 0.390625 0.03125 0.02890625
0 0.7765625 0.40625 0.02890625 0.0265625
0 0.790625 0.3125 0.02890625 0.02890625
0 0.7359375 0.40390625 0.0265625 0.0265625
0 0.7296875 0.4359375 0.0265625 0.02421875
0 0.76796875 0.36640625 0.03359375 0.03125
0 0.62109375 0.30546875 0.02890625 0.0265625
0 0.8609375 0.24609375 0.02890625 0.0265625
0 0.975 0.5921875 0.02890625 0.0265625
0 0.95546875 0.74765625 0.040625 0.03828125
0 0.834375 0.78359375 0.0265625 0.0265625
0 0.81484375 0.52421875 0.03359375 0.03125
0 0.98515625 0.83671875 0.0296875 0.0328125
0 0.81484375 0.80078125 0.02890625 0.02890625
0 0.58515625 0.859375 0.03125 0.03125
0 0.61171875 0.796875 0.04296875 0.040625
0 0.30625 0.953125 0.02890625 0.02890625
0 0.25390625 0.8328125 0.0265625 0.0265625
0 0.01171875 0.88828125 0.0234375 0.0265625
0 0.3390625 0.97265625 0.0265625 0.02421875
0 0.52421875 0.92890625 0.0359375 0.03359375
0 0.65 0.96484375 0.03828125 0.0359375
0 0.77265625 0.80859375 0.03828125 0.03828125
0 0.80078125 0.7703125 0.02890625 0.0265625
0 0.6578125 0.80546875 0.0359375 0.0359375
0 0.44921875 0.8734375 0.03359375 0.03125
0 0.38203125 0.7875 0.0265625 0.0265625
0 0.19453125 0.75859375 0.03359375 0.03359375
0 0.2640625 0.66328125 0.03125 0.02890625
0 0.0640625 0.7640625 0.03125 0.02890625
0 0.76328125 0.921875 0.040625 0.03828125
0 0.728125 0.875 0.0265625 0.0265625
0 0.734375 0.85234375 0.02421875 0.02421875
0 0.7671875 0.85 0.02421875 0.02421875
0 0.5984375 0.834375 0.0453125 0.04296875
0 0.30546875 0.46484375 0.040625 0.040625
0 0.3859375 0.52890625 0.03359375 0.03359375
0 0.39296875 0.4984375 0.02890625 0.0265625
0 0.38671875 0.41484375 0.02890625 0.0265625
0 0.44453125 0.2078125 0.03359375 0.03125
0 0.46171875 0.2390625 0.0265625 0.0265625
0 0.6671875 0.43046875 0.06015625 0.0578125
0 0.61875 0.4078125 0.0265625 0.02421875
0 0.5046875 0.37734375 0.0265625 0.02421875
0 0.5984375 0.66953125 0.03125 0.03125
0 0.66015625 0.6546875 0.02890625 0.0265625
0 0.678125 0.5765625 0.0265625 0.0265625
0 0.73203125 0.5984375 0.02890625 0.02890625
0 0.728125 0.5328125 0.0265625 0.0265625
0 0.7390625 0.509375 0.03125 0.03125
0 0.4515625 0.03515625 0.0265625 0.02421875
0 0.36171875 0.26328125 0.0265625 0.02421875
0 0.4984375 0.33046875 0.0265625 0.0265625
0 0.79921875 0.553125 0.02890625 0.0265625
0 0.8734375 0.64765625 0.04296875 0.040625
0 0.9046875 0.62890625 0.0265625 0.0265625
0 0.33515625 0.1546875 0.040625 0.03828125
0 0.584375 0.7296875 0.040625 0.03828125
0 0.9578125 0.3140625 0.03125 0.02890625
0 0.94375 0.3265625 0.02890625 0.02890625
0 0.9796875 0.6671875 0.0265625 0.0265625
0 0.9078125 0.59375 0.03125 0.03125
0 0.90390625 0.56875 0.02890625 0.02890625
0 0.9828125 0.52890625 0.03359375 0.03828125