0 0.07421875 0.25390625 0.096875 0.09375
0 0.015625 0.35546875 0.03125 0.0359375
0 0.13828125 0.36796875 0.0359375 0.034375
0 0.07109375 0.05390625 0.028125 0.0265625
0 0.04921875 0.30625 0.0484375 0.0453125
0 0.08203125 0.40234375 0.1625 0.19375
0 0.11171875 0.50859375 0.0453125 0.0453125
0 0.1546875 0.478125 0.053125 0.05
0 0.334375 0.4671875 0.08125 0.0765625
0 0.3859375 0.42421875 0.0375 0.0375
0 0.5171875 0.40625 0.034375 0.03125
0 0.55546875 0.39453125 0.028125 0.028125
0 0.5671875 0.3640625 0.03125 0.028125
0 0.58671875 0.34375 0.03125 0.03125
0 0.50234375 0.2875 0.0359375 0.034375
0 0.2671875 0.24609375 0.034375 0.034375
0 0.4359375 0.171875 0.065625 0.0625
0 0.11171875 0.1609375 0.0375 0.0359375
0 0.30390625 0.2234375 0.415625 0.403125
0 0.4671875 0.0578125 0.0265625 0.0265625
0 0.37890625 0.16328125 0.0453125 0.0453125
0 0.6140625 0.21875 0.2046875 0.196875
0 0.6046875 0.13203125 0.028125 0.028125
0 0.6359375 0.33203125 0.0265625 0.0265625
0 0.8484375 0.30625 0.0484375 0.0484375
0 0.90859375 0.3265625 0.040625 0.040625
0 0.83515625 0.4234375 0.034375 0.03125
0 0.7765625 0.38828125 0.053125 0.05
0 0.7171875 0.41484375 0.05625 0.053125
0 0.78125 0.5578125 0.115625 0.1125
0 0.78828125 0.46875 0.1 0.0984375
0 0.85078125 0.35078125 0.125 0.1203125
0 0.85 0.56875 0.2328125 0.225
0 0.6921875 0.45078125 0.3375 0.3265625
0 0.66796875 0.44375 0.0625 0.059375
0 0.68125 0.61328125 0.04375 0.04375
0 0.396875 0.73828125 0.19375 0.1875
0 0.30859375 0.65859375 0.0453125 0.04375
0 0.225 0.6140625 0.028125 0.0265625
0 0.421875 0.5359375 0.04375 0.04375
0 0.80078125 0.259375 0.034375 0.034375
0 0.90390625 0.5578125 0.0984375 0.09375
0 0.89921875 0.6078125 0.06875 0.0671875
0 0.62265625 0.03828125 0.03125 0.03125
0 0.83984375 0.14921875 0.0359375 0.0359375
0 0.83046875 0.96640625 0.0375 0.0375
0 0.49140625 0.89765625 0.040625 0.0375
0 0.50390625 0.9578125 0.028125 0.0265625
0 0.2234375 0.80625 0.18125 0.175
0 0.19609375 0.9265625 0.03125 0.028125
0 0.06875 0.68125 0.028125 0.0265625
0 0.09609375 0.75625 0.1109375 0.1078125
0 0.00078125 0.0015625 0.0015625 0.0015625