0 0.928125 0.0671875 0.03828125 0.03828125
0 0.8578125 0.22265625 0.0265625 0.0265625
0 0.78125 0.0921875 0.0359375 0.0359375
0 0.74140625 0.00859375 0.02890625 0.0171875
0 0.7046875 0.17421875 0.0265625 0.02421875
0 0.765625 0.23828125 0.0265625 0.0265625
0 0.63203125 0.1859375 0.0265625 0.02421875
0 0.4234375 0.1734375 0.0625 0.06015625
0 0.06640625 0.19375 0.0484375 0.0484375
0 0.08046875 0.05078125 0.0359375 0.03359375
0 0.05625 0.08046875 0.03125 0.02890625
0 0.5625 0.16484375 0.25703125 0.24765625
0 0.8234375 0.265625 0.0265625 0.02421875
0 0.88203125 0.28515625 0.02890625 0.02890625
0 0.76171875 0.365625 0.0265625 0.0265625
0 0.83515625 0.475 0.0265625 0.0265625
0 0.859375 0.58203125 0.125 0.1203125
0 0.3890625 0.4109375 0.02890625 0.02890625
0 0.2078125 0.553125 0.084375 0.0796875
0 0.01328125 0.16796875 0.0265625 0.02890625
0 0.025 0.81640625 0.0484375 0.0484375
0 0.13203125 0.78828125 0.053125 0.05078125
0 0.1046875 0.6265625 0.03125 0.02890625
0 0.29921875 0.93515625 0.1109375 0.10546875
0 0.6140625 0.4640625 0.0484375 0.0453125
0 0.67890625 0.5421875 0.0265625 0.0265625
0 0.8265625 0.446875 0.03359375 0.03359375
0 0.915625 0.62734375 0.040625 0.03828125