0 0.0015625 0.00234375 0.00234375 0.00234375
0 0.8390625 0.9359375 0.0265625 0.02421875
0 0.94921875 0.709375 0.10078125 0.09375
0 0.78515625 0.62734375 0.0984375 0.09140625
0 0.89765625 0.9078125 0.071875 0.0671875
0 0.41484375 0.64921875 0.0265625 0.0265625
0 0.65 0.8703125 0.0484375 0.0453125
0 0.69375 0.859375 0.0265625 0.02421875
0 0.33515625 0.59140625 0.0453125 0.04296875
0 0.1609375 0.603125 0.03828125 0.0359375
0 0.30546875 0.640625 0.0453125 0.04296875
0 0.084375 0.84375 0.16796875 0.21875
0 0.2015625 0.67890625 0.0359375 0.03359375
0 0.1203125 0.328125 0.03359375 0.03125
0 0.203125 0.275 0.09375 0.08671875
0 0.2296875 0.3078125 0.06015625 0.05546875
0 0.13359375 0.2234375 0.02890625 0.0265625
0 0.31875 0.09375 0.03125 0.02890625
0 0.3125 0.115625 0.1109375 0.103125
0 0.24375 0.1546875 0.0265625 0.0265625
0 0.390625 0.22265625 0.1390625 0.1296875
0 0.35078125 0.2296875 0.22578125 0.21171875
0 0.37109375 0.428125 0.2234375 0.209375
0 0.071875 0.47265625 0.03125 0.02890625
0 0.21640625 0.35703125 0.15390625 0.1421875
0 0.53515625 0.25625 0.05546875 0.05078125
0 0.64453125 0.2875 0.040625 0.03828125
0 0.49765625 0.33671875 0.06015625 0.05546875
0 0.50703125 0.446875 0.03359375 0.03125
0 0.5265625 0.46875 0.03828125 0.0359375
0 0.775 0.196875 0.13671875 0.12734375
0 0.6546875 0.07578125 0.02890625 0.0265625
0 0.4390625 0.15 0.09375 0.08671875
0 0.0921875 0.3578125 0.13203125 0.12265625
0 0.5765625 0.578125 0.28359375 0.2640625
0 0.04453125 0.5515625 0.06484375 0.06015625
0 0.93359375 0.49765625 0.053125 0.0484375
0 0.9046875 0.4796875 0.0484375 0.0453125
0 0.95546875 0.02265625 0.0890625 0.0453125
0 0.78125 0.0609375 0.259375 0.121875
0 0.84765625 0.72578125 0.10078125 0.09375
0 0.83203125 0.646875 0.03125 0.02890625
0 0.703125 0.765625 0.14921875 0.1390625
0 0.6109375 0.8265625 0.04296875 0.040625
0 0.5984375 0.8953125 0.12265625 0.115625
0 0.228125 0.7203125 0.02890625 0.0265625
0 0.60234375 0.1703125 0.03359375 0.03125
0 0.5765625 0.2015625 0.14921875 0.1390625
0 0.5890625 0.50390625 0.02890625 0.0265625
0 0.3234375 0.53828125 0.13203125 0.125
0 0.11640625 0.47578125 0.0578125 0.05546875
0 0.0953125 0.4265625 0.03125 0.02890625