0 0.9984375 0.0015625 0.003125 0.003125
0 0.3453125 0.92421875 0.028125 0.028125
0 0.13359375 0.65390625 0.034375 0.034375
0 0.4 0.41953125 0.0453125 0.0453125
0 0.3109375 0.66328125 0.03125 0.034375
0 0.521875 0.66484375 0.04375 0.04375
0 0.4734375 0.4046875 0.0265625 0.0265625
0 0.4046875 0.359375 0.0265625 0.028125
0 0.4640625 0.3109375 0.03125 0.03125
0 0.4578125 0.26328125 0.028125 0.03125
0 0.7859375 0.16796875 0.025 0.0265625
0 0.98203125 0.6578125 0.025 0.0265625
0 0.83671875 0.77421875 0.0453125 0.0453125
0 0.38671875 0.51171875 0.040625 0.040625
0 0.40234375 0.45546875 0.053125 0.05625
0 0.396875 0.3796875 0.0578125 0.059375