0 0.00234375 0.00234375 0.003125 0.003125
0 0.10234375 0.86328125 0.071875 0.059375
0 0.0375 0.8953125 0.075 0.0765625
0 0.61171875 0.94609375 0.084375 0.06875
0 0.90625 0.93046875 0.0578125 0.0484375
0 0.9296875 0.9875 0.040625 0.025
0 0.71875 0.80546875 0.03125 0.0265625
0 0.8109375 0.7125 0.034375 0.0265625
0 0.94609375 0.73828125 0.0359375 0.028125
0 0.96484375 0.428125 0.06875 0.065625
0 0.88203125 0.45546875 0.096875 0.0796875
0 0.8171875 0.45703125 0.0984375 0.0796875
0 0.74609375 0.44921875 0.04375 0.0359375
0 0.6890625 0.49609375 0.053125 0.04375
0 0.6609375 0.5265625 0.0375 0.03125
0 0.68984375 0.60703125 0.09375 0.0765625
0 0.9484375 0.19921875 0.103125 0.0890625
0 0.89765625 0.2515625 0.1 0.08125
0 0.8171875 0.1765625 0.0765625 0.0625
0 0.7640625 0.2875 0.0796875 0.065625
0 0.7453125 0.2671875 0.0375 0.03125
0 0.646875 0.2203125 0.084375 0.0671875
0 0.7078125 0.32578125 0.034375 0.0265625
0 0.72578125 0.38671875 0.065625 0.053125
0 0.70546875 0.41015625 0.03125 0.0265625
0 0.640625 0.47265625 0.034375 0.028125
0 0.64453125 0.43046875 0.0984375 0.08125
0 0.58515625 0.37890625 0.1 0.08125
0 0.62734375 0.303125 0.03125 0.0265625
0 0.54921875 0.3390625 0.1390625 0.1125
0 0.58046875 0.290625 0.0890625 0.071875
0 0.52265625 0.39921875 0.034375 0.0265625
0 0.4375 0.39453125 0.065625 0.053125
0 0.43125 0.459375 0.0453125 0.0375
0 0.5296875 0.7328125 0.0359375 0.028125
0 0.30625 0.6875 0.06875 0.0578125
0 0.26328125 0.71640625 0.03125 0.025
0 0.20703125 0.80078125 0.05 0.040625
0 0.07109375 0.671875 0.0578125 0.0453125
0 0.0609375 0.646875 0.0359375 0.028125
0 0.28984375 0.625 0.0375 0.03125
0 0.24375 0.4984375 0.125 0.103125
0 0.2203125 0.5640625 0.08125 0.0671875
0 0.0875 0.515625 0.034375 0.0265625
0 0.0953125 0.44609375 0.1 0.08125
0 0.1078125 0.3484375 0.1390625 0.1125
0 0.21484375 0.3421875 0.0765625 0.0625
0 0.28125 0.296875 0.153125 0.125
0 0.4390625 0.2796875 0.053125 0.04375
0 0.5515625 0.19375 0.15 0.121875
0 0.37265625 0.18046875 0.0453125 0.0359375
0 0.2984375 0.2015625 0.0359375 0.028125
0 0.1265625 0.2484375 0.040625 0.034375
0 0.0828125 0.24296875 0.084375 0.06875
0 0.02890625 0.28828125 0.0578125 0.05
0 0.021875 0.5734375 0.028125 0.025
0 0.0265625 0.728125 0.04375 0.0359375
0 0.1703125 0.44609375 0.06875 0.0578125
0 0.18359375 0.225 0.034375 0.028125
0 0.3609375 0.1140625 0.065625 0.053125
0 0.2765625 0.125 0.053125 0.04375
0 0.57421875 0.0984375 0.08125 0.0671875
0 0.52890625 0.0453125 0.0578125 0.0484375
0 0.428125 0.0515625 0.1296875 0.103125
0 0.3265625 0.03828125 0.115625 0.0765625
0 0.265625 0.0203125 0.084375 0.040625
0 0.0484375 0.02890625 0.059375 0.0484375
0 0.0328125 0.06953125 0.065625 0.0671875
0 0.7296875 0.0265625 0.115625 0.053125
0 0.02421875 0.16484375 0.0484375 0.065625
0 0.25703125 0.084375 0.0625 0.05