0 0.92421875 0.975 0.0484375 0.0453125
0 0.678125 0.775 0.0453125 0.040625
0 0.7140625 0.7703125 0.034375 0.03125
0 0.63359375 0.81640625 0.03125 0.028125
0 0.92421875 0.83203125 0.04375 0.040625
0 0.87265625 0.73046875 0.028125 0.0265625
0 0.86171875 0.74765625 0.028125 0.0265625
0 0.821875 0.7046875 0.084375 0.0796875
0 0.7359375 0.634375 0.09375 0.0890625
0 0.87734375 0.58671875 0.0875 0.0796875
0 0.93515625 0.60234375 0.040625 0.0375
0 0.9671875 0.59375 0.0375 0.0359375
0 0.44140625 0.88828125 0.0609375 0.05625
0 0.49140625 0.83046875 0.034375 0.03125
0 0.11796875 0.8890625 0.04375 0.0375
0 0.365625 0.84609375 0.03125 0.03125
0 0.38828125 0.83046875 0.028125 0.028125
0 0.08046875 0.9421875 0.028125 0.028125
0 0.0203125 0.94609375 0.034375 0.03125
0 0.14921875 0.61796875 0.04375 0.0390625
0 0.06953125 0.771875 0.0921875 0.0859375
0 0.22265625 0.7046875 0.0671875 0.065625
0 0.225 0.53515625 0.075 0.06875
0 0.2390625 0.4734375 0.1109375 0.103125
0 0.3234375 0.52265625 0.0359375 0.034375
0 0.15234375 0.4234375 0.084375 0.0765625
0 0.03828125 0.375 0.075 0.06875
0 0.01796875 0.2609375 0.0359375 0.0359375
0 0.05625 0.2765625 0.065625 0.059375
0 0.0984375 0.21171875 0.071875 0.0671875
0 0.203125 0.13359375 0.040625 0.0375
0 0.2859375 0.35 0.03125 0.028125
0 0.38359375 0.2390625 0.0453125 0.04375
0 0.5109375 0.32421875 0.121875 0.1125
0 0.46875 0.5609375 0.075 0.06875
0 0.60234375 0.5734375 0.071875 0.0671875
0 0.63203125 0.58984375 0.040625 0.0375
0 0.63359375 0.62265625 0.0265625 0.025
0 0.4078125 0.68515625 0.2625 0.2453125
0 0.353125 0.42578125 0.14375 0.134375
0 0.41015625 0.28984375 0.1140625 0.10625
0 0.771875 0.4984375 0.05625 0.053125
0 0.8171875 0.490625 0.059375 0.0578125
0 0.8953125 0.5015625 0.0265625 0.025
0 0.94140625 0.49296875 0.040625 0.0375
0 0.87109375 0.4703125 0.059375 0.05625
0 0.884375 0.34140625 0.03125 0.028125
0 0.94375 0.33984375 0.034375 0.03125
0 0.8890625 0.2796875 0.0453125 0.04375
0 0.859375 0.2984375 0.028125 0.0265625
0 0.803125 0.31953125 0.0265625 0.025
0 0.8171875 0.2984375 0.034375 0.03125
0 0.74375 0.20546875 0.1390625 0.1296875
0 0.67421875 0.1203125 0.096875 0.0890625
0 0.82109375 0.384375 0.0265625 0.0265625
0 0.6859375 0.4890625 0.146875 0.1375
0 0.6828125 0.5890625 0.06875 0.065625
0 0.775 0.415625 0.121875 0.1125
0 0.75234375 0.3484375 0.028125 0.0265625
0 0.7828125 0.59140625 0.034375 0.03125
0 0.83515625 0.553125 0.03125 0.028125
0 0.60234375 0.49140625 0.08125 0.0765625
0 0.5265625 0.4578125 0.209375 0.19375
0 0.58203125 0.26328125 0.146875 0.134375
0 0.953125 0.140625 0.0375 0.0359375
0 0.9546875 0.19375 0.03125 0.028125
0 0.05390625 0.46875 0.034375 0.03125