0 0.1765625 0.56953125 0.284375 0.2484375
0 0.3328125 0.88671875 0.3015625 0.225
0 0.8421875 0.91484375 0.315625 0.1703125
0 0.0375 0.43125 0.0375 0.034375
0 0.06015625 0.88671875 0.08125 0.06875
0 0.178125 0.546875 0.028125 0.0265625
0 0.60546875 0.39453125 0.034375 0.028125
0 0.8421875 0.40859375 0.03125 0.0265625
0 0.75859375 0.65390625 0.0671875 0.059375
0 0.79296875 0.709375 0.028125 0.025
0 0.865625 0.67578125 0.0359375 0.03125
0 0.94375 0.59609375 0.1125 0.0984375
0 0.459375 0.16796875 0.040625 0.0359375
0 0.43984375 0.14765625 0.0390625 0.034375
0 0.490625 0.25859375 0.0359375 0.03125
0 0.3859375 0.1875 0.0484375 0.04375
0 0.41953125 0.23203125 0.053125 0.0453125
0 0.2984375 0.04296875 0.0375 0.034375
0 0.30859375 0.01484375 0.0328125 0.0296875
0 0.728125 0.05546875 0.0625 0.053125
0 0.0953125 0.02890625 0.0328125 0.028125
0 0.21875 0.10546875 0.0453125 0.040625
0 0.19140625 0.4375 0.03125 0.028125
0 0.2859375 0.665625 0.053125 0.0453125
0 0.15390625 0.196875 0.0578125 0.0515625