0 0.1046875 0.89921875 0.0375 0.04375
0 0.13203125 0.9109375 0.04375 0.0453125
0 0.19921875 0.91015625 0.05 0.05625
0 0.0921875 0.7484375 0.0265625 0.028125
0 0.04296875 0.7125 0.025 0.0265625
0 0.321875 0.8578125 0.0265625 0.03125
0 0.43046875 0.7328125 0.028125 0.03125
0 0.16015625 0.4859375 0.03125 0.034375
0 0.06640625 0.259375 0.040625 0.0453125
0 0.1359375 0.12734375 0.0265625 0.028125
0 0.296875 0.515625 0.03125 0.034375
0 0.31875 0.55390625 0.0359375 0.040625
0 0.36171875 0.5578125 0.0375 0.040625
0 0.4640625 0.3421875 0.05625 0.0625
0 0.5984375 0.31640625 0.0265625 0.028125
0 0.28359375 0.2171875 0.025 0.0265625
0 0.7703125 0.3328125 0.040625 0.0453125
0 0.97265625 0.91015625 0.028125 0.03125
0 0.15234375 0.884375 0.0375 0.04375
0 0.22109375 0.16015625 0.025 0.0265625