0 0.53984375 0.4796875 0.4828125 0.4734375
0 0.18515625 0.6921875 0.325 0.3171875
0 0.4953125 0.7875 0.05 0.05
0 0.259375 0.834375 0.0265625 0.0265625
0 0.05625 0.54453125 0.028125 0.028125
0 0.1890625 0.74375 0.03125 0.03125
0 0.04921875 0.26171875 0.034375 0.03125
0 0.046875 0.17890625 0.0375 0.0359375
0 0.0796875 0.14765625 0.04375 0.040625
0 0.11171875 0.21171875 0.03125 0.028125
0 0.0953125 0.2234375 0.028125 0.028125
0 0.1921875 0.396875 0.0265625 0.025
0 0.28984375 0.5140625 0.028125 0.028125
0 0.521875 0.1515625 0.05625 0.053125
0 0.58515625 0.15234375 0.0265625 0.0265625
0 0.6828125 0.06875 0.03125 0.03125
0 0.853125 0.521875 0.059375 0.059375
0 0.92890625 0.55546875 0.09375 0.09375
0 0.9703125 0.65 0.0265625 0.025
0 0.984375 0.66484375 0.03125 0.034375
0 0.9234375 0.69453125 0.025 0.025
0 0.38125 0.2234375 0.034375 0.034375
0 0.4171875 0.11171875 0.1875 0.184375
0 0.521875 0.071875 0.025 0.025
0 0.94140625 0.021875 0.028125 0.028125
0 0.9109375 0.01796875 0.0375 0.0359375