0 0.55390625 0.76171875 0.503125 0.459375
0 0.0765625 0.90859375 0.04375 0.040625
0 0.19453125 0.83984375 0.04375 0.0375
0 0.3015625 0.81484375 0.03125 0.028125
0 0.37109375 0.78125 0.0265625 0.025
0 0.23828125 0.571875 0.0484375 0.04375
0 0.72578125 0.50234375 0.184375 0.1703125
0 0.7765625 0.60546875 0.0625 0.0578125
0 0.83203125 0.91328125 0.0484375 0.0453125
0 0.56015625 0.56640625 0.03125 0.028125
0 0.49140625 0.16796875 0.0453125 0.040625
0 0.3734375 0.625 0.0265625 0.025
0 0.28515625 0.50625 0.0765625 0.071875
0 0.24140625 0.2671875 0.0375 0.0359375
0 0.16796875 0.24765625 0.03125 0.028125
0 0.14921875 0.18125 0.034375 0.03125
0 0.06484375 0.19921875 0.0375 0.034375
0 0.01953125 0.41015625 0.0375 0.059375
0 0.18046875 0.5453125 0.0796875 0.075
0 0.44375 0.353125 0.03125 0.028125
0 0.103125 0.0203125 0.0375 0.034375
0 0.16953125 0.0796875 0.2453125 0.159375
0 0.19375 0.3375 0.353125 0.321875
0 0.02421875 0.1578125 0.0484375 0.0796875
0 0.478125 0.1078125 0.06875 0.065625
0 0.384375 0.078125 0.0359375 0.034375