0 0.51171875 0.98671875 0.0265625 0.0265625
0 0.44453125 0.9734375 0.0578125 0.053125
0 0.078125 0.884375 0.034375 0.040625
0 0.07578125 0.9328125 0.034375 0.040625
0 0.2359375 0.77265625 0.0484375 0.0578125
0 0.275 0.6828125 0.04375 0.053125
0 0.4953125 0.709375 0.028125 0.0359375
0 0.3703125 0.9234375 0.03125 0.0359375
0 0.10546875 0.7609375 0.0265625 0.03125
0 0.09765625 0.74375 0.03125 0.0375
0 0.44453125 0.81015625 0.0671875 0.084375
0 0.3296875 0.56484375 0.0578125 0.06875
0 0.42421875 0.4390625 0.03125 0.0359375
0 0.446875 0.44375 0.03125 0.0375
0 0.478125 0.46640625 0.05 0.059375
0 0.63203125 0.48671875 0.03125 0.0375
0 0.603125 0.30546875 0.025 0.03125
0 0.58203125 0.36640625 0.0359375 0.04375
0 0.56875 0.50703125 0.03125 0.0375
0 0.54921875 0.44609375 0.0265625 0.034375
0 0.39296875 0.42578125 0.028125 0.034375
0 0.19453125 0.5640625 0.05625 0.0671875
0 0.0109375 0.375 0.021875 0.034375
0 0.225 0.06875 0.0375 0.0484375
0 0.3453125 0.13359375 0.028125 0.0359375
0 0.396875 0.2140625 0.06875 0.084375
0 0.453125 0.23828125 0.04375 0.053125
0 0.66796875 0.375 0.1203125 0.146875
0 0.6109375 0.140625 0.03125 0.0359375
0 0.73046875 0.1984375 0.0265625 0.03125
0 0.7640625 0.1984375 0.0265625 0.034375
0 0.71015625 0.03359375 0.034375 0.040625
0 0.4421875 0.0171875 0.034375 0.034375
0 0.86171875 0.10546875 0.0265625 0.03125
0 0.84375 0.421875 0.028125 0.0359375
0 0.95546875 0.41796875 0.034375 0.040625
0 0.890625 0.5015625 0.0265625 0.034375
0 0.9375 0.63671875 0.03125 0.0375
0 0.72109375 0.79453125 0.0265625 0.03125
0 0.69921875 0.7484375 0.03125 0.0375
0 0.03125 0.8234375 0.03125 0.0375
0 0.0109375 0.07578125 0.021875 0.03125