0 0.209375 0.2296875 0.36328125 0.321875
0 0.13984375 0.01171875 0.0484375 0.0234375
0 0.08984375 0.0359375 0.0453125 0.040625
0 0.7171875 0.06484375 0.02890625 0.0265625
0 0.7359375 0.1625 0.040625 0.0359375
0 0.4328125 0.23203125 0.04296875 0.03828125
0 0.54921875 0.3296875 0.02890625 0.0265625
0 0.428125 0.0953125 0.0265625 0.02421875
0 0.21484375 0.1875 0.02890625 0.02421875
0 0.0671875 0.146875 0.0359375 0.03125
0 0.11171875 0.16328125 0.02890625 0.02421875
0 0.34140625 0.0171875 0.06484375 0.03359375
0 0.0265625 0.25390625 0.02890625 0.0265625
0 0.01171875 0.27421875 0.0234375 0.0265625
0 0.09140625 0.865625 0.0484375 0.04296875
0 0.259375 0.77421875 0.03359375 0.02890625
0 0.209375 0.74765625 0.02890625 0.0265625
0 0.0203125 0.73671875 0.040625 0.0359375
0 0.27890625 0.53515625 0.0359375 0.03125
0 0.33671875 0.5671875 0.08671875 0.0765625
0 0.165625 0.84375 0.040625 0.0359375
0 0.20078125 0.4578125 0.0359375 0.03359375
0 0.01796875 0.43046875 0.0359375 0.03359375
0 0.01796875 0.3609375 0.03125 0.0265625
0 0.38203125 0.375 0.03125 0.0265625
0 0.63203125 0.8328125 0.03828125 0.03359375
0 0.50703125 0.81484375 0.0453125 0.040625
0 0.421875 0.71484375 0.02890625 0.0265625
0 0.66796875 0.42578125 0.03125 0.02890625
0 0.8125 0.12890625 0.02890625 0.02421875
0 0.9359375 0.1859375 0.02890625 0.0265625
0 0.821875 0.4390625 0.05078125 0.04296875
0 0.859375 0.43984375 0.03359375 0.03125
0 0.79921875 0.396875 0.04296875 0.03828125
0 0.71015625 0.4546875 0.02890625 0.02421875
0 0.7984375 0.8265625 0.115625 0.10078125
0 0.25390625 0.98515625 0.0328125 0.0296875
0 0.1109375 0.95546875 0.0625 0.05546875
0 0.3859375 0.93359375 0.0453125 0.040625
0 0.734375 0.45078125 0.03125 0.0265625
0 0.9078125 0.884375 0.0359375 0.03125