0 0.2796875 0.88125 0.04375 0.0578125
0 0.36171875 0.94921875 0.0265625 0.034375
0 0.6875 0.7546875 0.028125 0.0375
0 0.60546875 0.6 0.0265625 0.034375
0 0.5453125 0.446875 0.0265625 0.034375
0 0.81484375 0.3421875 0.028125 0.0359375
0 0.84375 0.2953125 0.03125 0.040625
0 0.7765625 0.2921875 0.0265625 0.0359375
0 0.68515625 0.21640625 0.028125 0.0375
0 0.8234375 0.17890625 0.025 0.03125
0 0.18359375 0.4796875 0.028125 0.0359375
0 0.1890625 0.3859375 0.0265625 0.034375
0 0.0578125 0.2296875 0.025 0.03125
0 0.16484375 0.17421875 0.0796875 0.103125
0 0.16015625 0.0984375 0.0453125 0.059375
0 0.13671875 0.0609375 0.0265625 0.0359375
0 0.94453125 0.69609375 0.0265625 0.034375
0 0.8578125 0.90625 0.0359375 0.0453125