0 0.35546875 0.98671875 0.03125 0.0265625
0 0.33203125 0.8140625 0.0265625 0.0265625
0 0.06875 0.9171875 0.028125 0.028125
0 0.24609375 0.72265625 0.028125 0.028125
0 0.4 0.64765625 0.04375 0.04375
0 0.20078125 0.69375 0.028125 0.028125
0 0.1859375 0.6359375 0.034375 0.034375
0 0.2328125 0.5734375 0.025 0.025
0 0.09765625 0.46484375 0.0265625 0.0265625
0 0.49609375 0.67421875 0.025 0.025
0 0.55546875 0.63359375 0.025 0.0265625
0 0.5375 0.2765625 0.03125 0.03125
0 0.4421875 0.02265625 0.025 0.025
0 0.15625 0.17421875 0.0359375 0.0359375
0 0.18359375 0.1296875 0.034375 0.034375
0 0.071875 0.20546875 0.034375 0.034375
0 0.071875 0.0890625 0.0375 0.0375
0 0.03125 0.04296875 0.0265625 0.0265625
0 0.13203125 0.03984375 0.0484375 0.0484375
0 0.9171875 0.8140625 0.034375 0.0328125
0 0.96171875 0.61328125 0.0265625 0.0265625
0 0.91953125 0.70546875 0.0484375 0.0484375
0 0.86328125 0.71484375 0.06875 0.0703125
0 0.85234375 0.6703125 0.028125 0.0296875
0 0.87734375 0.66015625 0.028125 0.028125
0 0.803125 0.71171875 0.0265625 0.0265625
0 0.775 0.7046875 0.0453125 0.0453125
0 0.834375 0.66796875 0.028125 0.028125
0 0.796875 0.609375 0.028125 0.028125
0 0.8390625 0.5890625 0.028125 0.028125
0 0.65390625 0.63359375 0.028125 0.028125
0 0.68125 0.58984375 0.03125 0.03125
0 0.84140625 0.2484375 0.03125 0.03125
0 0.8234375 0.25625 0.025 0.025
0 0.76953125 0.9484375 0.025 0.025
0 0.8578125 0.9203125 0.0265625 0.028125
0 0.72109375 0.828125 0.0265625 0.0265625
0 0.90859375 0.6203125 0.0265625 0.0265625
0 0.09375 0.6390625 0.03125 0.03125
0 0.078125 0.3921875 0.0265625 0.0265625
0 0.0609375 0.25625 0.0265625 0.0265625
0 0.28828125 0.03984375 0.0671875 0.0671875
0 0.03359375 0.09765625 0.0265625 0.0265625
0 0.44921875 0.2765625 0.025 0.025
0 0.6734375 0.021875 0.0625 0.04375
0 0.8921875 0.56875 0.028125 0.028125
0 0.9171875 0.9359375 0.028125 0.0296875