0 0.12890625 0.09375 0.0359375 0.0359375
0 0.0421875 0.1765625 0.028125 0.028125
0 0.01171875 0.22421875 0.0234375 0.0328125
0 0.13359375 0.27734375 0.0578125 0.059375
0 0.19609375 0.2703125 0.04375 0.04375
0 0.24609375 0.11875 0.03125 0.03125
0 0.25625 0.1671875 0.05625 0.0578125
0 0.321875 0.28359375 0.05 0.053125
0 0.1296875 0.33671875 0.028125 0.028125
0 0.10078125 0.76953125 0.03125 0.03125
0 0.08515625 0.7546875 0.028125 0.028125
0 0.17890625 0.8015625 0.0375 0.040625
0 0.21171875 0.803125 0.059375 0.0625
0 0.47265625 0.3328125 0.034375 0.034375
0 0.515625 0.328125 0.0265625 0.0265625
0 0.06953125 0.89296875 0.0265625 0.028125
0 0.046875 0.79296875 0.0265625 0.0265625
0 0.6890625 0.95703125 0.025 0.0265625
0 0.6296875 0.8734375 0.025 0.0265625
0 0.86640625 0.853125 0.028125 0.028125
0 0.68984375 0.46484375 0.040625 0.040625
0 0.9578125 0.6296875 0.028125 0.028125
0 0.9875 0.89765625 0.025 0.0265625
0 0.475 0.89296875 0.0265625 0.0265625
0 0.87890625 0.296875 0.04375 0.04375
0 0.98203125 0.015625 0.034375 0.03125
0 0.5375 0.26171875 0.0578125 0.059375
0 0.7390625 0.29921875 0.040625 0.04375
0 0.71640625 0.42890625 0.028125 0.028125
0 0.83984375 0.15 0.04375 0.0453125
0 0.8609375 0.1859375 0.034375 0.034375
0 0.9046875 0.25625 0.0375 0.040625
0 0.4859375 0.6609375 0.6921875 0.678125