0 0.75 0.84140625 0.02890625 0.0265625
0 0.6875 0.78515625 0.02890625 0.0265625
0 0.64453125 0.6515625 0.05078125 0.0453125
0 0.68515625 0.390625 0.03359375 0.03125
0 0.01328125 0.63359375 0.0265625 0.0265625
0 0.0203125 0.9796875 0.03125 0.02890625
0 0.0375 0.10234375 0.03359375 0.03125
0 0.071875 0.46171875 0.02890625 0.0265625
0 0.5515625 0.209375 0.03125 0.02890625
0 0.4203125 0.2875 0.02890625 0.02890625
0 0.4546875 0.103125 0.03359375 0.03125
0 0.5609375 0.7828125 0.0578125 0.053125
0 0.50625 0.8390625 0.0453125 0.04296875