0 0.63203125 0.821875 0.7328125 0.35625
0 0.32109375 0.078125 0.09375 0.0765625
0 0.76171875 0.04921875 0.075 0.0625
0 0.72578125 0.078125 0.0578125 0.0484375
0 0.609375 0.23203125 0.0359375 0.028125
0 0.33046875 0.3015625 0.2359375 0.19375
0 0.03125 0.18984375 0.028125 0.025
0 0.1875 0.59140625 0.059375 0.0484375
0 0.2015625 0.4109375 0.04375 0.0359375
0 0.2125 0.46640625 0.040625 0.034375
0 0.15390625 0.38203125 0.0625 0.053125
0 0.125 0.8734375 0.0765625 0.0625
0 0.06484375 0.97734375 0.0671875 0.0453125
0 0.1984375 0.9109375 0.0890625 0.071875
0 0.3421875 0.80546875 0.05 0.040625
0 0.2953125 0.66953125 0.0515625 0.040625
0 0.390625 0.6921875 0.0453125 0.0375
0 0.4046875 0.5671875 0.0671875 0.05625
0 0.51953125 0.69375 0.03125 0.025
0 0.63125 0.34375 0.259375 0.2140625
0 0.4109375 0.46640625 0.134375 0.1109375
0 0.7765625 0.56953125 0.103125 0.0875
0 0.75234375 0.4515625 0.0890625 0.075
0 0.6 0.53359375 0.034375 0.028125
0 0.66796875 0.7953125 0.0375 0.03125
0 0.7328125 0.79296875 0.03125 0.025
0 0.7515625 0.6578125 0.065625 0.053125
0 0.7203125 0.5359375 0.040625 0.034375
0 0.84609375 0.8375 0.05 0.040625
0 0.70703125 0.13125 0.05625 0.0453125
0 0.8859375 0.1859375 0.0625 0.0515625
0 0.9828125 0.603125 0.03125 0.0265625
0 0.55234375 0.9859375 0.0578125 0.028125