0 0.79453125 0.06953125 0.065625 0.0625
0 0.4859375 0.06640625 0.0453125 0.04375
0 0.4828125 0.1 0.0796875 0.0765625
0 0.9484375 0.2703125 0.0359375 0.034375
0 0.921875 0.25 0.0375 0.0359375
0 0.4671875 0.209375 0.0359375 0.0359375
0 0.71171875 0.3703125 0.034375 0.034375
0 0.3796875 0.01953125 0.025 0.025
0 0.74140625 0.40390625 0.0671875 0.065625
0 0.69375 0.484375 0.04375 0.040625
0 0.87109375 0.52734375 0.0265625 0.0265625
0 0.68984375 0.6625 0.0984375 0.09375
0 0.14765625 0.07109375 0.15 0.1421875
0 0.3171875 0.234375 0.034375 0.03125
0 0.0578125 0.36640625 0.05 0.0484375
0 0.11875 0.32421875 0.025 0.025
0 0.45546875 0.77265625 0.0265625 0.025
0 0.55546875 0.7875 0.0375 0.0359375
0 0.91328125 0.4734375 0.0375 0.0359375
0 0.41796875 0.2046875 0.03125 0.03125
0 0.3640625 0.09765625 0.0359375 0.034375
0 0.20546875 0.165625 0.040625 0.0375
0 0.5625 0.4203125 0.0671875 0.065625
0 0.63828125 0.53359375 0.0375 0.0375
0 0.6078125 0.1 0.0484375 0.0453125
0 0.9484375 0.30078125 0.103125 0.121875
0 0.1203125 0.696875 0.034375 0.034375
0 0.290625 0.6421875 0.040625 0.0375
0 0.16015625 0.5328125 0.0265625 0.025
0 0.115625 0.50390625 0.034375 0.034375
0 0.07109375 0.6421875 0.0484375 0.0484375
0 0.109375 0.63828125 0.0484375 0.0484375
0 0.06015625 0.67890625 0.034375 0.03125
0 0.27265625 0.959375 0.0671875 0.065625
0 0.37265625 0.9328125 0.03125 0.03125
0 0.475 0.94609375 0.03125 0.03125
0 0.421875 0.70703125 0.0265625 0.0265625
0 0.4046875 0.6234375 0.0453125 0.0453125
0 0.2546875 0.5109375 0.0453125 0.04375
0 0.46875 0.8109375 0.0453125 0.04375
0 0.93984375 0.44921875 0.03125 0.028125