0 0.328125 0.0328125 0.05 0.053125
0 0.14296875 0.3921875 0.1625 0.16875
0 0.13671875 0.53984375 0.034375 0.0359375
0 0.0328125 0.66328125 0.03125 0.034375
0 0.10703125 0.2453125 0.128125 0.1296875
0 0.18359375 0.0484375 0.0671875 0.06875
0 0.17890625 0.19375 0.13125 0.1375
0 0.31015625 0.359375 0.0265625 0.0265625
0 0.27265625 0.36796875 0.040625 0.04375
0 0.24140625 0.290625 0.1125 0.11875
0 0.2859375 0.23671875 0.0625 0.065625
0 0.35234375 0.53828125 0.19375 0.2
0 0.4125 0.4859375 0.028125 0.028125
0 0.35 0.384375 0.0265625 0.0265625
0 0.5109375 0.6359375 0.065625 0.065625
0 0.41484375 0.11875 0.0265625 0.0265625
0 0.37890625 0.13203125 0.19375 0.2
0 0.25703125 0.16015625 0.1 0.10625
0 0.5109375 0.053125 0.0625 0.065625
0 0.515625 0.14453125 0.0625 0.0625
0 0.52734375 0.19140625 0.0265625 0.028125
0 0.52734375 0.259375 0.0625 0.065625
0 0.75390625 0.16328125 0.209375 0.215625
0 0.6265625 0.1359375 0.1375 0.1421875
0 0.70859375 0.02734375 0.0546875 0.0546875
0 0.703125 0.32109375 0.084375 0.0875
0 0.6203125 0.27890625 0.1421875 0.146875
0 0.578125 0.38203125 0.1125 0.11875
0 0.85546875 0.37890625 0.0359375 0.0375
0 0.96015625 0.3609375 0.03125 0.03125
0 0.86796875 0.5984375 0.178125 0.1828125
0 0.84609375 0.5328125 0.1421875 0.146875
0 0.63828125 0.54453125 0.04375 0.04375
0 0.4890625 0.446875 0.2234375 0.23125
0 0.90234375 0.165625 0.034375 0.0359375
0 0.9390625 0.13203125 0.065625 0.0671875
0 0.12734375 0.89921875 0.065625 0.0671875
0 0.02265625 0.95546875 0.028125 0.0296875
0 0.07265625 0.98984375 0.0234375 0.0203125
0 0.1296875 0.759375 0.0265625 0.0265625
0 0.2078125 0.4984375 0.09375 0.096875
0 0.23046875 0.7671875 0.0359375 0.0375
0 0.1109375 0.6859375 0.1296875 0.1328125
0 0.18125 0.7828125 0.1125 0.115625
0 0.33671875 0.6734375 0.0671875 0.06875
0 0.27734375 0.9 0.0265625 0.0296875
0 0.28125 0.55625 0.05625 0.0578125
0 0.72734375 0.80625 0.10625 0.1078125
0 0.8484375 0.8859375 0.025 0.025
0 0.61875 0.8484375 0.125 0.128125
0 0.97578125 0.4234375 0.0359375 0.0375
0 0.9421875 0.4640625 0.115625 0.121875
0 0.89765625 0.08984375 0.0890625 0.090625
0 0.71015625 0.93515625 0.028125 0.03125
0 0.31640625 0.77265625 0.1296875 0.134375