0 0.1890625 0.12265625 0.0265625 0.0265625
0 0.021875 0.1546875 0.0359375 0.0359375
0 0.13671875 0.165625 0.0875 0.0875
0 0.25703125 0.41796875 0.06875 0.071875
0 0.334375 0.3921875 0.0890625 0.090625
0 0.38125 0.19921875 0.053125 0.05625
0 0.3546875 0.171875 0.040625 0.040625
0 0.28828125 0.084375 0.034375 0.0359375
0 0.31015625 0.05390625 0.034375 0.034375
0 0.39296875 0.1265625 0.0265625 0.0265625
0 0.0875 0.38203125 0.075 0.075
0 0.01328125 0.86171875 0.0265625 0.034375
0 0.38359375 0.87265625 0.103125 0.10625
0 0.44921875 0.73046875 0.034375 0.034375
0 0.43125 0.59609375 0.11875 0.1203125
0 0.53828125 0.50390625 0.084375 0.084375
0 0.4421875 0.2515625 0.040625 0.040625
0 0.4703125 0.87734375 0.040625 0.04375
0 0.5140625 0.86875 0.0453125 0.0484375
0 0.48046875 0.83203125 0.03125 0.03125
0 0.28359375 0.5171875 0.1296875 0.13125
0 0.40859375 0.4234375 0.215625 0.21875
0 0.2609375 0.09140625 0.190625 0.1828125
0 0.5453125 0.33046875 0.028125 0.028125
0 0.05859375 0.4953125 0.05 0.05
0 0.884375 0.9234375 0.04375 0.04375
0 0.86328125 0.8265625 0.028125 0.03125
0 0.97578125 0.875 0.028125 0.028125
0 0.94375 0.8609375 0.03125 0.03125
0 0.6 0.90625 0.03125 0.03125
0 0.63203125 0.8640625 0.028125 0.028125
0 0.7015625 0.8015625 0.0375 0.0390625
0 0.64765625 0.58984375 0.03125 0.034375
0 0.83046875 0.60078125 0.0484375 0.0484375
0 0.790625 0.58515625 0.0265625 0.0265625
0 0.796875 0.68359375 0.0578125 0.059375
0 0.6734375 0.45703125 0.0578125 0.059375
0 0.8265625 0.4640625 0.03125 0.03125
0 0.90390625 0.4640625 0.0484375 0.05
0 0.95078125 0.4328125 0.0265625 0.028125
0 0.81640625 0.27421875 0.0359375 0.0375
0 0.865625 0.2484375 0.05 0.053125
0 0.9109375 0.225 0.025 0.0265625
0 0.71171875 0.84140625 0.025 0.025
0 0.99921875 0.0015625 0.0015625 0.0015625
0 0.625 0.33984375 0.025 0.025
0 0.7390625 0.11171875 0.0265625 0.028125
0 0.97265625 0.28046875 0.0546875 0.0640625
0 0.8953125 0.11640625 0.0875 0.0875
0 0.83671875 0.125 0.025 0.025
0 0.790625 0.06640625 0.075 0.075
0 0.64453125 0.13203125 0.03125 0.03125
0 0.80625 0.134375 0.034375 0.034375