0 0.91484375 0.0984375 0.0484375 0.04296875
0 0.71015625 0.0953125 0.03359375 0.02890625
0 0.78828125 0.03125 0.115625 0.0625
0 0.9875 0.6328125 0.025 0.025
0 0.89765625 0.1671875 0.0265625 0.02421875
0 0.80078125 0.3140625 0.02890625 0.0265625
0 0.7359375 0.38203125 0.03828125 0.03359375
0 0.7390625 0.47578125 0.03125 0.0265625
0 0.6828125 0.5109375 0.03125 0.02890625
0 0.56015625 0.49296875 0.02890625 0.02421875
0 0.525 0.4703125 0.0484375 0.040625
0 0.5046875 0.4421875 0.0359375 0.03125
0 0.4375 0.3234375 0.03359375 0.03125
0 0.365625 0.3703125 0.03125 0.0265625
0 0.33984375 0.4515625 0.03828125 0.0359375
0 0.4078125 0.6578125 0.03125 0.0265625
0 0.515625 0.7609375 0.02890625 0.02421875
0 0.65 0.6625 0.03125 0.0265625
0 0.78359375 0.91015625 0.0578125 0.05078125
0 0.353125 0.75390625 0.03125 0.02890625
0 0.2328125 0.72265625 0.02890625 0.0265625
0 0.60546875 0.97734375 0.0359375 0.03125
0 0.3640625 0.94921875 0.02890625 0.02421875
0 0.17578125 0.14765625 0.03359375 0.02890625
0 0.10078125 0.171875 0.03359375 0.02890625
0 0.078125 0.20546875 0.03828125 0.03359375
0 0.040625 0.7671875 0.040625 0.0359375
0 0.23203125 0.96484375 0.0484375 0.04296875