0 0.98984375 0.4609375 0.0203125 0.028125
0 0.5765625 0.94921875 0.04375 0.04375
0 0.63828125 0.984375 0.028125 0.0296875
0 0.31484375 0.6578125 0.03125 0.03125
0 0.6609375 0.9671875 0.0375 0.0375
0 0.65 0.76796875 0.040625 0.040625
0 0.6921875 0.76171875 0.034375 0.034375
0 0.634375 0.8296875 0.034375 0.034375
0 0.62265625 0.7140625 0.0265625 0.0265625
0 0.37265625 0.67578125 0.028125 0.028125
0 0.5296875 0.64921875 0.0359375 0.0359375
0 0.5109375 0.5671875 0.05 0.05
0 0.5515625 0.55078125 0.0484375 0.05
0 0.571875 0.67578125 0.0484375 0.05
0 0.61328125 0.75859375 0.0625 0.0625
0 0.36328125 0.48046875 0.028125 0.028125
0 0.390625 0.4703125 0.034375 0.034375
0 0.4484375 0.61328125 0.03125 0.034375
0 0.34765625 0.446875 0.034375 0.034375
0 0.02421875 0.6046875 0.025 0.025
0 0.02734375 0.35 0.028125 0.028125
0 0.13359375 0.38828125 0.028125 0.028125
0 0.14296875 0.41953125 0.040625 0.040625
0 0.0625 0.453125 0.03125 0.034375
0 0.1 0.52421875 0.0265625 0.0265625
0 0.14296875 0.615625 0.0375 0.040625
0 0.165625 0.6359375 0.0484375 0.05
0 0.20703125 0.56875 0.0265625 0.0265625
0 0.209375 0.53984375 0.0265625 0.0265625
0 0.4375 0.13828125 0.103125 0.10625
0 0.53359375 0.0625 0.0265625 0.0265625
0 0.45078125 0.46484375 0.028125 0.028125
0 0.47265625 0.45078125 0.028125 0.028125
0 0.578125 0.33203125 0.028125 0.028125
0 0.946875 0.67578125 0.0265625 0.0265625
0 0.9671875 0.4859375 0.0265625 0.0265625
0 0.76171875 0.17421875 0.0625 0.065625
0 0.75859375 0.228125 0.040625 0.040625
0 0.80546875 0.2640625 0.028125 0.028125
0 0.7203125 0.30625 0.0265625 0.0265625
0 0.70078125 0.31015625 0.025 0.0265625
0 0.71640625 0.18984375 0.034375 0.034375
0 0.6453125 0.13828125 0.0265625 0.0265625
0 0.02734375 0.7171875 0.0359375 0.0375
0 0.06015625 0.7140625 0.0265625 0.0265625
0 0.0109375 0.6875 0.021875 0.04375
0 0.040625 0.5640625 0.025 0.0265625
0 0.9734375 0.3125 0.028125 0.028125
0 0.2328125 0.82421875 0.0578125 0.0578125
0 0.1875 0.796875 0.0796875 0.0828125
0 0.52265625 0.8453125 0.040625 0.04375
0 0.6578125 0.82578125 0.028125 0.028125
0 0.74140625 0.7859375 0.040625 0.040625
0 0.89453125 0.98046875 0.034375 0.034375
0 0.80859375 0.8609375 0.0375 0.0375
0 0.928125 0.71171875 0.028125 0.028125
0 0.49609375 0.65859375 0.0375 0.0375
0 0.546875 0.6046875 0.040625 0.04375
0 0.490625 0.603125 0.034375 0.0359375
0 0.43046875 0.5265625 0.025 0.025
0 0.2828125 0.43359375 0.034375 0.0359375
0 0.29453125 0.328125 0.028125 0.028125
0 0.63359375 0.20546875 0.034375 0.034375
0 0.68515625 0.1875 0.053125 0.053125
0 0.65390625 0.6359375 0.03125 0.03125
0 0.640625 0.6921875 0.0265625 0.0265625
0 0.93515625 0.33671875 0.03125 0.034375
0 0.24296875 0.1 0.040625 0.04375
0 0.334375 0.38203125 0.028125 0.028125
0 0.2859375 0.5734375 0.0453125 0.0484375
0 0.384375 0.7921875 0.0359375 0.0375
0 0.6 0.14921875 0.028125 0.028125
0 0.8484375 0.54921875 0.025 0.025
0 0.8953125 0.69453125 0.0375 0.0375
0 0.18046875 0.03828125 0.034375 0.0359375
0 0.08671875 0.72109375 0.0578125 0.0578125
0 0.0875 0.7671875 0.0375 0.0375
0 0.021875 0.771875 0.04375 0.05
0 0.13671875 0.59140625 0.059375 0.0625
0 0.10078125 0.45703125 0.05 0.05
0 0.12109375 0.49140625 0.03125 0.03125
0 0.0171875 0.4234375 0.034375 0.0453125
0 0.0171875 0.3859375 0.034375 0.0359375
0 0.053125 0.37109375 0.0453125 0.0484375