0 0.9984375 0.0015625 0.003125 0.003125
0 0.42421875 0.16953125 0.275 0.3390625
0 0.43984375 0.78515625 0.0375 0.0484375
0 0.3765625 0.915625 0.028125 0.0359375
0 0.01796875 0.96484375 0.025 0.03125
0 0.0671875 0.553125 0.028125 0.0359375
0 0.45546875 0.36796875 0.0359375 0.0453125
0 0.12265625 0.0609375 0.028125 0.0375
0 0.39765625 0.47109375 0.03125 0.0375
0 0.35234375 0.38671875 0.0375 0.0484375
0 0.4546875 0.58671875 0.0375 0.0484375
0 0.53359375 0.0359375 0.03125 0.0375
0 0.55625 0.15 0.028125 0.0359375
0 0.98203125 0.21484375 0.0359375 0.0625
0 0.9703125 0.15703125 0.059375 0.0859375
0 0.86328125 0.4703125 0.06875 0.0890625
0 0.77890625 0.5109375 0.0375 0.0484375
0 0.76953125 0.63125 0.0984375 0.125
0 0.70078125 0.6046875 0.028125 0.0359375
0 0.68046875 0.71015625 0.146875 0.1859375
0 0.96484375 0.4171875 0.0359375 0.0453125
0 0.91015625 0.33046875 0.0265625 0.034375
0 0.91484375 0.984375 0.0265625 0.03125
0 0.68984375 0.975 0.0265625 0.03125
0 0.5921875 0.8421875 0.03125 0.0375