0 0.1203125 0.7953125 0.240625 0.3625
0 0.91484375 0.03359375 0.03125 0.0265625
0 0.91015625 0.09140625 0.090625 0.084375
0 0.4421875 0.109375 0.090625 0.08125
0 0.60703125 0.21640625 0.03125 0.028125
0 0.73046875 0.25859375 0.040625 0.0359375
0 0.8375 0.2390625 0.0265625 0.025
0 0.9015625 0.2953125 0.034375 0.028125
0 0.6828125 0.33515625 0.0375 0.034375
0 0.0328125 0.03125 0.0265625 0.025
0 0.0453125 0.053125 0.03125 0.0265625
0 0.30546875 0.2203125 0.03125 0.028125
0 0.30625 0.2453125 0.028125 0.0265625
0 0.046875 0.26171875 0.0453125 0.040625
0 0.275 0.4484375 0.396875 0.35625
0 0.54453125 0.334375 0.1296875 0.115625
0 0.140625 0.2875 0.03125 0.0265625
0 0.03359375 0.30625 0.040625 0.0359375
0 0.67421875 0.759375 0.184375 0.165625
0 0.5984375 0.86328125 0.03125 0.028125
0 0.90234375 0.7140625 0.0359375 0.03125
0 0.98203125 0.36796875 0.028125 0.0265625
0 0.92421875 0.53515625 0.040625 0.0359375
0 0.77265625 0.34765625 0.0265625 0.025
0 0.94609375 0.98984375 0.0296875 0.0203125
0 0.0015625 0.0015625 0.003125 0.003125