0 0.9109375 0.02890625 0.059375 0.0484375
0 0.9203125 0.1734375 0.075 0.0578125
0 0.92890625 0.2765625 0.04375 0.034375
0 0.5640625 0.08515625 0.034375 0.0265625
0 0.65234375 0.0453125 0.0359375 0.028125
0 0.640625 0.1828125 0.1203125 0.09375
0 0.4734375 0.06953125 0.034375 0.0265625
0 0.303125 0.17578125 0.04375 0.034375
0 0.20078125 0.13125 0.03125 0.025
0 0.06953125 0.0984375 0.04375 0.034375
0 0.021875 0.11640625 0.034375 0.0265625
0 0.1421875 0.078125 0.03125 0.025
0 0.18125 0.3609375 0.096875 0.075
0 0.13359375 0.46484375 0.034375 0.0265625
0 0.515625 0.1625 0.0375 0.028125
0 0.5109375 0.1390625 0.03125 0.025
0 0.54921875 0.2609375 0.0453125 0.0359375
0 0.50703125 0.6921875 0.0375 0.028125
0 0.5140625 0.7125 0.0578125 0.04375
0 0.52421875 0.73671875 0.053125 0.040625
0 0.51171875 0.78515625 0.053125 0.040625
0 0.59765625 0.70546875 0.0375 0.028125
0 0.3796875 0.73203125 0.040625 0.03125
0 0.31953125 0.703125 0.05 0.0375
0 0.29296875 0.72109375 0.040625 0.03125
0 0.2453125 0.69921875 0.040625 0.03125
0 0.09765625 0.984375 0.040625 0.03125
0 0.6828125 0.88203125 0.0890625 0.06875
0 0.9578125 0.3953125 0.0375 0.028125
0 0.9390625 0.46484375 0.0484375 0.0359375
0 0.86640625 0.31015625 0.1375 0.1078125
0 0.88203125 0.13125 0.0671875 0.053125
0 0.7328125 0.98046875 0.05 0.0375
0 0.0375 0.634375 0.0375 0.028125