0 0.96171875 0.54453125 0.0265625 0.028125
0 0.91953125 0.7296875 0.0484375 0.05
0 0.609375 0.0328125 0.028125 0.028125
0 0.61875 0.78828125 0.0375 0.040625
0 0.5828125 0.59765625 0.040625 0.04375
0 0.8390625 0.890625 0.0375 0.040625
0 0.703125 0.88203125 0.025 0.0265625
0 0.15625 0.94375 0.0265625 0.028125
0 0.50234375 0.7453125 0.03125 0.034375
0 0.46484375 0.7671875 0.0265625 0.028125
0 0.3421875 0.85234375 0.0359375 0.0375
0 0.5015625 0.22265625 0.040625 0.04375
0 0.44140625 0.2484375 0.053125 0.05625
0 0.35546875 0.290625 0.040625 0.0453125
0 0.3484375 0.24375 0.028125 0.03125
0 0.3859375 0.25703125 0.028125 0.03125
0 0.2859375 0.13828125 0.03125 0.034375
0 0.2765625 0.1 0.040625 0.04375
0 0.1984375 0.32578125 0.028125 0.03125
0 0.178125 0.32421875 0.0265625 0.028125
0 0.04296875 0.26796875 0.034375 0.0359375
0 0.515625 0.103125 0.0453125 0.0484375
0 0.446875 0.16953125 0.0265625 0.028125
0 0.396875 0.06484375 0.028125 0.028125
0 0.453125 0.66796875 0.028125 0.028125
0 0.2671875 0.459375 0.028125 0.03125
0 0.08046875 0.5484375 0.0359375 0.0375
0 0.27890625 0.1734375 0.0359375 0.0359375
0 0.01484375 0.10625 0.0296875 0.034375
0 0.11875 0.640625 0.034375 0.0359375