0 0.9359375 0.7953125 0.028125 0.028125
0 0.76328125 0.7796875 0.0265625 0.0265625
0 0.7203125 0.80390625 0.0265625 0.0265625
0 0.7234375 0.6875 0.025 0.025
0 0.696875 0.58671875 0.075 0.075
0 0.71875 0.546875 0.0359375 0.0359375
0 0.98203125 0.7328125 0.028125 0.028125
0 0.9359375 0.82421875 0.0359375 0.0359375
0 0.928125 0.37890625 0.040625 0.040625
0 0.74140625 0.33984375 0.04375 0.04375
0 0.94453125 0.34609375 0.0265625 0.0265625
0 0.9671875 0.0109375 0.028125 0.021875
0 0.85 0.06484375 0.03125 0.03125
0 0.27421875 0.11171875 0.0265625 0.0265625
0 0.30390625 0.27265625 0.028125 0.028125
0 0.5171875 0.3078125 0.028125 0.028125
0 0.4078125 0.35234375 0.103125 0.103125
0 0.36171875 0.4 0.034375 0.034375
0 0.21640625 0.42578125 0.08125 0.08125
0 0.56953125 0.43125 0.0265625 0.0265625
0 0.3109375 0.6109375 0.03125 0.03125
0 0.259375 0.9671875 0.034375 0.034375
0 0.7921875 0.5171875 0.0265625 0.0265625
0 0.66015625 0.0890625 0.05 0.05
0 0.30078125 0.39453125 0.103125 0.103125