0 0.61796875 0.03125 0.0359375 0.0453125
0 0.3734375 0.05859375 0.028125 0.0375
0 0.56015625 0.0890625 0.034375 0.04375
0 0.365625 0.25390625 0.0265625 0.0359375
0 0.33984375 0.30625 0.03125 0.040625
0 0.6421875 0.3109375 0.0453125 0.059375
0 0.946875 0.2234375 0.04375 0.0578125
0 0.75859375 0.10703125 0.03125 0.040625
0 0.69375 0.11328125 0.034375 0.0453125
0 0.5203125 0.58984375 0.05 0.065625
0 0.615625 0.6828125 0.025 0.03125
0 0.7203125 0.11640625 0.05625 0.071875
0 0.4578125 0.2515625 0.05 0.0671875
0 0.43515625 0.48203125 0.034375 0.0453125
0 0.33984375 0.446875 0.14375 0.190625
0 0.1546875 0.5203125 0.0765625 0.1
0 0.22578125 0.2484375 0.040625 0.05625
0 0.19140625 0.271875 0.071875 0.096875
0 0.2046875 0.165625 0.0265625 0.0359375
0 0.23203125 0.4375 0.0265625 0.034375
0 0.73046875 0.359375 0.0875 0.1125
0 0.796875 0.6203125 0.0359375 0.0484375
0 0.81640625 0.87890625 0.0375 0.05
0 0.77421875 0.92890625 0.0359375 0.0453125
0 0.015625 0.734375 0.03125 0.0484375
0 0.146875 0.94453125 0.034375 0.0453125
0 0.08515625 0.61875 0.090625 0.121875
0 0.0984375 0.27421875 0.1125 0.1515625
0 0.16484375 0.17890625 0.06875 0.090625