0 0.14765625 0.0203125 0.03125 0.03125
0 0.13203125 0.053125 0.0359375 0.0359375
0 0.38671875 0.08671875 0.0328125 0.03125
0 0.4015625 0.11171875 0.0359375 0.034375
0 0.93984375 0.06484375 0.071875 0.06875
0 0.61796875 0.35 0.028125 0.0265625
0 0.28984375 0.45078125 0.071875 0.0671875
0 0.24140625 0.7703125 0.03125 0.028125
0 0.3734375 0.8546875 0.0265625 0.025
0 0.5625 0.4859375 0.121875 0.11875
0 0.46015625 0.4703125 0.034375 0.03125
0 0.05625 0.81015625 0.03125 0.028125
0 0.1015625 0.98828125 0.0375 0.0234375
0 0.02890625 0.4359375 0.03125 0.028125
0 0.02890625 0.02734375 0.0265625 0.025
0 0.271875 0.07421875 0.028125 0.028125
0 0.2015625 0.11328125 0.090625 0.0875
0 0.36796875 0.0625 0.0484375 0.0453125
0 0.0953125 0.8234375 0.03125 0.03125
0 0.56953125 0.74140625 0.2890625 0.275
0 0.3578125 0.42890625 0.0359375 0.034375
0 0.3140625 0.303125 0.040625 0.0375
0 0.3921875 0.25234375 0.0390625 0.0359375
0 0.04921875 0.6109375 0.03125 0.03125
0 0.01328125 0.62734375 0.0265625 0.0265625