0 0.321875 0.23828125 0.2359375 0.2234375
0 0.13046875 0.02734375 0.0796875 0.0546875
0 0.08984375 0.14296875 0.03125 0.03125
0 0.2984375 0.2359375 0.05546875 0.053125
0 0.28515625 0.0796875 0.040625 0.03828125
0 0.43046875 0.021875 0.03359375 0.03125
0 0.5890625 0.2546875 0.0359375 0.0359375
0 0.4421875 0.334375 0.0359375 0.03359375
0 0.521875 0.3578125 0.02890625 0.0265625
0 0.52421875 0.25 0.02890625 0.0265625
0 0.68359375 0.265625 0.0265625 0.02421875
0 0.5265625 0.42890625 0.0265625 0.02421875
0 0.41328125 0.4484375 0.03359375 0.03125
0 0.51328125 0.5625 0.06484375 0.06015625
0 0.3703125 0.6046875 0.03125 0.02890625
0 0.415625 0.478125 0.03828125 0.0359375
0 0.571875 0.490625 0.03828125 0.0359375
0 0.68984375 0.515625 0.10546875 0.0984375
0 0.7203125 0.584375 0.040625 0.03828125
0 0.9 0.62890625 0.04296875 0.040625
0 0.8421875 0.5375 0.084375 0.0796875
0 0.8921875 0.41953125 0.084375 0.0796875
0 0.9203125 0.43125 0.15859375 0.15390625
0 0.865625 0.30546875 0.02890625 0.0265625
0 0.8125 0.3609375 0.0984375 0.09375
0 0.959375 0.86171875 0.0453125 0.04296875
0 0.9 0.9359375 0.09140625 0.08671875
0 0.6515625 0.9875 0.028125 0.025
0 0.5765625 0.6890625 0.0625 0.06015625
0 0.6546875 0.6703125 0.03359375 0.03125
0 0.50703125 0.6890625 0.071875 0.0671875
0 0.2296875 0.70078125 0.040625 0.03828125
0 0.22734375 0.634375 0.0265625 0.0265625
0 0.14453125 0.75703125 0.03359375 0.03125
0 0.15 0.81484375 0.03125 0.03125
0 0.17578125 0.8296875 0.03125 0.02890625
0 0.1296875 0.9171875 0.0765625 0.071875
0 0.46875 0.92421875 0.03125 0.02890625
0 0.0359375 0.7359375 0.0265625 0.02421875
0 0.81640625 0.72265625 0.0796875 0.07421875
0 0.646875 0.78359375 0.0265625 0.02421875
0 0.41796875 0.80078125 0.03359375 0.03125
0 0.3453125 0.5875 0.02890625 0.0265625
0 0.359375 0.6390625 0.03359375 0.03125