0 0.9984375 0.0015625 0.003125 0.003125
0 0.13671875 0.0578125 0.075 0.075
0 0.19453125 0.22109375 0.03125 0.03125
0 0.16015625 0.38671875 0.0453125 0.0453125
0 0.17421875 0.328125 0.028125 0.028125
0 0.0328125 0.3609375 0.025 0.025
0 0.24375 0.52734375 0.0796875 0.0796875
0 0.1984375 0.52421875 0.034375 0.034375
0 0.33046875 0.478125 0.10625 0.10625
0 0.3125 0.25703125 0.03125 0.03125
0 0.26171875 0.1984375 0.096875 0.0984375
0 0.17890625 0.759375 0.1 0.1015625
0 0.0796875 0.928125 0.028125 0.03125
0 0.16015625 0.91328125 0.028125 0.028125
0 0.83671875 0.7296875 0.034375 0.034375
0 0.82109375 0.64453125 0.05625 0.05625
0 0.98046875 0.56640625 0.025 0.025
0 0.35 0.8859375 0.0265625 0.0265625
0 0.56875 0.546875 0.028125 0.028125
0 0.64296875 0.5140625 0.065625 0.0671875
0 0.33203125 0.59140625 0.1 0.1
0 0.50859375 0.30390625 0.0578125 0.0578125
0 0.53359375 0.2875 0.04375 0.04375
0 0.5625 0.27421875 0.0484375 0.05
0 0.5921875 0.27734375 0.034375 0.034375
0 0.5375 0.24296875 0.034375 0.034375
0 0.5609375 0.2296875 0.028125 0.028125
0 0.56640625 0.21015625 0.0265625 0.0265625
0 0.60078125 0.19453125 0.025 0.025
0 0.56015625 0.140625 0.0453125 0.0453125
0 0.453125 0.16484375 0.0484375 0.0484375
0 0.415625 0.1859375 0.05625 0.05625
0 0.6578125 0.290625 0.03125 0.03125
0 0.69140625 0.30078125 0.025 0.025
0 0.8296875 0.30078125 0.05 0.05
0 0.91953125 0.2953125 0.03125 0.03125
0 0.87734375 0.31484375 0.028125 0.028125
0 0.928125 0.25 0.0359375 0.0359375
0 0.88671875 0.25234375 0.0375 0.0375
0 0.76328125 0.2140625 0.040625 0.040625
0 0.80078125 0.18125 0.08125 0.08125
0 0.63359375 0.11640625 0.0765625 0.0765625
0 0.6625 0.05859375 0.103125 0.103125
0 0.4640625 0.0109375 0.028125 0.021875
0 0.4484375 0.04453125 0.028125 0.028125
0 0.46484375 0.06953125 0.034375 0.034375
0 0.42578125 0.0203125 0.059375 0.040625
0 0.98828125 0.08125 0.0234375 0.028125