0 0.5625 0.93515625 0.03125 0.02890625
0 0.7984375 0.8921875 0.02421875 0.02421875
0 0.90234375 0.3640625 0.03125 0.03125
0 0.44921875 0.27265625 0.040625 0.040625
0 0.5171875 0.2765625 0.0625 0.06015625
0 0.57578125 0.39453125 0.06015625 0.06015625
0 0.61796875 0.4953125 0.02890625 0.02890625
0 0.75 0.475 0.0265625 0.0265625
0 0.70703125 0.6296875 0.06015625 0.06015625
0 0.7125 0.68984375 0.0359375 0.0359375
0 0.37890625 0.53984375 0.0265625 0.02421875
0 0.3734375 0.63359375 0.02890625 0.02890625
0 0.35 0.203125 0.0453125 0.0453125
0 0.6578125 0.22734375 0.0359375 0.0359375
0 0.5265625 0.2046875 0.02890625 0.02890625
0 0.7515625 0.52265625 0.03359375 0.03359375