0 0.4578125 0.11796875 0.40390625 0.2359375
0 0.0015625 0.0015625 0.0015625 0.0015625
0 0.078125 0.084375 0.0359375 0.0265625
0 0.453125 0.1296875 0.0453125 0.03359375
0 0.82109375 0.17421875 0.0359375 0.02421875
0 0.84140625 0.61796875 0.11796875 0.084375
0 0.93359375 0.3453125 0.06015625 0.04296875
0 0.7921875 0.6734375 0.0453125 0.03359375
0 0.521875 0.41953125 0.0625 0.04296875
0 0.1390625 0.35859375 0.278125 0.2015625
0 0.365625 0.33671875 0.20703125 0.14921875
0 0.1046875 0.19609375 0.209375 0.1734375
0 0.7796875 0.39765625 0.16796875 0.1203125
0 0.7796875 0.2484375 0.16796875 0.1203125