0 0.81640625 0.96640625 0.0265625 0.0265625
0 0.7484375 0.94453125 0.034375 0.03125
0 0.6890625 0.94375 0.03125 0.028125
0 0.97578125 0.8609375 0.0265625 0.0265625
0 0.91328125 0.8265625 0.028125 0.0265625
0 0.50703125 0.78984375 0.0359375 0.0359375
0 0.50390625 0.96875 0.065625 0.0625
0 0.34375 0.87109375 0.034375 0.03125
0 0.0140625 0.3265625 0.028125 0.040625
0 0.08203125 0.34140625 0.0265625 0.025
0 0.12109375 0.3375 0.059375 0.0578125
0 0.49140625 0.31875 0.03125 0.028125
0 0.10703125 0.2921875 0.0453125 0.04375