0 0.37109375 0.834375 0.053125 0.0625
0 0.40625 0.8546875 0.025 0.028125
0 0.59375 0.95703125 0.025 0.0296875
0 0.8796875 0.71640625 0.028125 0.034375
0 0.76171875 0.6046875 0.0265625 0.03125
0 0.68125 0.66328125 0.0375 0.04375
0 0.58984375 0.8703125 0.1 0.115625
0 0.65625 0.7875 0.0765625 0.0890625
0 0.7359375 0.84140625 0.08125 0.09375
0 0.4109375 0.78125 0.065625 0.075
0 0.66796875 0.48046875 0.0484375 0.05625
0 0.4671875 0.2171875 0.03125 0.0359375
0 0.4046875 0.19375 0.040625 0.0484375
0 0.4390625 0.1578125 0.028125 0.034375
0 0.3890625 0.0734375 0.03125 0.0359375
0 0.6 0.0328125 0.025 0.028125
0 0.75 0.021875 0.025 0.028125
0 0.85078125 0.32109375 0.053125 0.059375
0 0.8109375 0.29296875 0.025 0.028125
0 0.81640625 0.34609375 0.025 0.0265625
0 0.8234375 0.3859375 0.0453125 0.053125
0 0.8921875 0.25625 0.09375 0.1078125
0 0.17890625 0.07421875 0.03125 0.0359375
0 0.20078125 0.1140625 0.0265625 0.03125
0 0.2171875 0.0375 0.028125 0.034375
0 0.01484375 0.33203125 0.0296875 0.0359375
0 0.01328125 0.46484375 0.0265625 0.03125
0 0.2953125 0.65859375 0.096875 0.1109375
0 0.30078125 0.56640625 0.065625 0.075
0 0.2484375 0.55625 0.0375 0.0453125
0 0.33515625 0.759375 0.028125 0.034375
0 0.29453125 0.76328125 0.03125 0.0359375
0 0.1828125 0.73046875 0.04375 0.05
0 0.5203125 0.96015625 0.04375 0.05
0 0.79296875 0.3953125 0.071875 0.08125
0 0.48671875 0.62890625 0.08125 0.096875
0 0.37265625 0.48046875 0.1296875 0.15
0 0.0125 0.23046875 0.025 0.0359375
0 0.328125 0.80859375 0.028125 0.034375
0 0.27265625 0.8609375 0.1625 0.190625