0 0.9984375 0.9984375 0.003125 0.003125
0 0.16796875 0.97109375 0.065625 0.0578125
0 0.05390625 0.68046875 0.08125 0.0796875
0 0.053125 0.7171875 0.0296875 0.028125
0 0.0421875 0.75625 0.084375 0.0875
0 0.49765625 0.85546875 0.0484375 0.0484375
0 0.9546875 0.86171875 0.090625 0.1734375
0 0.8890625 0.9484375 0.159375 0.103125
0 0.6859375 0.584375 0.03125 0.03125
0 0.55546875 0.6625 0.0359375 0.034375
0 0.4515625 0.70078125 0.028125 0.0265625
0 0.44140625 0.5109375 0.08125 0.0796875
0 0.5015625 0.4421875 0.125 0.1203125
0 0.584375 0.43515625 0.0984375 0.096875
0 0.834375 0.2390625 0.028125 0.028125
0 0.678125 0.2671875 0.034375 0.03125
0 0.70703125 0.071875 0.028125 0.028125
0 0.77890625 0.05078125 0.0265625 0.0265625
0 0.9109375 0.37265625 0.0359375 0.034375
0 0.8890625 0.10703125 0.04375 0.040625
0 0.45546875 0.05078125 0.040625 0.0375
0 0.109375 0.53515625 0.0375 0.0359375
0 0.0953125 0.44609375 0.034375 0.034375
0 0.0875 0.41484375 0.0296875 0.028125
0 0.1140625 0.63125 0.0390625 0.0359375
0 0.1765625 0.209375 0.05625 0.053125
0 0.9984375 0.99765625 0.003125 0.003125
0 0.1703125 0.834375 0.028125 0.0265625
0 0.7875 0.37265625 0.0453125 0.04375
0 0.540625 0.7546875 0.034375 0.03125