0 0.91484375 0.35078125 0.03125 0.0265625
0 0.88828125 0.334375 0.040625 0.0359375
0 0.775 0.5015625 0.034375 0.03125
0 0.803125 0.52890625 0.0265625 0.025
0 0.91328125 0.59140625 0.0359375 0.03125
0 0.8921875 0.115625 0.028125 0.0265625
0 0.58515625 0.28984375 0.0484375 0.04375
0 0.1078125 0.209375 0.03125 0.028125
0 0.22265625 0.1078125 0.028125 0.0265625
0 0.21875 0.2609375 0.034375 0.03125
0 0.15625 0.8953125 0.028125 0.0265625
0 0.56875 0.9359375 0.03125 0.028125
0 0.63203125 0.775 0.040625 0.0359375
0 0.5953125 0.78828125 0.0375 0.034375
0 0.6140625 0.8609375 0.028125 0.0265625
0 0.60234375 0.7203125 0.04375 0.0375
0 0.62109375 0.6875 0.06875 0.0625
0 0.6359375 0.6515625 0.04375 0.0375
0 0.66015625 0.68046875 0.03125 0.028125
0 0.69453125 0.6359375 0.034375 0.028125
0 0.7140625 0.6625 0.0375 0.034375
0 0.86640625 0.6828125 0.0453125 0.040625
0 0.7609375 0.6765625 0.0453125 0.040625
0 0.2125 0.59375 0.028125 0.0265625
0 0.54453125 0.5796875 0.04375 0.0375
0 0.603125 0.5921875 0.028125 0.0265625
0 0.765625 0.56484375 0.028125 0.0265625
0 0.6671875 0.15625 0.034375 0.03125
0 0.59375 0.05625 0.028125 0.0265625
0 0.0296875 0.34609375 0.0265625 0.025
0 0.44609375 0.91796875 0.028125 0.0265625
0 0.5359375 0.95546875 0.028125 0.0265625