0 0.9484375 0.453125 0.0765625 0.071875
0 0.84609375 0.41015625 0.0359375 0.034375
0 0.91796875 0.390625 0.03125 0.028125
0 0.76171875 0.46171875 0.0578125 0.053125
0 0.7359375 0.43515625 0.0265625 0.0265625
0 0.9640625 0.53359375 0.034375 0.03125
0 0.74296875 0.58203125 0.115625 0.1078125
0 0.5640625 0.4078125 0.053125 0.05
0 0.54921875 0.20078125 0.028125 0.0265625
0 0.8015625 0.33046875 0.0265625 0.025
0 0.9390625 0.1671875 0.03125 0.03125
0 0.9109375 0.103125 0.0265625 0.0265625
0 0.8375 0.071875 0.03125 0.028125
0 0.7125 0.02421875 0.03125 0.028125
0 0.36640625 0.0109375 0.03125 0.021875
0 0.27265625 0.29453125 0.103125 0.096875
0 0.4203125 0.1765625 0.2625 0.2453125
0 0.015625 0.46640625 0.03125 0.03125
0 0.16328125 0.9796875 0.04375 0.0375
0 0.3390625 0.9796875 0.0875 0.040625
0 0.38359375 0.93046875 0.034375 0.03125
0 0.321875 0.8734375 0.03125 0.028125
0 0.12890625 0.53984375 0.1515625 0.1421875
0 0.240625 0.75390625 0.053125 0.0484375
0 0.459375 0.58984375 0.053125 0.0484375
0 0.4484375 0.521875 0.0484375 0.0453125
0 0.4625 0.54453125 0.053125 0.0484375
0 0.4890625 0.57109375 0.053125 0.05
0 0.5 0.62265625 0.0578125 0.053125
0 0.57578125 0.68984375 0.053125 0.0484375
0 0.45546875 0.85 0.034375 0.03125
0 0.56015625 0.86796875 0.0265625 0.025
0 0.53359375 0.94921875 0.028125 0.0265625
0 0.8421875 0.853125 0.0265625 0.0265625
0 0.8890625 0.8125 0.03125 0.0296875
0 0.89296875 0.6703125 0.0265625 0.0265625
0 0.9546875 0.68125 0.03125 0.028125
0 0.6296875 0.68515625 0.0625 0.0578125
0 0.3578125 0.90625 0.028125 0.028125
0 0.29921875 0.9109375 0.03125 0.028125
0 0.2609375 0.9109375 0.1921875 0.178125
0 0.7171875 0.70703125 0.10625 0.0984375
0 0.5984375 0.98828125 0.028125 0.0234375