0 0.5828125 0.5640625 0.03828125 0.0359375
0 0.44375 0.48671875 0.0359375 0.0359375
0 0.51328125 0.38203125 0.06484375 0.0625
0 0.459375 0.11171875 0.0359375 0.03359375
0 0.51328125 0.209375 0.0359375 0.0359375
0 0.3078125 0.1546875 0.03359375 0.03359375
0 0.26171875 0.39296875 0.02890625 0.0265625
0 0.2703125 0.41484375 0.02890625 0.02890625
0 0.2921875 0.44375 0.03828125 0.03828125
0 0.2828125 0.47109375 0.0453125 0.04296875
0 0.078125 0.10546875 0.03359375 0.03125
0 0.2234375 0.7953125 0.08203125 0.0765625
0 0.47734375 0.89921875 0.0484375 0.0453125
0 0.4578125 0.946875 0.0265625 0.02421875
0 0.2953125 0.97109375 0.04296875 0.040625
0 0.0296875 0.9578125 0.02890625 0.02890625
0 0.025 0.25703125 0.03828125 0.0359375