0 0.03046875 0.0140625 0.0421875 0.028125
0 0.33671875 0.0203125 0.0359375 0.03125
0 0.959375 0.3375 0.028125 0.0265625
0 0.70546875 0.3859375 0.0359375 0.03125
0 0.86875 0.78984375 0.0484375 0.04375
0 0.96171875 0.775 0.0375 0.034375
0 0.42890625 0.34140625 0.0359375 0.03125
0 0.4109375 0.146875 0.028125 0.0265625
0 0.33671875 0.20078125 0.028125 0.0265625
0 0.29296875 0.18984375 0.0375 0.034375
0 0.0953125 0.12265625 0.028125 0.0265625
0 0.1984375 0.50625 0.0625 0.05625
0 0.0265625 0.14921875 0.028125 0.0265625