0 0.678125 0.08046875 0.30625 0.1609375
0 0.6984375 0.46015625 0.39375 0.3578125
0 0.44453125 0.6984375 0.259375 0.2359375
0 0.0015625 0.0015625 0.003125 0.003125
0 0.96171875 0.78125 0.04375 0.0375
0 0.4390625 0.9046875 0.040625 0.0359375
0 0.271875 0.81015625 0.0359375 0.034375
0 0.28984375 0.8375 0.028125 0.0265625
0 0.03984375 0.55625 0.03125 0.0265625
0 0.0890625 0.48203125 0.0375 0.0359375
0 0.11640625 0.4671875 0.03125 0.028125
0 0.1234375 0.68359375 0.0484375 0.04375
0 0.10234375 0.57578125 0.03125 0.028125
0 0.490625 0.5109375 0.14375 0.13125
0 0.3109375 0.31640625 0.4859375 0.440625
0 0.40390625 0.078125 0.053125 0.0484375
0 0.41328125 0.1296875 0.053125 0.0484375
0 0.05546875 0.2671875 0.034375 0.03125
0 0.1578125 0.4421875 0.0484375 0.04375
0 0.540625 0.2015625 0.0453125 0.04375
0 0.51796875 0.2359375 0.071875 0.065625
0 0.54921875 0.1453125 0.071875 0.065625
0 0.48828125 0.1828125 0.06875 0.0625
0 0.625 0.8296875 0.0484375 0.04375
0 0.58984375 0.85078125 0.05 0.0453125
0 0.56875 0.89296875 0.0359375 0.034375
0 0.56875 0.88125 0.10625 0.096875
0 0.90390625 0.9578125 0.0625 0.05625
0 0.85546875 0.98515625 0.0359375 0.0296875
0 0.7046875 0.71484375 0.028125 0.0265625
0 0.60078125 0.7125 0.03125 0.0265625
0 0.89921875 0.66953125 0.03125 0.028125
0 0.89921875 0.77734375 0.0453125 0.040625
0 0.6578125 0.8609375 0.059375 0.05625
0 0.86875 0.3125 0.0359375 0.03125
0 0.88125 0.1296875 0.028125 0.0265625
0 0.02421875 0.01953125 0.0484375 0.0375