0 0.2515625 0.8953125 0.028125 0.0265625
0 0.27890625 0.81953125 0.04375 0.0375
0 0.88125 0.1859375 0.0875 0.0765625
0 0.74765625 0.23046875 0.034375 0.028125
0 0.71015625 0.3234375 0.034375 0.028125
0 0.68359375 0.53125 0.028125 0.0265625
0 0.65625 0.52265625 0.028125 0.0265625
0 0.5359375 0.14765625 0.0921875 0.0796875
0 0.43359375 0.23046875 0.028125 0.0265625
0 0.35078125 0.14453125 0.04375 0.0375
0 0.2921875 0.19140625 0.0671875 0.059375
0 0.303125 0.34375 0.0359375 0.03125
0 0.3328125 0.3546875 0.03125 0.0265625
0 0.37265625 0.384375 0.034375 0.028125
0 0.45078125 0.5109375 0.03125 0.0265625
0 0.67890625 0.75703125 0.13125 0.11875
0 0.70078125 0.83046875 0.0484375 0.04375
0 0.67421875 0.9828125 0.065625 0.034375
0 0.5296875 0.03515625 0.0359375 0.034375
0 0.6671875 0.07109375 0.040625 0.0359375
0 0.75625 0.0625 0.071875 0.0625
0 0.40625 0.2078125 0.0609375 0.053125
0 0.32421875 0.0328125 0.0375 0.0359375
0 0.22734375 0.22578125 0.053125 0.0453125
0 0.2046875 0.1203125 0.2359375 0.209375
0 0.12734375 0.396875 0.034375 0.0296875
0 0.1515625 0.4484375 0.03125 0.0296875