0 0.171875 0.7546875 0.03125 0.025
0 0.046875 0.6046875 0.0671875 0.053125
0 0.3921875 0.84765625 0.04375 0.034375
0 0.62890625 0.8328125 0.03125 0.025
0 0.45703125 0.77890625 0.0359375 0.028125
0 0.87734375 0.8328125 0.04375 0.034375
0 0.96875 0.8859375 0.040625 0.03125
0 0.7203125 0.93984375 0.1734375 0.1203125
0 0.8578125 0.98203125 0.04375 0.034375
0 0.66953125 0.65859375 0.075 0.0578125
0 0.59140625 0.3859375 0.0484375 0.0375
0 0.6390625 0.271875 0.0375 0.03125
0 0.63359375 0.12890625 0.0359375 0.028125
0 0.8921875 0.31953125 0.034375 0.0265625
0 0.8078125 0.4515625 0.128125 0.1015625
0 0.68125 0.3640625 0.1109375 0.0875
0 0.76796875 0.27265625 0.1515625 0.1203125
0 0.67890625 0.1734375 0.06875 0.053125
0 0.49296875 0.34140625 0.0375 0.03125
0 0.54921875 0.2359375 0.2953125 0.2328125
0 0.2609375 0.29453125 0.040625 0.034375
0 0.3234375 0.2484375 0.040625 0.03125
0 0.30390625 0.2078125 0.0359375 0.028125
0 0.24140625 0.271875 0.1109375 0.0875
0 0.4078125 0.396875 0.0671875 0.053125
0 0.578125 0.48203125 0.1921875 0.153125
0 0.4375 0.4953125 0.2015625 0.159375
0 0.7203125 0.49765625 0.06875 0.05625
0 0.915625 0.4203125 0.0375 0.028125
0 0.865625 0.32578125 0.075 0.0578125
0 0.79921875 0.359375 0.1 0.0796875
0 0.56875 0.74296875 0.053125 0.04375
0 0.4546875 0.7015625 0.14375 0.1125
0 0.0828125 0.2234375 0.03125 0.025