0 0.17578125 0.02421875 0.0765625 0.0484375
0 0.1234375 0.0609375 0.14375 0.10625
0 0.38359375 0.15625 0.0671875 0.0484375
0 0.44921875 0.21875 0.0890625 0.065625
0 0.5484375 0.1296875 0.0796875 0.059375
0 0.515625 0.1890625 0.321875 0.2359375
0 0.80546875 0.1296875 0.090625 0.0671875
0 0.81640625 0.171875 0.059375 0.0453125
0 0.3859375 0.0359375 0.06875 0.05
0 0.42421875 0.01328125 0.0578125 0.0265625
0 0.26796875 0.2125 0.034375 0.025
0 0.02265625 0.3921875 0.0453125 0.034375
0 0.06640625 0.37734375 0.0796875 0.0578125
0 0.09609375 0.6703125 0.0484375 0.0359375
0 0.146875 0.7328125 0.0375 0.028125
0 0.10703125 0.75625 0.040625 0.028125
0 0.06015625 0.74375 0.034375 0.025
0 0.03359375 0.803125 0.04375 0.03125
0 0.12734375 0.84765625 0.04375 0.03125
0 0.29921875 0.83671875 0.034375 0.025
0 0.0640625 0.98515625 0.04375 0.0296875
0 0.35234375 0.53984375 0.034375 0.025
0 0.30390625 0.446875 0.034375 0.025
0 0.31484375 0.9171875 0.0359375 0.0265625
0 0.3015625 0.93046875 0.053125 0.0375
0 0.3484375 0.93125 0.0484375 0.034375
0 0.4328125 0.94609375 0.034375 0.025
0 0.4078125 0.7328125 0.05625 0.040625
0 0.54453125 0.37734375 0.06875 0.05
0 0.75390625 0.553125 0.05 0.0359375
0 0.765625 0.515625 0.05625 0.040625
0 0.8921875 0.7484375 0.0375 0.0265625
0 0.9203125 0.759375 0.0359375 0.0265625
0 0.96171875 0.6625 0.0359375 0.0265625
0 0.92890625 0.5015625 0.0359375 0.0265625
0 0.8140625 0.89296875 0.084375 0.059375
0 0.7140625 0.953125 0.059375 0.04375
0 0.2078125 0.5453125 0.0375 0.0265625
0 0.21171875 0.65625 0.0484375 0.034375
0 0.19453125 0.68515625 0.065625 0.0453125
0 0.053125 0.84765625 0.06875 0.05
0 0.6671875 0.84140625 0.06875 0.05
0 0.64921875 0.571875 0.134375 0.0984375
0 0.671875 0.43125 0.0671875 0.0484375
0 0.90625 0.68984375 0.053125 0.0375
0 0.98046875 0.60234375 0.0375 0.0265625
0 0.0015625 0.0015625 0.003125 0.003125
0 0.67421875 0.1140625 0.034375 0.025
0 0.80625 0.0515625 0.0671875 0.05