0 0.8171875 0.8078125 0.365625 0.384375
0 0.88828125 0.97265625 0.034375 0.0375
0 0.97421875 0.7234375 0.0515625 0.059375
0 0.96484375 0.68359375 0.053125 0.059375
0 0.9125 0.609375 0.03125 0.0359375
0 0.875 0.5875 0.04375 0.0484375
0 0.9203125 0.53828125 0.06875 0.0796875
0 0.9390625 0.52890625 0.028125 0.03125
0 0.85546875 0.5328125 0.05 0.0578125
0 0.6984375 0.5984375 0.028125 0.03125
0 0.71171875 0.49296875 0.0359375 0.040625
0 0.66796875 0.4484375 0.03125 0.034375
0 0.77421875 0.57109375 0.146875 0.165625
0 0.834375 0.2875 0.053125 0.059375
0 0.73671875 0.1921875 0.059375 0.0671875
0 0.79453125 0.29453125 0.0796875 0.090625
0 0.74296875 0.41015625 0.065625 0.071875
0 0.8453125 0.015625 0.028125 0.03125
0 0.88671875 0.03125 0.05625 0.0625
0 0.93984375 0.0171875 0.03125 0.034375
0 0.95546875 0.04453125 0.0375 0.04375
0 0.95703125 0.25625 0.0375 0.04375
0 0.94140625 0.40859375 0.0671875 0.0765625
0 0.9109375 0.16328125 0.0265625 0.03125
0 0.9390625 0.1 0.04375 0.05
0 0.8421875 0.10234375 0.028125 0.03125
0 0.8640625 0.084375 0.025 0.028125
0 0.421875 0.0796875 0.0484375 0.05625
0 0.6421875 0.1453125 0.034375 0.0375
0 0.6046875 0.13359375 0.0265625 0.03125
0 0.54296875 0.31640625 0.0625 0.071875
0 0.4859375 0.5109375 0.0375 0.04375
0 0.48828125 0.5625 0.0359375 0.040625
0 0.428125 0.6984375 0.1296875 0.146875
0 0.36328125 0.640625 0.0375 0.04375
0 0.23671875 0.71484375 0.10625 0.1203125
0 0.28984375 0.85078125 0.059375 0.0703125
0 0.3375 0.8078125 0.05 0.05625
0 0.23828125 0.453125 0.0796875 0.090625
0 0.23828125 0.49140625 0.084375 0.096875
0 0.3171875 0.609375 0.04375 0.0484375
0 0.421875 0.3765625 0.034375 0.0359375
0 0.21484375 0.18046875 0.096875 0.1109375
0 0.0609375 0.2171875 0.028125 0.034375
0 0.0109375 0.43125 0.021875 0.028125
0 0.27890625 0.31875 0.0265625 0.028125
0 0.20078125 0.3640625 0.0375 0.0453125
0 0.046875 0.7546875 0.09375 0.1609375
0 0.109375 0.578125 0.21875 0.290625
0 0.0625 0.834375 0.034375 0.0375
0 0.0265625 0.896875 0.053125 0.096875
0 0.1453125 0.7953125 0.128125 0.1453125
0 0.10703125 0.90390625 0.1296875 0.146875
0 0.0765625 0.9671875 0.071875 0.065625
0 0.1046875 0.9203125 0.0359375 0.040625
0 0.58046875 0.87890625 0.096875 0.1078125
0 0.615625 0.55078125 0.1703125 0.1921875
0 0.4859375 0.61328125 0.05 0.0578125
0 0.415625 0.86328125 0.03125 0.0359375