0 0.2390625 0.88828125 0.053125 0.053125
0 0.296875 0.91328125 0.03125 0.028125
0 0.32109375 0.93515625 0.0453125 0.0453125
0 0.3421875 0.97265625 0.03125 0.03125
0 0.3953125 0.9640625 0.0453125 0.0453125
0 0.4390625 0.92578125 0.04375 0.04375
0 0.4328125 0.8328125 0.0578125 0.0578125
0 0.375 0.8265625 0.034375 0.034375
0 0.39453125 0.8546875 0.0265625 0.0265625
0 0.3171875 0.80078125 0.06875 0.06875
0 0.2796875 0.7453125 0.0359375 0.0359375
0 0.36796875 0.74140625 0.0359375 0.0359375
0 0.41015625 0.759375 0.053125 0.053125
0 0.171875 0.6234375 0.05625 0.053125
0 0.03515625 0.66328125 0.0265625 0.0265625
0 0.25859375 0.6734375 0.0265625 0.0265625
0 0.22265625 0.6390625 0.03125 0.03125
0 0.18125 0.678125 0.071875 0.06875
0 0.2453125 0.6078125 0.0375 0.0375
0 0.2015625 0.57578125 0.05 0.05
0 0.134375 0.5796875 0.0625 0.0625
0 0.06640625 0.6109375 0.025 0.025
0 0.22265625 0.4625 0.1375 0.1375
0 0.37890625 0.68515625 0.0375 0.0375
0 0.43046875 0.71015625 0.028125 0.028125
0 0.3421875 0.50625 0.053125 0.053125
0 0.490625 0.521875 0.0375 0.0375
0 0.5734375 0.928125 0.09375 0.09375
0 0.47578125 0.95078125 0.053125 0.053125
0 0.48203125 0.89921875 0.059375 0.059375
0 0.5140625 0.86328125 0.0578125 0.0578125
0 0.5765625 0.8484375 0.059375 0.059375
0 0.51171875 0.77421875 0.121875 0.121875
0 0.69140625 0.8640625 0.0578125 0.0578125
0 0.671875 0.90859375 0.0375 0.0375
0 0.64921875 0.96015625 0.05 0.0484375
0 0.76171875 0.7984375 0.0359375 0.0359375
0 0.63359375 0.8015625 0.034375 0.034375
0 0.984375 0.978125 0.03125 0.034375
0 0.9203125 0.91328125 0.09375 0.09375
0 0.95546875 0.8265625 0.0375 0.0375
0 0.97578125 0.67890625 0.0484375 0.0578125
0 0.9796875 0.00625 0.025 0.0125
0 0.9203125 0.0875 0.034375 0.034375
0 0.7875 0.63671875 0.03125 0.03125
0 0.75234375 0.59765625 0.0265625 0.0265625
0 0.7609375 0.615625 0.0359375 0.0359375
0 0.59375 0.42890625 0.1203125 0.1203125
0 0.61875 0.196875 0.028125 0.028125
0 0.490625 0.23671875 0.1625 0.1625
0 0.43359375 0.13203125 0.2671875 0.2640625
0 0.8109375 0.15625 0.0375 0.0375
0 0.82578125 0.728125 0.04375 0.04375
0 0.078125 0.15625 0.03125 0.03125
0 0.0609375 0.1921875 0.034375 0.034375
0 0.1453125 0.07578125 0.028125 0.028125
0 0.14765625 0.0359375 0.0265625 0.0265625
0 0.13671875 0.18515625 0.2734375 0.2984375