0 0.0265625 0.43125 0.0375 0.04375
0 0.109375 0.3859375 0.1125 0.128125
0 0.08984375 0.203125 0.08125 0.09375
0 0.19140625 0.58984375 0.278125 0.3171875
0 0.3015625 0.4078125 0.0765625 0.0875
0 0.28515625 0.1984375 0.075 0.084375
0 0.33515625 0.1828125 0.05 0.0578125
0 0.16328125 0.34609375 0.0265625 0.03125
0 0.146875 0.04453125 0.1203125 0.0890625
0 0.48203125 0.31875 0.2453125 0.28125
0 0.4234375 0.12890625 0.075 0.0875
0 0.68984375 0.2796875 0.0984375 0.1125
0 0.69609375 0.39296875 0.115625 0.13125
0 0.7921875 0.31484375 0.028125 0.03125
0 0.7078125 0.11328125 0.071875 0.084375
0 0.79453125 0.0828125 0.1125 0.1296875
0 0.78125 0.259375 0.059375 0.0671875
0 0.77890625 0.209375 0.128125 0.146875
0 0.64921875 0.20078125 0.1125 0.1296875
0 0.4703125 0.071875 0.103125 0.11875
0 0.58046875 0.43515625 0.071875 0.084375
0 0.46015625 0.41328125 0.05 0.0578125
0 0.4328125 0.66484375 0.06875 0.08125
0 0.2609375 0.84765625 0.096875 0.1109375
0 0.25 0.94453125 0.0984375 0.1109375
0 0.359375 0.94921875 0.059375 0.0671875
0 0.209375 0.6671875 0.0671875 0.0765625
0 0.54453125 0.54453125 0.0625 0.071875
0 0.47578125 0.89453125 0.0375 0.0453125
0 0.41328125 0.91328125 0.0765625 0.0890625
0 0.37265625 0.0515625 0.103125 0.103125
0 0.66796875 0.525 0.08125 0.096875
0 0.8921875 0.790625 0.03125 0.0359375
0 0.75390625 0.7640625 0.240625 0.2765625
0 0.8390625 0.5765625 0.03125 0.0359375
0 0.56875 0.96015625 0.040625 0.0484375
0 0.78828125 0.4625 0.0359375 0.04375
0 0.33203125 0.8296875 0.03125 0.034375
0 0.9390625 0.9546875 0.059375 0.0703125
0 0.921875 0.86640625 0.0890625 0.103125
0 0.96015625 0.5640625 0.0265625 0.03125
0 0.4109375 0.53515625 0.103125 0.11875
0 0.62890625 0.65859375 0.11875 0.134375