0 0.978125 0.446875 0.04296875 0.0359375
0 0.946875 0.44140625 0.053125 0.03828125
0 0.6296875 0.2984375 0.07421875 0.05546875
0 0.7859375 0.071875 0.06015625 0.04296875
0 0.1046875 0.08515625 0.05546875 0.04296875
0 0.18359375 0.1609375 0.05546875 0.040625
0 0.16328125 0.26953125 0.06015625 0.0453125
0 0.10546875 0.30390625 0.071875 0.053125
0 0.0296875 0.2875 0.059375 0.05
0 0.66796875 0.390625 0.05078125 0.03828125
0 0.51171875 0.0984375 0.03125 0.02421875
0 0.125 0.57578125 0.05078125 0.03828125
0 0.196875 0.57109375 0.053125 0.040625
0 0.2171875 0.603125 0.03828125 0.02890625
0 0.20703125 0.62109375 0.0359375 0.0265625
0 0.21875 0.9578125 0.06015625 0.04296875
0 0.1703125 0.946875 0.040625 0.02890625
0 0.4359375 0.5984375 0.053125 0.03828125
0 0.396875 0.62109375 0.04296875 0.03125
0 0.42578125 0.62890625 0.0359375 0.0265625
0 0.63203125 0.49375 0.05078125 0.03828125
0 0.65 0.52890625 0.10546875 0.0765625
0 0.8859375 0.53984375 0.06015625 0.04296875
0 0.4234375 0.83515625 0.05078125 0.03828125
0 0.38828125 0.8171875 0.0359375 0.0265625
0 0.3296875 0.85703125 0.04296875 0.03125
0 0.24296875 0.91328125 0.05078125 0.03828125
0 0.14453125 0.77734375 0.03359375 0.02421875
0 0.1828125 0.77265625 0.040625 0.03125
0 0.24609375 0.84609375 0.03359375 0.02421875
0 0.25625 0.98515625 0.040625 0.0296875
0 0.3453125 0.78515625 0.0453125 0.03359375
0 0.31953125 0.8109375 0.03359375 0.02421875
0 0.584375 0.6984375 0.04296875 0.03125
0 0.55078125 0.66328125 0.04296875 0.03125
0 0.4515625 0.6625 0.0765625 0.0578125
0 0.11171875 0.85703125 0.04296875 0.03125