0 0.9375 0.5328125 0.0890625 0.0890625
0 0.8734375 0.12734375 0.0265625 0.028125
0 0.515625 0.03125 0.05 0.05
0 0.6234375 0.0140625 0.025 0.0265625
0 0.640625 0.1234375 0.04375 0.04375
0 0.66328125 0.071875 0.075 0.075
0 0.7296875 0.1203125 0.05 0.05
0 0.7234375 0.07578125 0.04375 0.04375
0 0.8125 0.0296875 0.0453125 0.0453125
0 0.56953125 0.03515625 0.028125 0.028125
0 0.6078125 0.03984375 0.04375 0.04375
0 0.5 0.08515625 0.028125 0.028125
0 0.49765625 0.05625 0.04375 0.04375
0 0.40390625 0.1359375 0.03125 0.03125
0 0.44375 0.05546875 0.028125 0.028125
0 0.67421875 0.2359375 0.025 0.025
0 0.6765625 0.30078125 0.0578125 0.059375
0 0.7125 0.33671875 0.0484375 0.05
0 0.76796875 0.36328125 0.034375 0.034375
0 0.83671875 0.3765625 0.0796875 0.0796875
0 0.8953125 0.4390625 0.059375 0.059375
0 0.8890625 0.49375 0.05625 0.0578125
0 0.665625 0.39921875 0.0375 0.0375
0 0.72109375 0.50625 0.0453125 0.0484375
0 0.8015625 0.5671875 0.0359375 0.0359375
0 0.7390625 0.634375 0.0359375 0.0359375
0 0.75390625 0.6359375 0.053125 0.053125
0 0.74296875 0.71171875 0.03125 0.03125
0 0.5953125 0.6546875 0.040625 0.04375
0 0.6609375 0.79453125 0.0453125 0.0484375
0 0.56640625 0.6890625 0.028125 0.028125
0 0.49375 0.7328125 0.028125 0.028125
0 0.4515625 0.71484375 0.04375 0.04375
0 0.4328125 0.453125 0.03125 0.03125
0 0.453125 0.2703125 0.0359375 0.0359375
0 0.48671875 0.46171875 0.0359375 0.0359375
0 0.46640625 0.47265625 0.034375 0.034375
0 0.44453125 0.490625 0.040625 0.040625
0 0.69375 0.2140625 0.0765625 0.0796875
0 0.8703125 0.5828125 0.053125 0.053125
0 0.9203125 0.60078125 0.0453125 0.0453125
0 0.8453125 0.63359375 0.0453125 0.0484375
0 0.7984375 0.73203125 0.028125 0.028125
0 0.84375 0.86875 0.0375 0.0375
0 0.90390625 0.9125 0.025 0.025
0 0.91484375 0.959375 0.0453125 0.0453125
0 0.6875 0.853125 0.028125 0.0296875
0 0.7046875 0.96484375 0.0265625 0.0265625
0 0.63359375 0.91484375 0.0265625 0.0265625
0 0.55859375 0.90859375 0.028125 0.028125
0 0.56484375 0.9484375 0.04375 0.04375
0 0.50703125 0.8859375 0.034375 0.034375
0 0.4390625 0.79453125 0.0265625 0.0265625
0 0.4359375 0.85078125 0.034375 0.034375
0 0.4671875 0.228125 0.025 0.0265625
0 0.82578125 0.3140625 0.0359375 0.0359375
0 0.803125 0.61796875 0.05625 0.05625
0 0.44140625 0.6515625 0.03125 0.034375
0 0.4515625 0.62734375 0.025 0.025
0 0.42890625 0.6 0.0375 0.040625
0 0.38203125 0.540625 0.03125 0.03125
0 0.32109375 0.5671875 0.04375 0.04375
0 0.3703125 0.7125 0.0484375 0.0484375
0 0.36875 0.76796875 0.0375 0.0375
0 0.40390625 0.6234375 0.1421875 0.14375
0 0.2984375 0.66484375 0.1109375 0.1109375
0 0.28515625 0.88671875 0.071875 0.071875
0 0.3140625 0.87734375 0.0265625 0.0265625
0 0.24765625 0.8421875 0.1 0.1015625
0 0.5734375 0.6109375 0.0265625 0.028125
0 0.31953125 0.2984375 0.028125 0.028125
0 0.203125 0.30859375 0.028125 0.028125
0 0.21484375 0.3609375 0.0265625 0.0265625
0 0.2078125 0.27421875 0.04375 0.04375
0 0.13671875 0.24296875 0.0359375 0.0359375
0 0.1296875 0.17578125 0.03125 0.03125
0 0.08203125 0.19609375 0.0375 0.0375
0 0.0875 0.27265625 0.028125 0.028125
0 0.10546875 0.37109375 0.040625 0.04375
0 0.20703125 0.64453125 0.0453125 0.0453125
0 0.15234375 0.74296875 0.0578125 0.0578125
0 0.171875 0.7609375 0.034375 0.034375
0 0.1734375 0.89765625 0.06875 0.071875
0 0.21875 0.91015625 0.0453125 0.0453125
0 0.1140625 0.9625 0.0484375 0.0484375
0 0.178125 0.83984375 0.0484375 0.05
0 0.12890625 0.51953125 0.034375 0.0359375
0 0.509375 0.97578125 0.0359375 0.0375
0 0.3734375 0.9578125 0.028125 0.028125
0 0.05 0.9859375 0.0375 0.028125
0 0.03359375 0.96015625 0.0671875 0.0796875
0 0.08671875 0.55390625 0.025 0.025
0 0.06484375 0.5765625 0.0359375 0.0359375
0 0.01953125 0.63671875 0.025 0.025
0 0.0484375 0.88203125 0.071875 0.075
0 0.1671875 0.03984375 0.028125 0.028125
0 0.2671875 0.365625 0.0625 0.065625