0 0.7234375 0.19921875 0.0265625 0.0265625
0 0.77734375 0.01171875 0.0265625 0.0234375
0 0.39765625 0.03515625 0.0265625 0.0265625
0 0.3375 0.02421875 0.0265625 0.0265625
0 0.2921875 0.0875 0.03359375 0.03359375
0 0.49375 0.25 0.02890625 0.0265625
0 0.35703125 0.22109375 0.040625 0.040625
0 0.31875 0.2234375 0.03125 0.02890625
0 0.37265625 0.31015625 0.0359375 0.0359375
0 0.12734375 0.23671875 0.02421875 0.02421875
0 0.0921875 0.3265625 0.03125 0.02890625
0 0.06875 0.0359375 0.03125 0.02890625
0 0.28984375 0.3765625 0.0265625 0.0265625
0 0.06953125 0.89921875 0.0453125 0.0453125
0 0.053125 0.865625 0.0359375 0.0359375
0 0.09765625 0.74296875 0.02890625 0.02890625
0 0.26328125 0.82421875 0.03125 0.02890625
0 0.421875 0.95703125 0.0265625 0.0265625
0 0.5984375 0.92890625 0.03359375 0.03359375
0 0.62265625 0.95546875 0.0265625 0.0265625
0 0.53984375 0.6703125 0.0359375 0.03359375
0 0.56875 0.6515625 0.0359375 0.0359375
0 0.55078125 0.59140625 0.0359375 0.0359375
0 0.38359375 0.64921875 0.03359375 0.03359375
0 0.3078125 0.7203125 0.02421875 0.02421875
0 0.30859375 0.61171875 0.03125 0.03125
0 0.43125 0.37109375 0.02890625 0.02890625
0 0.4796875 0.37734375 0.03359375 0.03359375
0 0.6140625 0.2515625 0.04296875 0.04296875
0 0.7125 0.39453125 0.03125 0.03125
0 0.7671875 0.4578125 0.0359375 0.0359375
0 0.8078125 0.4546875 0.0265625 0.0265625
0 0.81875 0.28828125 0.0578125 0.0578125
0 0.7796875 0.303125 0.05078125 0.05078125
0 0.93125 0.396875 0.0359375 0.03359375
0 0.9484375 0.365625 0.0578125 0.05546875
0 0.99140625 0.2390625 0.0171875 0.0265625
0 0.29453125 0.87890625 0.0265625 0.02421875
0 0.0015625 0.00234375 0.00234375 0.0046875
0 0.71640625 0.0203125 0.02890625 0.02890625
0 0.353125 0.17890625 0.0484375 0.0484375
0 0.3296875 0.10234375 0.02890625 0.02890625
0 0.8765625 0.14765625 0.03125 0.03125
0 0.9796875 0.0640625 0.0265625 0.0265625
0 0.6609375 0.040625 0.05546875 0.05546875
0 0.67890625 0.071875 0.02421875 0.02421875
0 0.2046875 0.12265625 0.03359375 0.03359375
0 0.146875 0.13828125 0.02890625 0.02890625
0 0.25390625 0.19609375 0.05546875 0.053125
0 0.140625 0.021875 0.02421875 0.02421875
0 0.14765625 0.64765625 0.03125 0.03125
0 0.2390625 0.7796875 0.02890625 0.02890625