0 0.0015625 0.0015625 0.00234375 0.00234375
0 0.83203125 0.76953125 0.0484375 0.0453125
0 0.78984375 0.86171875 0.03125 0.03125
0 0.93515625 0.4203125 0.0359375 0.0359375
0 0.9078125 0.6140625 0.0359375 0.0359375
0 0.78515625 0.7015625 0.040625 0.03828125
0 0.7515625 0.696875 0.0359375 0.0359375
0 0.53359375 0.86796875 0.02890625 0.02890625
0 0.521875 0.896875 0.05078125 0.0484375
0 0.484375 0.765625 0.06015625 0.0578125
0 0.45703125 0.74140625 0.0453125 0.04296875
0 0.428125 0.7609375 0.03125 0.03125
0 0.39453125 0.7234375 0.0453125 0.0453125
0 0.3546875 0.81640625 0.03125 0.03125
0 0.33203125 0.85 0.04296875 0.04296875
0 0.3140625 0.79453125 0.03359375 0.03359375
0 0.55625 0.65 0.02890625 0.02890625
0 0.4375 0.478125 0.0359375 0.03359375
0 0.415625 0.446875 0.03828125 0.0359375
0 0.37265625 0.48828125 0.0359375 0.03359375
0 0.30859375 0.571875 0.02890625 0.0265625
0 0.12265625 0.553125 0.0265625 0.0265625
0 0.0734375 0.740625 0.02890625 0.0265625
0 0.6921875 0.37734375 0.0265625 0.0265625
0 0.44140625 0.303125 0.08671875 0.084375
0 0.46640625 0.13125 0.12265625 0.1203125
0 0.50859375 0.23828125 0.19921875 0.19453125
0 0.359375 0.18359375 0.053125 0.05078125
0 0.3265625 0.22578125 0.165625 0.1609375
0 0.2671875 0.3890625 0.0265625 0.0265625
0 0.25234375 0.4078125 0.0265625 0.02421875
0 0.2046875 0.396875 0.04296875 0.04296875
0 0.18984375 0.36640625 0.02890625 0.0265625
0 0.19140625 0.3390625 0.02890625 0.02890625
0 0.04296875 0.36171875 0.0859375 0.0890625
0 0.02421875 0.31484375 0.0484375 0.0890625
0 0.0578125 0.5328125 0.115625 0.125
0 0.06953125 0.0640625 0.0984375 0.09609375
0 0.02890625 0.06875 0.0265625 0.02421875
0 0.80625 0.01953125 0.04296875 0.03828125
0 0.3078125 0.03828125 0.0265625 0.0265625
0 0.31640625 0.06015625 0.0359375 0.03359375
0 0.328125 0.1109375 0.0265625 0.0265625
0 0.75234375 0.06484375 0.09609375 0.09375
0 0.72578125 0.18984375 0.02421875 0.02421875
0 0.94375 0.02265625 0.071875 0.0453125