0 0.4359375 0.51953125 0.5125 0.4734375
0 0.3109375 0.19609375 0.05625 0.05
0 0.3921875 0.1546875 0.0484375 0.04375
0 0.29453125 0.03125 0.05625 0.05
0 0.45078125 0.12890625 0.084375 0.0765625
0 0.60234375 0.0640625 0.134375 0.125
0 0.90390625 0.05625 0.04375 0.040625
0 0.87265625 0.11875 0.034375 0.03125
0 0.5328125 0.26328125 0.028125 0.0265625
0 0.59609375 0.22265625 0.03125 0.028125
0 0.5921875 0.14921875 0.0296875 0.0265625
0 0.5171875 0.1546875 0.0359375 0.034375
0 0.84765625 0.31640625 0.15625 0.1453125
0 0.86640625 0.4078125 0.03125 0.0296875
0 0.97265625 0.29921875 0.040625 0.0375
0 0.63125 0.3140625 0.190625 0.175
0 0.75390625 0.2859375 0.23125 0.2140625
0 0.81875 0.14921875 0.0625 0.0578125
0 0.8953125 0.2078125 0.0984375 0.0921875
0 0.9484375 0.24140625 0.0453125 0.040625
0 0.6515625 0.4515625 0.0359375 0.034375
0 0.66015625 0.4390625 0.1109375 0.103125
0 0.8015625 0.4703125 0.028125 0.0265625
0 0.49609375 0.459375 0.05625 0.05
0 0.54453125 0.521875 0.028125 0.0265625
0 0.97578125 0.98046875 0.028125 0.0265625
0 0.84609375 0.915625 0.04375 0.040625
0 0.98046875 0.5015625 0.0375 0.0484375
0 0.91328125 0.50703125 0.0359375 0.034375
0 0.959375 0.4859375 0.059375 0.05625
0 0.79296875 0.65859375 0.196875 0.18125
0 0.79453125 0.75859375 0.0625 0.0578125
0 0.90234375 0.5828125 0.0625 0.0578125
0 0.9546875 0.73828125 0.0890625 0.08125
0 0.315625 0.9234375 0.225 0.153125
0 0.11875 0.92890625 0.2328125 0.1421875
0 0.57421875 0.9125 0.059375 0.05625
0 0.37734375 0.6609375 0.034375 0.03125
0 0.50625 0.77421875 0.0453125 0.04375
0 0.5609375 0.71171875 0.034375 0.03125
0 0.87734375 0.78515625 0.03125 0.0296875
0 0.07421875 0.7828125 0.075 0.06875
0 0.01328125 0.88125 0.0265625 0.025