0 0.896875 0.371875 0.20625 0.3375
0 0.071875 0.6578125 0.03125 0.03125
0 0.19921875 0.97265625 0.0359375 0.0359375
0 0.234375 0.90234375 0.04375 0.04375
0 0.23203125 0.94140625 0.0265625 0.0296875
0 0.24140625 0.709375 0.040625 0.04375
0 0.0640625 0.4796875 0.053125 0.053125
0 0.01328125 0.4125 0.025 0.0265625
0 0.03828125 0.2984375 0.03125 0.034375
0 0.234375 0.1890625 0.0875 0.090625
0 0.05703125 0.025 0.0828125 0.05
0 0.3421875 0.1984375 0.028125 0.03125
0 0.15625 0.240625 0.059375 0.0625
0 0.38828125 0.16015625 0.0453125 0.0484375
0 0.3234375 0.1578125 0.065625 0.0671875
0 0.3546875 0.02734375 0.0265625 0.0265625
0 0.53828125 0.08046875 0.0265625 0.0265625
0 0.46015625 0.3140625 0.028125 0.028125
0 0.40234375 0.22265625 0.0671875 0.06875
0 0.19921875 0.04453125 0.0796875 0.08125
0 0.10234375 0.2453125 0.034375 0.034375
0 0.0359375 0.109375 0.0375 0.0375
0 0.0828125 0.07109375 0.165625 0.1421875
0 0.74609375 0.0828125 0.0578125 0.059375
0 0.63359375 0.11875 0.0578125 0.059375
0 0.59765625 0.03359375 0.059375 0.0625
0 0.91484375 0.06015625 0.0359375 0.0375
0 0.853125 0.2296875 0.0265625 0.0265625
0 0.76328125 0.3609375 0.034375 0.0359375
0 0.78515625 0.34609375 0.0375 0.0375
0 0.77421875 0.31484375 0.0265625 0.028125
0 0.6390625 0.3234375 0.028125 0.028125
0 0.6859375 0.234375 0.03125 0.03125
0 0.74375 0.26953125 0.0484375 0.05
0 0.765625 0.225 0.0484375 0.05
0 0.7796875 0.1625 0.025 0.025
0 0.71015625 0.15 0.1 0.103125
0 0.71015625 0.10234375 0.2375 0.2046875
0 0.74140625 0.47734375 0.025 0.0265625
0 0.7984375 0.57578125 0.0453125 0.0453125
0 0.81953125 0.50625 0.0265625 0.028125
0 0.80390625 0.4671875 0.053125 0.05625
0 0.98828125 0.425 0.0234375 0.03125
0 0.5890625 0.6046875 0.0265625 0.0265625
0 0.5921875 0.52734375 0.028125 0.028125
0 0.51171875 0.46875 0.0359375 0.0359375
0 0.62734375 0.61640625 0.03125 0.034375
0 0.665625 0.63671875 0.059375 0.0625
0 0.953125 0.75234375 0.0265625 0.0265625
0 0.85234375 0.80625 0.025 0.0265625
0 0.48828125 0.8171875 0.153125 0.1609375
0 0.97734375 0.678125 0.0265625 0.028125
0 0.9984375 0.00234375 0.003125 0.0046875