0 0.77890625 0.21484375 0.0265625 0.02421875
0 0.48671875 0.16328125 0.0484375 0.0453125
0 0.415625 0.2234375 0.06015625 0.05546875
0 0.3375 0.178125 0.03359375 0.03125
0 0.30859375 0.14921875 0.0453125 0.04296875
0 0.234375 0.32421875 0.03828125 0.0359375
0 0.35078125 0.4 0.0984375 0.09140625
0 0.0953125 0.46640625 0.02890625 0.02890625
0 0.1203125 0.4828125 0.0265625 0.02421875
0 0.10546875 0.96640625 0.0484375 0.04296875
0 0.4671875 0.9828125 0.03359375 0.03125
0 0.59765625 0.8421875 0.03828125 0.0359375
0 0.63828125 0.921875 0.03125 0.02890625
0 0.65 0.93984375 0.03359375 0.03125
0 0.61171875 0.98046875 0.04296875 0.03828125
0 0.6 0.93125 0.03125 0.02890625
0 0.5734375 0.9515625 0.06015625 0.05546875
0 0.384375 0.5109375 0.0453125 0.040625
0 0.384375 0.5484375 0.0484375 0.04296875
0 0.52890625 0.45546875 0.04296875 0.040625
0 0.49296875 0.46015625 0.0265625 0.0265625
0 0.53125 0.3421875 0.040625 0.0359375
0 0.0875 0.85234375 0.06484375 0.06015625
0 0.140625 0.93515625 0.04296875 0.040625
0 0.265625 0.7203125 0.03359375 0.03125
0 0.60546875 0.59609375 0.03828125 0.0359375
0 0.70703125 0.60078125 0.03125 0.02890625
0 0.58515625 0.65 0.06015625 0.0578125
0 0.6359375 0.68125 0.0484375 0.0453125
0 0.8953125 0.8734375 0.0265625 0.0265625
0 0.9328125 0.6453125 0.03828125 0.0359375
0 0.83984375 0.5796875 0.0265625 0.02421875
0 0.81015625 0.509375 0.0484375 0.04296875
0 0.765625 0.3453125 0.0359375 0.03359375
0 0.603125 0.30859375 0.05078125 0.0484375
0 0.9203125 0.303125 0.0453125 0.040625
0 0.87734375 0.44921875 0.03125 0.02890625
0 0.92890625 0.35234375 0.03828125 0.0359375
0 0.9734375 0.27890625 0.03828125 0.0359375
0 0.96484375 0.92890625 0.06953125 0.06953125
0 0.52421875 0.0375 0.0578125 0.05546875
0 0.14921875 0.17421875 0.03359375 0.03125
0 0.26328125 0.50859375 0.0796875 0.071875
0 0.23046875 0.3703125 0.11328125 0.10546875
0 0.7453125 0.59375 0.0796875 0.07421875
0 0.3921875 0.92421875 0.02890625 0.0265625
0 0.53828125 0.915625 0.0484375 0.04296875
0 0.96015625 0.521875 0.05078125 0.0453125
0 0.81875 0.33203125 0.05546875 0.053125