0 0.8109375 0.0765625 0.03125 0.025
0 0.91015625 0.015625 0.040625 0.03125
0 0.9828125 0.31640625 0.034375 0.0359375
0 0.88203125 0.32109375 0.065625 0.053125
0 0.7078125 0.2453125 0.0984375 0.0796875
0 0.759375 0.2078125 0.034375 0.028125
0 0.76796875 0.4 0.065625 0.053125
0 0.78984375 0.50859375 0.0453125 0.0359375
0 0.7640625 0.5359375 0.04375 0.034375
0 0.93046875 0.5828125 0.034375 0.0265625
0 0.94921875 0.515625 0.0875 0.06875
0 0.5984375 0.5765625 0.1875 0.1515625
0 0.584375 0.4671875 0.16875 0.1375
0 0.41328125 0.42421875 0.165625 0.134375
0 0.2953125 0.3921875 0.0484375 0.0375
0 0.3125 0.3109375 0.0484375 0.0375
0 0.478125 0.259375 0.303125 0.2453125
0 0.77890625 0.16328125 0.05 0.040625
0 0.8859375 0.1921875 0.034375 0.028125
0 0.94140625 0.17109375 0.1171875 0.1078125
0 0.265625 0.634375 0.0984375 0.0796875
0 0.33671875 0.63203125 0.0375 0.03125
0 0.14296875 0.6 0.0890625 0.071875
0 0.6765625 0.33203125 0.071875 0.059375
0 0.16015625 0.13671875 0.25 0.2015625
0 0.103125 0.3125 0.0453125 0.0359375
0 0.06875 0.3171875 0.03125 0.025
0 0.13359375 0.2859375 0.0578125 0.0453125
0 0.26328125 0.259375 0.09375 0.0765625
0 0.134375 0.4515625 0.221875 0.178125
0 0.2171875 0.55078125 0.0578125 0.0453125
0 0.2078125 0.98046875 0.0546875 0.0375
0 0.45546875 0.790625 0.053125 0.04375
0 0.40625 0.9390625 0.0453125 0.0359375
0 0.2640625 0.86796875 0.159375 0.128125
0 0.31953125 0.78515625 0.1390625 0.1125
0 0.63359375 0.97734375 0.040625 0.034375
0 0.73828125 0.80078125 0.06875 0.05625