0 0.0015625 0.00234375 0.00234375 0.00234375
0 0.36640625 0.12890625 0.4734375 0.25703125
0 0.98515625 0.29921875 0.0296875 0.0265625
0 0.8328125 0.459375 0.0359375 0.02890625
0 0.85 0.521875 0.0359375 0.02890625
0 0.9515625 0.3859375 0.08671875 0.06953125
0 0.8859375 0.01328125 0.03828125 0.0265625
0 0.00234375 0.00078125 0.00078125 0.00078125
0 0.82578125 0.084375 0.10078125 0.08203125
0 0.8484375 0.1984375 0.1203125 0.0984375
0 0.7046875 0.23203125 0.146875 0.11796875
0 0.5765625 0.2140625 0.134375 0.1078125
0 0.1296875 0.0609375 0.040625 0.03359375
0 0.01328125 0.44609375 0.0265625 0.03125
0 0.046875 0.0953125 0.09375 0.11796875
0 0.08515625 0.14453125 0.03359375 0.0265625
0 0.0640625 0.9015625 0.040625 0.03359375
0 0.02734375 0.91953125 0.03828125 0.03125
0 0.7203125 0.65 0.06953125 0.05546875
0 0.74765625 0.578125 0.03125 0.0265625
0 0.75234375 0.5171875 0.03125 0.0265625
0 0.5296875 0.6046875 0.03359375 0.0265625
0 0.4046875 0.571875 0.03125 0.0265625
0 0.1984375 0.74140625 0.04296875 0.03359375
0 0.34765625 0.80546875 0.03828125 0.03125
0 0.62890625 0.7984375 0.04296875 0.0359375
0 0.60703125 0.89765625 0.0484375 0.03828125
0 0.5625 0.98203125 0.03125 0.02421875
0 0.95390625 0.95078125 0.0921875 0.0734375
0 0.95703125 0.93359375 0.04296875 0.03359375
0 0.9375 0.484375 0.0453125 0.0359375
0 0.865625 0.053125 0.07421875 0.06015625
0 0.6359375 0.14453125 0.084375 0.06953125
0 0.12109375 0.25390625 0.03125 0.0265625