0 0.71171875 0.85703125 0.0984375 0.0796875
0 0.7515625 0.88203125 0.1109375 0.0890625
0 0.84765625 0.66796875 0.07421875 0.06015625
0 0.97109375 0.6671875 0.02890625 0.02421875
0 0.94609375 0.56640625 0.040625 0.03359375
0 0.96484375 0.5671875 0.06953125 0.0625
0 0.7390625 0.6 0.0625 0.05078125
0 0.7203125 0.6265625 0.071875 0.06015625
0 0.6140625 0.58203125 0.053125 0.040625
0 0.54921875 0.803125 0.03125 0.02421875
0 0.47109375 0.84375 0.0578125 0.0453125
0 0.4328125 0.865625 0.0453125 0.0359375
0 0.4046875 0.76328125 0.053125 0.04296875
0 0.48828125 0.7515625 0.03359375 0.0265625
0 0.4984375 0.62734375 0.03125 0.0265625
0 0.62265625 0.4984375 0.03359375 0.02890625
0 0.57578125 0.46015625 0.03828125 0.03125
0 0.55078125 0.40390625 0.03359375 0.02890625
0 0.484375 0.5171875 0.0578125 0.0453125
0 0.75859375 0.57578125 0.040625 0.03125
0 0.77265625 0.55625 0.03828125 0.03125
0 0.83984375 0.33203125 0.06015625 0.0484375
0 0.68515625 0.37109375 0.0890625 0.071875
0 0.66953125 0.4078125 0.0484375 0.03828125
0 0.6234375 0.31953125 0.02890625 0.02421875
0 0.8125 0.2015625 0.03125 0.02421875
0 0.0625 0.9265625 0.0484375 0.03828125
0 0.03828125 0.928125 0.0453125 0.03828125
0 0.27265625 0.696875 0.03828125 0.03125
0 0.21875 0.53359375 0.15390625 0.125
0 0.14453125 0.44609375 0.146875 0.11796875
0 0.1296875 0.77890625 0.1390625 0.11328125
0 0.053125 0.8421875 0.10546875 0.12734375
0 0.17890625 0.6421875 0.05078125 0.040625
0 0.146875 0.66953125 0.0453125 0.0359375
0 0.0625 0.725 0.03359375 0.0265625
0 0.15625 0.709375 0.03125 0.02421875
0 0.115625 0.80625 0.04296875 0.0359375
0 0.353125 0.39921875 0.03359375 0.0265625
0 0.10078125 0.55625 0.10078125 0.08203125
0 0.08046875 0.63671875 0.040625 0.03359375
0 0.0953125 0.65625 0.0359375 0.02890625
0 0.30546875 0.43359375 0.040625 0.03125
0 0.12734375 0.6140625 0.06484375 0.053125
0 0.103125 0.484375 0.103125 0.08203125
0 0.13359375 0.3296875 0.03125 0.02421875
0 0.24140625 0.328125 0.12734375 0.10078125
0 0.34765625 0.31484375 0.0359375 0.02890625
0 0.12109375 0.1703125 0.06484375 0.05078125
0 0.084375 0.134375 0.040625 0.03359375
0 0.24140625 0.0453125 0.040625 0.03125
0 0.23203125 0.1046875 0.1203125 0.09609375
0 0.15625 0.27734375 0.07421875 0.06015625
0 0.14765625 0.21875 0.05546875 0.04296875
0 0.33984375 0.11796875 0.18984375 0.15390625
0 0.40859375 0.14921875 0.040625 0.03359375
0 0.5015625 0.021875 0.04296875 0.0359375
0 0.525 0.07578125 0.125 0.10078125
0 0.63828125 0.01953125 0.08671875 0.03828125
0 0.178125 0.225 0.0484375 0.03828125
0 0.134375 0.078125 0.04296875 0.0359375
0 0.85078125 0.00625 0.03125 0.01171875
0 0.86171875 0.046875 0.084375 0.0671875
0 0.9625 0.0890625 0.040625 0.03359375
0 0.55546875 0.48203125 0.040625 0.03359375
0 0.18125 0.1515625 0.134375 0.1078125
0 0.1875 0.03515625 0.0671875 0.053125
0 0.2515625 0.8265625 0.1921875 0.15625