0 0.80625 0.521875 0.3875 0.434375
0 0.4859375 0.50234375 0.4875 0.496875
0 0.21875 0.5734375 0.040625 0.040625
0 0.11640625 0.2328125 0.034375 0.0359375
0 0.1078125 0.06015625 0.0453125 0.0484375
0 0.2953125 0.1734375 0.04375 0.04375
0 0.3015625 0.12265625 0.03125 0.03125
0 0.421875 0.1390625 0.0265625 0.0265625
0 0.37890625 0.071875 0.0375 0.0375
0 0.490625 0.209375 0.03125 0.034375
0 0.5203125 0.1109375 0.0265625 0.0265625
0 0.5171875 0.28125 0.0265625 0.028125
0 0.5046875 0.321875 0.0578125 0.0578125
0 0.7640625 0.16484375 0.0265625 0.0265625
0 0.78125 0.140625 0.053125 0.05625
0 0.82578125 0.19375 0.025 0.0265625
0 0.85078125 0.16796875 0.04375 0.04375
0 0.9578125 0.15859375 0.025 0.025
0 0.984375 0.16484375 0.03125 0.0375
0 0.859375 0.178125 0.1609375 0.165625
0 0.9078125 0.0984375 0.025 0.0265625
0 0.46640625 0.04921875 0.0671875 0.06875
0 0.6078125 0.25703125 0.0453125 0.0453125
0 0.83984375 0.0453125 0.1078125 0.090625
0 0.41796875 0.321875 0.0765625 0.0765625
0 0.4734375 0.96640625 0.04375 0.0453125
0 0.3859375 0.9796875 0.0453125 0.040625
0 0.42578125 0.8796875 0.15 0.1515625
0 0.52421875 0.8265625 0.1375 0.1390625
0 0.62265625 0.8953125 0.03125 0.03125
0 0.47578125 0.6515625 0.23125 0.2359375