0 0.07578125 0.12890625 0.1515625 0.15
0 0.16015625 0.47734375 0.028125 0.028125
0 0.44140625 0.2875 0.0375 0.0359375
0 0.40625 0.33046875 0.034375 0.034375
0 0.65 0.3265625 0.0359375 0.0359375
0 0.14921875 0.68984375 0.03125 0.03125
0 0.25625 0.5765625 0.0265625 0.0265625
0 0.1453125 0.5625 0.028125 0.028125
0 0.35703125 0.61875 0.025 0.025
0 0.50234375 0.5359375 0.028125 0.028125
0 0.49609375 0.8109375 0.0359375 0.034375
0 0.75390625 0.5140625 0.028125 0.0265625
0 0.8921875 0.97265625 0.0453125 0.0453125
0 0.975 0.7875 0.0265625 0.0265625