0 0.8296875 0.7875 0.03359375 0.03125
0 0.734375 0.821875 0.040625 0.040625
0 0.68046875 0.91328125 0.0359375 0.0359375
0 0.475 0.9265625 0.1203125 0.115625
0 0.4671875 0.85546875 0.05078125 0.0484375
0 0.41484375 0.7765625 0.0625 0.06015625
0 0.49140625 0.725 0.0484375 0.0453125
0 0.88203125 0.634375 0.04296875 0.040625
0 0.88203125 0.6890625 0.03359375 0.03359375
0 0.59375 0.8453125 0.3171875 0.3078125
0 0.7515625 0.9515625 0.0484375 0.0453125
0 0.8703125 0.7046875 0.25 0.240625
0 0.90390625 0.50234375 0.05546875 0.053125
0 0.91796875 0.4625 0.08203125 0.0796875
0 0.8109375 0.54453125 0.04296875 0.040625
0 0.4671875 0.6390625 0.1109375 0.1078125
0 0.49375 0.5734375 0.03828125 0.0359375
0 0.546875 0.66328125 0.11328125 0.1078125
0 0.2859375 0.709375 0.040625 0.03828125
0 0.2125 0.8125 0.06015625 0.0578125
0 0.259375 0.7640625 0.03359375 0.03359375
0 0.109375 0.73046875 0.0484375 0.0453125
0 0.13359375 0.828125 0.04296875 0.040625
0 0.08984375 0.80390625 0.02421875 0.02421875
0 0.046875 0.8171875 0.0265625 0.0265625
0 0.08203125 0.8328125 0.0453125 0.04296875
0 0.1078125 0.646875 0.1734375 0.16796875
0 0.025 0.58125 0.05 0.05625
0 0.0984375 0.49375 0.07421875 0.071875
0 0.26953125 0.48046875 0.04296875 0.040625
0 0.18046875 0.53984375 0.040625 0.03828125
0 0.26328125 0.6296875 0.1078125 0.10546875
0 0.23828125 0.35703125 0.0265625 0.0265625
0 0.203125 0.34609375 0.05078125 0.0484375
0 0.27890625 0.26171875 0.0453125 0.04296875
0 0.2125 0.24140625 0.04296875 0.040625
0 0.24140625 0.209375 0.0359375 0.0359375
0 0.31875 0.47578125 0.02421875 0.02421875
0 0.31640625 0.4234375 0.0625 0.06015625
0 0.3171875 0.459375 0.0453125 0.04296875
0 0.21875 0.9890625 0.02890625 0.021875
0 0.00078125 0.00234375 0.00078125 0.00078125
0 0.26171875 0.80859375 0.0265625 0.0265625
0 0.1828125 0.73203125 0.0453125 0.04296875
0 0.1046875 0.1625 0.0625 0.06015625
0 0.04921875 0.04296875 0.0984375 0.0859375
0 0.165625 0.42421875 0.03359375 0.03125
0 0.18515625 0.4625 0.02890625 0.02890625
0 0.2859375 0.08515625 0.03125 0.02890625
0 0.32109375 0.09375 0.03359375 0.03125
0 0.371875 0.0296875 0.0625 0.059375
0 0.40234375 0.1109375 0.05546875 0.053125
0 0.53828125 0.25703125 0.0484375 0.0453125
0 0.58671875 0.36796875 0.0265625 0.0265625
0 0.46875 0.00703125 0.0265625 0.0140625
0 0.79921875 0.259375 0.04296875 0.040625
0 0.7515625 0.35078125 0.03359375 0.03125
0 0.74140625 0.2875 0.0265625 0.0265625
0 0.7953125 0.15234375 0.071875 0.06953125
0 0.696875 0.10234375 0.20703125 0.19921875
0 0.87265625 0.2484375 0.03359375 0.03125
0 0.89453125 0.3390625 0.0265625 0.02421875
0 0.84375 0.36875 0.03125 0.03125
0 0.81015625 0.375 0.03125 0.03125
0 0.8390625 0.2859375 0.071875 0.06953125
0 0.80390625 0.3109375 0.02421875 0.02421875
0 0.984375 0.11328125 0.02890625 0.0265625
0 0.975 0.0765625 0.040625 0.03828125
0 0.92890625 0.10546875 0.0265625 0.02421875
0 0.8578125 0.1203125 0.02890625 0.02890625
0 0.828125 0.040625 0.02421875 0.02421875
0 0.95546875 0.2046875 0.0265625 0.0265625
0 0.91796875 0.328125 0.02890625 0.02890625
0 0.8765625 0.834375 0.03828125 0.0359375
0 0.23046875 0.3421875 0.1296875 0.125