0 0.53359375 0.61875 0.28125 0.35625
0 0.11875 0.96875 0.05 0.0625
0 0.48203125 0.771875 0.0375 0.0484375
0 0.453125 0.68359375 0.08125 0.103125
0 0.37734375 0.4703125 0.0984375 0.125
0 0.66015625 0.52734375 0.03125 0.0375
0 0.6453125 0.2921875 0.040625 0.05
0 0.52265625 0.21015625 0.03125 0.040625
0 0.40859375 0.2046875 0.0265625 0.034375
0 0.73203125 0.8109375 0.0453125 0.0578125
0 0.18125 0.0828125 0.103125 0.1296875
0 0.14296875 0.140625 0.0265625 0.034375
0 0.23046875 0.14296875 0.0671875 0.084375
0 0.28359375 0.06015625 0.1296875 0.1203125
0 0.453125 0.17421875 0.08125 0.103125
0 0.5765625 0.14921875 0.05625 0.06875
0 0.9671875 0.0203125 0.0375 0.040625
0 0.9546875 0.24609375 0.03125 0.040625
0 0.74609375 0.32421875 0.1078125 0.1375
0 0.9015625 0.50390625 0.1203125 0.153125
0 0.94921875 0.490625 0.1 0.14375
0 0.95703125 0.928125 0.034375 0.040625
0 0.9359375 0.89453125 0.0265625 0.034375
0 0.959375 0.88203125 0.034375 0.04375
0 0.94453125 0.98515625 0.0234375 0.0296875
0 0.97578125 0.98203125 0.028125 0.0359375
0 0.83046875 0.28515625 0.0453125 0.059375
0 0.73046875 0.98515625 0.0265625 0.0296875
0 0.34140625 0.7984375 0.0484375 0.059375
0 0.31484375 0.77734375 0.2453125 0.3078125