0 0.00234375 0.0015625 0.0015625 0.00078125
0 0.00078125 0.00234375 0.00078125 0.00078125
0 0.640625 0.90390625 0.040625 0.03359375
0 0.6109375 0.9328125 0.05546875 0.0453125
0 0.853125 0.9375 0.1421875 0.11796875
0 0.71875 0.86875 0.18046875 0.14921875
0 0.9515625 0.54921875 0.0359375 0.03125
0 0.93984375 0.50859375 0.03125 0.0265625
0 0.81015625 0.59765625 0.040625 0.03359375
0 0.67578125 0.6625 0.07421875 0.0625
0 0.79453125 0.53125 0.0359375 0.02890625
0 0.9796875 0.578125 0.0359375 0.03125
0 0.8953125 0.26328125 0.03828125 0.03125
0 0.8890625 0.2234375 0.05546875 0.0453125
0 0.87890625 0.17578125 0.07421875 0.06015625
0 0.52421875 0.55546875 0.10546875 0.08671875
0 0.47578125 0.54921875 0.03828125 0.03125
0 0.57578125 0.43984375 0.02890625 0.02421875
0 0.42578125 0.64453125 0.03359375 0.02890625
0 0.35078125 0.6359375 0.05078125 0.040625
0 0.45546875 0.7046875 0.03359375 0.0265625
0 0.4546875 0.76328125 0.03359375 0.0265625
0 0.5203125 0.8421875 0.20703125 0.1703125
0 0.7953125 0.775 0.03828125 0.03125
0 0.359375 0.49375 0.0625 0.053125
0 0.26953125 0.54296875 0.2234375 0.1828125
0 0.2046875 0.4625 0.03828125 0.03125
0 0.171875 0.4890625 0.0453125 0.03828125
0 0.10078125 0.49375 0.0890625 0.07421875
0 0.07109375 0.446875 0.053125 0.04296875
0 0.015625 0.48046875 0.03125 0.0453125
0 0.0328125 0.64765625 0.06484375 0.07421875
0 0.21640625 0.68515625 0.0578125 0.0453125
0 0.25390625 0.71015625 0.03359375 0.0265625
0 0.26796875 0.65859375 0.03828125 0.03125
0 0.16484375 0.6078125 0.02890625 0.02421875
0 0.3328125 0.359375 0.0453125 0.03828125
0 0.3125 0.32421875 0.0484375 0.03828125
0 0.2328125 0.39296875 0.040625 0.03359375
0 0.1890625 0.30625 0.03125 0.0265625
0 0.1765625 0.275 0.03828125 0.03125
0 0.09375 0.3765625 0.0359375 0.03125
0 0.0328125 0.3765625 0.03125 0.0265625
0 0.4625 0.4734375 0.040625 0.03359375
0 0.6453125 0.43046875 0.02890625 0.02421875
0 0.540625 0.4046875 0.06015625 0.05078125
0 0.63671875 0.3125 0.040625 0.03359375
0 0.2703125 0.05625 0.0625 0.05078125
0 0.4640625 0.01796875 0.0453125 0.0359375
0 0.5765625 0.10078125 0.0984375 0.08203125
0 0.27890625 0.240625 0.02890625 0.02421875
0 0.2125 0.00703125 0.02890625 0.0140625
0 0.30625 0.7796875 0.03828125 0.03125
0 0.48671875 0.728125 0.040625 0.03359375
0 0.86640625 0.3390625 0.0359375 0.02890625
0 0.52890625 0.0640625 0.0578125 0.0484375