0 0.92890625 0.47265625 0.05 0.04375
0 0.81484375 0.64921875 0.059375 0.053125
0 0.86640625 0.43359375 0.03125 0.0265625
0 0.828125 0.38125 0.0375 0.034375
0 0.82109375 0.32421875 0.0359375 0.03125
0 0.734375 0.22109375 0.0453125 0.040625
0 0.4671875 0.26953125 0.04375 0.0375
0 0.62734375 0.40625 0.096875 0.084375
0 0.4734375 0.5671875 0.0375 0.034375
0 0.29453125 0.38359375 0.0359375 0.03125
0 0.1828125 0.11171875 0.040625 0.0359375
0 0.09609375 0.1859375 0.028125 0.0265625
0 0.0453125 0.19921875 0.028125 0.0265625
0 0.1546875 0.4 0.05625 0.0484375
0 0.3125 0.1890625 0.178125 0.15625
0 0.14921875 0.1546875 0.03125 0.0265625
0 0.19921875 0.90625 0.028125 0.025
0 0.5046875 0.72109375 0.034375 0.028125
0 0.7203125 0.8453125 0.1109375 0.096875
0 0.91484375 0.8171875 0.034375 0.028125
0 0.5453125 0.31484375 0.1375 0.1203125