0 0.19375 0.31640625 0.3265625 0.384375
0 0.16015625 0.734375 0.31875 0.5046875
0 0.21640625 0.45546875 0.025 0.028125
0 0.27890625 0.94140625 0.0453125 0.05625
0 0.3453125 0.78828125 0.1515625 0.178125
0 0.3453125 0.5671875 0.103125 0.121875
0 0.29453125 0.046875 0.025 0.028125
0 0.43125 0.05859375 0.0265625 0.034375
0 0.84296875 0.0125 0.0296875 0.025
0 0.8734375 0.015625 0.0265625 0.03125
0 0.796875 0.08515625 0.0359375 0.040625
0 0.78984375 0.13828125 0.0484375 0.05625
0 0.9625 0.103125 0.028125 0.034375
0 0.728125 0.271875 0.0265625 0.034375
0 0.94609375 0.2234375 0.040625 0.05
0 0.94453125 0.3484375 0.034375 0.0375
0 0.9171875 0.5796875 0.103125 0.125
0 0.9875 0.5078125 0.025 0.03125
0 0.6734375 0.1515625 0.0625 0.071875
0 0.578125 0.1921875 0.075 0.0875
0 0.57421875 0.334375 0.059375 0.071875
0 0.7328125 0.47734375 0.04375 0.053125
0 0.78828125 0.43125 0.025 0.028125
0 0.7921875 0.5984375 0.0265625 0.03125
0 0.76796875 0.728125 0.025 0.028125
0 0.8484375 0.69609375 0.025 0.028125
0 0.68125 0.67421875 0.0375 0.0453125
0 0.69609375 0.74140625 0.028125 0.0359375
0 0.7203125 0.65390625 0.065625 0.0765625
0 0.6203125 0.50703125 0.0796875 0.09375
0 0.66015625 0.57578125 0.0359375 0.04375
0 0.6390625 0.571875 0.0375 0.0453125
0 0.56640625 0.3953125 0.071875 0.084375
0 0.43984375 0.30625 0.0359375 0.04375
0 0.4109375 0.353125 0.0375 0.0453125
0 0.515625 0.209375 0.125 0.146875
0 0.459375 0.23671875 0.0375 0.0453125
0 0.521875 0.56875 0.1 0.1203125
0 0.4515625 0.6203125 0.065625 0.0765625
0 0.4546875 0.46171875 0.1921875 0.225
0 0.93046875 0.71484375 0.040625 0.0484375
0 0.9234375 0.39296875 0.0265625 0.03125
0 0.50234375 0.96171875 0.025 0.028125
0 0.665625 0.953125 0.0875 0.09375
0 0.8578125 0.9375 0.034375 0.040625
0 0.64765625 0.87265625 0.05 0.059375
0 0.59765625 0.296875 0.0265625 0.03125