0 0.59375 0.70703125 0.365625 0.33203125
0 0.48671875 0.05390625 0.05546875 0.05078125
0 0.37890625 0.03984375 0.0578125 0.053125
0 0.22109375 0.1140625 0.040625 0.03828125
0 0.13671875 0.10234375 0.03828125 0.03359375
0 0.10078125 0.5453125 0.05078125 0.0453125
0 0.19921875 0.609375 0.06015625 0.05546875
0 0.41015625 0.728125 0.03828125 0.0359375
0 0.3421875 0.7703125 0.10078125 0.09140625
0 0.41484375 0.8390625 0.10078125 0.09375
0 0.0015625 0.00234375 0.00078125 0.00078125
0 0.09765625 0.765625 0.03125 0.02890625
0 0.26796875 0.7140625 0.08203125 0.07421875
0 0.303125 0.66953125 0.05546875 0.05078125
0 0.38359375 0.63125 0.0671875 0.06015625
0 0.30859375 0.61171875 0.03359375 0.03125
0 0.58046875 0.515625 0.12265625 0.11328125
0 0.52265625 0.4234375 0.10546875 0.09609375
0 0.4984375 0.4828125 0.0453125 0.040625
0 0.31953125 0.4640625 0.03125 0.02890625
0 0.25 0.43984375 0.02890625 0.0265625
0 0.04296875 0.4859375 0.053125 0.0484375
0 0.021875 0.515625 0.04296875 0.040625
0 0.0578125 0.55078125 0.03828125 0.03359375
0 0.0203125 0.625 0.040625 0.03828125
0 0.28125 0.63125 0.08203125 0.07421875
0 0.4828125 0.5296875 0.0765625 0.071875
0 0.3859375 0.2921875 0.04296875 0.03828125
0 0.11171875 0.30078125 0.03828125 0.0359375
0 0.06875 0.30859375 0.06015625 0.053125
0 0.0515625 0.34765625 0.05546875 0.05078125
0 0.16796875 0.18515625 0.02890625 0.0265625
0 0.26171875 0.178125 0.07421875 0.0671875
0 0.31015625 0.18984375 0.040625 0.03828125
0 0.28359375 0.2359375 0.14453125 0.13203125
0 0.46015625 0.33515625 0.03125 0.02890625
0 0.428125 0.33984375 0.03359375 0.03125
0 0.44140625 0.41484375 0.0359375 0.03125
0 0.49609375 0.23828125 0.0359375 0.03125
0 0.44453125 0.2328125 0.02890625 0.0265625
0 0.5109375 0.2078125 0.04296875 0.03828125
0 0.5 0.16953125 0.040625 0.0359375
0 0.47734375 0.140625 0.02890625 0.0265625
0 0.36796875 0.11875 0.02890625 0.0265625
0 0.5875 0.21640625 0.02890625 0.0265625
0 0.5734375 0.23203125 0.0359375 0.03359375
0 0.11875 0.3859375 0.0796875 0.071875
0 0.2046875 0.42890625 0.03828125 0.0359375
0 0.1421875 0.96171875 0.03125 0.02890625
0 0.43984375 0.38125 0.03359375 0.03125
0 0.37734375 0.3734375 0.02890625 0.0265625
0 0.31875 0.0625 0.0359375 0.03125
0 0.33515625 0.03828125 0.03359375 0.03125