0 0.6734375 0.9796875 0.034375 0.03125
0 0.525 0.89921875 0.0265625 0.025
0 0.56484375 0.7765625 0.028125 0.0265625
0 0.30625 0.8453125 0.509375 0.309375
0 0.31640625 0.5296875 0.0453125 0.040625
0 0.2609375 0.8421875 0.0375 0.034375
0 0.51953125 0.93046875 0.03125 0.028125
0 0.60078125 0.71171875 0.059375 0.053125
0 0.703125 0.6421875 0.05 0.0453125
0 0.8296875 0.64296875 0.028125 0.0265625
0 0.8265625 0.76796875 0.040625 0.0359375
0 0.921875 0.12265625 0.034375 0.028125
0 0.88125 0.0203125 0.028125 0.0265625
0 0.7984375 0.021875 0.0390625 0.034375
0 0.72265625 0.1109375 0.034375 0.03125
0 0.6828125 0.02421875 0.0625 0.0484375
0 0.865625 0.4578125 0.0578125 0.0515625
0 0.53828125 0.42421875 0.05 0.0453125
0 0.571875 0.384375 0.0375 0.034375
0 0.5328125 0.34140625 0.028125 0.0265625
0 0.70546875 0.55390625 0.0265625 0.025
0 0.62109375 0.59765625 0.0265625 0.025
0 0.4671875 0.50234375 0.028125 0.0265625
0 0.36796875 0.43515625 0.034375 0.028125
0 0.33984375 0.396875 0.04375 0.0375
0 0.39765625 0.3484375 0.03125 0.028125
0 0.2234375 0.0609375 0.028125 0.025
0 0.41015625 0.1546875 0.0296875 0.025
0 0.4234375 0.2015625 0.034375 0.03125
0 0.68515625 0.165625 0.03125 0.028125
0 0.2828125 0.209375 0.034375 0.028125
0 0.24765625 0.27265625 0.03125 0.028125
0 0.09375 0.1921875 0.034375 0.028125
0 0.3375 0.4515625 0.028125 0.0265625
0 0.415625 0.4015625 0.06875 0.0625
0 0.4859375 0.42421875 0.040625 0.0359375
0 0.0328125 0.196875 0.0390625 0.034375
0 0.62890625 0.38125 0.159375 0.1421875