0 0.0265625 0.0734375 0.053125 0.05078125
0 0.125 0.05625 0.03828125 0.0359375
0 0.1421875 0.20703125 0.03125 0.02890625
0 0.18046875 0.25625 0.03359375 0.03125
0 0.25703125 0.21015625 0.0578125 0.05546875
0 0.71796875 0.009375 0.0328125 0.01875
0 0.84375 0.0828125 0.0765625 0.071875
0 0.66015625 0.10078125 0.0359375 0.03359375
0 0.48671875 0.07578125 0.0359375 0.03359375
0 0.4890625 0.09609375 0.03125 0.02890625
0 0.49375 0.1515625 0.03125 0.03125
0 0.23828125 0.0828125 0.02890625 0.02890625
0 0.8125 0.209375 0.05078125 0.0484375
0 0.75234375 0.2640625 0.05546875 0.053125
0 0.65625 0.2453125 0.0453125 0.04296875
0 0.6078125 0.3125 0.053125 0.0484375
0 0.13671875 0.37734375 0.0265625 0.02421875
0 0.1 0.4125 0.053125 0.0484375
0 0.0875 0.446875 0.02890625 0.0265625
0 0.1109375 0.52734375 0.04296875 0.040625
0 0.225 0.51328125 0.03359375 0.03125
0 0.290625 0.46484375 0.040625 0.03828125
0 0.275 0.4484375 0.053125 0.05078125
0 0.18984375 0.4546875 0.05078125 0.0484375
0 0.3296875 0.4859375 0.0359375 0.03359375
0 0.3734375 0.5109375 0.0265625 0.02421875
0 0.44609375 0.39296875 0.0265625 0.0265625
0 0.92890625 0.74140625 0.06015625 0.0578125
0 0.89453125 0.65234375 0.05078125 0.0453125
0 0.7828125 0.69375 0.02890625 0.0265625
0 0.6859375 0.475 0.0453125 0.04296875
0 0.61640625 0.47265625 0.053125 0.0484375
0 0.6421875 0.66953125 0.0453125 0.040625
0 0.5921875 0.64921875 0.03125 0.02890625
0 0.65390625 0.76171875 0.0453125 0.04296875
0 0.00234375 0.0015625 0.00078125 0.00078125
0 0.97578125 0.92421875 0.03125 0.02890625
0 0.46015625 0.77265625 0.040625 0.03828125
0 0.459375 0.82578125 0.03828125 0.0359375
0 0.43984375 0.84765625 0.0265625 0.02421875
0 0.39765625 0.72578125 0.0265625 0.0265625
0 0.11171875 0.6203125 0.06484375 0.06015625
0 0.0734375 0.61875 0.03125 0.02890625
0 0.13125 0.69140625 0.0359375 0.03359375
0 0.31640625 0.81640625 0.0484375 0.0453125
0 0.33046875 0.84609375 0.07421875 0.06953125
0 0.20703125 0.86328125 0.03125 0.02890625
0 0.2125 0.9078125 0.03359375 0.03125
0 0.071875 0.9703125 0.03359375 0.03125
0 0.02734375 0.03359375 0.0546875 0.0671875
0 0.834375 0.1453125 0.05078125 0.0453125
0 0.98046875 0.1671875 0.0359375 0.03359375
0 0.9796875 0.02421875 0.040625 0.03828125
0 0.92890625 0.1078125 0.0359375 0.03359375
0 0.73671875 0.4484375 0.040625 0.03828125
0 0.15859375 0.7671875 0.03125 0.02890625
0 0.01328125 0.7390625 0.0265625 0.040625