0 0.3140625 0.56484375 0.14453125 0.1296875
0 0.6609375 0.6453125 0.0484375 0.04296875
0 0.69453125 0.83046875 0.03359375 0.03125
0 0.18203125 0.01171875 0.0359375 0.0234375
0 0.31640625 0.16015625 0.0265625 0.02421875
0 0.71015625 0.3421875 0.04296875 0.03828125
0 0.66484375 0.328125 0.0265625 0.02421875
0 0.7015625 0.2546875 0.0578125 0.053125
0 0.4328125 0.2203125 0.1109375 0.10078125
0 0.9734375 0.88671875 0.0265625 0.02421875
0 0.7609375 0.9203125 0.02890625 0.0265625
0 0.59140625 0.96484375 0.03359375 0.03125
0 0.1203125 0.56484375 0.134375 0.12265625
0 0.10078125 0.4984375 0.0890625 0.08203125