0 0.92578125 0.515625 0.028125 0.0265625
0 0.76796875 0.43046875 0.034375 0.03125
0 0.55859375 0.6390625 0.1 0.09375
0 0.59765625 0.74609375 0.1109375 0.1
0 0.015625 0.1984375 0.03125 0.0359375
0 0.821875 0.95703125 0.03125 0.028125
0 0.89765625 0.9328125 0.10625 0.0984375
0 0.86171875 0.4390625 0.04375 0.040625
0 0.8375 0.63203125 0.0453125 0.040625
0 0.70703125 0.6609375 0.0453125 0.04375
0 0.74765625 0.60703125 0.053125 0.0484375
0 0.84609375 0.47734375 0.0375 0.0359375
0 0.55390625 0.2234375 0.0375 0.0359375
0 0.6234375 0.88203125 0.053125 0.0484375