0 0.00234375 0.00234375 0.0015625 0.0015625
0 0.9640625 0.2390625 0.0453125 0.04375
0 0.859375 0.02265625 0.090625 0.0453125
0 0.85 0.2125 0.034375 0.034375
0 0.75625 0.2171875 0.0265625 0.0265625
0 0.7875 0.17890625 0.0796875 0.0765625
0 0.4828125 0.14296875 0.03125 0.028125
0 0.46640625 0.04921875 0.028125 0.0265625
0 0.4109375 0.040625 0.0375 0.0359375
0 0.375 0.01796875 0.028125 0.0265625
0 0.70078125 0.3078125 0.06875 0.0671875
0 0.71484375 0.24609375 0.0671875 0.0671875
0 0.5015625 0.39921875 0.03125 0.028125
0 0.40390625 0.37890625 0.0375 0.0359375
0 0.38203125 0.334375 0.0375 0.0375
0 0.1671875 0.06015625 0.05 0.05
0 0.1296875 0.94921875 0.028125 0.0265625
0 0.2484375 0.8578125 0.03125 0.03125
0 0.2703125 0.7359375 0.0265625 0.025
0 0.234375 0.6828125 0.03125 0.028125
0 0.2140625 0.7203125 0.0671875 0.065625
0 0.171875 0.68359375 0.05 0.05
0 0.5421875 0.98515625 0.034375 0.0296875
0 0.50703125 0.85703125 0.053125 0.05
0 0.4984375 0.8109375 0.08125 0.0796875
0 0.42421875 0.81953125 0.0984375 0.096875
0 0.44921875 0.72265625 0.09375 0.0890625
0 0.4375 0.69453125 0.040625 0.040625
0 0.478125 0.6515625 0.0625 0.059375
0 0.33671875 0.52734375 0.0265625 0.0265625
0 0.5421875 0.56875 0.0625 0.059375
0 0.55859375 0.66953125 0.096875 0.09375
0 0.59765625 0.76171875 0.0796875 0.0765625
0 0.6609375 0.56640625 0.10625 0.103125
0 0.62890625 0.48828125 0.1078125 0.103125
0 0.74296875 0.4515625 0.0484375 0.0453125
0 0.8328125 0.65 0.034375 0.034375
0 0.8484375 0.6671875 0.0671875 0.065625
0 0.73203125 0.70078125 0.096875 0.09375
0 0.896875 0.7328125 0.03125 0.028125
0 0.96875 0.97265625 0.028125 0.028125
0 0.95546875 0.9671875 0.0453125 0.04375
0 0.83515625 0.7125 0.034375 0.03125
0 0.84375 0.74765625 0.04375 0.040625
0 0.8609375 0.78828125 0.0875 0.084375
0 0.85703125 0.8546875 0.065625 0.0625
0 0.334375 0.87890625 0.1390625 0.134375
0 0.22109375 0.9109375 0.0890625 0.0875
0 0.875 0.8953125 0.0671875 0.065625
0 0.86171875 0.60703125 0.1 0.0984375
0 0.8390625 0.540625 0.096875 0.090625
0 0.765625 0.115625 0.034375 0.034375
0 0.03984375 0.92421875 0.0359375 0.034375