0 0.8265625 0.91328125 0.05625 0.05625
0 0.790625 0.93515625 0.025 0.025
0 0.834375 0.85234375 0.0484375 0.0484375
0 0.70703125 0.89921875 0.0265625 0.0265625
0 0.9421875 0.87265625 0.0265625 0.025
0 0.196875 0.5359375 0.059375 0.059375
0 0.1234375 0.46640625 0.034375 0.034375
0 0.1703125 0.64921875 0.05625 0.053125
0 0.41796875 0.634375 0.1296875 0.125
0 0.08984375 0.7203125 0.1796875 0.215625
0 0.578125 0.71484375 0.03125 0.03125
0 0.6140625 0.771875 0.09375 0.090625
0 0.5609375 0.78828125 0.03125 0.03125
0 0.28125 0.6421875 0.0265625 0.0265625
0 0.3265625 0.49609375 0.0375 0.0375
0 0.634375 0.50234375 0.03125 0.028125
0 0.3796875 0.30078125 0.0265625 0.0265625
0 0.67890625 0.3546875 0.103125 0.1
0 0.703125 0.15 0.0359375 0.034375
0 0.4203125 0.00859375 0.034375 0.0171875
0 0.421875 0.03984375 0.04375 0.04375
0 0.384375 0.0578125 0.0265625 0.0265625
0 0.3484375 0.06640625 0.034375 0.034375
0 0.17578125 0.21015625 0.034375 0.034375
0 0.46640625 0.3109375 0.04375 0.040625
0 0.52734375 0.50625 0.053125 0.053125
0 0.85078125 0.45546875 0.0453125 0.04375
0 0.7703125 0.634375 0.053125 0.05
0 0.678125 0.634375 0.13125 0.1296875
0 0.8328125 0.790625 0.034375 0.034375
0 0.90234375 0.2765625 0.028125 0.028125
0 0.73046875 0.359375 0.028125 0.028125
0 0.48828125 0.2546875 0.0265625 0.025
0 0.8703125 0.078125 0.0265625 0.0265625
0 0.375 0.3578125 0.028125 0.0265625
0 0.0015625 0.0015625 0.003125 0.003125