0 0.8453125 0.86328125 0.02890625 0.0265625
0 0.6140625 0.88671875 0.0265625 0.02421875
0 0.26796875 0.73046875 0.03125 0.02890625
0 0.23046875 0.709375 0.02890625 0.0265625
0 0.203125 0.78828125 0.06484375 0.0578125
0 0.01328125 0.5765625 0.0265625 0.0359375
0 0.0109375 0.43125 0.021875 0.03359375
0 0.4640625 0.603125 0.02890625 0.02421875
0 0.03984375 0.08046875 0.03125 0.02890625
0 0.20078125 0.196875 0.03125 0.0265625
0 0.225 0.23203125 0.0359375 0.03125
0 0.16015625 0.3171875 0.0265625 0.02421875
0 0.41015625 0.28984375 0.03125 0.0265625
0 0.43046875 0.19375 0.0453125 0.040625
0 0.6390625 0.37734375 0.02890625 0.02421875
0 0.8125 0.0578125 0.0796875 0.06953125