0 0.38125 0.7953125 0.5 0.409375
0 0.97734375 0.28125 0.03125 0.03125
0 0.94921875 0.2828125 0.034375 0.0359375
0 0.9046875 0.6421875 0.0375 0.0375
0 0.95078125 0.5296875 0.0375 0.0375
0 0.921875 0.86640625 0.034375 0.034375
0 0.678125 0.9171875 0.0453125 0.0453125
0 0.853125 0.78515625 0.0375 0.0390625
0 0.890625 0.775 0.028125 0.03125
0 0.7828125 0.42578125 0.03125 0.03125
0 0.62265625 0.4046875 0.03125 0.034375
0 0.5625 0.7140625 0.2359375 0.24375
0 0.4078125 0.9578125 0.028125 0.0296875
0 0.2828125 0.86640625 0.03125 0.03125
0 0.50625 0.57109375 0.0453125 0.0453125
0 0.35703125 0.50859375 0.2546875 0.2640625
0 0.2140625 0.80546875 0.028125 0.0296875
0 0.1078125 0.96171875 0.0359375 0.0359375
0 0.3765625 0.81953125 0.1390625 0.1421875
0 0.6546875 0.2078125 0.0765625 0.0796875
0 0.7484375 0.8109375 0.0265625 0.0265625
0 0.72578125 0.7671875 0.103125 0.10625
0 0.70546875 0.90625 0.103125 0.10625
0 0.63359375 0.93515625 0.03125 0.03125
0 0.834375 0.94453125 0.134375 0.1109375
0 0.8609375 0.85078125 0.1078125 0.1109375
0 0.61640625 0.5796875 0.040625 0.040625
0 0.64921875 0.053125 0.0578125 0.0578125
0 0.5234375 0.07734375 0.15 0.1546875
0 0.37734375 0.296875 0.028125 0.03125
0 0.36171875 0.12265625 0.05625 0.0578125
0 0.34765625 0.22265625 0.04375 0.04375
0 0.3265625 0.2703125 0.040625 0.04375
0 0.915625 0.103125 0.0265625 0.0265625
0 0.94453125 0.08515625 0.0359375 0.0359375
0 0.87890625 0.5890625 0.065625 0.0671875
0 0.6921875 0.625 0.0890625 0.090625
0 0.015625 0.20546875 0.03125 0.04375
0 0.1234375 0.26796875 0.028125 0.028125
0 0.00703125 0.69375 0.0140625 0.028125
0 0.1265625 0.58671875 0.153125 0.159375
0 0.0296875 0.90078125 0.059375 0.0765625
0 0.0609375 0.73046875 0.121875 0.2453125