0 0.83203125 0.2234375 0.025 0.025
0 0.890625 0.26796875 0.028125 0.028125
0 0.91484375 0.47109375 0.0265625 0.0265625
0 0.3171875 0.87890625 0.034375 0.034375
0 0.53125 0.91015625 0.03125 0.03125
0 0.45703125 0.98984375 0.0265625 0.0203125
0 0.50234375 0.36171875 0.040625 0.040625
0 0.4796875 0.3375 0.0453125 0.0453125
0 0.41015625 0.28984375 0.0265625 0.0265625
0 0.384375 0.25390625 0.028125 0.028125
0 0.6265625 0.22734375 0.040625 0.040625
0 0.0921875 0.615625 0.03125 0.03125
0 0.2484375 0.975 0.028125 0.028125
0 0.27421875 0.9484375 0.028125 0.028125
0 0.0640625 0.2453125 0.0359375 0.0359375
0 0.02265625 0.22109375 0.0265625 0.0265625
0 0.23828125 0.2859375 0.040625 0.040625
0 0.071875 0.05078125 0.0265625 0.0265625
0 0.0125 0.05703125 0.025 0.0234375