0 0.5640625 0.03515625 0.02890625 0.02890625
0 0.53125 0.1203125 0.0453125 0.0453125
0 0.65390625 0.30546875 0.06015625 0.06015625
0 0.61875 0.3765625 0.0359375 0.0359375
0 0.54921875 0.21171875 0.02890625 0.02890625
0 0.53984375 0.24609375 0.0359375 0.0359375
0 0.62890625 0.22109375 0.0359375 0.0359375
0 0.5921875 0.2078125 0.03828125 0.0359375
0 0.634375 0.15390625 0.04296875 0.04296875
0 0.52421875 0.01796875 0.0578125 0.0359375
0 0.52734375 0.04453125 0.03125 0.03125
0 0.48046875 0.0421875 0.03125 0.03125
0 0.296875 0.0578125 0.0671875 0.0671875
0 0.53359375 0.33984375 0.040625 0.040625
0 0.4734375 0.38671875 0.0484375 0.0484375
0 0.64921875 0.4796875 0.0265625 0.0265625
0 0.78359375 0.32109375 0.0671875 0.0671875
0 0.8484375 0.28828125 0.02421875 0.02421875
0 0.65625 0.12109375 0.0578125 0.0578125
0 0.37109375 0.3890625 0.0359375 0.0359375
0 0.33046875 0.3796875 0.03828125 0.03828125
0 0.25703125 0.3859375 0.03359375 0.03359375
0 0.32421875 0.5265625 0.03125 0.03125
0 0.209375 0.36640625 0.03359375 0.03359375
0 0.03984375 0.38359375 0.06015625 0.06015625
0 0.06015625 0.4 0.03125 0.03125
0 0.0359375 0.43515625 0.0453125 0.0453125
0 0.046875 0.01328125 0.03828125 0.0265625
0 0.01796875 0.0296875 0.0359375 0.059375
0 0.0890625 0.13359375 0.10078125 0.10078125
0 0.1234375 0.24296875 0.06015625 0.06015625
0 0.01171875 0.2203125 0.0234375 0.03125
0 0.084375 0.4234375 0.03828125 0.03828125
0 0.0765625 0.5109375 0.0265625 0.0265625
0 0.0734375 0.52890625 0.02890625 0.02890625
0 0.7953125 0.4359375 0.08671875 0.08671875
0 0.7171875 0.58671875 0.13671875 0.13671875
0 0.63359375 0.51171875 0.06484375 0.06484375
0 0.5671875 0.6 0.178125 0.178125
0 0.4515625 0.5484375 0.09609375 0.09609375
0 0.41328125 0.59765625 0.03359375 0.03359375
0 0.3859375 0.625 0.02421875 0.02421875
0 0.04453125 0.57421875 0.07421875 0.07421875
0 0.171875 0.7671875 0.0578125 0.0578125
0 0.134375 0.7515625 0.0265625 0.0265625
0 0.03828125 0.72578125 0.03125 0.03125
0 0.19609375 0.81640625 0.06015625 0.06015625
0 0.25234375 0.86796875 0.05078125 0.05078125
0 0.39921875 0.92890625 0.0484375 0.0484375
0 0.52734375 0.94609375 0.03125 0.03125
0 0.51796875 0.921875 0.0265625 0.0265625
0 0.55625 0.85078125 0.02890625 0.02890625
0 0.53125 0.86796875 0.04296875 0.04296875
0 0.54921875 0.803125 0.04296875 0.04296875
0 0.56015625 0.83203125 0.03359375 0.03359375
0 0.66953125 0.81484375 0.0671875 0.0671875
0 0.63828125 0.79296875 0.02421875 0.02421875
0 0.80078125 0.821875 0.05078125 0.05078125
0 0.84765625 0.89453125 0.0625 0.0625
0 0.8734375 0.8734375 0.0484375 0.0484375
0 0.9421875 0.87265625 0.053125 0.053125
0 0.4203125 0.66015625 0.03125 0.03125
0 0.40234375 0.7203125 0.0265625 0.0265625
0 0.6546875 0.6671875 0.06015625 0.06015625
0 0.634375 0.6984375 0.0484375 0.0484375
0 0.14453125 0.4203125 0.0265625 0.0265625
0 0.125 0.4421875 0.02421875 0.02421875
0 0.05390625 0.30625 0.03359375 0.03359375
0 0.18984375 0.1890625 0.0265625 0.0265625
0 0.2234375 0.16015625 0.06015625 0.06015625
0 0.4015625 0.2609375 0.2359375 0.2359375
0 0.51796875 0.15625 0.0265625 0.0265625
0 0.26796875 0.2078125 0.04296875 0.04296875
0 0.6390625 0.0890625 0.040625 0.040625
0 0.03984375 0.49296875 0.0359375 0.0359375
0 0.0734375 0.478125 0.0359375 0.0359375
0 0.41953125 0.40625 0.02890625 0.02890625
0 0.521875 0.9828125 0.0359375 0.03359375
0 0.36171875 0.7640625 0.03828125 0.03828125
0 0.8734375 0.72265625 0.2359375 0.2359375
0 0.7203125 0.58203125 0.0578125 0.0578125
0 0.94921875 0.615625 0.05078125 0.05078125
0 0.7078125 0.209375 0.040625 0.040625
0 0.9546875 0.5171875 0.06953125 0.06953125
0 0.89765625 0.54453125 0.053125 0.053125
0 0.7796875 0.53359375 0.06953125 0.06953125
0 0.625 0.18515625 0.11796875 0.11796875
0 0.59375 0.28359375 0.06015625 0.06015625
0 0.4796875 0.4671875 0.10078125 0.10078125
0 0.3890625 0.9046875 0.03828125 0.03828125
0 0.47734375 0.8125 0.03125 0.03125
0 0.47109375 0.83984375 0.040625 0.040625
0 0.5625 0.76171875 0.03359375 0.03359375