0 0.76796875 0.02265625 0.028125 0.028125
0 0.228125 0.01328125 0.0359375 0.0265625
0 0.16484375 0.08515625 0.0671875 0.0671875
0 0.2078125 0.12265625 0.040625 0.040625
0 0.3609375 0.28515625 0.0265625 0.0265625
0 0.46875 0.2390625 0.0359375 0.0359375
0 0.6265625 0.2359375 0.025 0.025
0 0.65625 0.2703125 0.028125 0.028125
0 0.640625 0.25390625 0.04375 0.04375
0 0.59140625 0.2640625 0.0359375 0.0359375
0 0.8421875 0.81640625 0.034375 0.034375
0 0.86796875 0.6234375 0.03125 0.03125
0 0.81640625 0.5796875 0.034375 0.034375
0 0.70546875 0.5671875 0.028125 0.028125
0 0.7140625 0.584375 0.0265625 0.0265625
0 0.7203125 0.5953125 0.0265625 0.0265625
0 0.89296875 0.85703125 0.03125 0.03125
0 0.9265625 0.98046875 0.028125 0.028125
0 0.74609375 0.96015625 0.0265625 0.0265625
0 0.725 0.94453125 0.028125 0.028125
0 0.671875 0.9375 0.04375 0.04375
0 0.578125 0.9515625 0.05 0.05
0 0.45703125 0.8296875 0.0359375 0.0359375
0 0.4859375 0.81953125 0.028125 0.028125
0 0.45078125 0.63125 0.034375 0.034375
0 0.47109375 0.65625 0.028125 0.028125
0 0.453125 0.953125 0.025 0.025
0 0.21640625 0.43125 0.034375 0.034375
0 0.29453125 0.36640625 0.028125 0.028125
0 0.3375 0.25625 0.028125 0.028125
0 0.36171875 0.2640625 0.0265625 0.0265625
0 0.321875 0.5203125 0.284375 0.284375
0 0.1515625 0.5671875 0.028125 0.0296875
0 0.0828125 0.56875 0.0375 0.0375
0 0.10234375 0.5109375 0.0265625 0.0265625
0 0.01484375 0.4421875 0.0296875 0.034375
0 0.1984375 0.32421875 0.025 0.025
0 0.26328125 0.31640625 0.03125 0.03125
0 0.24609375 0.890625 0.0265625 0.0265625
0 0.0125 0.33359375 0.025 0.0265625
0 0.115625 0.21015625 0.03125 0.03125
0 0.02265625 0.515625 0.0265625 0.0265625
0 0.09375 0.16796875 0.025 0.025
0 0.6734375 0.0625 0.08125 0.08125
0 0.60078125 0.23671875 0.0265625 0.0265625