0 0.6515625 0.78125 0.040625 0.0359375
0 0.66328125 0.82109375 0.0265625 0.025
0 0.4828125 0.8078125 0.0359375 0.034375
0 0.0453125 0.42578125 0.028125 0.0265625
0 0.2671875 0.44140625 0.0484375 0.04375
0 0.12734375 0.16328125 0.0453125 0.040625
0 0.1234375 0.02265625 0.0484375 0.04375
0 0.5140625 0.0359375 0.0359375 0.034375
0 0.6390625 0.4890625 0.1609375 0.14375
0 0.56484375 0.72578125 0.053125 0.0484375
0 0.86171875 0.4515625 0.040625 0.0359375
0 0.78984375 0.38125 0.0625 0.0578125
0 0.81015625 0.0171875 0.040625 0.034375
0 0.53359375 0.25390625 0.028125 0.025
0 0.41328125 0.16484375 0.065625 0.0578125
0 0.384375 0.28515625 0.284375 0.253125
0 0.97734375 0.82109375 0.0453125 0.053125
0 0.05625 0.80859375 0.03125 0.0265625
0 0.140625 0.953125 0.03125 0.028125