0 0.00234375 0.00234375 0.00078125 0.00078125
0 0.396875 0.74140625 0.4515625 0.3921875
0 0.5046875 0.8734375 0.04296875 0.03828125
0 0.00234375 0.0015625 0.00078125 0.00078125
0 0.7046875 0.3890625 0.09375 0.0796875
0 0.57421875 0.37734375 0.05078125 0.04296875
0 0.16015625 0.91796875 0.04296875 0.0359375
0 0.0140625 0.72265625 0.028125 0.0484375
0 0.02265625 0.56640625 0.04296875 0.0359375
0 0.484375 0.4125 0.09375 0.0796875
0 0.3734375 0.53828125 0.0625 0.053125
0 0.16953125 0.4734375 0.1109375 0.09609375
0 0.640625 0.51953125 0.103125 0.0890625
0 0.5453125 0.4375 0.06015625 0.053125
0 0.37109375 0.4 0.12734375 0.1078125
0 0.15390625 0.3546875 0.125 0.1078125
0 0.03984375 0.4484375 0.0796875 0.07421875
0 0.6140625 0.27734375 0.0671875 0.0578125
0 0.415625 0.140625 0.14921875 0.1296875
0 0.33671875 0.2140625 0.06015625 0.05078125
0 0.30859375 0.146875 0.0796875 0.06953125
0 0.2640625 0.04453125 0.0890625 0.0765625
0 0.87734375 0.2015625 0.02890625 0.02421875
0 0.0265625 0.35703125 0.053125 0.053125
0 0.53828125 0.29453125 0.0984375 0.084375