0 0.55078125 0.14765625 0.103125 0.1203125
0 0.5828125 0.50390625 0.0265625 0.03125
0 0.64453125 0.54921875 0.0265625 0.03125
0 0.68359375 0.4421875 0.096875 0.1109375
0 0.9890625 0.9328125 0.021875 0.0375
0 0.48203125 0.8453125 0.0265625 0.028125
0 0.396875 0.73046875 0.03125 0.0359375
0 0.20078125 0.93359375 0.0625 0.071875
0 0.1625 0.6890625 0.121875 0.1421875
0 0.0125 0.8265625 0.025 0.040625
0 0.1265625 0.56875 0.0453125 0.053125
0 0.271875 0.2546875 0.04375 0.0484375
0 0.1390625 0.28515625 0.1609375 0.190625
0 0.2453125 0.78359375 0.1109375 0.1296875
0 0.27734375 0.0140625 0.0421875 0.028125
0 0.9390625 0.74296875 0.0984375 0.1125
0 0.93359375 0.8734375 0.053125 0.0609375
0 0.9484375 0.84609375 0.103125 0.1203125
0 0.2828125 0.86328125 0.03125 0.0359375
0 0.25 0.1515625 0.040625 0.0453125
0 0.859375 0.36796875 0.28125 0.3921875