0 0.0015625 0.9984375 0.003125 0.003125
0 0.83984375 0.56015625 0.0375 0.0375
0 0.98203125 0.96484375 0.0265625 0.0265625
0 0.734375 0.865625 0.065625 0.065625
0 0.75625 0.71171875 0.0265625 0.0265625
0 0.8421875 0.66484375 0.0578125 0.0609375
0 0.78359375 0.65859375 0.0484375 0.05
0 0.76953125 0.42890625 0.0796875 0.0796875
0 0.821875 0.43359375 0.03125 0.03125
0 0.85 0.41328125 0.03125 0.03125
0 0.97109375 0.26171875 0.034375 0.034375
0 0.91484375 0.31015625 0.0359375 0.0359375
0 0.8109375 0.3078125 0.059375 0.059375
0 0.86875 0.23828125 0.028125 0.028125
0 0.8296875 0.1765625 0.03125 0.034375
0 0.80078125 0.18359375 0.0265625 0.0265625
0 0.7234375 0.103125 0.0484375 0.0484375
0 0.68984375 0.10234375 0.0265625 0.0265625
0 0.9359375 0.1671875 0.03125 0.03125
0 0.97734375 0.1046875 0.0453125 0.0484375
0 0.9015625 0.0625 0.0265625 0.0265625
0 0.9234375 0.0875 0.028125 0.028125
0 0.89765625 0.02421875 0.034375 0.034375
0 0.85078125 0.05625 0.025 0.025
0 0.975 0.03984375 0.0265625 0.0265625
0 0.96640625 0.146875 0.0265625 0.0265625
0 0.3140625 0.196875 0.0375 0.040625
0 0.36796875 0.30390625 0.03125 0.03125
0 0.51796875 0.0640625 0.0484375 0.0484375
0 0.56015625 0.09140625 0.0265625 0.0265625
0 0.1 0.0453125 0.0453125 0.0453125
0 0.1140625 0.1875 0.034375 0.0359375
0 0.25 0.19375 0.0359375 0.0359375
0 0.18125 0.3140625 0.0453125 0.0453125
0 0.3328125 0.35234375 0.03125 0.03125
0 0.4421875 0.4015625 0.03125 0.034375
0 0.5359375 0.51796875 0.025 0.025
0 0.521875 0.5484375 0.0359375 0.0359375
0 0.5015625 0.65234375 0.03125 0.034375
0 0.5203125 0.725 0.025 0.025
0 0.41484375 0.6734375 0.0359375 0.0359375
0 0.38359375 0.67890625 0.0375 0.0375
0 0.4109375 0.7359375 0.028125 0.028125
0 0.2765625 0.64453125 0.053125 0.053125
0 0.09609375 0.6078125 0.028125 0.0296875
0 0.31640625 0.96875 0.0265625 0.0265625
0 0.33828125 0.98828125 0.0359375 0.0234375
0 0.4359375 0.95703125 0.028125 0.0296875
0 0.4515625 0.93046875 0.04375 0.0453125
0 0.009375 0.953125 0.01875 0.03125