0 0.91953125 0.9625 0.040625 0.0375
0 0.88828125 0.9234375 0.0265625 0.0265625
0 0.6546875 0.94375 0.028125 0.028125
0 0.959375 0.5375 0.053125 0.053125
0 0.83671875 0.5296875 0.0265625 0.025
0 0.8578125 0.625 0.04375 0.04375
0 0.7984375 0.61875 0.0484375 0.0453125
0 0.5359375 0.82578125 0.04375 0.040625
0 0.5625 0.765625 0.1421875 0.1375
0 0.51171875 0.89453125 0.0375 0.0375
0 0.77734375 0.7328125 0.028125 0.028125
0 0.415625 0.978125 0.0375 0.0375
0 0.4015625 0.95703125 0.05 0.05
0 0.30546875 0.98515625 0.0328125 0.0296875
0 0.41328125 0.84609375 0.0265625 0.0265625
0 0.4390625 0.80546875 0.0671875 0.065625
0 0.259375 0.89296875 0.028125 0.028125
0 0.2140625 0.890625 0.034375 0.034375
0 0.19375 0.84375 0.028125 0.028125
0 0.1921875 0.759375 0.040625 0.040625
0 0.03828125 0.83515625 0.053125 0.05
0 0.009375 0.8609375 0.01875 0.03125
0 0.02734375 0.75234375 0.034375 0.034375
0 0.0109375 0.603125 0.021875 0.034375
0 0.08671875 0.70546875 0.0625 0.059375
0 0.1734375 0.67421875 0.025 0.025
0 0.12734375 0.63359375 0.0453125 0.04375
0 0.03515625 0.90859375 0.0375 0.0375
0 0.03125 0.6625 0.0625 0.1203125
0 0.3375 0.59609375 0.0265625 0.0265625
0 0.03515625 0.03359375 0.0359375 0.0359375
0 0.10078125 0.04296875 0.028125 0.028125
0 0.2046875 0.06015625 0.0578125 0.05625
0 0.1609375 0.0609375 0.028125 0.028125
0 0.08671875 0.0765625 0.034375 0.03125
0 0.0984375 0.1546875 0.065625 0.065625
0 0.02890625 0.4234375 0.034375 0.03125
0 0.0890625 0.45703125 0.025 0.025
0 0.11640625 0.50234375 0.03125 0.03125
0 0.26328125 0.5765625 0.05 0.05
0 0.04453125 0.17890625 0.025 0.025
0 0.16484375 0.20078125 0.034375 0.034375
0 0.10546875 0.21015625 0.028125 0.028125
0 0.22109375 0.384375 0.0265625 0.0265625
0 0.1234375 0.46875 0.0375 0.0375
0 0.415625 0.40625 0.15 0.146875
0 0.5875 0.4 0.04375 0.04375
0 0.334375 0.31875 0.090625 0.0890625
0 0.28515625 0.3765625 0.034375 0.034375
0 0.2234375 0.2125 0.03125 0.028125
0 0.2859375 0.18125 0.040625 0.040625
0 0.33984375 0.23046875 0.103125 0.1
0 0.36328125 0.29296875 0.0359375 0.0359375
0 0.2453125 0.30546875 0.09375 0.090625
0 0.5765625 0.13125 0.05625 0.053125
0 0.57578125 0.17578125 0.040625 0.0375
0 0.38671875 0.0875 0.0359375 0.034375
0 0.48046875 0.13125 0.246875 0.240625
0 0.571875 0.37890625 0.3265625 0.31875
0 0.26953125 0.5375 0.2765625 0.26875
0 0.7234375 0.4515625 0.0359375 0.0359375
0 0.56015625 0.6671875 0.03125 0.03125
0 0.671875 0.62265625 0.0265625 0.025
0 0.7703125 0.25859375 0.121875 0.1203125
0 0.76171875 0.3375 0.028125 0.028125
0 0.89453125 0.2984375 0.103125 0.1
0 0.86171875 0.22109375 0.0265625 0.0265625
0 0.6921875 0.14453125 0.15625 0.153125
0 0.64453125 0.05859375 0.0265625 0.0265625
0 0.62265625 0.009375 0.0265625 0.01875
0 0.0140625 0.125 0.0265625 0.0265625
0 0.36796875 0.0359375 0.028125 0.028125
0 0.8015625 0.384375 0.0265625 0.0265625
0 0.80625 0.35234375 0.0578125 0.0578125
0 0.88671875 0.4015625 0.028125 0.028125
0 0.8640625 0.834375 0.05 0.05
0 0.4203125 0.8734375 0.0375 0.0359375