0 0.91953125 0.9015625 0.034375 0.04375
0 0.74296875 0.85234375 0.025 0.03125
0 0.80078125 0.85546875 0.034375 0.04375
0 0.82109375 0.89453125 0.2515625 0.2109375
0 0.72734375 0.8578125 0.05625 0.06875
0 0.68359375 0.72578125 0.0375 0.0484375
0 0.63671875 0.571875 0.103125 0.13125
0 0.6921875 0.47578125 0.075 0.09375
0 0.6625 0.3953125 0.0796875 0.1
0 0.73828125 0.53125 0.0671875 0.0875
0 0.8125 0.54296875 0.0453125 0.0578125
0 0.7671875 0.68515625 0.21875 0.278125
0 0.64296875 0.7546875 0.05625 0.06875
0 0.97109375 0.134375 0.034375 0.04375
0 0.86796875 0.053125 0.025 0.03125
0 0.85546875 0.16015625 0.190625 0.240625
0 0.9046875 0.26953125 0.034375 0.040625
0 0.9890625 0.6140625 0.021875 0.0359375
0 0.975 0.53984375 0.0265625 0.034375
0 0.14453125 0.01796875 0.0265625 0.034375
0 0.06953125 0.4078125 0.05625 0.071875
0 0.11796875 0.33046875 0.0265625 0.034375
0 0.0453125 0.16015625 0.0453125 0.059375
0 0.13671875 0.303125 0.1390625 0.18125
0 0.13671875 0.08515625 0.071875 0.09375
0 0.19921875 0.07109375 0.09375 0.121875
0 0.2515625 0.0328125 0.040625 0.053125
0 0.33984375 0.63671875 0.05 0.065625
0 0.23046875 0.50703125 0.284375 0.36875
0 0.40625 0.3453125 0.0890625 0.115625
0 0.35 0.1765625 0.215625 0.278125
0 0.50625 0.27265625 0.0578125 0.071875
0 0.47265625 0.2640625 0.028125 0.0375
0 0.4546875 0.1 0.025 0.03125
0 0.55546875 0.0671875 0.0375 0.05
0 0.6515625 0.2328125 0.0671875 0.0875
0 0.4625 0.88828125 0.034375 0.04375
0 0.4015625 0.76796875 0.2953125 0.3796875
0 0.1421875 0.94609375 0.0671875 0.0875
0 0.0609375 0.8515625 0.121875 0.178125
0 0.0296875 0.7234375 0.059375 0.103125
0 0.203125 0.90625 0.0453125 0.059375