0 0.98203125 0.50390625 0.034375 0.0359375
0 0.79453125 0.2640625 0.059375 0.065625
0 0.834375 0.5046875 0.040625 0.0453125
0 0.94453125 0.6390625 0.028125 0.03125
0 0.8953125 0.709375 0.05625 0.059375
0 0.915625 0.83671875 0.025 0.0265625
0 0.75234375 0.9078125 0.028125 0.03125
0 0.48203125 0.95078125 0.05625 0.059375
0 0.4578125 0.91796875 0.053125 0.0578125
0 0.56015625 0.81484375 0.025 0.0265625
0 0.2015625 0.9828125 0.034375 0.034375
0 0.1734375 0.8890625 0.04375 0.0453125
0 0.20703125 0.725 0.0375 0.040625
0 0.17578125 0.6765625 0.05625 0.059375
0 0.21484375 0.59140625 0.0375 0.040625
0 0.27890625 0.509375 0.028125 0.03125
0 0.3328125 0.4625 0.0265625 0.028125
0 0.46171875 0.4984375 0.0359375 0.0375
0 0.51953125 0.47265625 0.03125 0.0359375
0 0.63671875 0.61875 0.10625 0.115625
0 0.7296875 0.7140625 0.1 0.1109375
0 0.87109375 0.88671875 0.0890625 0.096875
0 0.7515625 0.875 0.053125 0.0578125
0 0.64296875 0.9078125 0.053125 0.05625
0 0.61875 0.8484375 0.1 0.1078125
0 0.47265625 0.3921875 0.096875 0.103125
0 0.4375 0.4546875 0.0265625 0.028125
0 0.16328125 0.540625 0.075 0.08125
0 0.17421875 0.30078125 0.0578125 0.0625
0 0.18984375 0.24765625 0.0484375 0.053125
0 0.64296875 0.18359375 0.0359375 0.040625
0 0.5640625 0.01953125 0.0265625 0.028125
0 0.66015625 0.46484375 0.0265625 0.028125
0 0.921875 0.0421875 0.03125 0.034375
0 0.09765625 0.28359375 0.05 0.053125
0 0.11875 0.97265625 0.0453125 0.05
0 0.1203125 0.9046875 0.028125 0.03125
0 0.5734375 0.56875 0.0578125 0.0625
0 0.34765625 0.86171875 0.03125 0.0359375
0 0.35546875 0.93359375 0.0265625 0.028125
0 0.3078125 0.546875 0.0265625 0.028125
0 0.2046875 0.509375 0.034375 0.0375
0 0.203125 0.55546875 0.04375 0.0484375
0 0.225 0.6546875 0.03125 0.034375
0 0.05078125 0.7453125 0.1 0.1140625