0 0.06953125 0.01953125 0.040625 0.03828125
0 0.43984375 0.015625 0.03125 0.03125
0 0.59765625 0.0734375 0.2328125 0.146875
0 0.634375 0.96015625 0.0359375 0.03359375
0 0.45078125 0.975 0.02890625 0.0265625
0 0.4265625 0.97578125 0.02890625 0.0265625
0 0.3734375 0.8375 0.02890625 0.02890625
0 0.3390625 0.85078125 0.03359375 0.03359375
0 0.23828125 0.9109375 0.02890625 0.02890625
0 0.42890625 0.26328125 0.02890625 0.02890625
0 0.06875 0.57109375 0.02890625 0.02890625
0 0.0453125 0.546875 0.04296875 0.04296875
0 0.01171875 0.653125 0.0234375 0.025
0 0.0203125 0.83046875 0.040625 0.071875
0 0.9578125 0.04296875 0.0578125 0.0578125
0 0.9328125 0.40859375 0.0265625 0.0265625