0 0.15 0.03125 0.034375 0.0359375
0 0.1859375 0.1234375 0.025 0.028125
0 0.4 0.14296875 0.028125 0.03125
0 0.0953125 0.2203125 0.0265625 0.028125
0 0.27890625 0.3296875 0.0265625 0.028125
0 0.38125 0.49609375 0.034375 0.0359375
0 0.8375 0.7765625 0.0265625 0.028125
0 0.96640625 0.8796875 0.0265625 0.028125
0 0.94921875 0.71640625 0.028125 0.034375
0 0.93984375 0.678125 0.03125 0.034375
0 0.8140625 0.4984375 0.04375 0.05
0 0.87734375 0.53125 0.03125 0.0359375
0 0.74296875 0.584375 0.03125 0.0359375
0 0.99140625 0.046875 0.0171875 0.03125
0 0.95703125 0.1 0.025 0.028125
0 0.8015625 0.2828125 0.028125 0.034375
0 0.52265625 0.11875 0.034375 0.0375
0 0.69453125 0.32421875 0.025 0.0265625
0 0.71171875 0.3453125 0.03125 0.034375
0 0.4234375 0.04296875 0.0265625 0.028125
0 0.203125 0.9546875 0.05625 0.0609375
0 0.33984375 0.9796875 0.028125 0.03125
0 0.7984375 0.421875 0.028125 0.03125
0 0.89296875 0.68359375 0.034375 0.0375
0 0.8953125 0.5640625 0.025 0.0265625