0 0.896875 0.21015625 0.028125 0.028125
0 0.86796875 0.196875 0.040625 0.04375
0 0.91328125 0.3109375 0.0375 0.040625
0 0.865625 0.32421875 0.04375 0.0484375
0 0.8421875 0.39921875 0.0265625 0.0265625
0 0.94375 0.53828125 0.0578125 0.0625
0 0.91953125 0.5 0.028125 0.03125
0 0.88359375 0.50859375 0.05625 0.0578125
0 0.8125 0.5140625 0.034375 0.0359375
0 0.97109375 0.49375 0.05 0.053125
0 0.7484375 0.578125 0.03125 0.03125
0 0.4171875 0.546875 0.028125 0.03125
0 0.3390625 0.521875 0.028125 0.03125
0 0.39765625 0.39921875 0.025 0.0265625
0 0.58671875 0.459375 0.03125 0.034375
0 0.11640625 0.30859375 0.034375 0.0359375
0 0.0921875 0.02890625 0.025 0.0265625
0 0.94140625 0.109375 0.0453125 0.0484375
0 0.7296875 0.02890625 0.034375 0.0359375
0 0.62265625 0.06015625 0.0578125 0.059375