0 0.9796875 0.5578125 0.03125 0.0265625
0 0.78359375 0.6609375 0.08671875 0.0796875
0 0.73046875 0.72578125 0.0796875 0.071875
0 0.7703125 0.55859375 0.03359375 0.03125
0 0.7140625 0.89921875 0.053125 0.0484375
0 0.6625 0.9046875 0.05078125 0.0453125
0 0.646875 0.9828125 0.03125 0.0265625
0 0.00234375 0.0015625 0.00078125 0.00078125
0 0.73828125 0.97109375 0.02890625 0.0265625
0 0.6703125 0.95078125 0.03359375 0.02890625
0 0.6703125 0.77734375 0.03828125 0.0359375
0 0.64453125 0.83046875 0.03828125 0.03359375
0 0.3859375 0.76328125 0.02890625 0.0265625
0 0.35234375 0.82421875 0.0359375 0.03125
0 0.35234375 0.88359375 0.04296875 0.03828125
0 0.3609375 0.85703125 0.03125 0.0265625
0 0.384375 0.8375 0.02890625 0.0265625
0 0.33046875 0.775 0.05078125 0.0453125
0 0.2921875 0.77890625 0.06015625 0.053125
0 0.28828125 0.74765625 0.06015625 0.05546875
0 0.23203125 0.875 0.040625 0.03828125
0 0.2359375 0.8171875 0.05546875 0.05078125
0 0.29296875 0.828125 0.0671875 0.06015625
0 0.10078125 0.946875 0.0484375 0.04296875
0 0.0921875 0.98046875 0.05078125 0.03828125
0 0.1453125 0.9796875 0.02890625 0.0265625
0 0.41953125 0.5921875 0.053125 0.0484375
0 0.5984375 0.58984375 0.05078125 0.0453125
0 0.5640625 0.61328125 0.0578125 0.053125
0 0.5140625 0.43046875 0.2046875 0.1828125
0 0.35078125 0.36875 0.071875 0.06484375
0 0.365625 0.5046875 0.1421875 0.12734375
0 0.2203125 0.58984375 0.10546875 0.09375
0 0.271875 0.5296875 0.05078125 0.0453125
0 0.171875 0.66796875 0.103125 0.09375
0 0.115625 0.6984375 0.0359375 0.03125
0 0.10078125 0.5609375 0.18046875 0.1609375
0 0.09375 0.4203125 0.1875 0.18046875
0 0.23828125 0.15 0.040625 0.0359375
0 0.1734375 0.19453125 0.02890625 0.0265625
0 0.1609375 0.234375 0.0578125 0.05078125
0 0.2125 0.3171875 0.1109375 0.0984375
0 0.26796875 0.4 0.053125 0.0484375
0 0.2171875 0.4390625 0.05546875 0.05078125
0 0.2078125 0.51328125 0.0671875 0.06015625
0 0.328125 0.43984375 0.05078125 0.0453125
0 0.50625 0.14765625 0.03125 0.02890625
0 0.5671875 0.1625 0.0453125 0.040625
0 0.6046875 0.109375 0.0453125 0.040625
0 0.74765625 0.3140625 0.0578125 0.05078125
0 0.6625 0.31640625 0.0578125 0.05078125
0 0.725 0.2703125 0.0671875 0.06015625
0 0.69453125 0.225 0.05546875 0.05078125
0 0.69140625 0.0953125 0.03125 0.02890625
0 0.73828125 0.0671875 0.084375 0.07421875
0 0.8171875 0.021875 0.0671875 0.04296875
0 0.675 0.01171875 0.0375 0.0234375
0 0.9625 0.11796875 0.0453125 0.040625
0 0.97578125 0.09375 0.0484375 0.04296875
0 0.95078125 0.3171875 0.040625 0.0359375
0 0.83671875 0.33984375 0.03125 0.0265625
0 0.8953125 0.446875 0.03359375 0.03125
0 0.8921875 0.525 0.0359375 0.03359375
0 0.8796875 0.06953125 0.05546875 0.05078125
0 0.80390625 0.1859375 0.146875 0.13203125
0 0.76171875 0.5359375 0.02890625 0.0265625