0 0.5734375 0.32109375 0.3390625 0.26875
0 0.8421875 0.19140625 0.040625 0.03125
0 0.78359375 0.13359375 0.071875 0.0578125
0 0.728125 0.103125 0.05 0.040625
0 0.9046875 0.29453125 0.034375 0.0265625
0 0.8859375 0.321875 0.10625 0.084375
0 0.78125 0.27890625 0.0453125 0.0359375
0 0.9109375 0.05078125 0.178125 0.1
0 0.82109375 0.0578125 0.14375 0.115625
0 0.884375 0.22265625 0.0375 0.03125
0 0.6109375 0.03515625 0.06875 0.05625
0 0.57109375 0.0640625 0.053125 0.04375
0 0.57578125 0.02421875 0.1109375 0.0484375
0 0.43984375 0.1203125 0.0671875 0.053125
0 0.37109375 0.13203125 0.103125 0.08125
0 0.28984375 0.11875 0.034375 0.0265625
0 0.34765625 0.0328125 0.15625 0.065625
0 0.02265625 0.046875 0.0453125 0.053125
0 0.24765625 0.046875 0.1625 0.09375
0 0.32109375 0.2546875 0.215625 0.1734375
0 0.50625 0.13359375 0.1375 0.1078125
0 0.4328125 0.4828125 0.2359375 0.184375
0 0.24609375 0.428125 0.059375 0.0453125
0 0.23203125 0.45703125 0.040625 0.034375
0 0.15859375 0.39296875 0.034375 0.0265625
0 0.040625 0.37109375 0.0359375 0.028125
0 0.046875 0.4 0.09375 0.0890625
0 0.0296875 0.709375 0.059375 0.0875
0 0.2390625 0.65390625 0.2 0.15625
0 0.2859375 0.5171875 0.1375 0.1078125
0 0.40859375 0.6 0.0375 0.03125
0 0.02734375 0.81875 0.0546875 0.053125
0 0.07421875 0.85078125 0.0578125 0.0453125
0 0.1546875 0.93984375 0.0453125 0.0359375
0 0.12109375 0.771875 0.05 0.0375
0 0.06015625 0.7921875 0.0484375 0.0375
0 0.3890625 0.87734375 0.0484375 0.0359375
0 0.603125 0.396875 0.0453125 0.0359375
0 0.625 0.509375 0.2046875 0.1609375
0 0.615625 0.63828125 0.04375 0.034375
0 0.50234375 0.7171875 0.040625 0.03125
0 0.334375 0.71484375 0.0375 0.03125
0 0.28515625 0.74296875 0.040625 0.03125
0 0.24609375 0.84609375 0.0625 0.0484375
0 0.53125 0.82578125 0.0578125 0.0453125
0 0.3375 0.7640625 0.034375 0.0265625
0 0.49375 0.96015625 0.0484375 0.0375
0 0.334375 0.91328125 0.0890625 0.06875
0 0.790625 0.64765625 0.2640625 0.209375
0 0.82421875 0.37734375 0.05625 0.04375
0 0.17578125 0.5765625 0.0625 0.0484375
0 0.09765625 0.46015625 0.1515625 0.11875