0 0.86171875 0.31640625 0.2765625 0.4140625
0 0.14921875 0.6625 0.0265625 0.0265625
0 0.73046875 0.64921875 0.071875 0.06875
0 0.8140625 0.6453125 0.028125 0.028125
0 0.87890625 0.62890625 0.0375 0.0390625
0 0.71171875 0.578125 0.028125 0.028125
0 0.4671875 0.5734375 0.0265625 0.0265625
0 0.65703125 0.91015625 0.2671875 0.1796875
0 0.95546875 0.87265625 0.034375 0.034375
0 0.9421875 0.47578125 0.025 0.025
0 0.9015625 0.43984375 0.0359375 0.0359375
0 0.9171875 0.4125 0.0265625 0.0265625
0 0.9703125 0.046875 0.059375 0.0625
0 0.77734375 0.484375 0.084375 0.084375
0 0.959375 0.609375 0.08125 0.15625
0 0.61640625 0.2234375 0.025 0.025
0 0.56484375 0.40859375 0.090625 0.0890625
0 0.65234375 0.459375 0.0265625 0.0265625
0 0.6546875 0.41796875 0.028125 0.028125
0 0.76171875 0.3421875 0.034375 0.03125
0 0.36328125 0.37734375 0.0359375 0.0359375
0 0.28515625 0.32421875 0.0296875 0.028125
0 0.3546875 0.4234375 0.034375 0.034375
0 0.0671875 0.1 0.0265625 0.0265625
0 0.16328125 0.0125 0.0265625 0.025
0 0.24296875 0.265625 0.04375 0.04375
0 0.10078125 0.5046875 0.034375 0.03125
0 0.16015625 0.459375 0.0265625 0.0265625
0 0.12109375 0.578125 0.0296875 0.028125
0 0.96640625 0.14765625 0.03125 0.03125
0 0.77890625 0.84375 0.1296875 0.128125