0 0.0109375 0.009375 0.021875 0.01875
0 0.86796875 0.771875 0.20625 0.190625
0 0.125 0.19921875 0.028125 0.0265625
0 0.70546875 0.05546875 0.0625 0.0578125
0 0.63125 0.08203125 0.0453125 0.04375
0 0.60625 0.08984375 0.2125 0.1796875
0 0.93046875 0.69375 0.03125 0.028125
0 0.87265625 0.53984375 0.028125 0.0265625
0 0.83515625 0.5671875 0.0453125 0.040625
0 0.890625 0.07109375 0.1625 0.1421875
0 0.80390625 0.3265625 0.04375 0.040625
0 0.615625 0.78828125 0.05625 0.05
0 0.5421875 0.7640625 0.03125 0.028125
0 0.38125 0.81640625 0.0265625 0.025
0 0.4 0.77265625 0.1109375 0.1
0 0.40390625 0.63359375 0.034375 0.03125
0 0.5640625 0.28828125 0.03125 0.028125
0 0.75859375 0.4046875 0.0265625 0.025
0 0.29296875 0.446875 0.040625 0.0375
0 0.24296875 0.2875 0.0453125 0.040625
0 0.06953125 0.3375 0.028125 0.0265625
0 0.240625 0.9125 0.03125 0.028125
0 0.19453125 0.9234375 0.028125 0.0265625
0 0.51328125 0.865625 0.0375 0.0359375
0 0.5296875 0.953125 0.040625 0.0359375
0 0.65625 0.97109375 0.0578125 0.053125
0 0.74765625 0.9546875 0.0375 0.034375
0 0.76328125 0.803125 0.053125 0.0484375
0 0.0453125 0.58203125 0.0671875 0.0625
0 0.06640625 0.50703125 0.090625 0.084375
0 0.11640625 0.8921875 0.05625 0.05
0 0.6453125 0.8734375 0.03125 0.028125