0 0.98671875 0.4890625 0.0265625 0.040625
0 0.62109375 0.125 0.0265625 0.034375
0 0.5734375 0.09375 0.040625 0.0484375
0 0.5953125 0.06953125 0.0453125 0.053125
0 0.5328125 0.103125 0.03125 0.0359375
0 0.58671875 0.1703125 0.0265625 0.034375
0 0.21015625 0.165625 0.0265625 0.03125
0 0.19609375 0.0359375 0.0265625 0.034375
0 0.8484375 0.1890625 0.0265625 0.034375
0 0.93046875 0.2796875 0.0578125 0.0671875
0 0.88125 0.59375 0.025 0.0296875
0 0.6703125 0.72109375 0.04375 0.05
0 0.546875 0.91796875 0.034375 0.040625
0 0.5296875 0.94609375 0.0265625 0.03125
0 0.453125 0.7859375 0.0375 0.0453125
0 0.48828125 0.7703125 0.03125 0.0359375
0 0.5265625 0.74296875 0.03125 0.0359375
0 0.49296875 0.56484375 0.059375 0.075
0 0.46484375 0.42890625 0.040625 0.0484375
0 0.48828125 0.39296875 0.034375 0.040625
0 0.50234375 0.43125 0.0265625 0.03125
0 0.33515625 0.52265625 0.0375 0.0453125
0 0.60234375 0.49296875 0.025 0.028125
0 0.29921875 0.7328125 0.028125 0.034375
0 0.31484375 0.7015625 0.025 0.028125
0 0.30859375 0.81484375 0.03125 0.0375
0 0.1671875 0.8390625 0.03125 0.0375
0 0.15625 0.9421875 0.0375 0.0453125
0 0.134375 0.9109375 0.03125 0.0375
0 0.9171875 0.98046875 0.034375 0.0390625
0 0.0546875 0.98515625 0.028125 0.0296875
0 0.06875 0.8125 0.040625 0.0515625
0 0.08671875 0.6265625 0.0265625 0.03125
0 0.09609375 0.04453125 0.0265625 0.03125