0 0.1546875 0.24140625 0.271875 0.2671875
0 0.1703125 0.71640625 0.340625 0.5140625
0 0.765625 0.53125 0.040625 0.0375
0 0.96640625 0.66328125 0.053125 0.05
0 0.9671875 0.82421875 0.025 0.025
0 0.78984375 0.7609375 0.0453125 0.0453125
0 0.77421875 0.89296875 0.04375 0.04375
0 0.17421875 0.80859375 0.0265625 0.0265625
0 0.0203125 0.7453125 0.028125 0.028125
0 0.41015625 0.77421875 0.1515625 0.15
0 0.078125 0.50859375 0.040625 0.040625
0 0.0796875 0.47734375 0.028125 0.028125
0 0.1546875 0.4890625 0.05 0.05
0 0.39765625 0.0328125 0.0359375 0.034375
0 0.65 0.08203125 0.03125 0.03125
0 0.740625 0.15390625 0.0265625 0.025
0 0.81875 0.27734375 0.05 0.05
0 0.984375 0.0171875 0.03125 0.03125
0 0.9421875 0.07421875 0.0578125 0.0578125
0 0.4796875 0.32109375 0.0265625 0.0265625
0 0.259375 0.38359375 0.125 0.121875
0 0.86796875 0.24609375 0.05 0.05
0 0.5890625 0.78828125 0.034375 0.03125
0 0.39296875 0.91953125 0.028125 0.0265625
0 0.64453125 0.734375 0.0375 0.0375
0 0.72734375 0.6203125 0.096875 0.09375
0 0.8765625 0.521875 0.165625 0.1609375
0 0.5796875 0.60234375 0.06875 0.06875
0 0.71171875 0.31015625 0.075 0.071875
0 0.71015625 0.259375 0.03125 0.03125
0 0.7671875 0.28125 0.053125 0.05
0 0.59609375 0.68046875 0.05 0.05
0 0.13125 0.15390625 0.0578125 0.05625
0 0.16484375 0.10234375 0.0484375 0.0453125
0 0.54453125 0.384375 0.0265625 0.0265625
0 0.60703125 0.515625 0.059375 0.0578125
0 0.6453125 0.4796875 0.0671875 0.0671875
0 0.1109375 0.49609375 0.0265625 0.025
0 0.06484375 0.25859375 0.0265625 0.0265625
0 0.53828125 0.01328125 0.0359375 0.0265625
0 0.51953125 0.025 0.040625 0.040625
0 0.41328125 0.0875 0.025 0.025
0 0.8484375 0.225 0.0359375 0.0359375
0 0.59609375 0.20703125 0.0265625 0.0265625
0 0.5625 0.1625 0.0265625 0.025