0 0.7078125 0.87734375 0.4734375 0.2453125
0 0.36875 0.7828125 0.2234375 0.178125
0 0.975 0.41796875 0.040625 0.034375
0 0.70078125 0.31640625 0.05 0.040625
0 0.7359375 0.3609375 0.134375 0.10625
0 0.89453125 0.196875 0.034375 0.0265625
0 0.85703125 0.1765625 0.05 0.040625
0 0.921875 0.0515625 0.0578125 0.0453125
0 0.55625 0.11796875 0.04375 0.034375
0 0.50390625 0.35078125 0.05625 0.04375
0 0.06875 0.30078125 0.0578125 0.0453125
0 0.0984375 0.2546875 0.0796875 0.0625
0 0.109375 0.18515625 0.0359375 0.028125
0 0.0921875 0.64453125 0.146875 0.115625
0 0.13359375 0.49140625 0.034375 0.0265625
0 0.4015625 0.55390625 0.0359375 0.028125
0 0.475 0.9390625 0.034375 0.0265625
0 0.60078125 0.84609375 0.0359375 0.028125
0 0.97734375 0.89296875 0.034375 0.0265625
0 0.9703125 0.8046875 0.059375 0.05625
0 0.9703125 0.70703125 0.0578125 0.0453125
0 0.91796875 0.60078125 0.04375 0.034375
0 0.83671875 0.5109375 0.0359375 0.028125
0 0.95703125 0.975 0.0859375 0.05
0 0.8734375 0.9640625 0.1671875 0.071875
0 0.94140625 0.89765625 0.1171875 0.1171875
0 0.7046875 0.48828125 0.1125 0.090625