0 0.884375 0.70546875 0.0625 0.0609375
0 0.81953125 0.72578125 0.0359375 0.0359375
0 0.7703125 0.821875 0.0265625 0.0265625
0 0.775 0.79921875 0.028125 0.028125
0 0.96875 0.86796875 0.0265625 0.0265625
0 0.78984375 0.490625 0.0265625 0.0265625
0 0.73046875 0.94375 0.025 0.025
0 0.390625 0.91484375 0.0296875 0.028125
0 0.3390625 0.90625 0.0359375 0.0359375
0 0.2921875 0.9203125 0.034375 0.034375
0 0.30546875 0.90234375 0.03125 0.028125
0 0.22578125 0.5921875 0.03125 0.03125
0 0.4390625 0.47578125 0.0265625 0.0265625
0 0.25625 0.4640625 0.034375 0.03125
0 0.2921875 0.4796875 0.053125 0.053125
0 0.29296875 0.44921875 0.0265625 0.025
0 0.3390625 0.490625 0.034375 0.03125
0 0.73828125 0.37890625 0.0265625 0.0265625
0 0.34765625 0.3328125 0.03125 0.03125
0 0.3546875 0.38125 0.0265625 0.0265625
0 0.4421875 0.334375 0.0359375 0.0359375
0 0.81953125 0.3859375 0.034375 0.034375
0 0.75 0.65859375 0.065625 0.065625
0 0.8171875 0.9421875 0.0375 0.0375
0 0.39453125 0.5453125 0.0265625 0.0265625
0 0.0515625 0.271875 0.0265625 0.0265625
0 0.15 0.31875 0.028125 0.0296875
0 0.1671875 0.33046875 0.0265625 0.025
0 0.275 0.2859375 0.134375 0.134375
0 0.4671875 0.23828125 0.034375 0.03125
0 0.43515625 0.0515625 0.0671875 0.0671875
0 0.51171875 0.09609375 0.0921875 0.090625
0 0.64921875 0.16484375 0.05 0.05
0 0.73203125 0.26796875 0.028125 0.028125
0 0.24609375 0.30078125 0.0703125 0.0671875