0 0.3859375 0.0171875 0.03125 0.028125
0 0.9703125 0.1421875 0.059375 0.053125
0 0.790625 0.0359375 0.0890625 0.071875
0 0.50234375 0.0875 0.0984375 0.084375
0 0.90859375 0.265625 0.05625 0.0484375
0 0.89296875 0.4671875 0.0359375 0.03125
0 0.6984375 0.31875 0.028125 0.0265625
0 0.7359375 0.36328125 0.0796875 0.06875
0 0.7328125 0.28984375 0.1875 0.1625
0 0.415625 0.4890625 0.03125 0.028125
0 0.31875 0.2125 0.0671875 0.0578125
0 0.94375 0.13984375 0.1125 0.1609375
0 0.43046875 0.4375 0.05 0.04375
0 0.39296875 0.41328125 0.034375 0.028125
0 0.359375 0.5265625 0.0453125 0.040625
0 0.37890625 0.60234375 0.0359375 0.03125
0 0.37734375 0.58515625 0.028125 0.025
0 0.240625 0.43515625 0.065625 0.05625
0 0.2703125 0.3890625 0.0578125 0.05
0 0.196875 0.21484375 0.0453125 0.0375
0 0.1546875 0.228125 0.040625 0.0359375
0 0.0328125 0.06015625 0.04375 0.0359375
0 0.2921875 0.03359375 0.0875 0.0671875
0 0.25625 0.1265625 0.04375 0.0375
0 0.35234375 0.14453125 0.08125 0.071875
0 0.24375 0.2921875 0.103125 0.0890625
0 0.2640625 0.3328125 0.0359375 0.03125
0 0.2203125 0.24765625 0.1203125 0.103125
0 0.140625 0.296875 0.0796875 0.0671875
0 0.1359375 0.3375 0.05625 0.0484375
0 0.225 0.34765625 0.053125 0.0453125
0 0.11328125 0.43046875 0.0609375 0.053125
0 0.1703125 0.3859375 0.05 0.04375
0 0.1703125 0.41328125 0.05625 0.0484375
0 0.11171875 0.625 0.040625 0.034375
0 0.0515625 0.5421875 0.0515625 0.04375
0 0.02578125 0.29296875 0.0515625 0.0421875
0 0.0890625 0.1453125 0.10625 0.0921875
0 0.328125 0.3109375 0.03125 0.0265625
0 0.225 0.06484375 0.1234375 0.10625
0 0.06484375 0.72265625 0.0453125 0.040625
0 0.13359375 0.7390625 0.0625 0.05625
0 0.74609375 0.77890625 0.028125 0.025
0 0.834375 0.7328125 0.03125 0.0265625
0 0.9328125 0.75859375 0.03125 0.0265625
0 0.29296875 0.80078125 0.440625 0.378125
0 0.71875 0.5796875 0.0484375 0.040625
0 0.7953125 0.4125 0.053125 0.0453125
0 0.50625 0.2703125 0.3296875 0.284375
0 0.69375 0.428125 0.0875 0.075
0 0.396875 0.5421875 0.03125 0.0265625
0 0.16484375 0.13125 0.1109375 0.096875
0 0.1390625 0.078125 0.04375 0.0359375
0 0.57578125 0.8109375 0.0484375 0.040625
0 0.475 0.7234375 0.121875 0.10625
0 0.1609375 0.90390625 0.05 0.04375