0 0.09140625 0.2828125 0.040625 0.040625
0 0.06953125 0.33046875 0.028125 0.028125
0 0.0921875 0.3546875 0.025 0.025
0 0.03984375 0.41953125 0.0265625 0.0265625
0 0.1515625 0.61328125 0.0265625 0.0265625
0 0.28515625 0.640625 0.034375 0.034375
0 0.23828125 0.82421875 0.03125 0.03125
0 0.178125 0.8453125 0.028125 0.028125
0 0.16796875 0.86875 0.025 0.025
0 0.0359375 0.93359375 0.025 0.025
0 0.321875 0.6046875 0.028125 0.028125
0 0.42421875 0.71171875 0.03125 0.03125
0 0.5 0.584375 0.04375 0.04375
0 0.2515625 0.4515625 0.040625 0.040625
0 0.6703125 0.44609375 0.1078125 0.1078125
0 0.75234375 0.8765625 0.034375 0.034375
0 0.7640625 0.978125 0.0359375 0.0359375
0 0.72109375 0.921875 0.0984375 0.0984375
0 0.8421875 0.7984375 0.075 0.075
0 0.81953125 0.50390625 0.04375 0.04375
0 0.9671875 0.79296875 0.065625 0.0765625
0 0.8859375 0.68984375 0.059375 0.0609375
0 0.84609375 0.6359375 0.0796875 0.0796875
0 0.83046875 0.5875 0.0625 0.0625
0 0.771875 0.55390625 0.0453125 0.0453125
0 0.8125 0.57109375 0.065625 0.065625
0 0.22734375 0.5828125 0.028125 0.028125
0 0.19609375 0.6390625 0.0265625 0.0265625
0 0.06484375 0.39765625 0.0359375 0.0359375
0 0.03984375 0.2875 0.0265625 0.0265625
0 0.56640625 0.4265625 0.065625 0.065625
0 0.5 0.3703125 0.03125 0.03125
0 0.571875 0.2609375 0.0453125 0.0453125
0 0.7640625 0.490625 0.0359375 0.0359375
0 0.7828125 0.3953125 0.0375 0.0375
0 0.82578125 0.2359375 0.04375 0.04375
0 0.9046875 0.23828125 0.0265625 0.0265625
0 0.94453125 0.63671875 0.0375 0.0375
0 0.91796875 0.65859375 0.0484375 0.0484375