0 0.0015625 0.0015625 0.00234375 0.00234375
0 0.21640625 0.13828125 0.03359375 0.03125
0 0.22265625 0.2125 0.03828125 0.0359375
0 0.140625 0.4171875 0.0359375 0.03359375
0 0.0609375 0.36875 0.0265625 0.02421875
0 0.08984375 0.27734375 0.03125 0.02890625
0 0.30078125 0.3484375 0.0484375 0.0453125
0 0.24375 0.4125 0.02890625 0.0265625
0 0.20078125 0.51328125 0.040625 0.0359375
0 0.140625 0.77421875 0.06015625 0.05546875
0 0.1 0.80390625 0.04296875 0.03828125
0 0.1296875 0.8609375 0.0625 0.0578125
0 0.3109375 0.9421875 0.0578125 0.053125
0 0.41015625 0.0265625 0.0890625 0.053125
0 0.4109375 0.14453125 0.0671875 0.0625
0 0.50390625 0.1140625 0.053125 0.0484375
0 0.2796875 0.240625 0.0265625 0.02421875
0 0.4171875 0.3390625 0.0265625 0.02421875
0 0.43359375 0.4984375 0.03125 0.02890625
0 0.8109375 0.0359375 0.0796875 0.071875
0 0.80078125 0.0890625 0.03359375 0.03125
0 0.83984375 0.228125 0.02890625 0.0265625
0 0.84609375 0.1890625 0.0265625 0.02421875
0 0.98203125 0.25625 0.0359375 0.0359375
0 0.80546875 0.4390625 0.0578125 0.053125
0 0.6515625 0.5109375 0.040625 0.03828125
0 0.5796875 0.6421875 0.02890625 0.0265625
0 0.63671875 0.7390625 0.03828125 0.03359375
0 0.58203125 0.8640625 0.02890625 0.0265625
0 0.7125 0.66015625 0.03828125 0.03359375
0 0.7640625 0.5953125 0.03125 0.02890625
0 0.00234375 0.00234375 0.00078125 0.00078125
0 0.2921875 0.8328125 0.05078125 0.0484375
0 0.3234375 0.69453125 0.02890625 0.0265625
0 0.2875 0.64921875 0.0453125 0.04296875
0 0.521875 0.3734375 0.040625 0.0359375