0 0.9625 0.8265625 0.025 0.028125
0 0.53828125 0.95703125 0.025 0.03125
0 0.7953125 0.73046875 0.028125 0.0359375
0 0.63203125 0.54453125 0.034375 0.040625
0 0.60234375 0.53125 0.0265625 0.034375
0 0.54453125 0.4984375 0.0359375 0.04375
0 0.5140625 0.484375 0.0453125 0.0578125
0 0.4640625 0.47109375 0.028125 0.034375
0 0.4234375 0.2765625 0.1203125 0.15
0 0.55078125 0.2984375 0.028125 0.034375
0 0.74375 0.08046875 0.025 0.03125
0 0.98203125 0.46640625 0.0265625 0.034375
0 0.85 0.36640625 0.025 0.03125
0 0.83046875 0.28125 0.028125 0.034375
0 0.990625 0.3671875 0.01875 0.03125
0 0.77421875 0.0953125 0.28125 0.190625
0 0.61328125 0.05546875 0.05625 0.06875
0 0.35546875 0.06875 0.0265625 0.03125
0 0.3265625 0.49296875 0.03125 0.0375
0 0.16015625 0.68515625 0.0265625 0.034375
0 0.11796875 0.60703125 0.0265625 0.03125
0 0.0625 0.93984375 0.03125 0.040625
0 0.2015625 0.97578125 0.025 0.03125
0 0.6046875 0.24609375 0.225 0.28125
0 0.21171875 0.728125 0.028125 0.034375