0 0.86171875 0.73828125 0.028125 0.0359375
0 0.72578125 0.85 0.0375 0.0453125
0 0.76953125 0.8328125 0.0625 0.075
0 0.67890625 0.80546875 0.034375 0.0390625
0 0.63359375 0.59609375 0.040625 0.0484375
0 0.7390625 0.52890625 0.04375 0.05
0 0.70078125 0.478125 0.03125 0.0359375
0 0.62890625 0.44375 0.040625 0.05
0 0.8375 0.4640625 0.05625 0.065625
0 0.69453125 0.5609375 0.0890625 0.10625
0 0.73046875 0.390625 0.034375 0.0375
0 0.9859375 0.34921875 0.028125 0.0390625
0 0.8484375 0.3390625 0.0578125 0.0671875
0 0.78359375 0.63203125 0.0375 0.0453125
0 0.80078125 0.08203125 0.05 0.0578125
0 0.72109375 0.071875 0.0796875 0.090625
0 0.6703125 0.03984375 0.03125 0.0375
0 0.56640625 0.11640625 0.03125 0.0359375
0 0.5609375 0.37109375 0.053125 0.0625
0 0.26953125 0.38671875 0.03125 0.0359375
0 0.0265625 0.47265625 0.03125 0.0359375
0 0.05390625 0.490625 0.0265625 0.03125
0 0.08515625 0.5828125 0.071875 0.0859375
0 0.396875 0.9359375 0.040625 0.0484375
0 0.3796875 0.9 0.028125 0.0328125
0 0.328125 0.85234375 0.084375 0.1
0 0.1984375 0.9578125 0.03125 0.0359375
0 0.19453125 0.89453125 0.0625 0.075
0 0.7171875 0.709375 0.0578125 0.0671875
0 0.64921875 0.83671875 0.059375 0.071875
0 0.99140625 0.8171875 0.0171875 0.034375
0 0.81875 0.40234375 0.034375 0.0375
0 0.77265625 0.23828125 0.0484375 0.0578125
0 0.5 0.59375 0.0265625 0.03125