0 0.94453125 0.6890625 0.03125 0.0359375
0 0.921875 0.3421875 0.0375 0.0453125
0 0.80546875 0.0625 0.075 0.0890625
0 0.77421875 0.14453125 0.04375 0.05
0 0.63828125 0.09375 0.08125 0.0984375
0 0.56484375 0.0578125 0.08125 0.096875
0 0.49140625 0.14453125 0.040625 0.0484375
0 0.55625 0.1546875 0.06875 0.08125
0 0.5453125 0.3765625 0.0359375 0.04375
0 0.3484375 0.3609375 0.025 0.028125
0 0.15390625 0.47265625 0.0265625 0.03125
0 0.3796875 0.540625 0.0265625 0.034375
0 0.54296875 0.609375 0.04375 0.05
0 0.50703125 0.6671875 0.0265625 0.034375
0 0.6265625 0.353125 0.034375 0.040625
0 0.70078125 0.4578125 0.040625 0.05
0 0.61875 0.48828125 0.15 0.178125
0 0.4359375 0.17890625 0.128125 0.153125
0 0.2859375 0.76171875 0.0453125 0.05625
0 0.78515625 0.7828125 0.16875 0.2015625
0 0.81015625 0.4796875 0.096875 0.115625
0 0.65 0.75703125 0.128125 0.1515625
0 0.40625 0.84140625 0.03125 0.0359375
0 0.34765625 0.696875 0.4875 0.5890625
0 0.2875 0.81640625 0.05 0.0625
0 0.1921875 0.740625 0.0453125 0.05625
0 0.09609375 0.8171875 0.0578125 0.071875
0 0.09765625 0.95546875 0.075 0.0890625
0 0.0125 0.81015625 0.025 0.0359375
0 0.71484375 0.34609375 0.0984375 0.11875