0 0.70703125 0.9703125 0.0265625 0.0265625
0 0.69453125 0.94453125 0.0265625 0.0265625
0 0.634375 0.98671875 0.0265625 0.0265625
0 0.97265625 0.7796875 0.034375 0.034375
0 0.90859375 0.8421875 0.0375 0.0375
0 0.92890625 0.421875 0.028125 0.028125
0 0.8921875 0.4125 0.028125 0.028125
0 0.98828125 0.30859375 0.0234375 0.0265625
0 0.84375 0.4578125 0.0265625 0.0265625
0 0.81640625 0.26796875 0.0359375 0.0359375
0 0.171875 0.0328125 0.0625 0.0625
0 0.0734375 0.02734375 0.0265625 0.0265625
0 0.053125 0.1671875 0.025 0.025
0 0.02421875 0.19375 0.034375 0.034375
0 0.1578125 0.16953125 0.03125 0.03125
0 0.37109375 0.1359375 0.1296875 0.1296875
0 0.35703125 0.01328125 0.034375 0.0265625
0 0.53515625 0.09765625 0.125 0.128125
0 0.43046875 0.06484375 0.121875 0.121875
0 0.2328125 0.08515625 0.0625 0.0625
0 0.30859375 0.2125 0.025 0.025
0 0.28828125 0.26953125 0.03125 0.03125
0 0.24375 0.2921875 0.1375 0.1375
0 0.31875 0.2203125 0.1203125 0.121875
0 0.50390625 0.52421875 0.0984375 0.1
0 0.55859375 0.55859375 0.0484375 0.0484375
0 0.7078125 0.35078125 0.0875 0.0875
0 0.5921875 0.2765625 0.028125 0.03125
0 0.58671875 0.22109375 0.03125 0.03125
0 0.62890625 0.275 0.040625 0.040625
0 0.55859375 0.30546875 0.05625 0.0578125
0 0.52734375 0.33515625 0.028125 0.028125
0 0.73828125 0.11796875 0.0484375 0.0484375
0 0.60703125 0.4109375 0.0890625 0.0890625
0 0.3484375 0.44140625 0.0375 0.0375
0 0.28984375 0.3796875 0.0484375 0.0484375
0 0.36328125 0.52890625 0.096875 0.096875
0 0.33203125 0.4734375 0.03125 0.03125
0 0.43125 0.60703125 0.03125 0.03125
0 0.51171875 0.61171875 0.0265625 0.0265625
0 0.2671875 0.59140625 0.2125 0.2125
0 0.2671875 0.5203125 0.04375 0.04375
0 0.20703125 0.609375 0.034375 0.034375
0 0.1359375 0.25625 0.071875 0.071875
0 0.37109375 0.83203125 0.040625 0.040625
0 0.44921875 0.8078125 0.05625 0.0578125
0 0.62265625 0.91484375 0.075 0.075
0 0.3890625 0.775 0.2015625 0.2015625
0 0.33515625 0.8421875 0.034375 0.034375
0 0.2921875 0.9109375 0.184375 0.178125
0 0.27421875 0.84765625 0.04375 0.04375
0 0.2015625 0.6828125 0.2125 0.2140625
0 0.16796875 0.82109375 0.096875 0.096875
0 0.14765625 0.51171875 0.0265625 0.0265625
0 0.14921875 0.43984375 0.103125 0.103125
0 0.01953125 0.51796875 0.03125 0.03125
0 0.01328125 0.58046875 0.0265625 0.0359375
0 0.04296875 0.56875 0.028125 0.028125
0 0.125 0.50390625 0.0265625 0.0265625
0 0.09765625 0.49765625 0.025 0.025
0 0.115625 0.52890625 0.025 0.025
0 0.06015625 0.93984375 0.075 0.075
0 0.4640625 0.3640625 0.221875 0.221875