0 0.93359375 0.91796875 0.0484375 0.0484375
0 0.63046875 0.971875 0.0609375 0.05625
0 0.58671875 0.959375 0.0375 0.0390625
0 0.49140625 0.93125 0.04375 0.0453125
0 0.415625 0.71015625 0.04375 0.0453125
0 0.54453125 0.6875 0.04375 0.0453125
0 0.525 0.67890625 0.028125 0.028125
0 0.50703125 0.57578125 0.115625 0.1203125
0 0.6 0.66328125 0.028125 0.028125
0 0.728125 0.928125 0.0765625 0.0796875
0 0.74375 0.83671875 0.1078125 0.1109375
0 0.775 0.7296875 0.134375 0.1375
0 0.828125 0.6515625 0.075 0.075
0 0.87890625 0.77265625 0.028125 0.028125
0 0.97734375 0.18359375 0.0453125 0.0625
0 0.92421875 0.0828125 0.06875 0.071875
0 0.58984375 0.209375 0.1203125 0.125
0 0.66328125 0.2234375 0.06875 0.06875
0 0.709375 0.14453125 0.0875 0.0890625
0 0.759375 0.13671875 0.05 0.05
0 0.69375 0.08203125 0.040625 0.04375
0 0.7546875 0.20546875 0.0765625 0.0796875
0 0.83671875 0.1515625 0.04375 0.04375
0 0.86796875 0.14765625 0.028125 0.028125
0 0.7390625 0.36875 0.13125 0.134375
0 0.72109375 0.240625 0.06875 0.071875
0 0.6296875 0.27265625 0.03125 0.03125
0 0.65390625 0.271875 0.03125 0.03125
0 0.6984375 0.290625 0.06875 0.06875
0 0.97265625 0.56171875 0.0546875 0.1109375
0 0.88203125 0.46484375 0.2359375 0.3265625
0 0.38359375 0.16796875 0.028125 0.028125
0 0.39921875 0.24609375 0.040625 0.04375
0 0.44609375 0.02890625 0.040625 0.040625
0 0.03515625 0.4578125 0.04375 0.0453125
0 0.41015625 0.30546875 0.0375 0.040625
0 0.478125 0.43359375 0.03125 0.03125
0 0.51796875 0.19609375 0.0375 0.040625
0 0.34375 0.5875 0.0359375 0.0375
0 0.28828125 0.646875 0.05 0.053125
0 0.18984375 0.525 0.028125 0.028125
0 0.39296875 0.50390625 0.08125 0.084375
0 0.11796875 0.50234375 0.153125 0.159375
0 0.0265625 0.4953125 0.0265625 0.0265625
0 0.24765625 0.80859375 0.1109375 0.1125