0 0.00234375 0.99921875 0.0015625 0.0015625
0 0.9359375 0.98203125 0.059375 0.0359375
0 0.984375 0.94453125 0.03125 0.0390625
0 0.82421875 0.63203125 0.09375 0.10625
0 0.9265625 0.70078125 0.084375 0.09375
0 0.9109375 0.1265625 0.028125 0.03125
0 0.79453125 0.2234375 0.0359375 0.0375
0 0.83203125 0.23046875 0.13125 0.15
0 0.40625 0.12890625 0.0359375 0.040625
0 0.35234375 0.1875 0.0265625 0.03125
0 0.64765625 0.16953125 0.0890625 0.1
0 0.30390625 0.54453125 0.115625 0.13125
0 0.36640625 0.43984375 0.0265625 0.028125
0 0.45703125 0.6703125 0.15 0.16875
0 0.6203125 0.7484375 0.0671875 0.075
0 0.60703125 0.9578125 0.1078125 0.084375
0 0.21171875 0.97265625 0.0375 0.04375
0 0.046875 0.81015625 0.0359375 0.040625
0 0.2453125 0.88671875 0.025 0.028125
0 0.265625 0.96171875 0.0265625 0.028125
0 0.21015625 0.6390625 0.034375 0.0375
0 0.2859375 0.6875 0.0265625 0.028125
0 0.5046875 0.84140625 0.1734375 0.196875
0 0.54453125 0.63203125 0.0484375 0.05625