0 0.02265625 0.7234375 0.0453125 0.053125
0 0.1078125 0.0953125 0.034375 0.0359375
0 0.21484375 0.1734375 0.053125 0.05625
0 0.33984375 0.0203125 0.0375 0.040625
0 0.15234375 0.31953125 0.0359375 0.0359375
0 0.18046875 0.359375 0.034375 0.0359375
0 0.09765625 0.4046875 0.040625 0.040625
0 0.0203125 0.196875 0.034375 0.034375
0 0.0625 0.37890625 0.0265625 0.0265625
0 0.225 0.2828125 0.025 0.0265625
0 0.24765625 0.2609375 0.034375 0.0359375
0 0.46640625 0.05546875 0.0671875 0.06875
0 0.51171875 0.2515625 0.05625 0.0578125
0 0.4953125 0.2078125 0.03125 0.034375
0 0.57109375 0.26953125 0.034375 0.0359375
0 0.63125 0.34609375 0.103125 0.1078125
0 0.64296875 0.259375 0.084375 0.0890625
0 0.38828125 0.41015625 0.028125 0.028125
0 0.3296875 0.41015625 0.0765625 0.08125
0 0.43359375 0.34375 0.0578125 0.059375
0 0.4 0.2875 0.025 0.0265625
0 0.35703125 0.21875 0.025 0.0265625
0 0.5875 0.025 0.03125 0.03125
0 0.5609375 0.0203125 0.0359375 0.0375
0 0.68125 0.0171875 0.03125 0.03125
0 0.6046875 0.05078125 0.025 0.0265625
0 0.65390625 0.0421875 0.028125 0.028125
0 0.7609375 0.1734375 0.08125 0.0875
0 0.7765625 0.2546875 0.071875 0.0765625
0 0.81640625 0.2046875 0.0265625 0.0265625
0 0.74765625 0.1109375 0.0265625 0.028125
0 0.7796875 0.10234375 0.04375 0.0453125
0 0.6890625 0.12734375 0.0265625 0.028125
0 0.67890625 0.10703125 0.0265625 0.0265625
0 0.709375 0.0640625 0.0375 0.040625
0 0.84140625 0.17421875 0.0765625 0.08125
0 0.8796875 0.0328125 0.0484375 0.05
0 0.8109375 0.0203125 0.05 0.040625
0 0.75703125 0.009375 0.0359375 0.01875
0 0.9859375 0.16953125 0.028125 0.0546875
0 0.9671875 0.2453125 0.065625 0.084375
0 0.93046875 0.2015625 0.0484375 0.05
0 0.91953125 0.10234375 0.0625 0.0671875
0 0.97109375 0.0890625 0.0578125 0.0625
0 0.853125 0.30546875 0.125 0.13125
0 0.81875 0.4203125 0.190625 0.2015625
0 0.60078125 0.46875 0.1421875 0.15
0 0.5171875 0.5171875 0.025 0.0265625
0 0.5765625 0.59609375 0.034375 0.034375
0 0.5984375 0.6140625 0.034375 0.0359375
0 0.5796875 0.79921875 0.059375 0.065625
0 0.73046875 0.6609375 0.0625 0.0671875
0 0.70546875 0.55546875 0.1875 0.196875
0 0.83515625 0.5984375 0.0453125 0.0484375
0 0.79453125 0.759375 0.034375 0.0359375
0 0.8125 0.7390625 0.05 0.053125
0 0.865625 0.7984375 0.084375 0.0890625
0 0.78515625 0.85 0.0578125 0.0625
0 0.8484375 0.9109375 0.025 0.0265625
0 0.6828125 0.90390625 0.06875 0.071875
0 0.91328125 0.47734375 0.025 0.0265625
0 0.9578125 0.35234375 0.084375 0.1
0 0.99296875 0.525 0.0140625 0.0265625
0 0.9625 0.52734375 0.0359375 0.0375
0 0.9546875 0.4375 0.071875 0.0765625
0 0.97734375 0.47578125 0.0453125 0.08125
0 0.9859375 0.5875 0.028125 0.03125
0 0.95546875 0.58671875 0.0265625 0.0265625
0 0.87890625 0.5140625 0.03125 0.03125
0 0.8484375 0.5296875 0.034375 0.034375
0 0.86796875 0.69609375 0.13125 0.1390625
0 0.44921875 0.1359375 0.06875 0.071875
0 0.17890625 0.6546875 0.040625 0.04375
0 0.11328125 0.6546875 0.025 0.0265625
0 0.24609375 0.70546875 0.04375 0.0453125
0 0.21015625 0.7671875 0.0578125 0.059375
0 0.1359375 0.75625 0.028125 0.03125
0 0.08515625 0.7609375 0.03125 0.034375
0 0.10546875 0.85078125 0.075 0.0765625
0 0.16328125 0.9203125 0.0265625 0.028125
0 0.1859375 0.94375 0.03125 0.03125
0 0.24609375 0.93046875 0.04375 0.0453125
0 0.5875 0.94296875 0.115625 0.1140625
0 0.47578125 0.8609375 0.0375 0.040625
0 0.4390625 0.83203125 0.05 0.05625
0 0.5421875 0.80859375 0.1734375 0.1828125
0 0.40625 0.678125 0.23125 0.24375
0 0.4078125 0.66484375 0.034375 0.0359375
0 0.48828125 0.7125 0.0578125 0.059375
0 0.73671875 0.946875 0.034375 0.0359375
0 0.67421875 0.8484375 0.0453125 0.0484375
0 0.65859375 0.73671875 0.0359375 0.0375
0 0.9796875 0.83203125 0.040625 0.040625
0 0.5640625 0.671875 0.09375 0.0984375
0 0.4734375 0.94609375 0.09375 0.0984375
0 0.39921875 0.58203125 0.0671875 0.071875