0 0.0515625 0.9015625 0.0265625 0.0265625
0 0.2015625 0.95703125 0.0671875 0.0671875
0 0.2328125 0.9265625 0.0265625 0.0265625
0 0.1765625 0.90234375 0.053125 0.053125
0 0.390625 0.8859375 0.025 0.025
0 0.7453125 0.98671875 0.028125 0.0265625
0 0.90390625 0.865625 0.0375 0.0359375
0 0.98203125 0.80859375 0.034375 0.034375
0 0.8421875 0.88125 0.040625 0.040625
0 0.625 0.8609375 0.025 0.025
0 0.87265625 0.1828125 0.025 0.025
0 0.80546875 0.2125 0.034375 0.034375
0 0.890625 0.20703125 0.0375 0.0375
0 0.59375 0.36875 0.1125 0.1125
0 0.509375 0.7484375 0.040625 0.040625
0 0.44140625 0.7203125 0.0359375 0.0359375
0 0.36875 0.790625 0.053125 0.053125
0 0.36640625 0.8640625 0.053125 0.053125
0 0.21875 0.8578125 0.053125 0.053125
0 0.0484375 0.540625 0.0265625 0.025
0 0.05859375 0.56015625 0.034375 0.034375
0 0.26171875 0.303125 0.1515625 0.1515625
0 0.353125 0.446875 0.025 0.025
0 0.37890625 0.44609375 0.0765625 0.075
0 0.4375 0.4546875 0.0453125 0.0453125
0 0.4171875 0.40859375 0.0375 0.0375
0 0.453125 0.3453125 0.0375 0.0375
0 0.43046875 0.31875 0.034375 0.034375
0 0.51328125 0.265625 0.05625 0.053125
0 0.47109375 0.196875 0.0453125 0.0453125
0 0.38125 0.28828125 0.03125 0.03125
0 0.3640625 0.3171875 0.0484375 0.0453125
0 0.44140625 0.14453125 0.0796875 0.0765625
0 0.53828125 0.14765625 0.0265625 0.0265625
0 0.4046875 0.2609375 0.0703125 0.0671875
0 0.3296875 0.1109375 0.03125 0.03125
0 0.265625 0.16796875 0.028125 0.028125
0 0.4953125 0.11328125 0.040625 0.040625
0 0.6390625 0.09375 0.040625 0.040625
0 0.421875 0.365625 0.028125 0.028125
0 0.13359375 0.22734375 0.03125 0.03125
0 0.0203125 0.33203125 0.03125 0.03125
0 0.0515625 0.7015625 0.0265625 0.0265625
0 0.0796875 0.08515625 0.034375 0.034375
0 0.03828125 0.17421875 0.034375 0.034375
0 0.09609375 0.11875 0.0375 0.0375
0 0.09609375 0.146875 0.0359375 0.0359375
0 0.21875 0.09140625 0.04375 0.04375
0 0.36640625 0.01015625 0.0234375 0.0203125
0 0.54921875 0.02421875 0.053125 0.0484375
0 0.48046875 0.021875 0.0484375 0.04375
0 0.4390625 0.0171875 0.028125 0.0265625
0 0.26171875 0.9109375 0.028125 0.028125
0 0.17890625 0.9796875 0.08125 0.040625
0 0.15390625 0.07578125 0.05625 0.05625
0 0.3453125 0.15234375 0.05 0.05