0 0.98046875 0.08671875 0.0375 0.0484375
0 0.928125 0.24609375 0.034375 0.034375
0 0.90234375 0.3765625 0.0359375 0.0375
0 0.9484375 0.359375 0.084375 0.0890625
0 0.97578125 0.5828125 0.028125 0.028125
0 0.98984375 0.62734375 0.0203125 0.0265625
0 0.89453125 0.73046875 0.025 0.0265625
0 0.853125 0.55546875 0.0765625 0.0796875
0 0.89296875 0.78515625 0.05 0.053125
0 0.8859375 0.93515625 0.0265625 0.0265625
0 0.41796875 0.94921875 0.0359375 0.0390625
0 0.38203125 0.78515625 0.028125 0.028125
0 0.484375 0.709375 0.0265625 0.0265625
0 0.47109375 0.7046875 0.04375 0.0453125
0 0.40859375 0.72109375 0.0265625 0.0265625
0 0.415625 0.69921875 0.028125 0.028125
0 0.4421875 0.3609375 0.034375 0.034375
0 0.053125 0.2484375 0.10625 0.215625
0 0.015625 0.10078125 0.025 0.0265625
0 0.053125 0.01953125 0.0265625 0.0265625
0 0.44609375 0.16484375 0.0765625 0.08125
0 0.91328125 0.31015625 0.028125 0.03125
0 0.86796875 0.81953125 0.053125 0.05625
0 0.896875 0.27734375 0.034375 0.0359375