0 0.64765625 0.75625 0.096875 0.096875
0 0.4734375 0.93046875 0.034375 0.034375
0 0.428125 0.94375 0.0484375 0.0484375
0 0.37734375 0.96640625 0.034375 0.034375
0 0.35546875 0.91015625 0.028125 0.0296875
0 0.265625 0.740625 0.0453125 0.0453125
0 0.296875 0.76328125 0.0359375 0.0359375
0 0.18984375 0.7796875 0.04375 0.04375
0 0.6703125 0.484375 0.0359375 0.0359375
0 0.55625 0.60703125 0.034375 0.034375
0 0.44140625 0.4671875 0.0359375 0.0359375
0 0.7140625 0.4421875 0.025 0.025
0 0.77734375 0.35546875 0.040625 0.040625
0 0.21171875 0.45546875 0.0359375 0.0359375
0 0.22578125 0.5046875 0.03125 0.03125
0 0.08984375 0.35234375 0.05 0.05
0 0.34140625 0.6296875 0.034375 0.034375
0 0.725 0.08984375 0.084375 0.084375
0 0.72109375 0.19375 0.06875 0.06875
0 0.77265625 0.23671875 0.03125 0.03125
0 0.0140625 0.23046875 0.028125 0.0421875
0 0.4390625 0.21171875 0.0453125 0.0453125
0 0.51171875 0.209375 0.034375 0.034375
0 0.6109375 0.1703125 0.03125 0.03125
0 0.3109375 0.40625 0.034375 0.034375
0 0.240625 0.31875 0.0265625 0.0265625
0 0.09140625 0.55625 0.034375 0.034375
0 0.25 0.1 0.178125 0.178125
0 0.19921875 0.2546875 0.1421875 0.1421875
0 0.36640625 0.33046875 0.075 0.075
0 0.60703125 0.08515625 0.040625 0.040625
0 0.64921875 0.146875 0.040625 0.040625
0 0.67578125 0.028125 0.0578125 0.05625
0 0.8375 0.16015625 0.0625 0.0625
0 0.87109375 0.17890625 0.034375 0.034375
0 0.8484375 0.2015625 0.0359375 0.0359375
0 0.8171875 0.22265625 0.0375 0.0375
0 0.81015625 0.28515625 0.0453125 0.0453125
0 0.84140625 0.3328125 0.059375 0.059375
0 0.9046875 0.28515625 0.05 0.05
0 0.93046875 0.271875 0.05625 0.05625
0 0.953125 0.38828125 0.075 0.075
0 0.86640625 0.571875 0.06875 0.06875
0 0.8375 0.6 0.0359375 0.0359375
0 0.8265625 0.56640625 0.0265625 0.0265625
0 0.8484375 0.4703125 0.0265625 0.0265625
0 0.83046875 0.4734375 0.0265625 0.0265625