0 0.13828125 0.03984375 0.04296875 0.03828125
0 0.12265625 0.01171875 0.0265625 0.0234375
0 0.9796875 0.025 0.03828125 0.0359375
0 0.8640625 0.2078125 0.02890625 0.0265625
0 0.8453125 0.2328125 0.03359375 0.03125
0 0.54453125 0.05078125 0.03125 0.02890625
0 0.9171875 0.375 0.0625 0.05546875
0 0.50625 0.5671875 0.0484375 0.0453125
0 0.4578125 0.57109375 0.03125 0.02890625
0 0.4125 0.60234375 0.02890625 0.0265625
0 0.2796875 0.42890625 0.02890625 0.0265625
0 0.2484375 0.1 0.02890625 0.0265625
0 0.36328125 0.103125 0.03359375 0.02890625
0 0.1390625 0.228125 0.03359375 0.03125
0 0.14296875 0.33046875 0.09140625 0.084375
0 0.03359375 0.23671875 0.0578125 0.053125
0 0.01171875 0.3046875 0.0234375 0.034375
0 0.02265625 0.35703125 0.0453125 0.071875
0 0.05859375 0.3546875 0.03125 0.0265625
0 0.06875 0.3890625 0.05078125 0.0453125
0 0.06953125 0.4828125 0.03828125 0.0359375
0 0.0765625 0.50625 0.0359375 0.03359375
0 0.01328125 0.41484375 0.0265625 0.03828125
0 0.17578125 0.56953125 0.0265625 0.02421875
0 0.19609375 0.584375 0.053125 0.0484375
0 0.70703125 0.271875 0.0265625 0.02421875
0 0.31484375 0.3453125 0.02890625 0.0265625
0 0.42421875 0.94375 0.02890625 0.0265625
0 0.60234375 0.928125 0.02890625 0.0265625
0 0.11171875 0.875 0.084375 0.0765625
0 0.13671875 0.7828125 0.03125 0.02890625
0 0.146875 0.6921875 0.03125 0.02890625
0 0.359375 0.76796875 0.040625 0.03828125
0 0.36171875 0.80546875 0.06015625 0.05546875
0 0.525 0.76953125 0.0359375 0.03125
0 0.53515625 0.8109375 0.03828125 0.03359375
0 0.509375 0.83203125 0.03828125 0.03359375
0 0.4671875 0.78828125 0.02890625 0.02421875
0 0.1203125 0.7921875 0.240625 0.32421875
0 0.046875 0.70703125 0.0890625 0.08203125
0 0.240625 0.7484375 0.2328125 0.2140625
0 0.365625 0.71875 0.10078125 0.09140625
0 0.10546875 0.66015625 0.10078125 0.09375
0 0.625 0.73671875 0.0484375 0.04296875
0 0.665625 0.7328125 0.03359375 0.03125
0 0.68984375 0.74765625 0.040625 0.0359375
0 0.68984375 0.7984375 0.03828125 0.0359375
0 0.7671875 0.8265625 0.040625 0.0359375
0 0.7046875 0.87734375 0.04296875 0.040625
0 0.47109375 0.9203125 0.0359375 0.03359375
0 0.6515625 0.13671875 0.03359375 0.03125