0 0.02265625 0.040625 0.0453125 0.0375
0 0.5015625 0.10234375 0.0578125 0.0453125
0 0.53125 0.2640625 0.0984375 0.0796875
0 0.61875 0.4 0.0359375 0.028125
0 0.85546875 0.34375 0.065625 0.05
0 0.9078125 0.38828125 0.05 0.0375
0 0.85546875 0.234375 0.075 0.0578125
0 0.84375 0.2703125 0.04375 0.034375
0 0.58203125 0.1046875 0.03125 0.025
0 0.3328125 0.1859375 0.128125 0.1
0 0.9328125 0.60703125 0.0375 0.03125
0 0.8015625 0.615625 0.125 0.0984375
0 0.8125 0.66953125 0.0359375 0.028125
0 0.75859375 0.70078125 0.1125 0.0890625
0 0.8390625 0.90859375 0.0359375 0.0265625
0 0.9 0.81953125 0.071875 0.05625
0 0.84140625 0.82578125 0.0375 0.028125
0 0.67421875 0.975 0.034375 0.0265625
0 0.6625 0.959375 0.0453125 0.0359375
0 0.84375 0.9796875 0.0359375 0.028125
0 0.81484375 0.50390625 0.0796875 0.0625
0 0.70078125 0.61640625 0.0625 0.0484375
0 0.7765625 0.5734375 0.165625 0.1296875
0 0.5765625 0.74375 0.1078125 0.0875
0 0.38671875 0.85546875 0.0375 0.03125
0 0.19375 0.74609375 0.075 0.0578125
0 0.0671875 0.87890625 0.040625 0.034375
0 0.73203125 0.765625 0.0375 0.03125
0 0.7671875 0.75703125 0.0484375 0.0375
0 0.8546875 0.68515625 0.065625 0.053125
0 0.74609375 0.81640625 0.059375 0.0484375
0 0.5984375 0.828125 0.04375 0.034375
0 0.6265625 0.67890625 0.0359375 0.028125
0 0.58203125 0.61640625 0.034375 0.0265625
0 0.53359375 0.63828125 0.0484375 0.0375
0 0.25859375 0.490625 0.0671875 0.053125
0 0.2359375 0.38359375 0.034375 0.0265625
0 0.196875 0.3703125 0.0453125 0.0359375
0 0.79453125 0.9546875 0.065625 0.05
0 0.81015625 0.821875 0.0453125 0.0359375
0 0.63203125 0.48046875 0.0375 0.03125