0 0.9890625 0.0125 0.021875 0.025
0 0.975 0.02734375 0.0265625 0.0265625
0 0.953125 0.11171875 0.040625 0.040625
0 0.87734375 0.04453125 0.028125 0.028125
0 0.928125 0.165625 0.053125 0.05
0 0.97578125 0.20546875 0.028125 0.028125
0 0.8375 0.12265625 0.03125 0.03125
0 0.42421875 0.21640625 0.028125 0.028125
0 0.6265625 0.26796875 0.028125 0.028125
0 0.7546875 0.2546875 0.03125 0.03125
0 0.8109375 0.2515625 0.03125 0.03125
0 0.0953125 0.14296875 0.028125 0.0265625
0 0.1390625 0.15859375 0.03125 0.03125
0 0.06015625 0.9640625 0.0359375 0.0359375
0 0.19140625 0.25703125 0.0265625 0.0265625
0 0.21875 0.21640625 0.040625 0.040625
0 0.24609375 0.19140625 0.03125 0.03125
0 0.1234375 0.275 0.028125 0.0296875
0 0.4484375 0.38828125 0.028125 0.028125
0 0.4265625 0.5015625 0.03125 0.03125
0 0.4859375 0.51953125 0.0359375 0.0359375
0 0.4015625 0.51953125 0.0265625 0.0265625
0 0.45078125 0.44375 0.028125 0.028125
0 0.58203125 0.5328125 0.03125 0.03125
0 0.65 0.52265625 0.03125 0.03125
0 0.14296875 0.94140625 0.0359375 0.0359375
0 0.51171875 0.9671875 0.034375 0.034375
0 0.45703125 0.9578125 0.03125 0.03125
0 0.4109375 0.9109375 0.025 0.025
0 0.73046875 0.990625 0.0296875 0.01875
0 0.77421875 0.790625 0.0265625 0.0265625
0 0.634375 0.8015625 0.0375 0.0375
0 0.67421875 0.75859375 0.0375 0.0375
0 0.53984375 0.79453125 0.0484375 0.0484375
0 0.54453125 0.72734375 0.034375 0.034375
0 0.51171875 0.7328125 0.0265625 0.0265625
0 0.484375 0.7140625 0.0625 0.0625
0 0.4671875 0.65390625 0.0375 0.0375
0 0.4375 0.6734375 0.0453125 0.04375
0 0.36796875 0.75390625 0.040625 0.040625
0 0.4328125 0.81640625 0.034375 0.03125
0 0.3890625 0.8453125 0.0390625 0.0375
0 0.2453125 0.7953125 0.0265625 0.0265625
0 0.43984375 0.60234375 0.025 0.025
0 0.5171875 0.609375 0.0265625 0.0265625
0 0.8140625 0.53515625 0.034375 0.034375
0 0.19375 0.27734375 0.0265625 0.0265625
0 0.2953125 0.7328125 0.025 0.025
0 0.13203125 0.19453125 0.034375 0.034375
0 0.55390625 0.5984375 0.03125 0.028125
0 0.646875 0.56015625 0.0375 0.0375
0 0.10234375 0.6578125 0.053125 0.05
0 0.69609375 0.1734375 0.0359375 0.0359375
0 0.803125 0.5140625 0.0453125 0.0453125
0 0.83046875 0.47109375 0.065625 0.065625
0 0.890625 0.3921875 0.028125 0.028125
0 0.55078125 0.76328125 0.040625 0.040625
0 0.8015625 0.66015625 0.025 0.025
0 0.671875 0.8390625 0.028125 0.028125
0 0.5265625 0.146875 0.0265625 0.0265625
0 0.2296875 0.178125 0.034375 0.034375
0 0.0578125 0.240625 0.028125 0.0265625
0 0.384375 0.415625 0.090625 0.090625
0 0.6578125 0.4203125 0.0265625 0.0265625
0 0.15859375 0.728125 0.053125 0.053125
0 0.125 0.709375 0.034375 0.034375