0 0.93515625 0.98515625 0.0453125 0.0296875
0 0.11328125 0.98671875 0.0375 0.0265625
0 0.07578125 0.69375 0.040625 0.0359375
0 0.0109375 0.16328125 0.021875 0.025
0 0.0625 0.2046875 0.034375 0.028125
0 0.0578125 0.31953125 0.03125 0.0265625
0 0.0640625 0.36796875 0.059375 0.053125
0 0.025 0.3859375 0.05 0.0625
0 0.36875 0.49296875 0.034375 0.028125
0 0.32109375 0.26328125 0.03125 0.0265625
0 0.375 0.17578125 0.059375 0.05
0 0.29921875 0.14453125 0.034375 0.028125
0 0.303125 0.19140625 0.040625 0.034375
0 0.25625 0.63359375 0.034375 0.028125
0 0.1765625 0.8140625 0.040625 0.0359375
0 0.1703125 0.9421875 0.053125 0.0453125
0 0.55390625 0.92421875 0.0359375 0.03125
0 0.44140625 0.89921875 0.028125 0.025
0 0.6984375 0.42421875 0.040625 0.0359375
0 0.9640625 0.95703125 0.0375 0.034375
0 0.98671875 0.328125 0.0265625 0.0265625
0 0.7703125 0.24765625 0.0359375 0.03125
0 0.8734375 0.07109375 0.028125 0.025
0 0.66953125 0.3078125 0.1109375 0.09375
0 0.509375 0.1515625 0.03125 0.0265625
0 0.73203125 0.62265625 0.03125 0.0265625
0 0.2015625 0.43046875 0.403125 0.4578125