0 0.0671875 0.040625 0.05 0.05
0 0.35703125 0.2140625 0.03125 0.03125
0 0.18125 0.0734375 0.0484375 0.0453125
0 0.62109375 0.16484375 0.034375 0.034375
0 0.68359375 0.24375 0.040625 0.040625
0 0.55625 0.19921875 0.1390625 0.1375
0 0.94140625 0.896875 0.0265625 0.0265625
0 0.859375 0.88828125 0.06875 0.0671875
0 0.97109375 0.76328125 0.0453125 0.04375
0 0.97109375 0.3546875 0.0578125 0.059375
0 0.6890625 0.46875 0.059375 0.059375
0 0.759375 0.63359375 0.0359375 0.0359375
0 0.546875 0.65234375 0.053125 0.053125
0 0.515625 0.5171875 0.053125 0.053125
0 0.0015625 0.0015625 0.0015625 0.0015625
0 0.47109375 0.7140625 0.10625 0.103125
0 0.7671875 0.521875 0.178125 0.175
0 0.62890625 0.5109375 0.1 0.0984375
0 0.26796875 0.71484375 0.0453125 0.0453125
0 0.36171875 0.68359375 0.1421875 0.1390625
0 0.61171875 0.38125 0.05 0.05
0 0.5640625 0.2875 0.08125 0.0796875
0 0.33671875 0.365625 0.0359375 0.0359375
0 0.4265625 0.334375 0.1296875 0.128125
0 0.4515625 0.48671875 0.0265625 0.0265625
0 0.421875 0.48671875 0.034375 0.034375
0 0.39765625 0.64765625 0.03125 0.03125
0 0.3921875 0.6734375 0.0265625 0.0265625
0 0.3421875 0.896875 0.0796875 0.0765625
0 0.22734375 0.25234375 0.096875 0.09375
0 0.14765625 0.3640625 0.053125 0.053125
0 0.0609375 0.459375 0.05 0.0484375
0 0.6984375 0.303125 0.0265625 0.025
0 0.81484375 0.36796875 0.053125 0.053125
0 0.42421875 0.3546875 0.040625 0.040625