0 0.47265625 0.921875 0.040625 0.040625
0 0.5453125 0.76953125 0.03125 0.03125
0 0.85078125 0.8140625 0.1421875 0.1421875
0 0.5890625 0.48203125 0.03125 0.03125
0 0.703125 0.32578125 0.0359375 0.0359375
0 0.69921875 0.21171875 0.034375 0.034375
0 0.94921875 0.23203125 0.0359375 0.0359375
0 0.5296875 0.26796875 0.025 0.025
0 0.53828125 0.11875 0.025 0.025
0 0.3734375 0.0328125 0.053125 0.053125
0 0.35234375 0.68359375 0.0265625 0.0265625
0 0.7078125 0.3796875 0.0796875 0.0796875
0 0.665625 0.38125 0.0578125 0.0578125
0 0.99140625 0.2046875 0.0171875 0.028125
0 0.84765625 0.9328125 0.0359375 0.0359375
0 0.60546875 0.61796875 0.03125 0.03125
0 0.2046875 0.5828125 0.05 0.05
0 0.578125 0.7046875 0.153125 0.153125
0 0.91796875 0.728125 0.05625 0.0578125
0 0.23828125 0.1 0.03125 0.03125
0 0.21640625 0.0890625 0.0359375 0.0359375
0 0.4640625 0.15625 0.08125 0.08125