0 0.58203125 0.5328125 0.4234375 0.4109375
0 0.178125 0.9421875 0.05546875 0.053125
0 0.046875 0.49765625 0.02421875 0.02421875
0 0.0140625 0.53984375 0.028125 0.0390625
0 0.07421875 0.57109375 0.03359375 0.03359375
0 0.1875 0.50234375 0.03359375 0.03359375
0 0.16953125 0.515625 0.02890625 0.0265625
0 0.14296875 0.54296875 0.02890625 0.02890625
0 0.24296875 0.62265625 0.0359375 0.03359375
0 0.39296875 0.62734375 0.040625 0.03828125
0 0.4203125 0.6921875 0.084375 0.08203125
0 0.25625 0.83515625 0.05078125 0.05078125
0 0.2953125 0.740625 0.09140625 0.0890625
0 0.38359375 0.78125 0.03359375 0.03125
0 0.0671875 0.8703125 0.0265625 0.0265625
0 0.08671875 0.72109375 0.1734375 0.1734375
0 0.0296875 0.353125 0.0484375 0.0453125
0 0.040625 0.32109375 0.03125 0.02890625
0 0.01171875 0.3203125 0.0234375 0.034375
0 0.025 0.28359375 0.02421875 0.02421875
0 0.053125 0.26953125 0.0265625 0.0265625
0 0.05546875 0.29453125 0.04296875 0.040625
0 0.0828125 0.3234375 0.0484375 0.0453125
0 0.13203125 0.3125 0.03125 0.03125
0 0.1140625 0.2796875 0.0359375 0.0359375
0 0.12890625 0.24375 0.03359375 0.03359375
0 0.1296875 0.3796875 0.040625 0.040625
0 0.11875 0.4125 0.03828125 0.03828125
0 0.06953125 0.3859375 0.0765625 0.07421875
0 0.228125 0.25625 0.09375 0.09140625
0 0.30078125 0.33203125 0.0265625 0.0265625
0 0.240625 0.38828125 0.0265625 0.02421875
0 0.14765625 0.34375 0.0265625 0.0265625
0 0.3953125 0.47109375 0.0484375 0.0484375
0 0.38671875 0.4015625 0.0484375 0.0453125
0 0.5203125 0.81015625 0.0265625 0.0265625
0 0.3640625 0.86875 0.0265625 0.0265625
0 0.3796875 0.82578125 0.0484375 0.0484375
0 0.80859375 0.859375 0.040625 0.03828125
0 0.771875 0.85234375 0.02890625 0.0265625
0 0.85546875 0.8015625 0.13671875 0.13203125
0 0.68125 0.76953125 0.24296875 0.2359375
0 0.62109375 0.8421875 0.02421875 0.02421875
0 0.63828125 0.68515625 0.02890625 0.02890625
0 0.53984375 0.86875 0.03125 0.03125
0 0.69921875 0.37734375 0.04296875 0.04296875
0 0.5171875 0.40859375 0.040625 0.03828125
0 0.459375 0.428125 0.071875 0.06953125
0 0.63359375 0.31015625 0.03359375 0.03359375
0 0.6234375 0.27421875 0.21171875 0.2046875
0 0.86796875 0.41484375 0.165625 0.1609375
0 0.47734375 0.2921875 0.0265625 0.0265625
0 0.49375 0.3171875 0.16796875 0.16328125
0 0.45546875 0.21171875 0.0671875 0.06484375
0 0.39453125 0.21875 0.03125 0.03125
0 0.3765625 0.24296875 0.03359375 0.03359375
0 0.38671875 0.28828125 0.02890625 0.02890625
0 0.3453125 0.34609375 0.07421875 0.071875
0 0.50390625 0.578125 0.03828125 0.03828125
0 0.7609375 0.13125 0.02890625 0.02890625
0 0.48515625 0.025 0.0640625 0.05
0 0.39296875 0.04453125 0.0484375 0.0484375
0 0.32109375 0.04921875 0.040625 0.040625
0 0.2859375 0.0421875 0.03359375 0.03125
0 0.2796875 0.08515625 0.0578125 0.05546875
0 0.16171875 0.040625 0.1265625 0.08125
0 0.3953125 0.1765625 0.02890625 0.02890625
0 0.3765625 0.1421875 0.04296875 0.040625
0 0.384375 0.115625 0.03359375 0.03359375
0 0.33671875 0.12265625 0.04296875 0.04296875
0 0.24375 0.18125 0.0265625 0.0265625
0 0.5640625 0.071875 0.0265625 0.0265625
0 0.70078125 0.17421875 0.0890625 0.08671875
0 0.3265625 0.1828125 0.03359375 0.03125
0 0.2984375 0.16328125 0.040625 0.03828125
0 0.2609375 0.16015625 0.0359375 0.0359375
0 0.3265625 0.15625 0.03359375 0.03125
0 0.61328125 0.11640625 0.25 0.2328125
0 0.00078125 0.00234375 0.00078125 0.00078125