0 0.5046875 0.7484375 0.553125 0.503125
0 0.9078125 0.5875 0.08125 0.1
0 0.9 0.7296875 0.075 0.090625
0 0.9578125 0.85078125 0.065625 0.0796875
0 0.9046875 0.9640625 0.06875 0.071875
0 0.8125 0.8109375 0.053125 0.0671875
0 0.696875 0.81875 0.125 0.153125
0 0.77890625 0.89296875 0.06875 0.0875
0 0.821875 0.90390625 0.0265625 0.034375
0 0.50859375 0.9171875 0.0265625 0.03125
0 0.5625 0.91328125 0.04375 0.053125
0 0.2015625 0.94921875 0.115625 0.1
0 0.18359375 0.88828125 0.03125 0.040625
0 0.1625 0.81015625 0.096875 0.1203125
0 0.09765625 0.69453125 0.040625 0.05
0 0.053125 0.69453125 0.025 0.03125
0 0.18046875 0.734375 0.0875 0.1078125
0 0.05078125 0.86328125 0.1 0.1625
0 0.05078125 0.9515625 0.040625 0.05
0 0.78828125 0.5296875 0.040625 0.05
0 0.81875 0.4625 0.028125 0.0359375
0 0.78984375 0.47109375 0.04375 0.053125
0 0.7046875 0.3453125 0.0265625 0.03125
0 0.734375 0.35234375 0.0484375 0.059375
0 0.76328125 0.43046875 0.040625 0.053125
0 0.52734375 0.39765625 0.06875 0.0875
0 0.4515625 0.4390625 0.05 0.0625
0 0.4109375 0.48203125 0.028125 0.034375
0 0.75234375 0.25859375 0.0578125 0.071875
0 0.83515625 0.11796875 0.06875 0.0875
0 0.77890625 0.12734375 0.05 0.059375
0 0.91484375 0.13359375 0.040625 0.05
0 0.978125 0.14453125 0.034375 0.04375
0 0.9125 0.2359375 0.040625 0.05
0 0.828125 0.24296875 0.0890625 0.1078125
0 0.87734375 0.21171875 0.04375 0.053125
0 0.9625 0.27265625 0.0265625 0.034375
0 0.76953125 0.071875 0.0484375 0.059375
0 0.7390625 0.09140625 0.03125 0.0375
0 0.5765625 0.06484375 0.040625 0.05
0 0.48671875 0.03515625 0.034375 0.04375
0 0.490625 0.0796875 0.0359375 0.0453125
0 0.48828125 0.125 0.0265625 0.034375
0 0.4828125 0.16796875 0.03125 0.0359375
0 0.54921875 0.19921875 0.0765625 0.09375
0 0.42578125 0.09375 0.034375 0.04375
0 0.453125 0.115625 0.03125 0.0375
0 0.515625 0.4671875 0.0453125 0.0578125
0 0.46484375 0.23671875 0.0359375 0.0453125
0 0.490625 0.3171875 0.028125 0.034375
0 0.68125 0.21015625 0.2328125 0.2875
0 0.73671875 0.15234375 0.0671875 0.084375
0 0.6234375 0.16015625 0.09375 0.115625
0 0.09375 0.15390625 0.053125 0.065625
0 0.99296875 0.0984375 0.0140625 0.028125
0 0.0484375 0.25703125 0.096875 0.125
0 0.10078125 0.31015625 0.125 0.15625
0 0.19921875 0.4 0.11875 0.146875
0 0.3109375 0.4859375 0.0625 0.0765625
0 0.2984375 0.65 0.03125 0.0375
0 0.32578125 0.5453125 0.0453125 0.0578125
0 0.1421875 0.56015625 0.0625 0.0765625
0 0.04921875 0.59140625 0.0453125 0.0578125