0 0.01796875 0.8171875 0.0359375 0.03125
0 0.16015625 0.9359375 0.0453125 0.040625
0 0.4546875 0.9625 0.0359375 0.03125
0 0.475 0.82109375 0.03828125 0.03359375
0 0.4703125 0.8609375 0.0671875 0.06015625
0 0.3578125 0.9046875 0.0453125 0.040625
0 0.26953125 0.915625 0.040625 0.0359375
0 0.38828125 0.9109375 0.053125 0.0484375
0 0.9484375 0.971875 0.071875 0.05625
0 0.00234375 0.00234375 0.00078125 0.00078125
0 0.9703125 0.83046875 0.0359375 0.03359375
0 0.58046875 0.93046875 0.03125 0.02890625
0 0.70546875 0.76328125 0.03359375 0.02890625
0 0.40625 0.6703125 0.0265625 0.02421875
0 0.41484375 0.7140625 0.08203125 0.07421875
0 0.51328125 0.7015625 0.03125 0.02890625
0 0.48828125 0.73046875 0.03828125 0.03359375
0 0.81640625 0.7234375 0.03359375 0.03125
0 0.8640625 0.7328125 0.0484375 0.04296875
0 0.94140625 0.7546875 0.0890625 0.0765625
0 0.9265625 0.5015625 0.05546875 0.0484375
0 0.80546875 0.546875 0.02890625 0.02421875
0 0.93359375 0.109375 0.08203125 0.071875
0 0.9 0.22109375 0.03359375 0.02890625
0 0.9375 0.2484375 0.09375 0.084375
0 0.89296875 0.32109375 0.08203125 0.071875
0 0.80390625 0.38828125 0.040625 0.0359375
0 0.62109375 0.46640625 0.10546875 0.09375
0 0.7015625 0.40234375 0.03828125 0.03359375
0 0.4890625 0.45546875 0.0578125 0.05078125
0 0.45546875 0.51171875 0.0578125 0.05078125
0 0.40859375 0.52890625 0.03359375 0.03125
0 0.178125 0.39765625 0.0359375 0.03125
0 0.171875 0.58203125 0.05078125 0.0453125
0 0.171875 0.62890625 0.040625 0.0359375
0 0.1265625 0.56484375 0.040625 0.0359375
0 0.18125 0.50234375 0.053125 0.0453125
0 0.27265625 0.7140625 0.03359375 0.03125
0 0.178125 0.0578125 0.040625 0.0359375
0 0.18125 0.171875 0.05078125 0.0453125
0 0.4359375 0.11875 0.209375 0.18515625
0 0.5109375 0.225 0.02890625 0.02421875
0 0.478125 0.2453125 0.03125 0.02890625
0 0.75625 0.2015625 0.1203125 0.10546875
0 0.60703125 0.2140625 0.0984375 0.08671875
0 0.546875 0.2609375 0.02890625 0.02421875
0 0.615625 0.1234375 0.0359375 0.03125
0 0.61875 0.0796875 0.040625 0.0359375
0 0.5015625 0.0109375 0.0359375 0.021875
0 0.3484375 0.3953125 0.1078125 0.09609375
0 0.33515625 0.25859375 0.07421875 0.0671875
0 0.50234375 0.33515625 0.09140625 0.0796875
0 0.5890625 0.3734375 0.02890625 0.0265625
0 0.78359375 0.634375 0.1109375 0.0984375
0 0.4953125 0.64296875 0.06484375 0.0578125
0 0.3609375 0.61796875 0.1703125 0.1515625
0 0.03515625 0.55859375 0.06953125 0.0796875
0 0.0890625 0.69453125 0.06953125 0.0625
0 0.06953125 0.109375 0.1390625 0.1296875
0 0.8234375 0.5265625 0.259375 0.23046875
0 0.7453125 0.421875 0.06484375 0.0578125