0 0.9015625 0.0734375 0.034375 0.034375
0 0.86640625 0.0765625 0.0265625 0.0265625
0 0.37890625 0.084375 0.103125 0.103125
0 0.8640625 0.1890625 0.084375 0.08125
0 0.95703125 0.80078125 0.0625 0.059375
0 0.875 0.8859375 0.0671875 0.065625
0 0.671875 0.93515625 0.059375 0.059375
0 0.9578125 0.13828125 0.084375 0.084375
0 0.97265625 0.24609375 0.0265625 0.0265625
0 0.94609375 0.2140625 0.059375 0.059375
0 0.98515625 0.19453125 0.0296875 0.0359375
0 0.93984375 0.265625 0.0453125 0.04375
0 0.8109375 0.321875 0.0375 0.0375
0 0.87109375 0.4 0.03125 0.03125
0 0.8296875 0.39765625 0.05 0.05
0 0.83671875 0.5015625 0.065625 0.0625
0 0.89921875 0.54453125 0.0578125 0.05625
0 0.9828125 0.40625 0.034375 0.0375
0 0.97734375 0.45546875 0.028125 0.028125
0 0.94609375 0.35078125 0.0265625 0.0265625
0 0.9265625 0.32578125 0.0359375 0.0359375
0 0.9390625 0.3640625 0.0796875 0.0796875
0 0.7984375 0.29453125 0.040625 0.0375
0 0.509375 0.14765625 0.096875 0.09375
0 0.3484375 0.2328125 0.0625 0.059375
0 0.43515625 0.17578125 0.053125 0.053125
0 0.41328125 0.22109375 0.0765625 0.0765625
0 0.5359375 0.29921875 0.08125 0.0796875
0 0.43984375 0.06953125 0.0265625 0.0265625
0 0.38046875 0.0140625 0.0390625 0.028125
0 0.43984375 0.0265625 0.059375 0.053125
0 0.8421875 0.34140625 0.1125 0.1109375
0 0.01953125 0.0421875 0.0375 0.059375
0 0.12734375 0.040625 0.0453125 0.0453125
0 0.8953125 0.4671875 0.0375 0.0375
0 0.884375 0.50859375 0.0359375 0.034375
0 0.90859375 0.44375 0.034375 0.03125
0 0.91953125 0.4234375 0.028125 0.028125
0 0.87734375 0.34375 0.053125 0.05
0 0.678125 0.2671875 0.0265625 0.0265625