0 0.65859375 0.09140625 0.175 0.1828125
0 0.94140625 0.06875 0.090625 0.115625
0 0.86796875 0.02890625 0.0265625 0.034375
0 0.51171875 0.0109375 0.03125 0.021875
0 0.5671875 0.03515625 0.1 0.06875
0 0.521875 0.1734375 0.0375 0.0484375
0 0.98203125 0.38828125 0.0359375 0.0671875
0 0.96640625 0.475 0.040625 0.053125
0 0.93046875 0.46484375 0.034375 0.04375
0 0.9390625 0.509375 0.03125 0.040625
0 0.9109375 0.5265625 0.0265625 0.03125
0 0.9234375 0.6234375 0.04375 0.05625
0 0.8640625 0.615625 0.028125 0.0359375
0 0.81953125 0.56484375 0.0359375 0.0453125
0 0.896875 0.60546875 0.040625 0.0515625
0 0.9 0.37734375 0.11875 0.146875
0 0.83046875 0.28515625 0.0984375 0.125
0 0.9734375 0.3296875 0.053125 0.0671875
0 0.7921875 0.0625 0.0578125 0.071875
0 0.7609375 0.15859375 0.065625 0.08125
0 0.17890625 0.64921875 0.034375 0.04375
0 0.0953125 0.88828125 0.0484375 0.059375
0 0.0953125 0.96640625 0.0484375 0.0625
0 0.3578125 0.5421875 0.03125 0.0375
0 0.1234375 0.4421875 0.0359375 0.0453125
0 0.26796875 0.30625 0.025 0.03125
0 0.46015625 0.55078125 0.03125 0.0375
0 0.57421875 0.38359375 0.05 0.0625
0 0.4078125 0.2203125 0.0375 0.0484375
0 0.396875 0.34609375 0.028125 0.0375
0 0.28125 0.10703125 0.025 0.03125
0 0.11328125 0.0328125 0.025 0.03125
0 0.4828125 0.18515625 0.05 0.065625
0 0.5015625 0.1609375 0.065625 0.08125
0 0.89453125 0.2390625 0.1734375 0.215625
0 0.97109375 0.140625 0.0578125 0.0890625
0 0.18984375 0.83046875 0.03125 0.0375
0 0.6859375 0.2859375 0.028125 0.0359375
0 0.58515625 0.290625 0.040625 0.053125
0 0.15859375 0.234375 0.04375 0.05625