0 0.6875 0.85546875 0.378125 0.2890625
0 0.9984375 0.99765625 0.003125 0.003125
0 0.48828125 0.87734375 0.03125 0.025
0 0.4234375 0.60234375 0.0359375 0.028125
0 0.446875 0.34140625 0.04375 0.034375
0 0.4640625 0.3234375 0.03125 0.025
0 0.459375 0.109375 0.034375 0.0265625
0 0.796875 0.0203125 0.0484375 0.0359375
0 0.446875 0.55859375 0.04375 0.034375
0 0.70546875 0.5359375 0.04375 0.034375
0 0.74140625 0.59140625 0.03125 0.025
0 0.8265625 0.259375 0.11875 0.0921875
0 0.8921875 0.42578125 0.0765625 0.0609375
0 0.88359375 0.48671875 0.05 0.040625
0 0.7234375 0.3484375 0.1203125 0.09375
0 0.55390625 0.0671875 0.034375 0.0265625
0 0.55859375 0.6859375 0.0484375 0.0375
0 0.6421875 0.6734375 0.034375 0.0265625
0 0.4640625 0.9515625 0.196875 0.096875
0 0.4015625 0.7765625 0.1671875 0.134375