0 0.19921875 0.0203125 0.05625 0.040625
0 0.015625 0.08046875 0.03125 0.034375
0 0.30390625 0.02421875 0.0453125 0.040625
0 0.203125 0.0609375 0.040625 0.0375
0 0.165625 0.0453125 0.028125 0.0265625
0 0.33671875 0.1078125 0.053125 0.0484375
0 0.1609375 0.13671875 0.03125 0.028125
0 0.1078125 0.1875 0.059375 0.05625
0 0.59765625 0.0109375 0.04375 0.021875
0 0.54296875 0.0171875 0.0453125 0.034375
0 0.53984375 0.0578125 0.0359375 0.03125
0 0.490625 0.05390625 0.034375 0.03125
0 0.521875 0.11640625 0.040625 0.0375
0 0.3890625 0.1109375 0.03125 0.028125
0 0.45703125 0.1890625 0.028125 0.0265625
0 0.3921875 0.2328125 0.059375 0.05625
0 0.984375 0.03984375 0.03125 0.028125
0 0.90859375 0.234375 0.03125 0.028125
0 0.86171875 0.17890625 0.028125 0.0265625
0 0.85234375 0.44375 0.2671875 0.24375
0 0.615625 0.2796875 0.0359375 0.03125
0 0.58671875 0.33984375 0.08125 0.075
0 0.61640625 0.38828125 0.0359375 0.034375
0 0.62265625 0.446875 0.028125 0.0265625
0 0.59765625 0.509375 0.053125 0.0484375
0 0.47109375 0.4640625 0.0359375 0.03125
0 0.48046875 0.49609375 0.0265625 0.025
0 0.475 0.52265625 0.028125 0.0265625
0 0.37734375 0.44609375 0.040625 0.0375
0 0.43046875 0.28359375 0.0453125 0.040625
0 0.5 0.1453125 0.034375 0.03125
0 0.3234375 0.5578125 0.028125 0.0265625
0 0.26953125 0.35703125 0.034375 0.03125
0 0.296875 0.609375 0.153125 0.1390625
0 0.3328125 0.66796875 0.028125 0.0265625
0 0.1703125 0.65390625 0.034375 0.03125
0 0.11171875 0.6046875 0.028125 0.0265625
0 0.2765625 0.8171875 0.034375 0.028125
0 0.27421875 0.79296875 0.1203125 0.1109375
0 0.24296875 0.74765625 0.075 0.0671875
0 0.19375 0.71015625 0.071875 0.0671875
0 0.44375 0.78828125 0.121875 0.1109375
0 0.43984375 0.859375 0.040625 0.0359375
0 0.3640625 0.8125 0.0875 0.0765625
0 0.24140625 0.8578125 0.03125 0.028125
0 0.5453125 0.8578125 0.03125 0.028125
0 0.60703125 0.78515625 0.1703125 0.15625
0 0.75859375 0.8109375 0.1625 0.15
0 0.50234375 0.75234375 0.0265625 0.025
0 0.490625 0.7296875 0.03125 0.028125
0 0.50234375 0.68125 0.028125 0.0265625
0 0.546875 0.6625 0.0375 0.0359375
0 0.5828125 0.64765625 0.040625 0.0375
0 0.6 0.609375 0.03125 0.028125
0 0.5640625 0.6 0.034375 0.028125
0 0.484375 0.61796875 0.034375 0.03125
0 0.6890625 0.71015625 0.08125 0.075
0 0.19375 0.4203125 0.034375 0.03125
0 0.3265625 0.42578125 0.0625 0.0578125
0 0.8859375 0.96953125 0.06875 0.0609375
0 0.9578125 0.8546875 0.028125 0.0265625
0 0.50234375 0.94453125 0.03125 0.028125
0 0.88359375 0.984375 0.040625 0.03125