0 0.8609375 0.01796875 0.053125 0.0359375
0 0.1875 0.0671875 0.1109375 0.1078125
0 0.146875 0.01796875 0.034375 0.034375
0 0.28515625 0.009375 0.0328125 0.01875
0 0.33515625 0.0625 0.04375 0.04375
0 0.31484375 0.10078125 0.034375 0.034375
0 0.2703125 0.10546875 0.028125 0.028125
0 0.08515625 0.0671875 0.084375 0.08125
0 0.15390625 0.75859375 0.0578125 0.05625
0 0.22578125 0.6859375 0.0453125 0.0453125
0 0.40234375 0.7359375 0.028125 0.028125
0 0.32109375 0.77890625 0.0796875 0.0765625
0 0.43125 0.61171875 0.0265625 0.025
0 0.38359375 0.69921875 0.0453125 0.04375
0 0.35546875 0.66484375 0.0453125 0.04375
0 0.2921875 0.53359375 0.04375 0.040625
0 0.22734375 0.4703125 0.0359375 0.034375
0 0.271875 0.4203125 0.1 0.0984375
0 0.1703125 0.3703125 0.028125 0.028125
0 0.1140625 0.3921875 0.0625 0.0625
0 0.1 0.44375 0.04375 0.04375
0 0.08046875 0.4796875 0.0375 0.0375
0 0.0140625 0.3859375 0.028125 0.0375
0 0.2765625 0.30546875 0.0359375 0.0359375
0 0.31640625 0.29453125 0.0375 0.0375
0 0.3390625 0.3328125 0.0265625 0.0265625
0 0.34609375 0.4265625 0.05 0.05
0 0.3125 0.48828125 0.06875 0.06875
0 0.0109375 0.25859375 0.021875 0.03125
0 0.0625 0.19140625 0.0765625 0.075
0 0.3609375 0.20546875 0.128125 0.125
0 0.2046875 0.1453125 0.05 0.0484375
0 0.5625 0.5625 0.0359375 0.0359375
0 0.6265625 0.421875 0.04375 0.04375
0 0.6046875 0.38828125 0.0265625 0.0265625
0 0.80546875 0.51171875 0.0265625 0.025
0 0.8890625 0.77890625 0.0265625 0.025
0 0.7828125 0.7296875 0.025 0.025
0 0.7484375 0.61328125 0.0265625 0.025
0 0.95703125 0.5640625 0.028125 0.028125
0 0.97578125 0.646875 0.025 0.025
0 0.9734375 0.42421875 0.0265625 0.0265625
0 0.84140625 0.3265625 0.05625 0.053125
0 0.8921875 0.28984375 0.06875 0.06875
0 0.76796875 0.26328125 0.0484375 0.0484375
0 0.77421875 0.1984375 0.1296875 0.128125
0 0.66328125 0.25625 0.025 0.025
0 0.65 0.21171875 0.040625 0.0375
0 0.459375 0.16328125 0.0484375 0.0453125
0 0.47734375 0.1046875 0.025 0.025
0 0.459375 0.1296875 0.03125 0.03125
0 0.634375 0.07578125 0.025 0.025
0 0.6390625 0.1359375 0.040625 0.0375
0 0.53359375 0.37109375 0.0625 0.059375
0 0.51796875 0.22109375 0.028125 0.028125
0 0.446875 0.2515625 0.115625 0.1125
0 0.36640625 0.396875 0.05 0.05
0 0.8734375 0.16953125 0.075 0.071875
0 0.42890625 0.3765625 0.0359375 0.0359375
0 0.46484375 0.53125 0.05 0.0484375
0 0.82109375 0.959375 0.0453125 0.0453125
0 0.8328125 0.9421875 0.04375 0.04375
0 0.53359375 0.91328125 0.1125 0.1109375
0 0.5796875 0.80859375 0.1125 0.1109375
0 0.36640625 0.8734375 0.034375 0.03125
0 0.2703125 0.865625 0.034375 0.034375
0 0.26171875 0.84609375 0.0265625 0.025
0 0.25625 0.65 0.0625 0.059375
0 0.53359375 0.5203125 0.0359375 0.0359375
0 0.553125 0.4828125 0.028125 0.028125
0 0.30546875 0.0375 0.053125 0.05
0 0.265625 0.06484375 0.040625 0.040625
0 0.86328125 0.1140625 0.034375 0.034375