0 0.1390625 0.078125 0.25703125 0.15625
0 0.04296875 0.09375 0.0859375 0.09375
0 0.3265625 0.015625 0.02890625 0.02890625
0 0.28359375 0.0296875 0.0265625 0.0265625
0 0.4109375 0.27734375 0.15390625 0.15390625
0 0.078125 0.4234375 0.03359375 0.03359375
0 0.26328125 0.275 0.03828125 0.03828125
0 0.3765625 0.15625 0.03125 0.03125
0 0.4625 0.48046875 0.0265625 0.0265625
0 0.46484375 0.49765625 0.0265625 0.0265625
0 0.58515625 0.51953125 0.0359375 0.0359375
0 0.40390625 0.56875 0.0359375 0.0359375
0 0.2640625 0.46484375 0.09609375 0.09609375
0 0.52890625 0.01328125 0.03828125 0.0265625
0 0.49609375 0.03125 0.05078125 0.05078125
0 0.4734375 0.05546875 0.0265625 0.0265625
0 0.4671875 0.08203125 0.02890625 0.02890625
0 0.49609375 0.078125 0.0265625 0.0265625
0 0.546875 0.06953125 0.0484375 0.0484375
0 0.584375 0.15 0.03125 0.03125
0 0.59765625 0.19375 0.03125 0.03125
0 0.64453125 0.0375 0.02421875 0.02421875
0 0.5953125 0.04453125 0.040625 0.040625
0 0.88828125 0.14296875 0.06484375 0.06484375
0 0.7875 0.1140625 0.03828125 0.03828125
0 0.775 0.2390625 0.0984375 0.0984375
0 0.73671875 0.32421875 0.0671875 0.0671875
0 0.63828125 0.459375 0.02890625 0.02890625
0 0.7859375 0.59375 0.0265625 0.0265625
0 0.8640625 0.4390625 0.02421875 0.02421875
0 0.90625 0.28984375 0.0265625 0.0265625
0 0.91015625 0.625 0.0265625 0.0265625
0 0.71484375 0.87109375 0.02890625 0.02890625
0 0.60234375 0.665625 0.09609375 0.09609375
0 0.02265625 0.1234375 0.0453125 0.0453125
0 0.58984375 0.09140625 0.06015625 0.06015625
0 0.6578125 0.19375 0.10078125 0.0984375
0 0.1078125 0.5890625 0.14453125 0.14453125
0 0.4546875 0.89453125 0.0984375 0.0984375
0 0.7359375 0.72265625 0.06484375 0.06484375
0 0.5671875 0.8796875 0.125 0.125
0 0.8859375 0.61875 0.02421875 0.02421875
0 0.82109375 0.5609375 0.02421875 0.02421875
0 0.00234375 0.0015625 0.00078125 0.00078125
0 0.60703125 0.4234375 0.03125 0.03125
0 0.4671875 0.9515625 0.040625 0.040625