0 0.86875 0.1296875 0.215625 0.253125
0 0.3640625 0.11640625 0.03125 0.0375
0 0.65234375 0.1734375 0.125 0.146875
0 0.72109375 0.16328125 0.0265625 0.03125
0 0.5609375 0.109375 0.0765625 0.090625
0 0.58671875 0.08515625 0.03125 0.0375
0 0.5140625 0.296875 0.03125 0.0359375
0 0.3703125 0.209375 0.0484375 0.05625
0 0.4640625 0.51328125 0.0453125 0.05625
0 0.41015625 0.48671875 0.059375 0.06875
0 0.3765625 0.453125 0.0375 0.04375
0 0.29921875 0.4171875 0.04375 0.05
0 0.5421875 0.6 0.03125 0.0375
0 0.67890625 0.540625 0.025 0.028125
0 0.803125 0.4953125 0.028125 0.03125
0 0.75390625 0.50390625 0.0265625 0.03125
0 0.61875 0.5375 0.025 0.028125
0 0.65625 0.6296875 0.0265625 0.03125
0 0.90859375 0.25 0.0484375 0.05625
0 0.890625 0.3953125 0.028125 0.034375
0 0.96875 0.0203125 0.03125 0.0359375
0 0.9859375 0.24296875 0.028125 0.0359375
0 0.953125 0.6609375 0.0453125 0.053125
0 0.984375 0.6265625 0.03125 0.04375
0 0.7484375 0.68515625 0.0359375 0.04375
0 0.6109375 0.66953125 0.0265625 0.028125
0 0.5921875 0.73203125 0.03125 0.0359375
0 0.584375 0.68125 0.0359375 0.04375
0 0.87890625 0.82109375 0.028125 0.034375
0 0.87109375 0.79453125 0.034375 0.040625
0 0.83203125 0.76171875 0.0578125 0.065625
0 0.92890625 0.74140625 0.028125 0.034375
0 0.9375 0.55859375 0.0265625 0.03125
0 0.928125 0.5140625 0.0265625 0.03125
0 0.94375 0.59609375 0.0265625 0.03125
0 0.85546875 0.63828125 0.028125 0.03125
0 0.78828125 0.85703125 0.1109375 0.128125
0 0.50234375 0.9046875 0.03125 0.0359375
0 0.49765625 0.86875 0.0265625 0.03125
0 0.72109375 0.6984375 0.025 0.028125
0 0.34765625 0.8953125 0.025 0.028125
0 0.38671875 0.87265625 0.040625 0.0453125
0 0.37265625 0.84375 0.084375 0.0984375
0 0.04296875 0.96171875 0.03125 0.0359375
0 0.17890625 0.93359375 0.11875 0.13125
0 0.071875 0.86640625 0.0875 0.1
0 0.103125 0.91015625 0.0375 0.0453125
0 0.24765625 0.9015625 0.0625 0.075
0 0.27421875 0.61875 0.0375 0.04375
0 0.13359375 0.49765625 0.0375 0.04375
0 0.31953125 0.546875 0.1734375 0.2015625
0 0.23671875 0.63125 0.1625 0.1921875
0 0.2390625 0.35 0.03125 0.0359375
0 0.1890625 0.24375 0.034375 0.0375
0 0.2296875 0.27265625 0.0265625 0.03125
0 0.146875 0.19140625 0.034375 0.0375
0 0.13125 0.1609375 0.0359375 0.040625
0 0.13828125 0.109375 0.0265625 0.03125
0 0.046875 0.0828125 0.0359375 0.040625
0 0.93125 0.24140625 0.1109375 0.128125
0 0.9046875 0.72734375 0.028125 0.034375
0 0.3265625 0.103125 0.0359375 0.040625
0 0.0328125 0.0515625 0.0265625 0.028125